
27
(
(0 23 0)
(5.38214 22.3614 0)
(10.4654 20.4811 0)
(14.9676 17.4635 0)
(18.6385 13.4761 0)
(35.1459 -9.35496 0)
(42.9695 -16.3428 0)
(52.9985 -19.4181 0)
(63.3944 -18.017 0)
(72.2515 -12.3964 0)
(98.5237 13.6568 0)
(108.387 20.2027 0)
(120 22.5 0)
(205 18 -5)
(210.382 18 -4.36141)
(215.465 18 -2.48109)
(219.968 18 0.536541)
(223.639 18 4.52391)
(240.146 18 27.355)
(249.447 18 35.1108)
(261.327 18 37.464)
(272.883 18 33.8397)
(281.29 18 25.1232)
(298.496 18 -5.0922)
(309.671 18 -16.3682)
(325 18 -20.5)
(920.949 18 -20.5)
)


27
(
(1 0 0)
(0.972235 -0.234006 0)
(0.890482 -0.455018 0)
(0.759281 -0.650763 0)
(0.585917 -0.810371 0)
(0.585917 -0.810371 0)
(0.871136 -0.491042 0)
(0.996657 -0.0816945 0)
(0.939471 0.342629 0)
(0.710059 0.704142 0)
(0.710059 0.704142 0)
(0.924678 0.38075 0)
(1 0 0)
(1 0 0)
(0.972235 0 0.234006)
(0.890482 0 0.455018)
(0.759281 0 0.650763)
(0.585917 0 0.810371)
(0.585917 0 0.810371)
(0.902482 0 0.430727)
(0.998532 0 -0.0541616)
(0.850598 0 -0.525817)
(0.494826 0 -0.868992)
(0.494826 0 -0.868992)
(0.864531 0 -0.50258)
(1 0 0)
(1 0 0)
)

