/*--------------------------------*- C++ -*----------------------------------*\
| =========                 |                                                 |
| \\      /  F ield         | OpenFOAM: The Open Source CFD Toolbox           |
|  \\    /   O peration     | Version:  2312                                  |
|   \\  /    A nd           | Website:  www.openfoam.com                      |
|    \\/     M anipulation  |                                                 |
\*---------------------------------------------------------------------------*/
FoamFile
{
    version     2.0;
    format      ascii;
    arch        "LSB;label=32;scalar=64";
    class       pointVectorField;
    location    "0.04/beam";
    object      pointW;
}
// * * * * * * * * * * * * * * * * * * * * * * * * * * * * * * * * * * * * * //

dimensions      [0 1 0 0 0 0 0];

internalField   nonuniform List<vector> 
1952
(
(1.630267649e-08 2.278092522e-17 -3.633060866e-12)
(1.598942056e-08 2.233456475e-17 -3.563256461e-12)
(1.506171675e-08 2.103352215e-17 -3.356521224e-12)
(1.355518642e-08 1.908195824e-17 -3.020793685e-12)
(1.152774481e-08 1.604619215e-17 -2.568980619e-12)
(9.057277973e-09 1.25767452e-17 -2.018438802e-12)
(6.238748991e-09 8.67361738e-18 -1.390329908e-12)
(3.180493227e-09 4.33680869e-18 -7.087970618e-13)
(-4.533943186e-18 0 -2.278094372e-17)
(-3.180493236e-09 -4.33680869e-18 7.087523927e-13)
(-6.238748999e-09 -8.67361738e-18 1.390287841e-12)
(-9.05727798e-09 -1.25767452e-17 2.018400638e-12)
(-1.152774482e-08 -1.604619215e-17 2.568948526e-12)
(-1.355518642e-08 -1.908195824e-17 3.020768531e-12)
(-1.506171676e-08 -2.103352215e-17 3.356503443e-12)
(-1.598942056e-08 -2.233456475e-17 3.56324692e-12)
(-1.630267649e-08 -2.278092522e-17 3.633060866e-12)
(-1.598942056e-08 -2.233456475e-17 3.563256461e-12)
(-1.506171675e-08 -2.103352215e-17 3.356521224e-12)
(-1.355518642e-08 -1.908195824e-17 3.020793685e-12)
(-1.152774481e-08 -1.604619215e-17 2.568980619e-12)
(-9.057277973e-09 -1.25767452e-17 2.018438802e-12)
(-6.238748991e-09 -8.67361738e-18 1.390329908e-12)
(-3.180493227e-09 -4.33680869e-18 7.087970618e-13)
(4.53394164e-18 0 2.278094372e-17)
(3.180493236e-09 4.33680869e-18 -7.087523927e-13)
(6.238748999e-09 8.67361738e-18 -1.390287841e-12)
(9.05727798e-09 1.25767452e-17 -2.018400638e-12)
(1.152774482e-08 1.604619215e-17 -2.568948526e-12)
(1.355518642e-08 1.908195824e-17 -3.020768531e-12)
(1.506171676e-08 2.103352215e-17 -3.356503443e-12)
(1.598942056e-08 2.233456475e-17 -3.56324692e-12)
(2.14894562e-07 9.724340284e-16 1.782568619e-07)
(2.145889748e-07 9.719872476e-16 1.78256928e-07)
(2.136839819e-07 9.705777848e-16 1.782571238e-07)
(2.122143326e-07 9.688430613e-16 1.782574418e-07)
(2.102365242e-07 9.658072953e-16 1.782578698e-07)
(2.078265363e-07 9.623378483e-16 1.782583912e-07)
(2.05077007e-07 9.584347205e-16 1.782589861e-07)
(2.020936196e-07 9.540979118e-16 1.782596317e-07)
(1.989909872e-07 9.497611031e-16 1.78260303e-07)
(1.958883549e-07 9.454242944e-16 1.782609743e-07)
(1.929049675e-07 9.410874857e-16 1.782616199e-07)
(1.901554382e-07 9.371843579e-16 1.782622148e-07)
(1.877454503e-07 9.337149109e-16 1.782627363e-07)
(1.857676419e-07 9.306791449e-16 1.782631642e-07)
(1.842979926e-07 9.285107405e-16 1.782634822e-07)
(1.833929997e-07 9.273181181e-16 1.78263678e-07)
(1.830874125e-07 9.268720167e-16 1.782637442e-07)
(1.833929997e-07 9.273181181e-16 1.78263678e-07)
(1.842979926e-07 9.285107405e-16 1.782634822e-07)
(1.857676419e-07 9.306791449e-16 1.782631642e-07)
(1.877454503e-07 9.337149109e-16 1.782627363e-07)
(1.901554382e-07 9.371843579e-16 1.782622148e-07)
(1.929049675e-07 9.410874857e-16 1.782616199e-07)
(1.958883549e-07 9.454242944e-16 1.782609744e-07)
(1.989909873e-07 9.497611031e-16 1.782603031e-07)
(2.020936196e-07 9.540979118e-16 1.782596317e-07)
(2.05077007e-07 9.584347205e-16 1.782589862e-07)
(2.078265363e-07 9.623378483e-16 1.782583913e-07)
(2.102365242e-07 9.658072953e-16 1.782578698e-07)
(2.122143326e-07 9.688430613e-16 1.782574418e-07)
(2.136839819e-07 9.705777848e-16 1.782571238e-07)
(2.145889748e-07 9.719872476e-16 1.78256928e-07)
(4.126787421e-07 9.214433025e-16 3.476105203e-07)
(4.123964123e-07 9.209213253e-16 3.476105815e-07)
(4.115602959e-07 9.198371231e-16 3.476107626e-07)
(4.102024974e-07 9.176687188e-16 3.476110568e-07)
(4.083752145e-07 9.146329527e-16 3.476114527e-07)
(4.06148644e-07 9.111635058e-16 3.476119351e-07)
(4.036083737e-07 9.072603779e-16 3.476124854e-07)
(4.008520435e-07 9.029235692e-16 3.476130826e-07)
(3.979855438e-07 8.985867606e-16 3.476137036e-07)
(3.951190441e-07 8.942499519e-16 3.476143246e-07)
(3.923627139e-07 8.899131432e-16 3.476149218e-07)
(3.898224436e-07 8.860100154e-16 3.476154722e-07)
(3.875958731e-07 8.825405684e-16 3.476159546e-07)
(3.857685902e-07 8.795048023e-16 3.476163505e-07)
(3.844107917e-07 8.777700788e-16 3.476166446e-07)
(3.835746753e-07 8.762521958e-16 3.476168258e-07)
(3.832923455e-07 8.758811303e-16 3.47616887e-07)
(3.835746753e-07 8.762521958e-16 3.476168258e-07)
(3.844107917e-07 8.777700788e-16 3.476166447e-07)
(3.857685902e-07 8.795048023e-16 3.476163505e-07)
(3.875958731e-07 8.825405684e-16 3.476159546e-07)
(3.898224436e-07 8.860100154e-16 3.476154722e-07)
(3.923627139e-07 8.899131432e-16 3.476149219e-07)
(3.951190441e-07 8.942499519e-16 3.476143247e-07)
(3.979855438e-07 8.985867606e-16 3.476137037e-07)
(4.008520435e-07 9.029235692e-16 3.476130826e-07)
(4.036083737e-07 9.072603779e-16 3.476124855e-07)
(4.06148644e-07 9.111635058e-16 3.476119351e-07)
(4.083752145e-07 9.146329527e-16 3.476114527e-07)
(4.102024974e-07 9.176687188e-16 3.476110568e-07)
(4.115602959e-07 9.198371231e-16 3.476107626e-07)
(4.123964123e-07 9.209213253e-16 3.476105815e-07)
(6.096177876e-07 8.691937798e-16 4.988645117e-07)
(6.093750448e-07 8.687712008e-16 4.98864569e-07)
(6.086561647e-07 8.675785784e-16 4.988647386e-07)
(6.074887505e-07 8.656270145e-16 4.98865014e-07)
(6.059176809e-07 8.625912484e-16 4.988653847e-07)
(6.040033098e-07 8.591218015e-16 4.988658364e-07)
(6.018192245e-07 8.552186737e-16 4.988663518e-07)
(5.994493743e-07 8.500145032e-16 4.988669109e-07)
(5.969848019e-07 8.456776945e-16 4.988674924e-07)
(5.945202296e-07 8.413408858e-16 4.988680739e-07)
(5.921503794e-07 8.378714389e-16 4.988686331e-07)
(5.899662941e-07 8.339683111e-16 4.988691484e-07)
(5.88051923e-07 8.304988641e-16 4.988696001e-07)
(5.864808533e-07 8.27463098e-16 4.988699708e-07)
(5.853134391e-07 8.255115341e-16 4.988702463e-07)
(5.845945591e-07 8.241020713e-16 4.988704159e-07)
(5.843518162e-07 8.236316088e-16 4.988704732e-07)
(5.845945591e-07 8.241020713e-16 4.988704159e-07)
(5.853134391e-07 8.255115341e-16 4.988702463e-07)
(5.864808533e-07 8.27463098e-16 4.988699709e-07)
(5.88051923e-07 8.304988641e-16 4.988696002e-07)
(5.899662941e-07 8.339683111e-16 4.988691485e-07)
(5.921503794e-07 8.378714389e-16 4.988686332e-07)
(5.945202296e-07 8.413408858e-16 4.98868074e-07)
(5.969848019e-07 8.456776945e-16 4.988674925e-07)
(5.994493743e-07 8.500145032e-16 4.98866911e-07)
(6.018192245e-07 8.552186737e-16 4.988663518e-07)
(6.040033098e-07 8.591218015e-16 4.988658365e-07)
(6.059176809e-07 8.625912484e-16 4.988653848e-07)
(6.074887505e-07 8.656270145e-16 4.988650141e-07)
(6.086561647e-07 8.675785784e-16 4.988647386e-07)
(6.093750448e-07 8.687712008e-16 4.98864569e-07)
(8.056526921e-07 8.151395272e-16 6.222814788e-07)
(8.054670158e-07 8.146695124e-16 6.222815319e-07)
(8.049171374e-07 8.135853102e-16 6.222816891e-07)
(8.04024171e-07 8.114169059e-16 6.222819443e-07)
(8.028224445e-07 8.083811398e-16 6.222822878e-07)
(8.013581235e-07 8.049116929e-16 6.222827063e-07)
(7.996874954e-07 8.01008565e-16 6.222831838e-07)
(7.97874774e-07 7.962380755e-16 6.222837019e-07)
(7.959895987e-07 7.919012668e-16 6.222842407e-07)
(7.941044233e-07 7.875644581e-16 6.222847795e-07)
(7.922917019e-07 7.836613303e-16 6.222852976e-07)
(7.906210738e-07 7.797582025e-16 6.222857751e-07)
(7.891567528e-07 7.762887555e-16 6.222861937e-07)
(7.879550263e-07 7.732529894e-16 6.222865371e-07)
(7.870620599e-07 7.715182659e-16 6.222867924e-07)
(7.865121815e-07 7.700003829e-16 6.222869495e-07)
(7.863265052e-07 7.695773592e-16 6.222870026e-07)
(7.865121815e-07 7.700003829e-16 6.222869496e-07)
(7.870620599e-07 7.715182659e-16 6.222867924e-07)
(7.879550263e-07 7.732529894e-16 6.222865372e-07)
(7.891567528e-07 7.762887555e-16 6.222861937e-07)
(7.906210738e-07 7.797582025e-16 6.222857752e-07)
(7.922917019e-07 7.836613303e-16 6.222852977e-07)
(7.941044233e-07 7.875644581e-16 6.222847796e-07)
(7.959895987e-07 7.919012668e-16 6.222842408e-07)
(7.97874774e-07 7.962380755e-16 6.222837019e-07)
(7.996874954e-07 8.01008565e-16 6.222831838e-07)
(8.013581235e-07 8.049116929e-16 6.222827063e-07)
(8.028224445e-07 8.083811398e-16 6.222822878e-07)
(8.04024171e-07 8.114169059e-16 6.222819443e-07)
(8.049171374e-07 8.135853102e-16 6.222816891e-07)
(8.054670158e-07 8.146695124e-16 6.222815319e-07)
(1.000709135e-06 7.588389737e-16 7.073758283e-07)
(1.000599452e-06 7.583994197e-16 7.073758776e-07)
(1.000274626e-06 7.569899568e-16 7.073760236e-07)
(9.997471296e-07 7.554720738e-16 7.073762607e-07)
(9.990372414e-07 7.524363077e-16 7.073765797e-07)
(9.981722326e-07 7.489668608e-16 7.073769685e-07)
(9.971853532e-07 7.450637329e-16 7.07377412e-07)
(9.96114536e-07 7.407269242e-16 7.073778932e-07)
(9.950009186e-07 7.363901156e-16 7.073783937e-07)
(9.938873012e-07 7.320533069e-16 7.073788942e-07)
(9.92816484e-07 7.277164982e-16 7.073793755e-07)
(9.918296046e-07 7.238133704e-16 7.07379819e-07)
(9.909645957e-07 7.203439234e-16 7.073802077e-07)
(9.902547077e-07 7.173081573e-16 7.073805268e-07)
(9.897272114e-07 7.149229125e-16 7.073807638e-07)
(9.894023853e-07 7.137302901e-16 7.073809098e-07)
(9.892927019e-07 7.132768898e-16 7.073809591e-07)
(9.894023853e-07 7.137302901e-16 7.073809098e-07)
(9.897272114e-07 7.149229125e-16 7.073807639e-07)
(9.902547077e-07 7.173081573e-16 7.073805268e-07)
(9.909645958e-07 7.203439234e-16 7.073802078e-07)
(9.918296046e-07 7.238133704e-16 7.07379819e-07)
(9.92816484e-07 7.277164982e-16 7.073793755e-07)
(9.938873012e-07 7.320533069e-16 7.073788942e-07)
(9.950009186e-07 7.363901156e-16 7.073783938e-07)
(9.96114536e-07 7.407269242e-16 7.073778933e-07)
(9.971853532e-07 7.450637329e-16 7.07377412e-07)
(9.981722326e-07 7.489668608e-16 7.073769685e-07)
(9.990372415e-07 7.524363077e-16 7.073765797e-07)
(9.997471296e-07 7.554720738e-16 7.073762607e-07)
(1.000274626e-06 7.569899568e-16 7.073760236e-07)
(1.000599452e-06 7.583994197e-16 7.073758776e-07)
(1.194704797e-06 6.999908691e-16 7.427846801e-07)
(1.194691632e-06 6.995272417e-16 7.427847256e-07)
(1.194652642e-06 6.982261991e-16 7.427848601e-07)
(1.194589325e-06 6.964914756e-16 7.427850787e-07)
(1.194504115e-06 6.934557095e-16 7.427853728e-07)
(1.194400286e-06 6.899862626e-16 7.427857312e-07)
(1.194281828e-06 6.860831347e-16 7.427861401e-07)
(1.194153295e-06 6.817463261e-16 7.427865837e-07)
(1.194019624e-06 6.774095174e-16 7.427870451e-07)
(1.193885954e-06 6.730727087e-16 7.427875065e-07)
(1.193757421e-06 6.687359e-16 7.427879501e-07)
(1.193638963e-06 6.648327722e-16 7.42788359e-07)
(1.193535134e-06 6.613633252e-16 7.427887174e-07)
(1.193449924e-06 6.583275591e-16 7.427890115e-07)
(1.193386607e-06 6.561591548e-16 7.427892301e-07)
(1.193347617e-06 6.548581122e-16 7.427893647e-07)
(1.193334452e-06 6.5442879e-16 7.427894101e-07)
(1.193347617e-06 6.548581122e-16 7.427893647e-07)
(1.193386607e-06 6.561591548e-16 7.427892301e-07)
(1.193449924e-06 6.583275591e-16 7.427890116e-07)
(1.193535134e-06 6.613633252e-16 7.427887174e-07)
(1.193638963e-06 6.648327722e-16 7.427883591e-07)
(1.193757421e-06 6.687359e-16 7.427879502e-07)
(1.193885954e-06 6.730727087e-16 7.427875065e-07)
(1.194019624e-06 6.774095174e-16 7.427870451e-07)
(1.194153295e-06 6.817463261e-16 7.427865838e-07)
(1.194281828e-06 6.860831347e-16 7.427861401e-07)
(1.194400286e-06 6.899862626e-16 7.427857312e-07)
(1.194504115e-06 6.934557095e-16 7.427853728e-07)
(1.194589325e-06 6.964914756e-16 7.427850787e-07)
(1.194652642e-06 6.982261991e-16 7.427848602e-07)
(1.194691632e-06 6.995272417e-16 7.427847256e-07)
(1.38756066e-06 6.38465154e-16 7.162423001e-07)
(1.387666072e-06 6.379445583e-16 7.162423418e-07)
(1.387978249e-06 6.368603561e-16 7.162424653e-07)
(1.388485204e-06 6.349087922e-16 7.162426658e-07)
(1.389167449e-06 6.318730261e-16 7.162429357e-07)
(1.389998774e-06 6.284035792e-16 7.162432645e-07)
(1.390947223e-06 6.245004514e-16 7.162436397e-07)
(1.391976342e-06 6.201636427e-16 7.162440468e-07)
(1.393046595e-06 6.15826834e-16 7.162444701e-07)
(1.394116847e-06 6.114900253e-16 7.162448935e-07)
(1.395145966e-06 6.071532166e-16 7.162453006e-07)
(1.396094415e-06 6.032500888e-16 7.162456757e-07)
(1.39692574e-06 5.997806418e-16 7.162460046e-07)
(1.397607985e-06 5.967448757e-16 7.162462745e-07)
(1.39811494e-06 5.947933118e-16 7.16246475e-07)
(1.398427117e-06 5.932754288e-16 7.162465985e-07)
(1.398532529e-06 5.9290316e-16 7.162466402e-07)
(1.398427117e-06 5.932754288e-16 7.162465985e-07)
(1.39811494e-06 5.947933118e-16 7.16246475e-07)
(1.397607985e-06 5.967448757e-16 7.162462745e-07)
(1.39692574e-06 5.997806418e-16 7.162460046e-07)
(1.396094415e-06 6.032500888e-16 7.162456758e-07)
(1.395145966e-06 6.071532166e-16 7.162453006e-07)
(1.394116847e-06 6.114900253e-16 7.162448935e-07)
(1.393046595e-06 6.15826834e-16 7.162444702e-07)
(1.391976342e-06 6.201636427e-16 7.162440468e-07)
(1.390947223e-06 6.245004514e-16 7.162436398e-07)
(1.389998774e-06 6.284035792e-16 7.162432646e-07)
(1.389167449e-06 6.318730261e-16 7.162429357e-07)
(1.388485204e-06 6.349087922e-16 7.162426659e-07)
(1.387978249e-06 6.368603561e-16 7.162424653e-07)
(1.387666072e-06 6.379445583e-16 7.162423418e-07)
(1.579215821e-06 5.743199153e-16 6.146990176e-07)
(1.579463057e-06 5.738682099e-16 6.146990554e-07)
(1.580195242e-06 5.726755875e-16 6.146991674e-07)
(1.581384263e-06 5.707240236e-16 6.146993492e-07)
(1.582984411e-06 5.676882575e-16 6.146995938e-07)
(1.584934214e-06 5.642188106e-16 6.146998919e-07)
(1.587158723e-06 5.603156827e-16 6.14700232e-07)
(1.589572435e-06 5.559788741e-16 6.14700601e-07)
(1.592082622e-06 5.516420654e-16 6.147009848e-07)
(1.59459281e-06 5.473052567e-16 6.147013686e-07)
(1.597006522e-06 5.42968448e-16 6.147017376e-07)
(1.599231031e-06 5.390653202e-16 6.147020777e-07)
(1.601180834e-06 5.355958732e-16 6.147023758e-07)
(1.602780982e-06 5.325601071e-16 6.147026205e-07)
(1.603970003e-06 5.306085432e-16 6.147028023e-07)
(1.604702188e-06 5.291990804e-16 6.147029142e-07)
(1.604949424e-06 5.28757926e-16 6.14702952e-07)
(1.604702188e-06 5.291990804e-16 6.147029142e-07)
(1.603970003e-06 5.306085432e-16 6.147028023e-07)
(1.602780982e-06 5.325601071e-16 6.147026205e-07)
(1.601180834e-06 5.355958732e-16 6.147023759e-07)
(1.599231031e-06 5.390653202e-16 6.147020778e-07)
(1.597006522e-06 5.42968448e-16 6.147017377e-07)
(1.59459281e-06 5.473052567e-16 6.147013686e-07)
(1.592082622e-06 5.516420654e-16 6.147009849e-07)
(1.589572435e-06 5.559788741e-16 6.147006011e-07)
(1.587158723e-06 5.603156827e-16 6.147002321e-07)
(1.584934214e-06 5.642188106e-16 6.146998919e-07)
(1.582984411e-06 5.676882575e-16 6.146995938e-07)
(1.581384263e-06 5.707240236e-16 6.146993492e-07)
(1.580195242e-06 5.726755875e-16 6.146991674e-07)
(1.579463057e-06 5.738682099e-16 6.146990555e-07)
(1.769641484e-06 5.077972638e-16 4.245998283e-07)
(1.770054356e-06 5.074066167e-16 4.24599862e-07)
(1.771277072e-06 5.058887337e-16 4.245999618e-07)
(1.773262683e-06 5.043708506e-16 4.246001239e-07)
(1.775934856e-06 5.013350846e-16 4.246003421e-07)
(1.779190937e-06 4.978656376e-16 4.246006079e-07)
(1.782905765e-06 4.939625098e-16 4.246009111e-07)
(1.786936553e-06 4.891920202e-16 4.246012402e-07)
(1.791128451e-06 4.848552115e-16 4.246015824e-07)
(1.795320349e-06 4.805184028e-16 4.246019246e-07)
(1.799351137e-06 4.76615275e-16 4.246022537e-07)
(1.803065965e-06 4.727121472e-16 4.246025569e-07)
(1.806322046e-06 4.692427003e-16 4.246028228e-07)
(1.808994219e-06 4.662069342e-16 4.246030409e-07)
(1.81097983e-06 4.638216894e-16 4.24603203e-07)
(1.812202546e-06 4.627374872e-16 4.246033028e-07)
(1.812615418e-06 4.622353587e-16 4.246033365e-07)
(1.812202546e-06 4.627374872e-16 4.246033028e-07)
(1.81097983e-06 4.638216894e-16 4.24603203e-07)
(1.808994219e-06 4.662069342e-16 4.246030409e-07)
(1.806322046e-06 4.692427003e-16 4.246028228e-07)
(1.803065965e-06 4.727121472e-16 4.24602557e-07)
(1.799351137e-06 4.76615275e-16 4.246022537e-07)
(1.795320349e-06 4.805184028e-16 4.246019247e-07)
(1.791128451e-06 4.848552115e-16 4.246015825e-07)
(1.786936553e-06 4.891920202e-16 4.246012402e-07)
(1.782905765e-06 4.939625098e-16 4.246009112e-07)
(1.779190937e-06 4.978656376e-16 4.246006079e-07)
(1.775934856e-06 5.013350846e-16 4.246003421e-07)
(1.773262683e-06 5.043708506e-16 4.24600124e-07)
(1.771277072e-06 5.058887337e-16 4.245999618e-07)
(1.770054356e-06 5.074066167e-16 4.24599862e-07)
(1.958860008e-06 4.392869403e-16 1.323459495e-07)
(1.959461913e-06 4.387766192e-16 1.323459787e-07)
(1.961244446e-06 4.375839968e-16 1.323460652e-07)
(1.964139164e-06 4.354155925e-16 1.323462057e-07)
(1.968034785e-06 4.323798264e-16 1.323463948e-07)
(1.972781655e-06 4.289103794e-16 1.323466252e-07)
(1.978197308e-06 4.250072516e-16 1.32346888e-07)
(1.984073583e-06 4.206704429e-16 1.323471732e-07)
(1.990184731e-06 4.163336342e-16 1.323474699e-07)
(1.996295879e-06 4.119968255e-16 1.323477665e-07)
(2.002172154e-06 4.076600169e-16 1.323480517e-07)
(2.007587807e-06 4.03756889e-16 1.323483145e-07)
(2.012334677e-06 4.002874421e-16 1.32348545e-07)
(2.016230298e-06 3.97251676e-16 1.32348734e-07)
(2.019125016e-06 3.955169525e-16 1.323488745e-07)
(2.020907549e-06 3.941074897e-16 1.323489611e-07)
(2.021509454e-06 3.937250389e-16 1.323489903e-07)
(2.020907549e-06 3.941074897e-16 1.323489611e-07)
(2.019125016e-06 3.955169525e-16 1.323488746e-07)
(2.016230298e-06 3.97251676e-16 1.323487341e-07)
(2.012334678e-06 4.002874421e-16 1.32348545e-07)
(2.007587807e-06 4.03756889e-16 1.323483146e-07)
(2.002172154e-06 4.076600169e-16 1.323480517e-07)
(1.996295879e-06 4.119968255e-16 1.323477665e-07)
(1.990184731e-06 4.163336342e-16 1.323474699e-07)
(1.984073583e-06 4.206704429e-16 1.323471733e-07)
(1.978197308e-06 4.250072516e-16 1.323468881e-07)
(1.972781655e-06 4.289103794e-16 1.323466252e-07)
(1.968034785e-06 4.323798264e-16 1.323463948e-07)
(1.964139164e-06 4.354155925e-16 1.323462057e-07)
(1.961244446e-06 4.375839968e-16 1.323460652e-07)
(1.959461913e-06 4.387766192e-16 1.323459787e-07)
(2.146966664e-06 3.693033207e-16 -2.750176417e-07)
(2.147779177e-06 3.688455791e-16 -2.750176175e-07)
(2.150185426e-06 3.675445365e-16 -2.750175459e-07)
(2.154093017e-06 3.655929726e-16 -2.750174295e-07)
(2.159351731e-06 3.625572065e-16 -2.750172728e-07)
(2.16575955e-06 3.590877595e-16 -2.75017082e-07)
(2.173070162e-06 3.551846317e-16 -2.750168642e-07)
(2.181002569e-06 3.504141421e-16 -2.750166279e-07)
(2.189252032e-06 3.460773335e-16 -2.750163822e-07)
(2.197501495e-06 3.417405248e-16 -2.750161365e-07)
(2.205433902e-06 3.378373969e-16 -2.750159002e-07)
(2.212744514e-06 3.339342691e-16 -2.750156825e-07)
(2.219152333e-06 3.304648222e-16 -2.750154916e-07)
(2.224411047e-06 3.274290561e-16 -2.750153349e-07)
(2.228318638e-06 3.254774922e-16 -2.750152185e-07)
(2.230724886e-06 3.241764496e-16 -2.750151469e-07)
(2.2315374e-06 3.237414227e-16 -2.750151227e-07)
(2.230724886e-06 3.241764496e-16 -2.750151469e-07)
(2.228318638e-06 3.254774922e-16 -2.750152185e-07)
(2.224411047e-06 3.274290561e-16 -2.750153349e-07)
(2.219152333e-06 3.304648222e-16 -2.750154915e-07)
(2.212744514e-06 3.339342691e-16 -2.750156824e-07)
(2.205433902e-06 3.378373969e-16 -2.750159002e-07)
(2.197501495e-06 3.417405248e-16 -2.750161364e-07)
(2.189252032e-06 3.460773335e-16 -2.750163822e-07)
(2.181002569e-06 3.504141421e-16 -2.750166279e-07)
(2.173070162e-06 3.551846317e-16 -2.750168642e-07)
(2.16575955e-06 3.590877595e-16 -2.750170819e-07)
(2.159351731e-06 3.625572065e-16 -2.750172728e-07)
(2.154093017e-06 3.655929726e-16 -2.750174295e-07)
(2.150185426e-06 3.675445365e-16 -2.750175458e-07)
(2.147779177e-06 3.688455791e-16 -2.750176175e-07)
(2.334150603e-06 2.984555398e-16 -8.088782201e-07)
(2.335191676e-06 2.980471772e-16 -8.088782016e-07)
(2.338274803e-06 2.966377144e-16 -8.088781468e-07)
(2.343281598e-06 2.949029909e-16 -8.088780577e-07)
(2.350019587e-06 2.918672248e-16 -8.088779378e-07)
(2.358229925e-06 2.883977779e-16 -8.088777917e-07)
(2.36759701e-06 2.844946501e-16 -8.088776251e-07)
(2.377760802e-06 2.801578414e-16 -8.088774442e-07)
(2.388330838e-06 2.758210327e-16 -8.088772562e-07)
(2.398900873e-06 2.71484224e-16 -8.088770681e-07)
(2.409064665e-06 2.671474153e-16 -8.088768872e-07)
(2.418431751e-06 2.632442875e-16 -8.088767206e-07)
(2.426642088e-06 2.597748405e-16 -8.088765745e-07)
(2.433380078e-06 2.567390744e-16 -8.088764546e-07)
(2.438386873e-06 2.545706701e-16 -8.088763655e-07)
(2.441469999e-06 2.533780477e-16 -8.088763106e-07)
(2.442511073e-06 2.528936456e-16 -8.088762921e-07)
(2.441469999e-06 2.533780477e-16 -8.088763106e-07)
(2.438386873e-06 2.545706701e-16 -8.088763655e-07)
(2.433380078e-06 2.567390744e-16 -8.088764546e-07)
(2.426642088e-06 2.597748405e-16 -8.088765745e-07)
(2.418431751e-06 2.632442875e-16 -8.088767205e-07)
(2.409064665e-06 2.671474153e-16 -8.088768872e-07)
(2.398900873e-06 2.71484224e-16 -8.08877068e-07)
(2.388330838e-06 2.758210327e-16 -8.088772561e-07)
(2.377760802e-06 2.801578414e-16 -8.088774442e-07)
(2.36759701e-06 2.844946501e-16 -8.08877625e-07)
(2.358229925e-06 2.883977779e-16 -8.088777917e-07)
(2.350019587e-06 2.918672248e-16 -8.088779378e-07)
(2.343281598e-06 2.949029909e-16 -8.088780577e-07)
(2.338274803e-06 2.966377144e-16 -8.088781468e-07)
(2.335191676e-06 2.980471772e-16 -8.088782016e-07)
(2.520721232e-06 2.273900326e-16 -1.477869469e-06)
(2.522002879e-06 2.270319349e-16 -1.477869457e-06)
(2.525798462e-06 2.257308923e-16 -1.477869421e-06)
(2.531962241e-06 2.237793284e-16 -1.477869362e-06)
(2.540257263e-06 2.207435623e-16 -1.477869284e-06)
(2.550364868e-06 2.172741154e-16 -1.477869188e-06)
(2.561896524e-06 2.133709875e-16 -1.477869079e-06)
(2.574408993e-06 2.090341789e-16 -1.477868961e-06)
(2.58742158e-06 2.046973702e-16 -1.477868838e-06)
(2.600434168e-06 2.003605615e-16 -1.477868714e-06)
(2.612946637e-06 1.960237528e-16 -1.477868596e-06)
(2.624478293e-06 1.92120625e-16 -1.477868487e-06)
(2.634585897e-06 1.88651178e-16 -1.477868391e-06)
(2.64288092e-06 1.856154119e-16 -1.477868313e-06)
(2.649044699e-06 1.83663848e-16 -1.477868255e-06)
(2.652840282e-06 1.823628054e-16 -1.477868219e-06)
(2.654121929e-06 1.818281441e-16 -1.477868206e-06)
(2.652840282e-06 1.823628054e-16 -1.477868219e-06)
(2.649044699e-06 1.83663848e-16 -1.477868255e-06)
(2.64288092e-06 1.856154119e-16 -1.477868313e-06)
(2.634585897e-06 1.88651178e-16 -1.477868391e-06)
(2.624478293e-06 1.92120625e-16 -1.477868487e-06)
(2.612946637e-06 1.960237528e-16 -1.477868596e-06)
(2.600434168e-06 2.003605615e-16 -1.477868714e-06)
(2.58742158e-06 2.046973702e-16 -1.477868838e-06)
(2.574408993e-06 2.090341789e-16 -1.477868961e-06)
(2.561896524e-06 2.133709875e-16 -1.477869079e-06)
(2.550364868e-06 2.172741154e-16 -1.477869188e-06)
(2.540257263e-06 2.207435623e-16 -1.477869284e-06)
(2.531962241e-06 2.237793284e-16 -1.477869362e-06)
(2.525798462e-06 2.257308923e-16 -1.477869421e-06)
(2.522002879e-06 2.270319349e-16 -1.477869457e-06)
(2.707129604e-06 1.567461003e-16 -2.286421705e-06)
(2.70865518e-06 1.562335331e-16 -2.2864217e-06)
(2.713173158e-06 1.550409107e-16 -2.286421685e-06)
(2.720510058e-06 1.530893468e-16 -2.286421661e-06)
(2.730383829e-06 1.500535807e-16 -2.286421628e-06)
(2.742415162e-06 1.465841337e-16 -2.286421588e-06)
(2.75614158e-06 1.426810059e-16 -2.286421542e-06)
(2.771035482e-06 1.387778781e-16 -2.286421493e-06)
(2.78652469e-06 1.344410694e-16 -2.286421442e-06)
(2.802013897e-06 1.301042607e-16 -2.28642139e-06)
(2.816907799e-06 1.253337711e-16 -2.286421341e-06)
(2.830634217e-06 1.214306433e-16 -2.286421295e-06)
(2.84266555e-06 1.179611964e-16 -2.286421255e-06)
(2.852539322e-06 1.149254303e-16 -2.286421222e-06)
(2.859876221e-06 1.129738664e-16 -2.286421198e-06)
(2.864394199e-06 1.115644035e-16 -2.286421183e-06)
(2.865919775e-06 1.111842211e-16 -2.286421178e-06)
(2.864394199e-06 1.115644035e-16 -2.286421183e-06)
(2.859876221e-06 1.129738664e-16 -2.286421198e-06)
(2.852539322e-06 1.149254303e-16 -2.286421222e-06)
(2.84266555e-06 1.179611964e-16 -2.286421255e-06)
(2.830634217e-06 1.214306433e-16 -2.286421295e-06)
(2.816907799e-06 1.253337711e-16 -2.286421341e-06)
(2.802013897e-06 1.301042607e-16 -2.28642139e-06)
(2.78652469e-06 1.344410694e-16 -2.286421441e-06)
(2.771035482e-06 1.387778781e-16 -2.286421493e-06)
(2.75614158e-06 1.426810059e-16 -2.286421542e-06)
(2.742415162e-06 1.465841337e-16 -2.286421588e-06)
(2.730383829e-06 1.500535807e-16 -2.286421628e-06)
(2.720510058e-06 1.530893468e-16 -2.286421661e-06)
(2.713173158e-06 1.550409107e-16 -2.286421685e-06)
(2.70865518e-06 1.562335331e-16 -2.2864217e-06)
(2.89399547e-06 8.71171024e-17 -3.23304476e-06)
(2.895756433e-06 8.662775358e-17 -3.233044762e-06)
(2.900971504e-06 8.543513119e-17 -3.233044769e-06)
(2.909440438e-06 8.326672685e-17 -3.233044781e-06)
(2.920837666e-06 8.023096076e-17 -3.233044797e-06)
(2.934725352e-06 7.676151381e-17 -3.233044816e-06)
(2.950569663e-06 7.285838599e-17 -3.233044837e-06)
(2.967761595e-06 6.85215773e-17 -3.233044861e-06)
(2.985640682e-06 6.418476861e-17 -3.233044885e-06)
(3.003519769e-06 5.984795992e-17 -3.23304491e-06)
(3.020711701e-06 5.551115123e-17 -3.233044933e-06)
(3.036556012e-06 5.160802341e-17 -3.233044955e-06)
(3.050443699e-06 4.813857646e-17 -3.233044974e-06)
(3.061840926e-06 4.510281038e-17 -3.23304499e-06)
(3.07030986e-06 4.33680869e-17 -3.233045001e-06)
(3.075524931e-06 4.195862408e-17 -3.233045008e-06)
(3.077285894e-06 4.155531834e-17 -3.233045011e-06)
(3.075524931e-06 4.195862408e-17 -3.233045008e-06)
(3.07030986e-06 4.33680869e-17 -3.233045001e-06)
(3.061840926e-06 4.510281038e-17 -3.23304499e-06)
(3.050443699e-06 4.813857646e-17 -3.233044974e-06)
(3.036556012e-06 5.160802341e-17 -3.233044955e-06)
(3.020711701e-06 5.551115123e-17 -3.233044933e-06)
(3.003519769e-06 5.984795992e-17 -3.23304491e-06)
(2.985640682e-06 6.418476861e-17 -3.233044885e-06)
(2.967761595e-06 6.85215773e-17 -3.233044861e-06)
(2.950569663e-06 7.285838599e-17 -3.233044837e-06)
(2.934725352e-06 7.676151381e-17 -3.233044816e-06)
(2.920837666e-06 8.023096076e-17 -3.233044797e-06)
(2.909440438e-06 8.326672685e-17 -3.233044781e-06)
(2.900971504e-06 8.543513119e-17 -3.233044769e-06)
(2.895756433e-06 8.662775358e-17 -3.233044762e-06)
(3.082126862e-06 1.902862508e-17 -4.308353892e-06)
(3.084099156e-06 1.853985715e-17 -4.308353902e-06)
(3.089940079e-06 1.734723476e-17 -4.308353931e-06)
(3.099425358e-06 1.517883041e-17 -4.308353978e-06)
(3.11219035e-06 1.214306433e-17 -4.308354042e-06)
(3.127744677e-06 8.67361738e-18 -4.308354119e-06)
(3.145490441e-06 4.770489559e-18 -4.308354208e-06)
(3.164745551e-06 0 -4.308354304e-06)
(3.184770282e-06 -4.33680869e-18 -4.308354404e-06)
(3.204795012e-06 -8.67361738e-18 -4.308354503e-06)
(3.224050122e-06 -1.25767452e-17 -4.308354599e-06)
(3.241795886e-06 -1.647987302e-17 -4.308354688e-06)
(3.257350213e-06 -1.994931997e-17 -4.308354766e-06)
(3.270115206e-06 -2.298508606e-17 -4.308354829e-06)
(3.279600484e-06 -2.471980953e-17 -4.308354876e-06)
(3.285441408e-06 -2.612927236e-17 -4.308354906e-06)
(3.287413701e-06 -2.65331353e-17 -4.308354915e-06)
(3.285441408e-06 -2.612927236e-17 -4.308354906e-06)
(3.279600484e-06 -2.471980953e-17 -4.308354876e-06)
(3.270115206e-06 -2.298508606e-17 -4.308354829e-06)
(3.257350213e-06 -1.994931997e-17 -4.308354765e-06)
(3.241795886e-06 -1.647987302e-17 -4.308354688e-06)
(3.224050122e-06 -1.25767452e-17 -4.308354599e-06)
(3.204795012e-06 -8.67361738e-18 -4.308354503e-06)
(3.184770282e-06 -4.33680869e-18 -4.308354404e-06)
(3.164745551e-06 0 -4.308354304e-06)
(3.145490441e-06 4.770489559e-18 -4.308354208e-06)
(3.127744677e-06 8.67361738e-18 -4.308354119e-06)
(3.11219035e-06 1.214306433e-17 -4.308354042e-06)
(3.099425358e-06 1.517883041e-17 -4.308353978e-06)
(3.089940079e-06 1.734723476e-17 -4.308353931e-06)
(3.084099156e-06 1.853985715e-17 -4.308353902e-06)
(3.272540259e-06 -4.706564069e-17 -5.492877114e-06)
(3.274680317e-06 -4.748805515e-17 -5.492877131e-06)
(3.281018071e-06 -4.90059382e-17 -5.492877179e-06)
(3.291310171e-06 -5.074066167e-17 -5.492877259e-06)
(3.305160958e-06 -5.377642776e-17 -5.492877365e-06)
(3.322038341e-06 -5.724587471e-17 -5.492877495e-06)
(3.341293566e-06 -6.114900253e-17 -5.492877643e-06)
(3.362186523e-06 -6.591949209e-17 -5.492877803e-06)
(3.383914564e-06 -7.025630078e-17 -5.492877971e-06)
(3.405642604e-06 -7.459310947e-17 -5.492878138e-06)
(3.426535561e-06 -7.849623729e-17 -5.492878298e-06)
(3.445790786e-06 -8.239936511e-17 -5.492878446e-06)
(3.462668169e-06 -8.586881206e-17 -5.492878576e-06)
(3.476518956e-06 -8.890457814e-17 -5.492878682e-06)
(3.486811056e-06 -9.107298249e-17 -5.492878762e-06)
(3.49314881e-06 -9.215718466e-17 -5.49287881e-06)
(3.495288868e-06 -9.262736576e-17 -5.492878827e-06)
(3.493148811e-06 -9.215718466e-17 -5.49287881e-06)
(3.486811056e-06 -9.107298249e-17 -5.492878762e-06)
(3.476518956e-06 -8.890457814e-17 -5.492878682e-06)
(3.462668169e-06 -8.586881206e-17 -5.492878576e-06)
(3.445790786e-06 -8.239936511e-17 -5.492878446e-06)
(3.426535561e-06 -7.849623729e-17 -5.492878298e-06)
(3.405642604e-06 -7.459310947e-17 -5.492878138e-06)
(3.383914564e-06 -7.025630078e-17 -5.49287797e-06)
(3.362186523e-06 -6.591949209e-17 -5.492877803e-06)
(3.341293566e-06 -6.114900253e-17 -5.492877643e-06)
(3.322038341e-06 -5.724587471e-17 -5.492877495e-06)
(3.305160958e-06 -5.377642776e-17 -5.492877365e-06)
(3.291310171e-06 -5.074066167e-17 -5.492877259e-06)
(3.281018071e-06 -4.90059382e-17 -5.492877179e-06)
(3.274680317e-06 -4.748805515e-17 -5.492877131e-06)
(3.466471966e-06 -1.107664735e-16 -6.754689488e-06)
(3.468712496e-06 -1.112391429e-16 -6.754689509e-06)
(3.475347797e-06 -1.125401855e-16 -6.754689572e-06)
(3.486123092e-06 -1.144917494e-16 -6.754689675e-06)
(3.50062415e-06 -1.175275155e-16 -6.754689813e-06)
(3.518293897e-06 -1.209969624e-16 -6.754689981e-06)
(3.538453121e-06 -1.249000903e-16 -6.754690172e-06)
(3.560326965e-06 -1.29236899e-16 -6.75469038e-06)
(3.583075099e-06 -1.335737077e-16 -6.754690596e-06)
(3.605823234e-06 -1.379105163e-16 -6.754690812e-06)
(3.627697078e-06 -1.42247325e-16 -6.75469102e-06)
(3.647856302e-06 -1.461504529e-16 -6.754691212e-06)
(3.665526049e-06 -1.496198998e-16 -6.75469138e-06)
(3.680027106e-06 -1.526556659e-16 -6.754691517e-06)
(3.690802402e-06 -1.546072298e-16 -6.75469162e-06)
(3.697437703e-06 -1.559082724e-16 -6.754691683e-06)
(3.699678232e-06 -1.563281483e-16 -6.754691704e-06)
(3.697437703e-06 -1.559082724e-16 -6.754691683e-06)
(3.690802402e-06 -1.546072298e-16 -6.75469162e-06)
(3.680027106e-06 -1.526556659e-16 -6.754691517e-06)
(3.665526049e-06 -1.496198998e-16 -6.75469138e-06)
(3.647856302e-06 -1.461504529e-16 -6.754691212e-06)
(3.627697078e-06 -1.42247325e-16 -6.75469102e-06)
(3.605823234e-06 -1.379105163e-16 -6.754690812e-06)
(3.583075099e-06 -1.335737077e-16 -6.754690596e-06)
(3.560326965e-06 -1.29236899e-16 -6.75469038e-06)
(3.538453121e-06 -1.249000903e-16 -6.754690172e-06)
(3.518293897e-06 -1.209969624e-16 -6.754689981e-06)
(3.50062415e-06 -1.175275155e-16 -6.754689813e-06)
(3.486123092e-06 -1.144917494e-16 -6.754689675e-06)
(3.475347797e-06 -1.125401855e-16 -6.754689572e-06)
(3.468712496e-06 -1.112391429e-16 -6.754689509e-06)
(3.665383052e-06 -1.716847692e-16 -8.046958412e-06)
(3.667628728e-06 -1.72171305e-16 -8.046958435e-06)
(3.674279273e-06 -1.734723476e-16 -8.046958504e-06)
(3.685079322e-06 -1.752070711e-16 -8.046958615e-06)
(3.699613693e-06 -1.782428372e-16 -8.046958766e-06)
(3.717324033e-06 -1.817122841e-16 -8.046958949e-06)
(3.737529568e-06 -1.856154119e-16 -8.046959159e-06)
(3.759453663e-06 -1.899522206e-16 -8.046959386e-06)
(3.782254057e-06 -1.942890293e-16 -8.046959622e-06)
(3.80505445e-06 -1.98625838e-16 -8.046959858e-06)
(3.826978545e-06 -2.029626467e-16 -8.046960085e-06)
(3.84718408e-06 -2.068657745e-16 -8.046960294e-06)
(3.86489442e-06 -2.103352215e-16 -8.046960478e-06)
(3.879428791e-06 -2.133709875e-16 -8.046960628e-06)
(3.89022884e-06 -2.155393919e-16 -8.04696074e-06)
(3.896879385e-06 -2.168404345e-16 -8.046960809e-06)
(3.899125061e-06 -2.172463756e-16 -8.046960832e-06)
(3.896879385e-06 -2.168404345e-16 -8.046960809e-06)
(3.89022884e-06 -2.155393919e-16 -8.04696074e-06)
(3.879428791e-06 -2.133709875e-16 -8.046960628e-06)
(3.86489442e-06 -2.103352215e-16 -8.046960478e-06)
(3.84718408e-06 -2.068657745e-16 -8.046960294e-06)
(3.826978545e-06 -2.029626467e-16 -8.046960085e-06)
(3.80505445e-06 -1.98625838e-16 -8.046959858e-06)
(3.782254057e-06 -1.942890293e-16 -8.046959622e-06)
(3.759453663e-06 -1.899522206e-16 -8.046959386e-06)
(3.737529568e-06 -1.856154119e-16 -8.046959159e-06)
(3.717324033e-06 -1.817122841e-16 -8.046958949e-06)
(3.699613693e-06 -1.782428372e-16 -8.046958766e-06)
(3.685079322e-06 -1.752070711e-16 -8.046958615e-06)
(3.674279273e-06 -1.734723476e-16 -8.046958504e-06)
(3.667628728e-06 -1.72171305e-16 -8.046958435e-06)
(3.870950736e-06 -2.29376165e-16 -9.305509605e-06)
(3.873074059e-06 -2.298508606e-16 -9.305509626e-06)
(3.879362258e-06 -2.311519032e-16 -9.30550969e-06)
(3.889573881e-06 -2.333203075e-16 -9.305509793e-06)
(3.903316365e-06 -2.363560736e-16 -9.305509932e-06)
(3.920061781e-06 -2.398255206e-16 -9.305510101e-06)
(3.939166445e-06 -2.437286484e-16 -9.305510294e-06)
(3.959896034e-06 -2.480654571e-16 -9.305510503e-06)
(3.981454178e-06 -2.524022658e-16 -9.30551072e-06)
(4.003012323e-06 -2.567390744e-16 -9.305510938e-06)
(4.023741912e-06 -2.610758831e-16 -9.305511147e-06)
(4.042846576e-06 -2.64979011e-16 -9.30551134e-06)
(4.059591991e-06 -2.684484579e-16 -9.305511509e-06)
(4.073334476e-06 -2.71484224e-16 -9.305511648e-06)
(4.083546099e-06 -2.732189475e-16 -9.305511751e-06)
(4.089834297e-06 -2.745199901e-16 -9.305511815e-06)
(4.091957621e-06 -2.749376816e-16 -9.305511836e-06)
(4.089834297e-06 -2.745199901e-16 -9.305511815e-06)
(4.083546099e-06 -2.732189475e-16 -9.305511751e-06)
(4.073334476e-06 -2.71484224e-16 -9.305511648e-06)
(4.059591991e-06 -2.684484579e-16 -9.305511509e-06)
(4.042846576e-06 -2.64979011e-16 -9.30551134e-06)
(4.023741912e-06 -2.610758831e-16 -9.305511147e-06)
(4.003012323e-06 -2.567390744e-16 -9.305510938e-06)
(3.981454178e-06 -2.524022658e-16 -9.30551072e-06)
(3.959896034e-06 -2.480654571e-16 -9.305510503e-06)
(3.939166445e-06 -2.437286484e-16 -9.305510294e-06)
(3.920061781e-06 -2.398255206e-16 -9.305510101e-06)
(3.903316365e-06 -2.363560736e-16 -9.305509932e-06)
(3.889573881e-06 -2.333203075e-16 -9.305509793e-06)
(3.879362258e-06 -2.311519032e-16 -9.30550969e-06)
(3.873074059e-06 -2.298508606e-16 -9.305509626e-06)
(4.085047941e-06 -2.832520648e-16 -1.044655241e-05)
(4.086885483e-06 -2.837357085e-16 -1.044655243e-05)
(4.092327343e-06 -2.851451714e-16 -1.044655247e-05)
(4.101164567e-06 -2.870967353e-16 -1.044655255e-05)
(4.113057428e-06 -2.901325014e-16 -1.044655265e-05)
(4.127549051e-06 -2.936019483e-16 -1.044655277e-05)
(4.144082387e-06 -2.975050761e-16 -1.044655291e-05)
(4.162021947e-06 -3.018418848e-16 -1.044655306e-05)
(4.180678546e-06 -3.061786935e-16 -1.044655322e-05)
(4.199335145e-06 -3.105155022e-16 -1.044655338e-05)
(4.217274705e-06 -3.148523109e-16 -1.044655353e-05)
(4.233808041e-06 -3.187554387e-16 -1.044655367e-05)
(4.248299664e-06 -3.222248857e-16 -1.04465538e-05)
(4.260192525e-06 -3.252606517e-16 -1.04465539e-05)
(4.269029749e-06 -3.272122157e-16 -1.044655397e-05)
(4.274471609e-06 -3.28404838e-16 -1.044655402e-05)
(4.276309151e-06 -3.288134676e-16 -1.044655403e-05)
(4.274471609e-06 -3.28404838e-16 -1.044655402e-05)
(4.269029749e-06 -3.272122157e-16 -1.044655397e-05)
(4.260192525e-06 -3.252606517e-16 -1.04465539e-05)
(4.248299664e-06 -3.222248857e-16 -1.04465538e-05)
(4.233808041e-06 -3.187554387e-16 -1.044655367e-05)
(4.217274705e-06 -3.148523109e-16 -1.044655353e-05)
(4.199335145e-06 -3.105155022e-16 -1.044655338e-05)
(4.180678546e-06 -3.061786935e-16 -1.044655322e-05)
(4.162021947e-06 -3.018418848e-16 -1.044655306e-05)
(4.144082387e-06 -2.975050761e-16 -1.044655291e-05)
(4.127549051e-06 -2.936019483e-16 -1.044655277e-05)
(4.113057428e-06 -2.901325014e-16 -1.044655265e-05)
(4.101164567e-06 -2.870967353e-16 -1.044655255e-05)
(4.092327343e-06 -2.851451714e-16 -1.044655247e-05)
(4.086885483e-06 -2.837357085e-16 -1.044655243e-05)
(4.309703937e-06 -3.32468112e-16 -1.136473143e-05)
(4.311053331e-06 -3.329584872e-16 -1.136473144e-05)
(4.315049544e-06 -3.341511096e-16 -1.136473146e-05)
(4.321539134e-06 -3.361026735e-16 -1.136473149e-05)
(4.330272621e-06 -3.391384396e-16 -1.136473153e-05)
(4.340914502e-06 -3.426078865e-16 -1.136473159e-05)
(4.353055708e-06 -3.465110143e-16 -1.136473165e-05)
(4.366229571e-06 -3.512815039e-16 -1.136473171e-05)
(4.37992999e-06 -3.556183126e-16 -1.136473178e-05)
(4.393630408e-06 -3.599551213e-16 -1.136473185e-05)
(4.406804271e-06 -3.638582491e-16 -1.136473192e-05)
(4.418945477e-06 -3.677613769e-16 -1.136473198e-05)
(4.429587358e-06 -3.712308239e-16 -1.136473203e-05)
(4.438320845e-06 -3.742665899e-16 -1.136473208e-05)
(4.444810435e-06 -3.762181539e-16 -1.136473211e-05)
(4.448806648e-06 -3.776276167e-16 -1.136473213e-05)
(4.450156042e-06 -3.78029376e-16 -1.136473214e-05)
(4.448806648e-06 -3.776276167e-16 -1.136473213e-05)
(4.444810435e-06 -3.762181539e-16 -1.136473211e-05)
(4.438320845e-06 -3.742665899e-16 -1.136473208e-05)
(4.429587358e-06 -3.712308239e-16 -1.136473203e-05)
(4.418945477e-06 -3.677613769e-16 -1.136473198e-05)
(4.406804271e-06 -3.638582491e-16 -1.136473192e-05)
(4.393630408e-06 -3.599551213e-16 -1.136473185e-05)
(4.37992999e-06 -3.556183126e-16 -1.136473178e-05)
(4.366229572e-06 -3.512815039e-16 -1.136473171e-05)
(4.353055708e-06 -3.465110143e-16 -1.136473165e-05)
(4.340914502e-06 -3.426078865e-16 -1.136473159e-05)
(4.330272621e-06 -3.391384396e-16 -1.136473153e-05)
(4.321539134e-06 -3.361026735e-16 -1.136473149e-05)
(4.315049544e-06 -3.341511096e-16 -1.136473146e-05)
(4.311053331e-06 -3.329584872e-16 -1.136473144e-05)
(4.547014845e-06 -3.758046857e-16 -1.193169328e-05)
(4.547633043e-06 -3.762181539e-16 -1.193169328e-05)
(4.549463827e-06 -3.775191965e-16 -1.193169328e-05)
(4.552436902e-06 -3.794707604e-16 -1.193169327e-05)
(4.556437973e-06 -3.825065265e-16 -1.193169326e-05)
(4.561313335e-06 -3.859759734e-16 -1.193169325e-05)
(4.566875584e-06 -3.898791012e-16 -1.193169324e-05)
(4.572910924e-06 -3.93782229e-16 -1.193169322e-05)
(4.579187494e-06 -3.981190377e-16 -1.193169321e-05)
(4.585464064e-06 -4.024558464e-16 -1.19316932e-05)
(4.591499403e-06 -4.07226336e-16 -1.193169318e-05)
(4.597061652e-06 -4.111294638e-16 -1.193169317e-05)
(4.601937015e-06 -4.145989108e-16 -1.193169316e-05)
(4.605938086e-06 -4.176346768e-16 -1.193169315e-05)
(4.60891116e-06 -4.195862408e-16 -1.193169314e-05)
(4.610741945e-06 -4.208872834e-16 -1.193169314e-05)
(4.611360142e-06 -4.213657879e-16 -1.193169314e-05)
(4.610741945e-06 -4.208872834e-16 -1.193169314e-05)
(4.60891116e-06 -4.195862408e-16 -1.193169314e-05)
(4.605938086e-06 -4.176346768e-16 -1.193169315e-05)
(4.601937015e-06 -4.145989108e-16 -1.193169316e-05)
(4.597061652e-06 -4.111294638e-16 -1.193169317e-05)
(4.591499404e-06 -4.07226336e-16 -1.193169318e-05)
(4.585464064e-06 -4.024558464e-16 -1.19316932e-05)
(4.579187494e-06 -3.981190377e-16 -1.193169321e-05)
(4.572910924e-06 -3.93782229e-16 -1.193169322e-05)
(4.566875584e-06 -3.898791012e-16 -1.193169324e-05)
(4.561313335e-06 -3.859759734e-16 -1.193169325e-05)
(4.556437973e-06 -3.825065265e-16 -1.193169326e-05)
(4.552436902e-06 -3.794707604e-16 -1.193169327e-05)
(4.549463827e-06 -3.775191965e-16 -1.193169328e-05)
(4.547633043e-06 -3.762181539e-16 -1.193169328e-05)
(4.79919569e-06 -4.115669367e-16 -1.199567057e-05)
(4.798798348e-06 -4.119968255e-16 -1.199567057e-05)
(4.797621628e-06 -4.132978682e-16 -1.199567057e-05)
(4.79571071e-06 -4.154662725e-16 -1.199567056e-05)
(4.793139056e-06 -4.185020386e-16 -1.199567054e-05)
(4.790005459e-06 -4.219714855e-16 -1.199567053e-05)
(4.786430372e-06 -4.258746134e-16 -1.199567051e-05)
(4.78255121e-06 -4.30211422e-16 -1.19956705e-05)
(4.778516999e-06 -4.345482307e-16 -1.199567048e-05)
(4.774482788e-06 -4.388850394e-16 -1.199567046e-05)
(4.770603625e-06 -4.432218481e-16 -1.199567044e-05)
(4.767028538e-06 -4.471249759e-16 -1.199567043e-05)
(4.763894941e-06 -4.505944229e-16 -1.199567041e-05)
(4.761323287e-06 -4.53630189e-16 -1.19956704e-05)
(4.75941237e-06 -4.553649124e-16 -1.199567039e-05)
(4.758235649e-06 -4.566659551e-16 -1.199567039e-05)
(4.757838308e-06 -4.571278604e-16 -1.199567038e-05)
(4.758235649e-06 -4.566659551e-16 -1.199567039e-05)
(4.75941237e-06 -4.553649124e-16 -1.199567039e-05)
(4.761323287e-06 -4.53630189e-16 -1.19956704e-05)
(4.763894941e-06 -4.505944229e-16 -1.199567041e-05)
(4.767028538e-06 -4.471249759e-16 -1.199567043e-05)
(4.770603625e-06 -4.432218481e-16 -1.199567044e-05)
(4.774482788e-06 -4.388850394e-16 -1.199567046e-05)
(4.778516999e-06 -4.345482307e-16 -1.199567048e-05)
(4.78255121e-06 -4.30211422e-16 -1.19956705e-05)
(4.786430372e-06 -4.258746134e-16 -1.199567051e-05)
(4.790005459e-06 -4.219714855e-16 -1.199567053e-05)
(4.793139056e-06 -4.185020386e-16 -1.199567054e-05)
(4.79571071e-06 -4.154662725e-16 -1.199567056e-05)
(4.797621628e-06 -4.132978682e-16 -1.199567057e-05)
(4.798798348e-06 -4.119968255e-16 -1.199567057e-05)
(5.06816035e-06 -4.374148058e-16 -1.138172458e-05)
(5.066424486e-06 -4.378008372e-16 -1.13817246e-05)
(5.061283744e-06 -4.393187203e-16 -1.138172465e-05)
(5.052935517e-06 -4.410534438e-16 -1.138172473e-05)
(5.041700732e-06 -4.440892099e-16 -1.138172485e-05)
(5.028010985e-06 -4.475586568e-16 -1.138172499e-05)
(5.0123925e-06 -4.514617846e-16 -1.138172514e-05)
(4.995445602e-06 -4.553649124e-16 -1.138172532e-05)
(4.977821343e-06 -4.597017211e-16 -1.13817255e-05)
(4.960197083e-06 -4.640385298e-16 -1.138172568e-05)
(4.943250186e-06 -4.688090194e-16 -1.138172585e-05)
(4.927631701e-06 -4.727121472e-16 -1.138172601e-05)
(4.913941953e-06 -4.761815942e-16 -1.138172614e-05)
(4.902707169e-06 -4.792173602e-16 -1.138172626e-05)
(4.894358941e-06 -4.813857646e-16 -1.138172634e-05)
(4.8892182e-06 -4.824699668e-16 -1.13817264e-05)
(4.887482336e-06 -4.829755484e-16 -1.138172641e-05)
(4.8892182e-06 -4.824699668e-16 -1.13817264e-05)
(4.894358941e-06 -4.813857646e-16 -1.138172634e-05)
(4.902707169e-06 -4.792173602e-16 -1.138172626e-05)
(4.913941953e-06 -4.761815942e-16 -1.138172614e-05)
(4.927631701e-06 -4.727121472e-16 -1.138172601e-05)
(4.943250186e-06 -4.688090194e-16 -1.138172585e-05)
(4.960197083e-06 -4.640385298e-16 -1.138172567e-05)
(4.977821343e-06 -4.597017211e-16 -1.13817255e-05)
(4.995445602e-06 -4.553649124e-16 -1.138172532e-05)
(5.0123925e-06 -4.514617846e-16 -1.138172514e-05)
(5.028010985e-06 -4.475586568e-16 -1.138172499e-05)
(5.041700732e-06 -4.440892099e-16 -1.138172485e-05)
(5.052935517e-06 -4.410534438e-16 -1.138172473e-05)
(5.061283744e-06 -4.393187203e-16 -1.138172465e-05)
(5.066424486e-06 -4.378008372e-16 -1.13817246e-05)
(5.355809515e-06 -4.503092172e-16 -9.893383379e-06)
(5.352377046e-06 -4.508112633e-16 -9.893383455e-06)
(5.342211828e-06 -4.518954655e-16 -9.893383678e-06)
(5.325704178e-06 -4.540638698e-16 -9.89338404e-06)
(5.303488697e-06 -4.570996359e-16 -9.893384528e-06)
(5.276418813e-06 -4.605690829e-16 -9.893385123e-06)
(5.245535075e-06 -4.644722107e-16 -9.893385801e-06)
(5.212024555e-06 -4.692427003e-16 -9.893386537e-06)
(5.17717463e-06 -4.735795089e-16 -9.893387302e-06)
(5.142324706e-06 -4.779163176e-16 -9.893388068e-06)
(5.108814186e-06 -4.818194455e-16 -9.893388804e-06)
(5.077930447e-06 -4.857225733e-16 -9.893389482e-06)
(5.050860563e-06 -4.891920202e-16 -9.893390076e-06)
(5.028645082e-06 -4.922277863e-16 -9.893390564e-06)
(5.012137432e-06 -4.939625098e-16 -9.893390927e-06)
(5.001972214e-06 -4.954803928e-16 -9.89339115e-06)
(4.998539745e-06 -4.958698013e-16 -9.893391225e-06)
(5.001972214e-06 -4.954803928e-16 -9.89339115e-06)
(5.012137432e-06 -4.939625098e-16 -9.893390927e-06)
(5.028645082e-06 -4.922277863e-16 -9.893390564e-06)
(5.050860563e-06 -4.891920202e-16 -9.893390076e-06)
(5.077930447e-06 -4.857225733e-16 -9.893389482e-06)
(5.108814186e-06 -4.818194455e-16 -9.893388804e-06)
(5.142324706e-06 -4.779163176e-16 -9.893388068e-06)
(5.17717463e-06 -4.735795089e-16 -9.893387302e-06)
(5.212024555e-06 -4.692427003e-16 -9.893386537e-06)
(5.245535075e-06 -4.644722107e-16 -9.893385801e-06)
(5.276418813e-06 -4.605690829e-16 -9.893385123e-06)
(5.303488697e-06 -4.570996359e-16 -9.893384528e-06)
(5.325704178e-06 -4.540638698e-16 -9.89338404e-06)
(5.342211828e-06 -4.518954655e-16 -9.893383678e-06)
(5.352377046e-06 -4.508112633e-16 -9.893383455e-06)
(5.66336731e-06 -4.46384753e-16 -7.317625849e-06)
(5.657854352e-06 -4.467997153e-16 -7.317626046e-06)
(5.64152779e-06 -4.482091781e-16 -7.31762663e-06)
(5.61501452e-06 -4.50160742e-16 -7.317627577e-06)
(5.579333788e-06 -4.531965081e-16 -7.317628852e-06)
(5.535856301e-06 -4.566659551e-16 -7.317630406e-06)
(5.486253305e-06 -4.605690829e-16 -7.317632178e-06)
(5.432431382e-06 -4.649058916e-16 -7.317634102e-06)
(5.376458215e-06 -4.692427003e-16 -7.317636102e-06)
(5.320485048e-06 -4.735795089e-16 -7.317638102e-06)
(5.266663125e-06 -4.779163176e-16 -7.317640025e-06)
(5.217060129e-06 -4.818194455e-16 -7.317641798e-06)
(5.173582642e-06 -4.852888924e-16 -7.317643352e-06)
(5.137901909e-06 -4.883246585e-16 -7.317644627e-06)
(5.11138864e-06 -4.902762224e-16 -7.317645574e-06)
(5.095062078e-06 -4.914688448e-16 -7.317646158e-06)
(5.08954912e-06 -4.919452409e-16 -7.317646355e-06)
(5.095062078e-06 -4.914688448e-16 -7.317646158e-06)
(5.11138864e-06 -4.902762224e-16 -7.317645574e-06)
(5.137901909e-06 -4.883246585e-16 -7.317644627e-06)
(5.173582642e-06 -4.852888924e-16 -7.317643352e-06)
(5.217060129e-06 -4.818194455e-16 -7.317641798e-06)
(5.266663125e-06 -4.779163176e-16 -7.317640025e-06)
(5.320485048e-06 -4.735795089e-16 -7.317638102e-06)
(5.376458215e-06 -4.692427003e-16 -7.317636102e-06)
(5.432431382e-06 -4.649058916e-16 -7.317634102e-06)
(5.486253305e-06 -4.605690829e-16 -7.317632178e-06)
(5.535856301e-06 -4.566659551e-16 -7.317630406e-06)
(5.579333788e-06 -4.531965081e-16 -7.317628852e-06)
(5.61501452e-06 -4.50160742e-16 -7.317627577e-06)
(5.64152779e-06 -4.482091781e-16 -7.31762663e-06)
(5.657854352e-06 -4.467997153e-16 -7.317626046e-06)
(5.991693558e-06 -4.209277047e-16 -3.427596851e-06)
(5.983700563e-06 -4.213209642e-16 -3.427597266e-06)
(5.9600294e-06 -4.228388473e-16 -3.427598496e-06)
(5.921588979e-06 -4.245735707e-16 -3.427600494e-06)
(5.869857058e-06 -4.276093368e-16 -3.427603181e-06)
(5.806820966e-06 -4.310787838e-16 -3.427606457e-06)
(5.734903768e-06 -4.349819116e-16 -3.427610193e-06)
(5.656869734e-06 -4.397524012e-16 -3.427614248e-06)
(5.575716706e-06 -4.440892099e-16 -3.427618464e-06)
(5.494563678e-06 -4.484260185e-16 -3.427622681e-06)
(5.416529644e-06 -4.523291464e-16 -3.427626735e-06)
(5.344612446e-06 -4.562322742e-16 -3.427630472e-06)
(5.281576354e-06 -4.597017211e-16 -3.427633747e-06)
(5.229844433e-06 -4.627374872e-16 -3.427636435e-06)
(5.191404012e-06 -4.649058916e-16 -3.427638432e-06)
(5.167732849e-06 -4.659900937e-16 -3.427639662e-06)
(5.159739854e-06 -4.664882168e-16 -3.427640077e-06)
(5.167732849e-06 -4.659900937e-16 -3.427639662e-06)
(5.191404012e-06 -4.649058916e-16 -3.427638432e-06)
(5.229844433e-06 -4.627374872e-16 -3.427636435e-06)
(5.281576354e-06 -4.597017211e-16 -3.427633747e-06)
(5.344612446e-06 -4.562322742e-16 -3.427630472e-06)
(5.416529644e-06 -4.523291464e-16 -3.427626735e-06)
(5.494563678e-06 -4.484260185e-16 -3.427622681e-06)
(5.575716706e-06 -4.440892099e-16 -3.427618464e-06)
(5.656869734e-06 -4.397524012e-16 -3.427614248e-06)
(5.734903768e-06 -4.349819116e-16 -3.427610193e-06)
(5.806820966e-06 -4.310787838e-16 -3.427606457e-06)
(5.869857058e-06 -4.276093368e-16 -3.427603181e-06)
(5.921588979e-06 -4.245735707e-16 -3.427600494e-06)
(5.9600294e-06 -4.228388473e-16 -3.427598496e-06)
(5.983700563e-06 -4.213209642e-16 -3.427597266e-06)
(6.340489225e-06 -3.683994874e-16 2.004312104e-06)
(6.329619395e-06 -3.688455791e-16 2.004311335e-06)
(6.297428521e-06 -3.701466217e-16 2.004309059e-06)
(6.245152645e-06 -3.720981856e-16 2.004305363e-06)
(6.1748014e-06 -3.751339517e-16 2.004300389e-06)
(6.089077393e-06 -3.786033986e-16 2.004294328e-06)
(5.991275798e-06 -3.825065265e-16 2.004287413e-06)
(5.885155799e-06 -3.868433351e-16 2.00427991e-06)
(5.774794219e-06 -3.911801438e-16 2.004272107e-06)
(5.664432639e-06 -3.955169525e-16 2.004264304e-06)
(5.55831264e-06 -3.998537612e-16 2.004256801e-06)
(5.460511045e-06 -4.03756889e-16 2.004249885e-06)
(5.374787038e-06 -4.07226336e-16 2.004243824e-06)
(5.304435793e-06 -4.102621021e-16 2.00423885e-06)
(5.252159917e-06 -4.12213666e-16 2.004235154e-06)
(5.219969043e-06 -4.135147086e-16 2.004232878e-06)
(5.209099213e-06 -4.139602211e-16 2.00423211e-06)
(5.219969043e-06 -4.135147086e-16 2.004232878e-06)
(5.252159917e-06 -4.12213666e-16 2.004235154e-06)
(5.304435793e-06 -4.102621021e-16 2.00423885e-06)
(5.374787038e-06 -4.07226336e-16 2.004243824e-06)
(5.460511045e-06 -4.03756889e-16 2.004249886e-06)
(5.55831264e-06 -3.998537612e-16 2.004256801e-06)
(5.664432639e-06 -3.955169525e-16 2.004264304e-06)
(5.774794219e-06 -3.911801438e-16 2.004272107e-06)
(5.885155799e-06 -3.868433351e-16 2.00427991e-06)
(5.991275798e-06 -3.825065265e-16 2.004287413e-06)
(6.089077393e-06 -3.786033986e-16 2.004294328e-06)
(6.1748014e-06 -3.751339517e-16 2.004300389e-06)
(6.245152645e-06 -3.720981856e-16 2.004305363e-06)
(6.297428521e-06 -3.701466217e-16 2.004309059e-06)
(6.329619395e-06 -3.688455791e-16 2.004311335e-06)
(6.708623935e-06 -2.818741163e-16 9.202922347e-06)
(6.694502219e-06 -2.823262457e-16 9.20292105e-06)
(6.652680922e-06 -2.836272883e-16 9.202917208e-06)
(6.584765869e-06 -2.853620118e-16 9.202910969e-06)
(6.493367906e-06 -2.883977779e-16 9.202902572e-06)
(6.381998169e-06 -2.918672248e-16 9.202892341e-06)
(6.254937638e-06 -2.957703527e-16 9.202880669e-06)
(6.117070117e-06 -3.001071613e-16 9.202868003e-06)
(5.973692077e-06 -3.0444397e-16 9.202854832e-06)
(5.830314037e-06 -3.087807787e-16 9.20284166e-06)
(5.692446517e-06 -3.131175874e-16 9.202828995e-06)
(5.565385985e-06 -3.170207152e-16 9.202817322e-06)
(5.454016248e-06 -3.204901622e-16 9.202807091e-06)
(5.362618285e-06 -3.235259283e-16 9.202798694e-06)
(5.294703232e-06 -3.256943326e-16 9.202792455e-06)
(5.252881935e-06 -3.269953752e-16 9.202788613e-06)
(5.238760219e-06 -3.274354468e-16 9.202787316e-06)
(5.252881935e-06 -3.269953752e-16 9.202788613e-06)
(5.294703232e-06 -3.256943326e-16 9.202792455e-06)
(5.362618285e-06 -3.235259283e-16 9.202798695e-06)
(5.454016248e-06 -3.204901622e-16 9.202807091e-06)
(5.565385985e-06 -3.170207152e-16 9.202817322e-06)
(5.692446516e-06 -3.131175874e-16 9.202828995e-06)
(5.830314037e-06 -3.087807787e-16 9.20284166e-06)
(5.973692077e-06 -3.0444397e-16 9.202854832e-06)
(6.117070117e-06 -3.001071613e-16 9.202868003e-06)
(6.254937638e-06 -2.957703527e-16 9.202880669e-06)
(6.381998169e-06 -2.918672248e-16 9.202892341e-06)
(6.493367906e-06 -2.883977779e-16 9.202902572e-06)
(6.584765869e-06 -2.853620118e-16 9.202910969e-06)
(6.652680922e-06 -2.836272883e-16 9.202917208e-06)
(6.694502219e-06 -2.823262457e-16 9.20292105e-06)
(7.09322171e-06 -1.538971517e-16 1.836623747e-05)
(7.075524468e-06 -1.543903894e-16 1.836623543e-05)
(7.023114289e-06 -1.554745915e-16 1.83662294e-05)
(6.938003585e-06 -1.574261554e-16 1.83662196e-05)
(6.823464251e-06 -1.604619215e-16 1.836620641e-05)
(6.683896419e-06 -1.639313685e-16 1.836619035e-05)
(6.524664985e-06 -1.678344963e-16 1.836617201e-05)
(6.351890302e-06 -1.726049859e-16 1.836615212e-05)
(6.172209873e-06 -1.769417945e-16 1.836613144e-05)
(5.992529443e-06 -1.812786032e-16 1.836611075e-05)
(5.81975476e-06 -1.851817311e-16 1.836609086e-05)
(5.660523326e-06 -1.890848589e-16 1.836607253e-05)
(5.520955495e-06 -1.925543058e-16 1.836605647e-05)
(5.40641616e-06 -1.955900719e-16 1.836604328e-05)
(5.321305456e-06 -1.975416358e-16 1.836603348e-05)
(5.268895278e-06 -1.990595189e-16 1.836602745e-05)
(5.251198035e-06 -1.994593213e-16 1.836602541e-05)
(5.268895278e-06 -1.990595189e-16 1.836602745e-05)
(5.321305456e-06 -1.975416358e-16 1.836603348e-05)
(5.40641616e-06 -1.955900719e-16 1.836604328e-05)
(5.520955495e-06 -1.925543058e-16 1.836605647e-05)
(5.660523326e-06 -1.890848589e-16 1.836607253e-05)
(5.81975476e-06 -1.851817311e-16 1.836609086e-05)
(5.992529443e-06 -1.812786032e-16 1.836611075e-05)
(6.172209873e-06 -1.769417945e-16 1.836613144e-05)
(6.351890302e-06 -1.726049859e-16 1.836615212e-05)
(6.524664985e-06 -1.678344963e-16 1.836617201e-05)
(6.683896419e-06 -1.639313685e-16 1.836619035e-05)
(6.823464251e-06 -1.604619215e-16 1.836620641e-05)
(6.938003585e-06 -1.574261554e-16 1.83662196e-05)
(7.023114289e-06 -1.554745915e-16 1.83662294e-05)
(7.075524468e-06 -1.543903894e-16 1.836623543e-05)
(7.490027686e-06 2.223505872e-17 2.966155228e-05)
(7.468512309e-06 2.179246367e-17 2.966154927e-05)
(7.40479477e-06 2.038300084e-17 2.966154035e-05)
(7.301321652e-06 1.864827737e-17 2.966152587e-05)
(7.162070752e-06 1.561251128e-17 2.966150638e-05)
(6.992391523e-06 1.214306433e-17 2.966148264e-05)
(6.798806319e-06 8.239936511e-18 2.966145555e-05)
(6.588755946e-06 3.469446952e-18 2.966142615e-05)
(6.370309929e-06 -8.67361738e-19 2.966139558e-05)
(6.151863912e-06 -5.204170428e-18 2.966136501e-05)
(5.941813538e-06 -9.107298249e-18 2.966133561e-05)
(5.748228334e-06 -1.301042607e-17 2.966130852e-05)
(5.578549105e-06 -1.647987302e-17 2.966128477e-05)
(5.439298205e-06 -1.95156391e-17 2.966126528e-05)
(5.335825087e-06 -2.168404345e-17 2.96612508e-05)
(5.272107549e-06 -2.287666584e-17 2.966124188e-05)
(5.250592172e-06 -2.332852696e-17 2.966123887e-05)
(5.272107549e-06 -2.287666584e-17 2.966124188e-05)
(5.335825087e-06 -2.168404345e-17 2.96612508e-05)
(5.439298205e-06 -1.95156391e-17 2.966126528e-05)
(5.578549105e-06 -1.647987302e-17 2.966128477e-05)
(5.748228334e-06 -1.301042607e-17 2.966130852e-05)
(5.941813538e-06 -9.107298249e-18 2.966133561e-05)
(6.151863912e-06 -5.204170428e-18 2.966136501e-05)
(6.370309929e-06 -8.67361738e-19 2.966139558e-05)
(6.588755946e-06 3.469446952e-18 2.966142615e-05)
(6.798806319e-06 8.239936511e-18 2.966145555e-05)
(6.992391523e-06 1.214306433e-17 2.966148264e-05)
(7.162070752e-06 1.561251128e-17 2.966150638e-05)
(7.301321652e-06 1.864827737e-17 2.966152587e-05)
(7.40479477e-06 2.038300084e-17 2.966154035e-05)
(7.468512309e-06 2.179246367e-17 2.966154927e-05)
(7.892422605e-06 2.530116197e-16 4.318815048e-05)
(7.866969411e-06 2.526191062e-16 4.318814627e-05)
(7.791590072e-06 2.511012231e-16 4.318813379e-05)
(7.669178954e-06 2.493664997e-16 4.318811352e-05)
(7.504441882e-06 2.463307336e-16 4.318808625e-05)
(7.303707385e-06 2.428612866e-16 4.318805302e-05)
(7.074691561e-06 2.389581588e-16 4.31880151e-05)
(6.826197056e-06 2.341876693e-16 4.318797396e-05)
(6.567770308e-06 2.298508606e-16 4.318793118e-05)
(6.30934356e-06 2.255140519e-16 4.318788839e-05)
(6.060849055e-06 2.216109241e-16 4.318784726e-05)
(5.831833231e-06 2.177077962e-16 4.318780934e-05)
(5.631098734e-06 2.142383493e-16 4.318777611e-05)
(5.466361663e-06 2.112025832e-16 4.318774884e-05)
(5.343950544e-06 2.090341789e-16 4.318772857e-05)
(5.268571205e-06 2.079499767e-16 4.318771609e-05)
(5.243118011e-06 2.07446064e-16 4.318771188e-05)
(5.268571205e-06 2.079499767e-16 4.318771609e-05)
(5.343950544e-06 2.090341789e-16 4.318772857e-05)
(5.466361662e-06 2.112025832e-16 4.318774884e-05)
(5.631098734e-06 2.142383493e-16 4.318777611e-05)
(5.831833231e-06 2.177077962e-16 4.318780934e-05)
(6.060849055e-06 2.216109241e-16 4.318784726e-05)
(6.30934356e-06 2.255140519e-16 4.318788839e-05)
(6.567770308e-06 2.298508606e-16 4.318793118e-05)
(6.826197056e-06 2.341876693e-16 4.318797396e-05)
(7.074691561e-06 2.389581588e-16 4.31880151e-05)
(7.303707385e-06 2.428612866e-16 4.318805302e-05)
(7.504441882e-06 2.463307336e-16 4.318808625e-05)
(7.669178953e-06 2.493664997e-16 4.318811352e-05)
(7.791590072e-06 2.511012231e-16 4.318813379e-05)
(7.866969411e-06 2.526191062e-16 4.318814627e-05)
(8.2918563e-06 5.450855961e-16 5.89739833e-05)
(8.262509336e-06 5.445947512e-16 5.89739777e-05)
(8.175598644e-06 5.434021288e-16 5.897396111e-05)
(8.034461362e-06 5.412337245e-16 5.897393417e-05)
(7.844523202e-06 5.381979584e-16 5.897389792e-05)
(7.613080815e-06 5.347285115e-16 5.897385374e-05)
(7.349030692e-06 5.308253836e-16 5.897380334e-05)
(7.062522084e-06 5.26488575e-16 5.897374866e-05)
(6.764561823e-06 5.221517663e-16 5.897369179e-05)
(6.466601562e-06 5.178149576e-16 5.897363491e-05)
(6.180092954e-06 5.134781489e-16 5.897358023e-05)
(5.916042831e-06 5.095750211e-16 5.897352983e-05)
(5.684600444e-06 5.061055741e-16 5.897348565e-05)
(5.494662284e-06 5.03069808e-16 5.89734494e-05)
(5.353525002e-06 5.013350846e-16 5.897342246e-05)
(5.26661431e-06 4.999256217e-16 5.897340587e-05)
(5.237267346e-06 4.995175312e-16 5.897340027e-05)
(5.26661431e-06 4.999256217e-16 5.897340587e-05)
(5.353525002e-06 5.013350846e-16 5.897342246e-05)
(5.494662284e-06 5.03069808e-16 5.89734494e-05)
(5.684600444e-06 5.061055741e-16 5.897348565e-05)
(5.916042831e-06 5.095750211e-16 5.897352983e-05)
(6.180092954e-06 5.134781489e-16 5.897358023e-05)
(6.466601562e-06 5.178149576e-16 5.897363491e-05)
(6.764561823e-06 5.221517663e-16 5.897369179e-05)
(7.062522084e-06 5.26488575e-16 5.897374866e-05)
(7.349030692e-06 5.308253836e-16 5.897380334e-05)
(7.613080815e-06 5.347285115e-16 5.897385374e-05)
(7.844523202e-06 5.381979584e-16 5.897389792e-05)
(8.034461361e-06 5.412337245e-16 5.897393417e-05)
(8.175598644e-06 5.434021288e-16 5.897396111e-05)
(8.262509336e-06 5.445947512e-16 5.89739777e-05)
(8.676884716e-06 9.035713269e-16 7.692419393e-05)
(8.643904744e-06 9.031404097e-16 7.692418686e-05)
(8.54623494e-06 9.016225266e-16 7.692416591e-05)
(8.387625563e-06 8.998878032e-16 7.692413189e-05)
(8.174174002e-06 8.968520371e-16 7.692408611e-05)
(7.914080197e-06 8.933825901e-16 7.692403032e-05)
(7.617341979e-06 8.894794623e-16 7.692396667e-05)
(7.295365029e-06 8.847089727e-16 7.692389761e-05)
(6.960518767e-06 8.803721641e-16 7.692382579e-05)
(6.625672505e-06 8.760353554e-16 7.692375397e-05)
(6.303695555e-06 8.721322275e-16 7.692368491e-05)
(6.006957337e-06 8.682290997e-16 7.692362127e-05)
(5.746863532e-06 8.647596528e-16 7.692356548e-05)
(5.533411972e-06 8.617238867e-16 7.69235197e-05)
(5.374802594e-06 8.595554823e-16 7.692348568e-05)
(5.27713279e-06 8.584712802e-16 7.692346473e-05)
(5.244152818e-06 8.580003571e-16 7.692345766e-05)
(5.27713279e-06 8.584712802e-16 7.692346473e-05)
(5.374802594e-06 8.595554823e-16 7.692348568e-05)
(5.533411972e-06 8.617238867e-16 7.69235197e-05)
(5.746863532e-06 8.647596528e-16 7.692356548e-05)
(6.006957337e-06 8.682290997e-16 7.692362127e-05)
(6.303695555e-06 8.721322275e-16 7.692368491e-05)
(6.625672505e-06 8.760353554e-16 7.692375397e-05)
(6.960518767e-06 8.803721641e-16 7.692382579e-05)
(7.295365029e-06 8.847089727e-16 7.692389761e-05)
(7.617341979e-06 8.894794623e-16 7.692396667e-05)
(7.914080197e-06 8.933825901e-16 7.692403032e-05)
(8.174174002e-06 8.968520371e-16 7.692408611e-05)
(8.387625563e-06 8.998878032e-16 7.692413189e-05)
(8.54623494e-06 9.016225266e-16 7.692416591e-05)
(8.643904744e-06 9.031404097e-16 7.692418686e-05)
(9.033691086e-06 1.331723718e-15 9.681976041e-05)
(8.997606036e-06 1.331291848e-15 9.681975194e-05)
(8.890740577e-06 1.329882385e-15 9.681972686e-05)
(8.717198059e-06 1.328364502e-15 9.681968614e-05)
(8.483649942e-06 1.325328736e-15 9.681963133e-05)
(8.199068194e-06 1.321859289e-15 9.681956455e-05)
(7.874391945e-06 1.317956161e-15 9.681948836e-05)
(7.522100727e-06 1.313185671e-15 9.681940569e-05)
(7.155728545e-06 1.308848863e-15 9.681931971e-05)
(6.789356363e-06 1.304512054e-15 9.681923374e-05)
(6.437065145e-06 1.300608926e-15 9.681915107e-05)
(6.112388896e-06 1.296705798e-15 9.681907488e-05)
(5.827807147e-06 1.293236351e-15 9.681900809e-05)
(5.594259031e-06 1.290200585e-15 9.681895329e-05)
(5.420716512e-06 1.28781534e-15 9.681891256e-05)
(5.313851054e-06 1.286622718e-15 9.681888749e-05)
(5.277766004e-06 1.286149771e-15 9.681887902e-05)
(5.313851054e-06 1.286622718e-15 9.681888749e-05)
(5.420716512e-06 1.28781534e-15 9.681891256e-05)
(5.594259031e-06 1.290200585e-15 9.681895329e-05)
(5.827807147e-06 1.293236351e-15 9.681900809e-05)
(6.112388896e-06 1.296705798e-15 9.681907488e-05)
(6.437065145e-06 1.300608926e-15 9.681915107e-05)
(6.789356363e-06 1.304512054e-15 9.681923374e-05)
(7.155728545e-06 1.308848863e-15 9.681931971e-05)
(7.522100727e-06 1.313185671e-15 9.681940569e-05)
(7.874391945e-06 1.317956161e-15 9.681948836e-05)
(8.199068194e-06 1.321859289e-15 9.681956455e-05)
(8.483649942e-06 1.325328736e-15 9.681963133e-05)
(8.717198059e-06 1.328364502e-15 9.681968614e-05)
(8.890740577e-06 1.329882385e-15 9.681972686e-05)
(8.997606036e-06 1.331291848e-15 9.681975194e-05)
(9.345284711e-06 1.829262281e-15 0.000118253522)
(9.306949434e-06 1.828832225e-15 0.0001182535125)
(9.193419956e-06 1.827531182e-15 0.0001182534842)
(9.009055503e-06 1.825796458e-15 0.0001182534382)
(8.760943565e-06 1.822760692e-15 0.0001182533763)
(8.45861559e-06 1.819291245e-15 0.000118253301)
(8.113692863e-06 1.815388118e-15 0.000118253215)
(7.739433125e-06 1.811051309e-15 0.0001182531217)
(7.350214349e-06 1.8067145e-15 0.0001182530247)
(6.960995573e-06 1.802377692e-15 0.0001182529276)
(6.586735835e-06 1.798040883e-15 0.0001182528344)
(6.241813108e-06 1.794137755e-15 0.0001182527484)
(5.939485133e-06 1.790668308e-15 0.000118252673)
(5.691373195e-06 1.787632542e-15 0.0001182526112)
(5.507008742e-06 1.785464138e-15 0.0001182525652)
(5.393479263e-06 1.784163095e-15 0.0001182525369)
(5.355143986e-06 1.783685843e-15 0.0001182525273)
(5.393479263e-06 1.784163095e-15 0.0001182525369)
(5.507008742e-06 1.785464138e-15 0.0001182525652)
(5.691373195e-06 1.787632542e-15 0.0001182526112)
(5.939485133e-06 1.790668308e-15 0.000118252673)
(6.241813108e-06 1.794137755e-15 0.0001182527484)
(6.586735835e-06 1.798040883e-15 0.0001182528344)
(6.960995573e-06 1.802377692e-15 0.0001182529276)
(7.350214349e-06 1.8067145e-15 0.0001182530247)
(7.739433125e-06 1.811051309e-15 0.0001182531217)
(8.113692863e-06 1.815388118e-15 0.000118253215)
(8.45861559e-06 1.819291245e-15 0.000118253301)
(8.760943565e-06 1.822760692e-15 0.0001182533763)
(9.009055503e-06 1.825796458e-15 0.0001182534382)
(9.193419956e-06 1.827531182e-15 0.0001182534842)
(9.306949434e-06 1.828832225e-15 0.0001182535125)
(9.592102546e-06 2.391951091e-15 0.0001406325416)
(9.552754391e-06 2.391533152e-15 0.0001406325316)
(9.436225288e-06 2.390015269e-15 0.0001406325017)
(9.246989642e-06 2.388280546e-15 0.0001406324533)
(8.992322203e-06 2.385244779e-15 0.0001406323882)
(8.682006255e-06 2.381775333e-15 0.0001406323088)
(8.327970136e-06 2.377872205e-15 0.0001406322182)
(7.943821877e-06 2.373101715e-15 0.0001406321199)
(7.544319339e-06 2.368764906e-15 0.0001406320177)
(7.144816801e-06 2.364428098e-15 0.0001406319155)
(6.760668541e-06 2.36052497e-15 0.0001406318172)
(6.406632422e-06 2.356621842e-15 0.0001406317266)
(6.096316475e-06 2.353152395e-15 0.0001406316473)
(5.841649035e-06 2.350116629e-15 0.0001406315821)
(5.652413389e-06 2.347948225e-15 0.0001406315337)
(5.535884286e-06 2.346864023e-15 0.0001406315039)
(5.496536132e-06 2.34637346e-15 0.0001406314938)
(5.535884286e-06 2.346864023e-15 0.0001406315039)
(5.652413389e-06 2.347948225e-15 0.0001406315337)
(5.841649035e-06 2.350116629e-15 0.0001406315821)
(6.096316475e-06 2.353152395e-15 0.0001406316473)
(6.406632422e-06 2.356621842e-15 0.0001406317266)
(6.760668541e-06 2.36052497e-15 0.0001406318172)
(7.144816801e-06 2.364428098e-15 0.0001406319155)
(7.544319339e-06 2.368764906e-15 0.0001406320177)
(7.943821876e-06 2.373101715e-15 0.0001406321199)
(8.327970136e-06 2.377872205e-15 0.0001406322182)
(8.682006255e-06 2.381775333e-15 0.0001406323088)
(8.992322203e-06 2.385244779e-15 0.0001406323882)
(9.246989642e-06 2.388280546e-15 0.0001406324533)
(9.436225288e-06 2.390015269e-15 0.0001406325017)
(9.552754391e-06 2.391533152e-15 0.0001406325316)
(9.751543543e-06 3.009356979e-15 0.0001631072047)
(9.712860368e-06 3.008877869e-15 0.0001631071949)
(9.598300595e-06 3.007576826e-15 0.0001631071661)
(9.412263013e-06 3.005842103e-15 0.0001631071193)
(9.161899428e-06 3.002806337e-15 0.0001631070564)
(8.856827789e-06 2.99933689e-15 0.0001631069797)
(8.508774845e-06 2.995433762e-15 0.0001631068921)
(8.131118653e-06 2.990663273e-15 0.0001631067972)
(7.738367669e-06 2.986326464e-15 0.0001631066984)
(7.345616684e-06 2.981989655e-15 0.0001631065996)
(6.967960493e-06 2.978086527e-15 0.0001631065046)
(6.619907549e-06 2.9741834e-15 0.0001631064171)
(6.31483591e-06 2.970713953e-15 0.0001631063404)
(6.064472325e-06 2.967678187e-15 0.0001631062774)
(5.878434743e-06 2.965509782e-15 0.0001631062306)
(5.76387497e-06 2.96420874e-15 0.0001631062018)
(5.725191795e-06 2.963780491e-15 0.0001631061921)
(5.76387497e-06 2.96420874e-15 0.0001631062018)
(5.878434743e-06 2.965509782e-15 0.0001631062306)
(6.064472325e-06 2.967678187e-15 0.0001631062774)
(6.31483591e-06 2.970713953e-15 0.0001631063404)
(6.619907549e-06 2.9741834e-15 0.0001631064171)
(6.967960493e-06 2.978086527e-15 0.0001631065046)
(7.345616684e-06 2.981989655e-15 0.0001631065996)
(7.738367669e-06 2.986326464e-15 0.0001631066984)
(8.131118653e-06 2.990663273e-15 0.0001631067972)
(8.508774845e-06 2.995433762e-15 0.0001631068921)
(8.856827789e-06 2.99933689e-15 0.0001631069797)
(9.161899428e-06 3.002806337e-15 0.0001631070564)
(9.412263013e-06 3.005842103e-15 0.0001631071193)
(9.598300595e-06 3.007576826e-15 0.0001631071661)
(9.712860368e-06 3.008877869e-15 0.0001631071949)
(9.79858896e-06 3.664369186e-15 0.0001845790966)
(9.762741502e-06 3.663952822e-15 0.0001845790882)
(9.656579672e-06 3.662434939e-15 0.0001845790635)
(9.484179799e-06 3.660700215e-15 0.0001845790233)
(9.252169419e-06 3.657664449e-15 0.0001845789693)
(8.969461425e-06 3.654195002e-15 0.0001845789034)
(8.646922922e-06 3.650291874e-15 0.0001845788282)
(8.296951273e-06 3.646388747e-15 0.0001845787467)
(7.932991374e-06 3.642051938e-15 0.0001845786619)
(7.569031474e-06 3.637715129e-15 0.0001845785771)
(7.219059826e-06 3.63294464e-15 0.0001845784956)
(6.896521323e-06 3.629041512e-15 0.0001845784204)
(6.613813329e-06 3.625572065e-15 0.0001845783546)
(6.381802949e-06 3.622536299e-15 0.0001845783005)
(6.209403076e-06 3.620367894e-15 0.0001845782604)
(6.103241246e-06 3.619283692e-15 0.0001845782356)
(6.067393788e-06 3.618797323e-15 0.0001845782273)
(6.103241245e-06 3.619283692e-15 0.0001845782356)
(6.209403076e-06 3.620367894e-15 0.0001845782604)
(6.381802949e-06 3.622536299e-15 0.0001845783005)
(6.613813329e-06 3.625572065e-15 0.0001845783546)
(6.896521323e-06 3.629041512e-15 0.0001845784204)
(7.219059825e-06 3.63294464e-15 0.0001845784956)
(7.569031474e-06 3.637715129e-15 0.0001845785771)
(7.932991374e-06 3.642051938e-15 0.0001845786619)
(8.296951273e-06 3.646388747e-15 0.0001845787467)
(8.646922922e-06 3.650291874e-15 0.0001845788282)
(8.969461425e-06 3.654195002e-15 0.0001845789034)
(9.252169419e-06 3.657664449e-15 0.0001845789693)
(9.484179799e-06 3.660700215e-15 0.0001845790233)
(9.656579672e-06 3.662434939e-15 0.0001845790635)
(9.762741502e-06 3.663952822e-15 0.0001845790882)
(9.70585571e-06 4.330532153e-15 0.0002036339422)
(9.675550531e-06 4.330086636e-15 0.0002036339362)
(9.585802093e-06 4.328785594e-15 0.0002036339185)
(9.440056496e-06 4.32683403e-15 0.0002036338899)
(9.243916611e-06 4.323798264e-15 0.0002036338512)
(9.004917332e-06 4.320328817e-15 0.0002036338042)
(8.732245631e-06 4.316425689e-15 0.0002036337505)
(8.436382149e-06 4.312522561e-15 0.0002036336923)
(8.128693101e-06 4.308185753e-15 0.0002036336317)
(7.821004053e-06 4.303848944e-15 0.0002036335712)
(7.52514057e-06 4.299078454e-15 0.0002036335129)
(7.252468869e-06 4.295175327e-15 0.0002036334593)
(7.01346959e-06 4.29170588e-15 0.0002036334122)
(6.817329705e-06 4.288670113e-15 0.0002036333736)
(6.671584109e-06 4.28671855e-15 0.0002036333449)
(6.58183567e-06 4.285417507e-15 0.0002036333273)
(6.551530491e-06 4.284969394e-15 0.0002036333213)
(6.58183567e-06 4.285417507e-15 0.0002036333273)
(6.671584108e-06 4.28671855e-15 0.0002036333449)
(6.817329705e-06 4.288670113e-15 0.0002036333736)
(7.01346959e-06 4.29170588e-15 0.0002036334122)
(7.252468869e-06 4.295175327e-15 0.0002036334593)
(7.52514057e-06 4.299078454e-15 0.0002036335129)
(7.821004053e-06 4.303848944e-15 0.0002036335712)
(8.128693101e-06 4.308185753e-15 0.0002036336317)
(8.436382148e-06 4.312522561e-15 0.0002036336923)
(8.732245631e-06 4.316425689e-15 0.0002036337505)
(9.004917332e-06 4.320328817e-15 0.0002036338042)
(9.243916611e-06 4.323798264e-15 0.0002036338512)
(9.440056496e-06 4.32683403e-15 0.0002036338899)
(9.585802093e-06 4.328785594e-15 0.0002036339185)
(9.675550531e-06 4.330086636e-15 0.0002036339362)
(9.444095958e-06 4.971582839e-15 0.0002185561836)
(9.422612171e-06 4.971066961e-15 0.0002185561806)
(9.358988184e-06 4.969982759e-15 0.0002185561717)
(9.255666988e-06 4.967814354e-15 0.0002185561574)
(9.11662054e-06 4.964778588e-15 0.000218556138)
(8.947190438e-06 4.961309141e-15 0.0002185561144)
(8.753889461e-06 4.957406013e-15 0.0002185560875)
(8.544147489e-06 4.953502886e-15 0.0002185560583)
(8.3260222e-06 4.949166077e-15 0.0002185560279)
(8.107896912e-06 4.944829268e-15 0.0002185559976)
(7.89815494e-06 4.940058779e-15 0.0002185559684)
(7.704853963e-06 4.936155651e-15 0.0002185559414)
(7.535423861e-06 4.932686204e-15 0.0002185559178)
(7.396377413e-06 4.929650438e-15 0.0002185558985)
(7.293056217e-06 4.927915714e-15 0.0002185558841)
(7.22943223e-06 4.926397831e-15 0.0002185558752)
(7.207948443e-06 4.926034081e-15 0.0002185558723)
(7.22943223e-06 4.926397831e-15 0.0002185558752)
(7.293056217e-06 4.927915714e-15 0.0002185558841)
(7.396377413e-06 4.929650438e-15 0.0002185558985)
(7.535423861e-06 4.932686204e-15 0.0002185559178)
(7.704853963e-06 4.936155651e-15 0.0002185559414)
(7.89815494e-06 4.940058779e-15 0.0002185559684)
(8.107896911e-06 4.944829268e-15 0.0002185559976)
(8.3260222e-06 4.949166077e-15 0.0002185560279)
(8.544147489e-06 4.953502886e-15 0.0002185560583)
(8.753889461e-06 4.957406013e-15 0.0002185560875)
(8.947190438e-06 4.961309141e-15 0.0002185561144)
(9.11662054e-06 4.964778588e-15 0.000218556138)
(9.255666988e-06 4.967814354e-15 0.0002185561574)
(9.358988184e-06 4.969982759e-15 0.0002185561717)
(9.422612171e-06 4.971066961e-15 0.0002185561806)
(8.98295087e-06 5.538724736e-15 0.0002272827321)
(8.974149867e-06 5.538321537e-15 0.0002272827316)
(8.9480858e-06 5.537020495e-15 0.0002272827302)
(8.905759459e-06 5.535068931e-15 0.0002272827278)
(8.848797987e-06 5.532033165e-15 0.0002272827246)
(8.779389612e-06 5.528563718e-15 0.0002272827208)
(8.700202345e-06 5.52466059e-15 0.0002272827163)
(8.614279895e-06 5.520757462e-15 0.0002272827116)
(8.524923153e-06 5.516420654e-15 0.0002272827066)
(8.435566411e-06 5.512083845e-15 0.0002272827016)
(8.349643962e-06 5.507313355e-15 0.0002272826968)
(8.270456695e-06 5.503410228e-15 0.0002272826924)
(8.201048319e-06 5.499940781e-15 0.0002272826885)
(8.144086848e-06 5.496905015e-15 0.0002272826853)
(8.101760506e-06 5.494953451e-15 0.000227282683)
(8.075696439e-06 5.493652408e-15 0.0002272826815)
(8.066895436e-06 5.493194057e-15 0.000227282681)
(8.075696439e-06 5.493652408e-15 0.0002272826815)
(8.101760506e-06 5.494953451e-15 0.000227282683)
(8.144086847e-06 5.496905015e-15 0.0002272826853)
(8.201048319e-06 5.499940781e-15 0.0002272826885)
(8.270456694e-06 5.503410228e-15 0.0002272826924)
(8.349643961e-06 5.507313355e-15 0.0002272826968)
(8.435566411e-06 5.512083845e-15 0.0002272827016)
(8.524923153e-06 5.516420654e-15 0.0002272827066)
(8.614279895e-06 5.520757462e-15 0.0002272827116)
(8.700202345e-06 5.52466059e-15 0.0002272827163)
(8.779389612e-06 5.528563718e-15 0.0002272827208)
(8.848797987e-06 5.532033165e-15 0.0002272827246)
(8.905759459e-06 5.535068931e-15 0.0002272827278)
(8.9480858e-06 5.537020495e-15 0.0002272827302)
(8.974149867e-06 5.538321537e-15 0.0002272827316)
(8.291119096e-06 5.970296475e-15 0.0002274239053)
(8.299449311e-06 5.969834002e-15 0.0002274239049)
(8.324119145e-06 5.96853296e-15 0.0002274239036)
(8.364181342e-06 5.966581396e-15 0.0002274239015)
(8.4180958e-06 5.96354563e-15 0.0002274238987)
(8.483791345e-06 5.960076183e-15 0.0002274238952)
(8.558742683e-06 5.956173055e-15 0.0002274238913)
(8.640068923e-06 5.951836246e-15 0.0002274238871)
(8.724645745e-06 5.947499437e-15 0.0002274238826)
(8.809222567e-06 5.943162629e-15 0.0002274238782)
(8.890548806e-06 5.93882582e-15 0.0002274238739)
(8.965500145e-06 5.934922692e-15 0.00022742387)
(9.031195689e-06 5.931453245e-15 0.0002274238666)
(9.085110147e-06 5.928417479e-15 0.0002274238638)
(9.125172345e-06 5.926465915e-15 0.0002274238617)
(9.149842179e-06 5.925164873e-15 0.0002274238604)
(9.158172393e-06 5.924785024e-15 0.0002274238599)
(9.149842179e-06 5.925164873e-15 0.0002274238604)
(9.125172345e-06 5.926465915e-15 0.0002274238617)
(9.085110147e-06 5.928417479e-15 0.0002274238638)
(9.031195689e-06 5.931453245e-15 0.0002274238666)
(8.965500145e-06 5.934922692e-15 0.00022742387)
(8.890548806e-06 5.93882582e-15 0.0002274238739)
(8.809222567e-06 5.943162629e-15 0.0002274238782)
(8.724645745e-06 5.947499437e-15 0.0002274238826)
(8.640068923e-06 5.951836246e-15 0.0002274238871)
(8.558742683e-06 5.956173055e-15 0.0002274238913)
(8.483791345e-06 5.960076183e-15 0.0002274238952)
(8.4180958e-06 5.96354563e-15 0.0002274238987)
(8.364181342e-06 5.966581396e-15 0.0002274239015)
(8.324119145e-06 5.96853296e-15 0.0002274239036)
(8.299449311e-06 5.969834002e-15 0.0002274239049)
(7.33799316e-06 6.18968419e-15 0.0002162615164)
(7.36844472e-06 6.189276522e-15 0.0002162615103)
(7.458626663e-06 6.187975479e-15 0.0002162614925)
(7.605076243e-06 6.186023915e-15 0.0002162614636)
(7.802163527e-06 6.182988149e-15 0.0002162614247)
(8.042317225e-06 6.179518702e-15 0.0002162613772)
(8.316305991e-06 6.175615574e-15 0.0002162613231)
(8.613598559e-06 6.171278766e-15 0.0002162612644)
(8.922773813e-06 6.166941957e-15 0.0002162612033)
(9.231949067e-06 6.162605148e-15 0.0002162611423)
(9.529241635e-06 6.15826834e-15 0.0002162610836)
(9.8032304e-06 6.154365212e-15 0.0002162610294)
(1.00433841e-05 6.150895765e-15 0.000216260982)
(1.024047138e-05 6.147859999e-15 0.0002162609431)
(1.038692096e-05 6.145908435e-15 0.0002162609142)
(1.047710291e-05 6.144607392e-15 0.0002162608963)
(1.050755447e-05 6.14418695e-15 0.0002162608903)
(1.047710291e-05 6.144607392e-15 0.0002162608963)
(1.038692096e-05 6.145908435e-15 0.0002162609142)
(1.024047138e-05 6.147859999e-15 0.0002162609431)
(1.00433841e-05 6.150895765e-15 0.000216260982)
(9.8032304e-06 6.154365212e-15 0.0002162610294)
(9.529241635e-06 6.15826834e-15 0.0002162610836)
(9.231949067e-06 6.162605148e-15 0.0002162611423)
(8.922773813e-06 6.166941957e-15 0.0002162612033)
(8.613598559e-06 6.171278766e-15 0.0002162612644)
(8.316305991e-06 6.175615574e-15 0.0002162613231)
(8.042317225e-06 6.179518702e-15 0.0002162613772)
(7.802163527e-06 6.182988149e-15 0.0002162614247)
(7.605076243e-06 6.186023915e-15 0.0002162614636)
(7.458626663e-06 6.187975479e-15 0.0002162614925)
(7.36844472e-06 6.189276522e-15 0.0002162615103)
(6.093274574e-06 6.105279885e-15 0.0001907730071)
(6.151333257e-06 6.104817173e-15 0.0001907729851)
(6.323273374e-06 6.10362455e-15 0.0001907729203)
(6.602492884e-06 6.101456146e-15 0.0001907728149)
(6.978257805e-06 6.09842038e-15 0.0001907726731)
(7.436132782e-06 6.094950933e-15 0.0001907725003)
(7.958517406e-06 6.091047805e-15 0.0001907723032)
(8.525332861e-06 6.087144677e-15 0.0001907720893)
(9.114803741e-06 6.082807869e-15 0.0001907718669)
(9.704274622e-06 6.07847106e-15 0.0001907716445)
(1.027109008e-05 6.07370057e-15 0.0001907714306)
(1.07934747e-05 6.069797442e-15 0.0001907712335)
(1.125134968e-05 6.066327995e-15 0.0001907710607)
(1.16271146e-05 6.063292229e-15 0.0001907709189)
(1.190633411e-05 6.061557506e-15 0.0001907708135)
(1.207827423e-05 6.060148043e-15 0.0001907707487)
(1.213633291e-05 6.059781148e-15 0.0001907707267)
(1.207827423e-05 6.060148043e-15 0.0001907707487)
(1.190633411e-05 6.061557506e-15 0.0001907708135)
(1.16271146e-05 6.063292229e-15 0.0001907709189)
(1.125134968e-05 6.066327995e-15 0.0001907710607)
(1.07934747e-05 6.069797442e-15 0.0001907712335)
(1.027109008e-05 6.07370057e-15 0.0001907714306)
(9.704274622e-06 6.07847106e-15 0.0001907716445)
(9.114803741e-06 6.082807869e-15 0.0001907718669)
(8.525332861e-06 6.087144677e-15 0.0001907720893)
(7.958517406e-06 6.091047805e-15 0.0001907723032)
(7.436132782e-06 6.094950933e-15 0.0001907725003)
(6.978257805e-06 6.09842038e-15 0.0001907726731)
(6.602492884e-06 6.101456146e-15 0.0001907728149)
(6.323273374e-06 6.10362455e-15 0.0001907729203)
(6.151333257e-06 6.104817173e-15 0.0001907729851)
(4.529752928e-06 5.61011382e-15 0.0001477032548)
(4.621276391e-06 5.60966204e-15 0.0001477032004)
(4.892322067e-06 5.608360998e-15 0.000147703039)
(5.332482526e-06 5.606626274e-15 0.0001477027771)
(5.924836763e-06 5.603590508e-15 0.0001477024246)
(6.646628945e-06 5.600121061e-15 0.000147701995)
(7.470113864e-06 5.596217934e-15 0.0001477015049)
(8.363639357e-06 5.591881125e-15 0.0001477009731)
(9.292878768e-06 5.587544316e-15 0.0001477004201)
(1.022211818e-05 5.583207507e-15 0.0001476998671)
(1.111564367e-05 5.578870699e-15 0.0001476993353)
(1.193912859e-05 5.574967571e-15 0.0001476988452)
(1.266092077e-05 5.571498124e-15 0.0001476984156)
(1.325327501e-05 5.568462358e-15 0.0001476980631)
(1.369343547e-05 5.566293954e-15 0.0001476978011)
(1.396448114e-05 5.564992911e-15 0.0001476976398)
(1.405600461e-05 5.564581744e-15 0.0001476975854)
(1.396448114e-05 5.564992911e-15 0.0001476976398)
(1.369343547e-05 5.566293954e-15 0.0001476978011)
(1.325327501e-05 5.568462358e-15 0.0001476980631)
(1.266092077e-05 5.571498124e-15 0.0001476984156)
(1.193912859e-05 5.574967571e-15 0.0001476988452)
(1.111564367e-05 5.578870699e-15 0.0001476993353)
(1.022211818e-05 5.583207507e-15 0.0001476998671)
(9.292878768e-06 5.587544316e-15 0.0001477004201)
(8.363639357e-06 5.591881125e-15 0.0001477009731)
(7.470113864e-06 5.596217934e-15 0.0001477015049)
(6.646628945e-06 5.600121061e-15 0.000147701995)
(5.924836763e-06 5.603590508e-15 0.0001477024246)
(5.332482526e-06 5.606626274e-15 0.0001477027771)
(4.892322067e-06 5.608360998e-15 0.000147703039)
(4.621276391e-06 5.60966204e-15 0.0001477032004)
(2.622259872e-06 4.582296311e-15 8.358463128e-05)
(2.753361663e-06 4.581838381e-15 8.358451949e-05)
(3.141618099e-06 4.580537338e-15 8.358418844e-05)
(3.772121171e-06 4.578368934e-15 8.358365083e-05)
(4.620632568e-06 4.575333168e-15 8.358292733e-05)
(5.654555944e-06 4.571863721e-15 8.358204574e-05)
(6.834147977e-06 4.567960593e-15 8.358103994e-05)
(8.114068871e-06 4.564057465e-15 8.357994859e-05)
(9.445147779e-06 4.559720657e-15 8.357881363e-05)
(1.077622669e-05 4.555383848e-15 8.357767866e-05)
(1.205614758e-05 4.550613358e-15 8.357658732e-05)
(1.323573961e-05 4.546710231e-15 8.357558152e-05)
(1.426966299e-05 4.543240784e-15 8.357469993e-05)
(1.511817439e-05 4.540205018e-15 8.357397643e-05)
(1.574867746e-05 4.538470294e-15 8.357343882e-05)
(1.613693389e-05 4.537169251e-15 8.357310777e-05)
(1.626803569e-05 4.536676048e-15 8.357299598e-05)
(1.613693389e-05 4.537169251e-15 8.357310777e-05)
(1.574867746e-05 4.538470294e-15 8.357343882e-05)
(1.511817439e-05 4.540205018e-15 8.357397643e-05)
(1.426966299e-05 4.543240784e-15 8.357469993e-05)
(1.323573961e-05 4.546710231e-15 8.357558152e-05)
(1.205614758e-05 4.550613358e-15 8.357658732e-05)
(1.077622669e-05 4.555383848e-15 8.357767866e-05)
(9.445147779e-06 4.559720657e-15 8.357881363e-05)
(8.114068871e-06 4.564057465e-15 8.357994859e-05)
(6.834147978e-06 4.567960593e-15 8.358103994e-05)
(5.654555944e-06 4.571863721e-15 8.358204574e-05)
(4.620632568e-06 4.575333168e-15 8.358292733e-05)
(3.772121171e-06 4.578368934e-15 8.358365083e-05)
(3.141618099e-06 4.580537338e-15 8.358418844e-05)
(2.753361663e-06 4.581838381e-15 8.358451949e-05)
(3.52032492e-07 2.887893094e-15 -5.084347298e-06)
(5.288587199e-07 2.887447226e-15 -5.084550675e-06)
(1.052527546e-06 2.886363024e-15 -5.085152975e-06)
(1.902931486e-06 2.883977779e-15 -5.08613107e-06)
(3.047378625e-06 2.880942013e-15 -5.087447361e-06)
(4.44190397e-06 2.877472566e-15 -5.08905128e-06)
(6.032902901e-06 2.873569438e-15 -5.090881174e-06)
(7.75922244e-06 2.869232629e-15 -5.092866707e-06)
(9.554542398e-06 2.864895821e-15 -5.094931602e-06)
(1.134986236e-05 2.860559012e-15 -5.096996497e-06)
(1.30761819e-05 2.856222203e-15 -5.09898203e-06)
(1.466718083e-05 2.852319075e-15 -5.100811924e-06)
(1.606170617e-05 2.848849628e-15 -5.102415843e-06)
(1.720615331e-05 2.845813862e-15 -5.103732134e-06)
(1.805655725e-05 2.843862298e-15 -5.104710229e-06)
(1.858022608e-05 2.842561256e-15 -5.105312529e-06)
(1.87570523e-05 2.842100036e-15 -5.105515907e-06)
(1.858022608e-05 2.842561256e-15 -5.105312529e-06)
(1.805655725e-05 2.843862298e-15 -5.104710229e-06)
(1.720615331e-05 2.845813862e-15 -5.103732134e-06)
(1.606170617e-05 2.848849628e-15 -5.102415843e-06)
(1.466718083e-05 2.852319075e-15 -5.100811924e-06)
(1.30761819e-05 2.856222203e-15 -5.09898203e-06)
(1.134986236e-05 2.860559012e-15 -5.096996497e-06)
(9.554542398e-06 2.864895821e-15 -5.094931602e-06)
(7.75922244e-06 2.869232629e-15 -5.092866707e-06)
(6.032902901e-06 2.873569438e-15 -5.090881174e-06)
(4.44190397e-06 2.877472566e-15 -5.08905128e-06)
(3.047378625e-06 2.880942013e-15 -5.087447361e-06)
(1.902931487e-06 2.883977779e-15 -5.08613107e-06)
(1.052527546e-06 2.886363024e-15 -5.085152975e-06)
(5.288587199e-07 2.887447226e-15 -5.084550675e-06)
(-2.294814216e-06 3.820518087e-16 -0.0001218355244)
(-2.066287031e-06 3.815307445e-16 -0.0001218358641)
(-1.389506419e-06 3.803381221e-16 -0.0001218368702)
(-2.90458948e-07 3.781697178e-16 -0.0001218385039)
(1.18860491e-06 3.755676325e-16 -0.0001218407025)
(2.990865554e-06 3.720981856e-16 -0.0001218433816)
(5.047045293e-06 3.677613769e-16 -0.0001218464382)
(7.278111064e-06 3.634245682e-16 -0.0001218497547)
(9.598351795e-06 3.590877595e-16 -0.0001218532037)
(1.191859253e-05 3.547509508e-16 -0.0001218566528)
(1.41496583e-05 3.504141421e-16 -0.0001218599693)
(1.620583804e-05 3.460773335e-16 -0.0001218630258)
(1.800809868e-05 3.426078865e-16 -0.0001218657049)
(1.948716254e-05 3.400058013e-16 -0.0001218679036)
(2.058621001e-05 3.378373969e-16 -0.0001218695373)
(2.126299062e-05 3.364279341e-16 -0.0001218705433)
(2.149151781e-05 3.359653985e-16 -0.000121870883)
(2.126299062e-05 3.364279341e-16 -0.0001218705433)
(2.058621001e-05 3.378373969e-16 -0.0001218695373)
(1.948716254e-05 3.400058013e-16 -0.0001218679036)
(1.800809868e-05 3.426078865e-16 -0.0001218657049)
(1.620583804e-05 3.460773335e-16 -0.0001218630258)
(1.41496583e-05 3.504141421e-16 -0.0001218599693)
(1.191859253e-05 3.547509508e-16 -0.0001218566528)
(9.598351796e-06 3.590877595e-16 -0.0001218532037)
(7.278111065e-06 3.634245682e-16 -0.0001218497547)
(5.047045293e-06 3.677613769e-16 -0.0001218464382)
(2.990865555e-06 3.720981856e-16 -0.0001218433816)
(1.18860491e-06 3.755676325e-16 -0.0001218407025)
(-2.90458948e-07 3.781697178e-16 -0.0001218385039)
(-1.389506419e-06 3.803381221e-16 -0.0001218368702)
(-2.066287031e-06 3.815307445e-16 -0.0001218358641)
(-5.320619824e-06 -3.082942045e-15 -0.0002699124161)
(-5.03492205e-06 -3.083254138e-15 -0.0002699129471)
(-4.1888314e-06 -3.084772021e-15 -0.0002699145195)
(-2.814835494e-06 -3.086506745e-15 -0.000269917073)
(-9.657545958e-07 -3.089542511e-15 -0.0002699205094)
(1.287377149e-06 -3.093011958e-15 -0.0002699246967)
(3.857950865e-06 -3.096915085e-15 -0.000269929474)
(6.64716181e-06 -3.101685575e-15 -0.0002699346576)
(9.547856591e-06 -3.106022384e-15 -0.0002699400483)
(1.244855137e-05 -3.110359192e-15 -0.0002699454391)
(1.523776232e-05 -3.115129682e-15 -0.0002699506227)
(1.780833603e-05 -3.11903281e-15 -0.0002699554)
(2.006146778e-05 -3.122502257e-15 -0.0002699595873)
(2.191054868e-05 -3.125538023e-15 -0.0002699630237)
(2.328454458e-05 -3.127706427e-15 -0.0002699655772)
(2.413063523e-05 -3.12900747e-15 -0.0002699671496)
(2.441633301e-05 -3.129481679e-15 -0.0002699676806)
(2.413063523e-05 -3.12900747e-15 -0.0002699671496)
(2.328454458e-05 -3.127706427e-15 -0.0002699655772)
(2.191054868e-05 -3.125538023e-15 -0.0002699630237)
(2.006146778e-05 -3.122502257e-15 -0.0002699595873)
(1.780833603e-05 -3.11903281e-15 -0.0002699554)
(1.523776232e-05 -3.115129682e-15 -0.0002699506227)
(1.244855137e-05 -3.110359192e-15 -0.0002699454391)
(9.547856592e-06 -3.106022384e-15 -0.0002699400483)
(6.647161811e-06 -3.101685575e-15 -0.0002699346576)
(3.857950866e-06 -3.096915085e-15 -0.000269929474)
(1.28737715e-06 -3.093011958e-15 -0.0002699246967)
(-9.65754595e-07 -3.089542511e-15 -0.0002699205094)
(-2.814835494e-06 -3.086506745e-15 -0.000269917073)
(-4.188831399e-06 -3.084772021e-15 -0.0002699145195)
(-5.03492205e-06 -3.083254138e-15 -0.0002699129471)
(-8.71761483e-06 -7.655658403e-15 -0.0004523011598)
(-8.370081868e-06 -7.656202061e-15 -0.0004523019455)
(-7.340867024e-06 -7.657503104e-15 -0.0004523042722)
(-5.669489401e-06 -7.659671508e-15 -0.0004523080507)
(-3.420201449e-06 -7.662707274e-15 -0.0004523131358)
(-6.794116358e-07 -7.666176721e-15 -0.0004523193319)
(2.447525913e-06 -7.670079849e-15 -0.000452326401)
(5.840421585e-06 -7.675284019e-15 -0.0004523340714)
(9.36893017e-06 -7.679620828e-15 -0.0004523420484)
(1.289743876e-05 -7.683957637e-15 -0.0004523500254)
(1.629033443e-05 -7.688294446e-15 -0.0004523576958)
(1.941727198e-05 -7.692197573e-15 -0.0004523647649)
(2.215806179e-05 -7.69566702e-15 -0.000452370961)
(2.440734974e-05 -7.698702786e-15 -0.000452376046)
(2.607872737e-05 -7.701304872e-15 -0.0004523798246)
(2.710794221e-05 -7.702389074e-15 -0.0004523821513)
(2.745547517e-05 -7.702849797e-15 -0.000452382937)
(2.710794221e-05 -7.702389074e-15 -0.0004523821513)
(2.607872737e-05 -7.701304872e-15 -0.0004523798246)
(2.440734974e-05 -7.698702786e-15 -0.000452376046)
(2.215806179e-05 -7.69566702e-15 -0.000452370961)
(1.941727198e-05 -7.692197573e-15 -0.0004523647649)
(1.629033443e-05 -7.688294446e-15 -0.0004523576958)
(1.289743876e-05 -7.683957637e-15 -0.0004523500254)
(9.368930171e-06 -7.679620828e-15 -0.0004523420484)
(5.840421585e-06 -7.675284019e-15 -0.0004523340714)
(2.447525914e-06 -7.670079849e-15 -0.000452326401)
(-6.79411635e-07 -7.666176721e-15 -0.0004523193319)
(-3.420201448e-06 -7.662707274e-15 -0.0004523131358)
(-5.669489401e-06 -7.659671508e-15 -0.0004523080507)
(-7.340867024e-06 -7.657503104e-15 -0.0004523042722)
(-8.370081868e-06 -7.656202061e-15 -0.0004523019455)
(-1.245804228e-05 -1.347009561e-14 -0.0006712437447)
(-1.20452687e-05 -1.347056147e-14 -0.0006712448531)
(-1.082284453e-05 -1.347207935e-14 -0.0006712481355)
(-8.83770759e-06 -1.34744646e-14 -0.0006712534659)
(-6.16617212e-06 -1.347750037e-14 -0.0006712606394)
(-2.910867617e-06 -1.348096981e-14 -0.0006712693803)
(8.030741951e-07 -1.348530662e-14 -0.0006712793528)
(4.832901111e-06 -1.349007711e-14 -0.0006712901735)
(9.023798872e-06 -1.349441392e-14 -0.0006713014267)
(1.321469663e-05 -1.349875073e-14 -0.0006713126799)
(1.724452355e-05 -1.350352122e-14 -0.0006713235005)
(2.095846536e-05 -1.350785803e-14 -0.000671333473)
(2.421376986e-05 -1.351132747e-14 -0.000671342214)
(2.688530533e-05 -1.351436324e-14 -0.0006713493875)
(2.887044227e-05 -1.35163148e-14 -0.0006713547179)
(3.009286645e-05 -1.351761585e-14 -0.0006713580002)
(3.050564002e-05 -1.351816694e-14 -0.0006713591086)
(3.009286645e-05 -1.351761585e-14 -0.0006713580002)
(2.887044228e-05 -1.35163148e-14 -0.0006713547179)
(2.688530533e-05 -1.351436324e-14 -0.0006713493875)
(2.421376986e-05 -1.351132747e-14 -0.000671342214)
(2.095846536e-05 -1.350785803e-14 -0.000671333473)
(1.724452355e-05 -1.350352122e-14 -0.0006713235005)
(1.321469663e-05 -1.349875073e-14 -0.0006713126799)
(9.023798873e-06 -1.349441392e-14 -0.0006713014267)
(4.832901112e-06 -1.349007711e-14 -0.0006712901735)
(8.030741965e-07 -1.348530662e-14 -0.0006712793528)
(-2.910867616e-06 -1.348096981e-14 -0.0006712693803)
(-6.166172119e-06 -1.347750037e-14 -0.0006712606394)
(-8.83770759e-06 -1.34744646e-14 -0.0006712534659)
(-1.082284453e-05 -1.347207935e-14 -0.0006712481355)
(-1.20452687e-05 -1.347056147e-14 -0.0006712448531)
(-1.649465138e-05 -2.064264524e-14 -0.0009283251915)
(-1.601488582e-05 -2.064320936e-14 -0.0009283266888)
(-1.459406568e-05 -2.064429357e-14 -0.0009283311231)
(-1.228674665e-05 -2.064711249e-14 -0.0009283383242)
(-9.181628551e-06 -2.065014826e-14 -0.0009283480152)
(-5.397997365e-06 -2.06536177e-14 -0.0009283598238)
(-1.081293337e-06 -2.065795451e-14 -0.0009283732961)
(3.602563051e-06 -2.066229132e-14 -0.0009283879143)
(8.473631624e-06 -2.066749549e-14 -0.0009284031168)
(1.33447002e-05 -2.067269966e-14 -0.0009284183192)
(1.802855659e-05 -2.067703647e-14 -0.0009284329374)
(2.234526061e-05 -2.068137328e-14 -0.0009284464097)
(2.61288918e-05 -2.068484273e-14 -0.0009284582183)
(2.92340099e-05 -2.068787849e-14 -0.0009284679093)
(3.154132893e-05 -2.068983006e-14 -0.0009284751104)
(3.296214907e-05 -2.069134794e-14 -0.0009284795447)
(3.344191463e-05 -2.069183717e-14 -0.000928481042)
(3.296214907e-05 -2.069134794e-14 -0.0009284795447)
(3.154132893e-05 -2.068983006e-14 -0.0009284751104)
(2.92340099e-05 -2.068787849e-14 -0.0009284679093)
(2.61288918e-05 -2.068484273e-14 -0.0009284582183)
(2.234526061e-05 -2.068137328e-14 -0.0009284464097)
(1.802855659e-05 -2.067703647e-14 -0.0009284329374)
(1.33447002e-05 -2.067269966e-14 -0.0009284183192)
(8.473631626e-06 -2.066749549e-14 -0.0009284031168)
(3.602563052e-06 -2.066229132e-14 -0.0009283879143)
(-1.081293336e-06 -2.065795451e-14 -0.0009283732961)
(-5.397997364e-06 -2.06536177e-14 -0.0009283598238)
(-9.18162855e-06 -2.065014826e-14 -0.0009283480152)
(-1.228674665e-05 -2.064711249e-14 -0.0009283383242)
(-1.459406568e-05 -2.064429357e-14 -0.0009283311231)
(-1.601488582e-05 -2.064320936e-14 -0.0009283266888)
(-2.074698734e-05 -2.924715738e-14 -0.00122380199)
(-2.020069148e-05 -2.924765465e-14 -0.001223803932)
(-1.858284262e-05 -2.924895569e-14 -0.001223809681)
(-1.595556183e-05 -2.925177461e-14 -0.001223819018)
(-1.241984917e-05 -2.925481038e-14 -0.001223831583)
(-8.1115323e-06 -2.925871351e-14 -0.001223846894)
(-3.196220029e-06 -2.926305032e-14 -0.001223864362)
(2.137158546e-06 -2.926738712e-14 -0.001223883316)
(7.683710493e-06 -2.92725913e-14 -0.001223903027)
(1.323026244e-05 -2.927779547e-14 -0.001223922738)
(1.856364102e-05 -2.928213227e-14 -0.001223941692)
(2.347895329e-05 -2.928646908e-14 -0.00122395916)
(2.778727016e-05 -2.929037221e-14 -0.001223974471)
(3.132298282e-05 -2.929340798e-14 -0.001223987036)
(3.39502636e-05 -2.929579322e-14 -0.001223996373)
(3.556811247e-05 -2.92973111e-14 -0.001224002122)
(3.611440832e-05 -2.929769156e-14 -0.001224004064)
(3.556811247e-05 -2.92973111e-14 -0.001224002122)
(3.395026361e-05 -2.929579322e-14 -0.001223996373)
(3.132298282e-05 -2.929340798e-14 -0.001223987036)
(2.778727016e-05 -2.929037221e-14 -0.001223974471)
(2.347895329e-05 -2.928646908e-14 -0.00122395916)
(1.856364102e-05 -2.928213227e-14 -0.001223941692)
(1.323026244e-05 -2.927779547e-14 -0.001223922738)
(7.683710495e-06 -2.92725913e-14 -0.001223903027)
(2.137158547e-06 -2.926738712e-14 -0.001223883316)
(-3.196220027e-06 -2.926305032e-14 -0.001223864362)
(-8.111532299e-06 -2.925871351e-14 -0.001223846894)
(-1.241984917e-05 -2.925481038e-14 -0.001223831583)
(-1.595556183e-05 -2.925177461e-14 -0.001223819018)
(-1.858284262e-05 -2.924895569e-14 -0.001223809681)
(-2.020069148e-05 -2.924765465e-14 -0.001223803932)
(-2.510035737e-05 -3.931073162e-14 -0.001556767011)
(-2.449068849e-05 -3.931121921e-14 -0.001556769429)
(-2.268516115e-05 -3.931273709e-14 -0.00155677659)
(-1.975310279e-05 -3.93149055e-14 -0.001556788218)
(-1.580722997e-05 -3.931837494e-14 -0.001556803868)
(-1.099912701e-05 -3.932227807e-14 -0.001556822937)
(-5.513614193e-06 -3.932661488e-14 -0.001556844693)
(4.384626928e-07 -3.933138537e-14 -0.0015568683)
(6.628442117e-06 -3.933658954e-14 -0.00155689285)
(1.281842154e-05 -3.934179371e-14 -0.0015569174)
(1.877049843e-05 -3.93465642e-14 -0.001556941006)
(2.425601125e-05 -3.935090101e-14 -0.001556962762)
(2.90641142e-05 -3.935480414e-14 -0.001556981831)
(3.300998703e-05 -3.935827358e-14 -0.001556997481)
(3.594204539e-05 -3.936087567e-14 -0.00155700911)
(3.774757272e-05 -3.936217671e-14 -0.00155701627)
(3.835724161e-05 -3.936276877e-14 -0.001557018688)
(3.774757272e-05 -3.936217671e-14 -0.00155701627)
(3.594204539e-05 -3.936087567e-14 -0.00155700911)
(3.300998703e-05 -3.935827358e-14 -0.001556997481)
(2.90641142e-05 -3.935480414e-14 -0.001556981831)
(2.425601125e-05 -3.935090101e-14 -0.001556962762)
(1.877049843e-05 -3.93465642e-14 -0.001556941006)
(1.281842154e-05 -3.934179371e-14 -0.0015569174)
(6.628442119e-06 -3.933658954e-14 -0.00155689285)
(4.38462695e-07 -3.933138537e-14 -0.0015568683)
(-5.513614191e-06 -3.932661488e-14 -0.001556844693)
(-1.099912701e-05 -3.932227807e-14 -0.001556822937)
(-1.580722997e-05 -3.931837494e-14 -0.001556803868)
(-1.975310279e-05 -3.93149055e-14 -0.001556788218)
(-2.268516115e-05 -3.931273709e-14 -0.00155677659)
(-2.449068849e-05 -3.931121921e-14 -0.001556769429)
(-2.938898293e-05 -5.077780556e-14 -0.001924294229)
(-2.872243066e-05 -5.077839191e-14 -0.00192429712)
(-2.674844381e-05 -5.077990979e-14 -0.001924305679)
(-2.35428182e-05 -5.078272872e-14 -0.001924319579)
(-1.922878711e-05 -5.078576448e-14 -0.001924338285)
(-1.397207799e-05 -5.079010129e-14 -0.001924361079)
(-7.974755228e-06 -5.07944381e-14 -0.001924387085)
(-1.467336991e-06 -5.079964227e-14 -0.001924415302)
(5.300180594e-06 -5.080484644e-14 -0.001924444647)
(1.206769818e-05 -5.081005061e-14 -0.001924473991)
(1.857511642e-05 -5.081525478e-14 -0.001924502209)
(2.457243918e-05 -5.081959159e-14 -0.001924528214)
(2.982914829e-05 -5.08239284e-14 -0.001924551008)
(3.414317939e-05 -5.082696417e-14 -0.001924569714)
(3.7348805e-05 -5.082934941e-14 -0.001924583614)
(3.932279185e-05 -5.083086729e-14 -0.001924592173)
(3.998934412e-05 -5.083138872e-14 -0.001924595064)
(3.932279185e-05 -5.083086729e-14 -0.001924592173)
(3.7348805e-05 -5.082934941e-14 -0.001924583614)
(3.41431794e-05 -5.082696417e-14 -0.001924569714)
(2.98291483e-05 -5.08239284e-14 -0.001924551008)
(2.457243918e-05 -5.081959159e-14 -0.001924528214)
(1.857511642e-05 -5.081525478e-14 -0.001924502209)
(1.206769818e-05 -5.081005061e-14 -0.001924473991)
(5.300180596e-06 -5.080484644e-14 -0.001924444647)
(-1.467336989e-06 -5.079964227e-14 -0.001924415302)
(-7.974755226e-06 -5.07944381e-14 -0.001924387085)
(-1.397207799e-05 -5.079010129e-14 -0.001924361079)
(-1.92287871e-05 -5.078576448e-14 -0.001924338285)
(-2.35428182e-05 -5.078272872e-14 -0.001924319579)
(-2.674844381e-05 -5.077990979e-14 -0.001924305679)
(-2.872243066e-05 -5.077839191e-14 -0.00192429712)
(-3.339412599e-05 -6.350478271e-14 -0.002321694547)
(-3.268106715e-05 -6.350529911e-14 -0.002321697855)
(-3.056935166e-05 -6.350692541e-14 -0.002321707651)
(-2.714006375e-05 -6.35095275e-14 -0.002321723558)
(-2.252503489e-05 -6.351299695e-14 -0.002321744966)
(-1.690155565e-05 -6.351733375e-14 -0.002321771051)
(-1.048578881e-05 -6.352210424e-14 -0.002321800812)
(-3.524336216e-06 -6.352730841e-14 -0.002321833104)
(3.715363333e-06 -6.353251258e-14 -0.002321866687)
(1.095506288e-05 -6.353771675e-14 -0.00232190027)
(1.791651548e-05 -6.354292093e-14 -0.002321932562)
(2.433228231e-05 -6.354769141e-14 -0.002321962323)
(2.995576155e-05 -6.355202822e-14 -0.002321988408)
(3.457079042e-05 -6.355549767e-14 -0.002322009816)
(3.800007833e-05 -6.355766607e-14 -0.002322025724)
(4.011179382e-05 -6.355929238e-14 -0.002322035519)
(4.082485265e-05 -6.355977706e-14 -0.002322038827)
(4.011179382e-05 -6.355929238e-14 -0.002322035519)
(3.800007833e-05 -6.355766607e-14 -0.002322025724)
(3.457079042e-05 -6.355549767e-14 -0.002322009816)
(2.995576155e-05 -6.355202822e-14 -0.002321988408)
(2.433228232e-05 -6.354769141e-14 -0.002321962323)
(1.791651548e-05 -6.354292093e-14 -0.002321932562)
(1.095506288e-05 -6.353771675e-14 -0.00232190027)
(3.715363335e-06 -6.353251258e-14 -0.002321866687)
(-3.524336214e-06 -6.352730841e-14 -0.002321833104)
(-1.048578881e-05 -6.352210424e-14 -0.002321800812)
(-1.690155565e-05 -6.351733375e-14 -0.002321771051)
(-2.252503488e-05 -6.351299695e-14 -0.002321744966)
(-2.714006375e-05 -6.35095275e-14 -0.002321723558)
(-3.056935166e-05 -6.350692541e-14 -0.002321707651)
(-3.268106715e-05 -6.350529911e-14 -0.002321697855)
(-3.682773584e-05 -7.72130058e-14 -0.002741501118)
(-3.608311158e-05 -7.721362612e-14 -0.002741504725)
(-3.387791545e-05 -7.7215144e-14 -0.002741515408)
(-3.02968211e-05 -7.721774609e-14 -0.002741532755)
(-2.547749585e-05 -7.722121553e-14 -0.0027415561)
(-1.960507851e-05 -7.722555234e-14 -0.002741584546)
(-1.290530089e-05 -7.723032283e-14 -0.002741617)
(-5.635681291e-06 -7.723596068e-14 -0.002741652214)
(1.924502593e-06 -7.724116485e-14 -0.002741688836)
(9.484686477e-06 -7.724636902e-14 -0.002741725458)
(1.675430608e-05 -7.725200687e-14 -0.002741760673)
(2.34540837e-05 -7.725677736e-14 -0.002741793127)
(2.932650103e-05 -7.726111417e-14 -0.002741821573)
(3.414582628e-05 -7.726458362e-14 -0.002741844918)
(3.772692064e-05 -7.726675202e-14 -0.002741862265)
(3.993211677e-05 -7.726848675e-14 -0.002741872947)
(4.067674103e-05 -7.726903916e-14 -0.002741876554)
(3.993211677e-05 -7.726848675e-14 -0.002741872947)
(3.772692064e-05 -7.726675202e-14 -0.002741862265)
(3.414582629e-05 -7.726458362e-14 -0.002741844918)
(2.932650103e-05 -7.726111417e-14 -0.002741821573)
(2.34540837e-05 -7.725677736e-14 -0.002741793127)
(1.675430608e-05 -7.725200687e-14 -0.002741760673)
(9.48468648e-06 -7.724636902e-14 -0.002741725458)
(1.924502596e-06 -7.724116485e-14 -0.002741688836)
(-5.635681289e-06 -7.723596068e-14 -0.002741652214)
(-1.290530089e-05 -7.723032283e-14 -0.002741617)
(-1.960507851e-05 -7.722555234e-14 -0.002741584546)
(-2.547749584e-05 -7.722121553e-14 -0.0027415561)
(-3.02968211e-05 -7.721774609e-14 -0.002741532755)
(-3.387791545e-05 -7.7215144e-14 -0.002741515408)
(-3.608311158e-05 -7.721362612e-14 -0.002741504725)
(-3.933301723e-05 -9.248214273e-14 -0.003173808152)
(-3.857694832e-05 -9.248277057e-14 -0.00317381187)
(-3.633785899e-05 -9.248439688e-14 -0.003173822883)
(-3.270172428e-05 -9.248678212e-14 -0.003173840768)
(-2.780832744e-05 -9.249025157e-14 -0.003173864836)
(-2.184565281e-05 -9.249458838e-14 -0.003173894163)
(-1.504290161e-05 -9.249935887e-14 -0.003173927623)
(-7.661550131e-06 -9.250499672e-14 -0.003173963928)
(1.483151957e-08 -9.251020089e-14 -0.003174001684)
(7.69121317e-06 -9.251540506e-14 -0.003174039441)
(1.507256465e-05 -9.252104291e-14 -0.003174075746)
(2.187531585e-05 -9.25258134e-14 -0.003174109205)
(2.783799048e-05 -9.253015021e-14 -0.003174138533)
(3.273138732e-05 -9.253361966e-14 -0.003174162601)
(3.636752203e-05 -9.253643858e-14 -0.003174180485)
(3.860661136e-05 -9.253806488e-14 -0.003174191498)
(3.936268028e-05 -9.253857023e-14 -0.003174195217)
(3.860661136e-05 -9.253806488e-14 -0.003174191498)
(3.636752203e-05 -9.253643858e-14 -0.003174180485)
(3.273138733e-05 -9.253361966e-14 -0.003174162601)
(2.783799049e-05 -9.253015021e-14 -0.003174138533)
(2.187531585e-05 -9.25258134e-14 -0.003174109205)
(1.507256465e-05 -9.252104291e-14 -0.003174075746)
(7.691213173e-06 -9.251540506e-14 -0.003174039441)
(1.483152223e-08 -9.251020089e-14 -0.003174001684)
(-7.661550129e-06 -9.250499672e-14 -0.003173963928)
(-1.504290161e-05 -9.249935887e-14 -0.003173927623)
(-2.184565281e-05 -9.249458838e-14 -0.003173894163)
(-2.780832744e-05 -9.249025157e-14 -0.003173864836)
(-3.270172428e-05 -9.248678212e-14 -0.003173840768)
(-3.633785899e-05 -9.248439688e-14 -0.003173822883)
(-3.857694832e-05 -9.248277057e-14 -0.00317381187)
)
;

boundaryField
{
    left
    {
        type            calculated;
    }
    right
    {
        type            calculated;
    }
    beam
    {
        type            empty;
    }
}


// ************************************************************************* //
