    PART-1-1           1              0.              0.              0.             -0.              0.              0.
    PART-1-1           2             0.4              0.              0.        0.399988      0.00208498      0.00208498
    PART-1-1           3             0.8              0.              0.        0.799892      0.00825456      0.00825456
    PART-1-1           4             1.2              0.              0.         1.19963       0.0183969       0.0183969
    PART-1-1           5             1.6              0.              0.         1.59914       0.0324011       0.0324011
    PART-1-1           6              2.              0.              0.         1.99835       0.0501573       0.0501573
    PART-1-1           7             2.4              0.              0.         2.39721        0.071557        0.071557
    PART-1-1           8             2.8              0.              0.         2.79565       0.0964926       0.0964926
    PART-1-1           9             3.2              0.              0.         3.19363        0.124858        0.124858
    PART-1-1          10             3.6              0.              0.         3.59112        0.156549        0.156549
    PART-1-1          11              4.              0.              0.         3.98806        0.191461        0.191461
    PART-1-1          12             4.4              0.              0.         4.38443        0.229493        0.229493
    PART-1-1          13             4.8              0.              0.         4.78019        0.270544        0.270544
    PART-1-1          14             5.2              0.              0.         5.17533        0.314514        0.314514
    PART-1-1          15             5.6              0.              0.         5.56982        0.361307        0.361307
    PART-1-1          16              6.              0.              0.         5.96364        0.410826        0.410826
    PART-1-1          17             6.4              0.              0.         6.35679        0.462977        0.462977
    PART-1-1          18             6.8              0.              0.         6.74924        0.517665        0.517665
    PART-1-1          19             7.2              0.              0.         7.14099        0.574799        0.574799
    PART-1-1          20             7.6              0.              0.         7.53205        0.634289        0.634289
    PART-1-1          21              8.              0.              0.          7.9224        0.696046        0.696046
    PART-1-1          22             8.4              0.              0.         8.31205        0.759982        0.759982
    PART-1-1          23             8.8              0.              0.           8.701         0.82601         0.82601
    PART-1-1          24             9.2              0.              0.         9.08926        0.894046        0.894046
    PART-1-1          25             9.6              0.              0.         9.47683        0.964006        0.964006
    PART-1-1          26             10.              0.              0.         9.86373         1.03581         1.03581
    PART-1-1          27            10.4              0.              0.           10.25         1.10937         1.10937
    PART-1-1          28            10.8              0.              0.         10.6356         1.18461         1.18461
    PART-1-1          29            11.2              0.              0.         11.0205         1.26146         1.26146
    PART-1-1          30            11.6              0.              0.         11.4049         1.33982         1.33982
    PART-1-1          31             12.              0.              0.         11.7886         1.41964         1.41964
    PART-1-1          32            12.4              0.              0.         12.1718         1.50083         1.50083
    PART-1-1          33            12.8              0.              0.         12.5544         1.58331         1.58331
    PART-1-1          34            13.2              0.              0.         12.9365         1.66702         1.66702
    PART-1-1          35            13.6              0.              0.          13.318         1.75187         1.75187
    PART-1-1          36             14.              0.              0.         13.6991         1.83781         1.83781
    PART-1-1          37            14.4              0.              0.         14.0798         1.92475         1.92475
    PART-1-1          38            14.8              0.              0.           14.46         2.01263         2.01263
    PART-1-1          39            15.2              0.              0.         14.8398         2.10137         2.10137
    PART-1-1          40            15.6              0.              0.         15.2192         2.19091         2.19091
    PART-1-1          41             16.              0.              0.         15.5983         2.28119         2.28119
    PART-1-1          42            16.4              0.              0.         15.9771         2.37212         2.37212
    PART-1-1          43            16.8              0.              0.         16.3556         2.46364         2.46364
    PART-1-1          44            17.2              0.              0.         16.7338         2.55569         2.55569
    PART-1-1          45            17.6              0.              0.         17.1118         2.64821         2.64821
    PART-1-1          46             18.              0.              0.         17.4896         2.74111         2.74111
    PART-1-1          47            18.4              0.              0.         17.8672         2.83434         2.83434
    PART-1-1          48            18.8              0.              0.         18.2448         2.92783         2.92783
    PART-1-1          49            19.2              0.              0.         18.6222         3.02152         3.02152
    PART-1-1          50            19.6              0.              0.         18.9995         3.11534         3.11534
    PART-1-1          51             20.              0.              0.         19.3769         3.20923         3.20923
    PART-1-1          52             0.2              0.              0.        0.199999     0.000524882     0.000524882
    PART-1-1          53             0.6              0.              0.        0.599956       0.0046662       0.0046662
    PART-1-1          54              1.              0.              0.        0.999788       0.0128361       0.0128361
    PART-1-1          55             1.4              0.              0.         1.39942       0.0249231       0.0249231
    PART-1-1          56             1.8              0.              0.         1.79879        0.040817        0.040817
    PART-1-1          57             2.2              0.              0.         2.19783       0.0604085       0.0604085
    PART-1-1          58             2.6              0.              0.         2.59648       0.0835894       0.0835894
    PART-1-1          59              3.              0.              0.          2.9947        0.110253        0.110253
    PART-1-1          60             3.4              0.              0.         3.39244        0.140294        0.140294
    PART-1-1          61             3.8              0.              0.         3.78966        0.173608        0.173608
    PART-1-1          62             4.2              0.              0.         4.18632        0.210093        0.210093
    PART-1-1          63             4.6              0.              0.         4.58239        0.249647        0.249647
    PART-1-1          64              5.              0.              0.         4.97784         0.29217         0.29217
    PART-1-1          65             5.4              0.              0.         5.37266        0.337564        0.337564
    PART-1-1          66             5.8              0.              0.         5.76681        0.385732        0.385732
    PART-1-1          67             6.2              0.              0.          6.1603        0.436578        0.436578
    PART-1-1          68             6.6              0.              0.          6.5531        0.490009        0.490009
    PART-1-1          69              7.              0.              0.          6.9452        0.545932        0.545932
    PART-1-1          70             7.4              0.              0.         7.33661        0.604255        0.604255
    PART-1-1          71             7.8              0.              0.         7.72731         0.66489         0.66489
    PART-1-1          72             8.2              0.              0.         8.11731        0.727747        0.727747
    PART-1-1          73             8.6              0.              0.         8.50661         0.79274         0.79274
    PART-1-1          74              9.              0.              0.         8.89521        0.859782        0.859782
    PART-1-1          75             9.4              0.              0.         9.28313        0.928791        0.928791
    PART-1-1          76             9.8              0.              0.         9.67036        0.999682        0.999682
    PART-1-1          77            10.2              0.              0.         10.0569         1.07237         1.07237
    PART-1-1          78            10.6              0.              0.         10.4428         1.14679         1.14679
    PART-1-1          79             11.              0.              0.         10.8281         1.22284         1.22284
    PART-1-1          80            11.4              0.              0.         11.2128         1.30045         1.30045
    PART-1-1          81            11.8              0.              0.         11.5968         1.37956         1.37956
    PART-1-1          82            12.2              0.              0.         11.9803         1.46007         1.46007
    PART-1-1          83            12.6              0.              0.         12.3631         1.54191         1.54191
    PART-1-1          84             13.              0.              0.         12.7455         1.62501         1.62501
    PART-1-1          85            13.4              0.              0.         13.1273         1.70931         1.70931
    PART-1-1          86            13.8              0.              0.         13.5087         1.79471         1.79471
    PART-1-1          87            14.2              0.              0.         13.8895         1.88116         1.88116
    PART-1-1          88            14.6              0.              0.         14.2699         1.96858         1.96858
    PART-1-1          89             15.              0.              0.         14.6499          2.0569          2.0569
    PART-1-1          90            15.4              0.              0.         15.0296         2.14605         2.14605
    PART-1-1          91            15.8              0.              0.         15.4088         2.23596         2.23596
    PART-1-1          92            16.2              0.              0.         15.7877         2.32657         2.32657
    PART-1-1          93            16.6              0.              0.         16.1663         2.41781         2.41781
    PART-1-1          94             17.              0.              0.         16.5447         2.50961         2.50961
    PART-1-1          95            17.4              0.              0.         16.9228          2.6019          2.6019
    PART-1-1          96            17.8              0.              0.         17.3007         2.69461         2.69461
    PART-1-1          97            18.2              0.              0.         17.6784         2.78769         2.78769
    PART-1-1          98            18.6              0.              0.          18.056         2.88106         2.88106
    PART-1-1          99             19.              0.              0.         18.4335         2.97466         2.97466
    PART-1-1         100            19.4              0.              0.         18.8109         3.06842         3.06842
    PART-1-1         101            19.8              0.              0.         19.1882         3.16228         3.16228


