
14
(
(0 20 0)
(3.79581 19.6365 0)
(7.45363 18.5592 0)
(10.8405 16.8072 0)
(13.8333 14.4443 0)
(45.1292 -15.5277 0)
(51.6108 -19.7957 0)
(59.1855 -21.4846 0)
(66.8663 -20.3741 0)
(73.6525 -16.609 0)
(107.538 11.2441 0)
(115.725 15.8888 0)
(125 17.5 0)
(972.397 17.5 0)
)


14
(
(1 0 0)
(0.981825 -0.18979 0)
(0.927959 -0.372682 0)
(0.840362 -0.542026 0)
(0.722217 -0.691667 0)
(0.722217 -0.691667 0)
(0.920732 -0.390196 0)
(0.999282 -0.0378852 0)
(0.947633 0.319362 0)
(0.772514 0.634998 0)
(0.772514 0.634998 0)
(0.941412 0.337258 0)
(1 0 0)
(1 0 0)
)

