/*--------------------------------*- C++ -*----------------------------------*\
| =========                 |                                                 |
| \\      /  F ield         | foam-extend: Open Source CFD                    |
|  \\    /   O peration     | Version:     4.1                                |
|   \\  /    A nd           | Web:         http://www.foam-extend.org         |
|    \\/     M anipulation  |                                                 |
\*---------------------------------------------------------------------------*/
FoamFile
{
    version     2.0;
    format      ascii;
    class       pointVectorField;
    location    "0";
    object      pointW;
}
// * * * * * * * * * * * * * * * * * * * * * * * * * * * * * * * * * * * * * //

dimensions      [0 1 0 0 0 0 0];

internalField   nonuniform List<vector> 
1632
(
(0 0 0)
(0 0 0)
(0 0 0)
(0 0 0)
(0 0 0)
(0 0 0)
(0 0 0)
(0 0 0)
(5.04496e-36 0 0)
(0 0 0)
(0 0 0)
(0 0 0)
(0 0 0)
(0 0 0)
(0 0 0)
(0 0 0)
(0 1.2326e-32 0)
(0 0 0)
(0 0 0)
(0 0 0)
(0 0 0)
(0 0 0)
(0 0 0)
(0 0 0)
(-5.04496e-36 0 0)
(0 0 0)
(0 0 0)
(0 0 0)
(0 0 0)
(0 0 0)
(0 0 0)
(0 0 0)
(-6.45958e-05 0.0123368 0)
(0.00168432 0.0123505 0)
(0.00336604 0.0123637 0)
(0.00491591 0.0123759 0)
(0.00627437 0.0123866 0)
(0.00738925 0.0123953 0)
(0.00821768 0.0124018 0)
(0.00872783 0.0124058 0)
(0.00890007 0.0124072 0)
(0.00872783 0.0124058 0)
(0.00821768 0.0124018 0)
(0.00738925 0.0123953 0)
(0.00627437 0.0123866 0)
(0.00491591 0.0123759 0)
(0.00336604 0.0123637 0)
(0.00168432 0.0123505 0)
(-6.45958e-05 0.0123368 0)
(-0.00181351 0.012323 0)
(-0.00349523 0.0123098 0)
(-0.0050451 0.0122977 0)
(-0.00640357 0.012287 0)
(-0.00751844 0.0122782 0)
(-0.00834688 0.0122717 0)
(-0.00885702 0.0122677 0)
(-0.00902926 0.0122664 0)
(-0.00885702 0.0122677 0)
(-0.00834688 0.0122717 0)
(-0.00751844 0.0122782 0)
(-0.00640357 0.012287 0)
(-0.0050451 0.0122977 0)
(-0.00349523 0.0123098 0)
(-0.00181351 0.012323 0)
(-0.000516747 0.0493441 0)
(0.00298065 0.049399 0)
(0.00634368 0.0494519 0)
(0.00944304 0.0495005 0)
(0.0121596 0.0495432 0)
(0.0143891 0.0495782 0)
(0.0160458 0.0496043 0)
(0.0170659 0.0496203 0)
(0.0174104 0.0496257 0)
(0.0170659 0.0496203 0)
(0.0160458 0.0496043 0)
(0.0143891 0.0495782 0)
(0.0121596 0.0495432 0)
(0.00944304 0.0495005 0)
(0.00634368 0.0494519 0)
(0.00298065 0.049399 0)
(-0.000516747 0.0493441 0)
(-0.00401415 0.0492891 0)
(-0.00737717 0.0492363 0)
(-0.0104765 0.0491876 0)
(-0.0131931 0.0491449 0)
(-0.0154226 0.0491099 0)
(-0.0170793 0.0490839 0)
(-0.0180994 0.0490679 0)
(-0.0184439 0.0490625 0)
(-0.0180994 0.0490679 0)
(-0.0170793 0.0490839 0)
(-0.0154226 0.0491099 0)
(-0.0131931 0.0491449 0)
(-0.0104765 0.0491876 0)
(-0.00737717 0.0492363 0)
(-0.00401415 0.0492891 0)
(-0.00174391 0.111013 0)
(0.00350111 0.111136 0)
(0.00854461 0.111255 0)
(0.0131927 0.111365 0)
(0.0172667 0.111461 0)
(0.0206103 0.11154 0)
(0.0230948 0.111598 0)
(0.0246247 0.111634 0)
(0.0251412 0.111646 0)
(0.0246247 0.111634 0)
(0.0230948 0.111598 0)
(0.0206103 0.11154 0)
(0.0172667 0.111461 0)
(0.0131927 0.111365 0)
(0.00854461 0.111255 0)
(0.00350111 0.111136 0)
(-0.00174391 0.111013 0)
(-0.00698893 0.110889 0)
(-0.0120324 0.11077 0)
(-0.0166805 0.110661 0)
(-0.0207546 0.110565 0)
(-0.0240981 0.110486 0)
(-0.0265826 0.110427 0)
(-0.0281125 0.110391 0)
(-0.0286291 0.110379 0)
(-0.0281125 0.110391 0)
(-0.0265826 0.110427 0)
(-0.0240981 0.110486 0)
(-0.0207546 0.110565 0)
(-0.0166805 0.110661 0)
(-0.0120324 0.11077 0)
(-0.00698893 0.110889 0)
(-0.00413336 0.197328 0)
(0.00285798 0.197547 0)
(0.00958071 0.197759 0)
(0.0157764 0.197953 0)
(0.0212069 0.198124 0)
(0.0256636 0.198264 0)
(0.0289753 0.198368 0)
(0.0310146 0.198432 0)
(0.0317032 0.198454 0)
(0.0310146 0.198432 0)
(0.0289753 0.198368 0)
(0.0256636 0.198264 0)
(0.0212069 0.198124 0)
(0.0157764 0.197953 0)
(0.00958071 0.197759 0)
(0.00285798 0.197547 0)
(-0.00413336 0.197328 0)
(-0.0111247 0.197108 0)
(-0.0178474 0.196897 0)
(-0.0240431 0.196702 0)
(-0.0294736 0.196531 0)
(-0.0339304 0.196391 0)
(-0.0372421 0.196287 0)
(-0.0392814 0.196223 0)
(-0.0399699 0.196201 0)
(-0.0392814 0.196223 0)
(-0.0372421 0.196287 0)
(-0.0339304 0.196391 0)
(-0.0294736 0.196531 0)
(-0.0240431 0.196702 0)
(-0.0178474 0.196897 0)
(-0.0111247 0.197108 0)
(-0.00807208 0.308267 0)
(0.000663869 0.308611 0)
(0.00906417 0.308941 0)
(0.0168059 0.309245 0)
(0.0235915 0.309511 0)
(0.0291604 0.30973 0)
(0.0332985 0.309893 0)
(0.0358467 0.309993 0)
(0.036707 0.310027 0)
(0.0358467 0.309993 0)
(0.0332985 0.309893 0)
(0.0291604 0.30973 0)
(0.0235915 0.309511 0)
(0.0168059 0.309245 0)
(0.00906417 0.308941 0)
(0.000663869 0.308611 0)
(-0.00807208 0.308267 0)
(-0.016808 0.307924 0)
(-0.0252083 0.307594 0)
(-0.03295 0.30729 0)
(-0.0397357 0.307023 0)
(-0.0453045 0.306804 0)
(-0.0494426 0.306642 0)
(-0.0519908 0.306542 0)
(-0.0528512 0.306508 0)
(-0.0519908 0.306542 0)
(-0.0494426 0.306642 0)
(-0.0453045 0.306804 0)
(-0.0397357 0.307023 0)
(-0.03295 0.30729 0)
(-0.0252083 0.307594 0)
(-0.016808 0.307924 0)
(-0.0139467 0.443805 0)
(-0.00346827 0.444299 0)
(0.00660754 0.444774 0)
(0.0158934 0.445212 0)
(0.0240324 0.445596 0)
(0.0307121 0.445911 0)
(0.0356755 0.446145 0)
(0.038732 0.446289 0)
(0.039764 0.446338 0)
(0.038732 0.446289 0)
(0.0356755 0.446145 0)
(0.0307121 0.445911 0)
(0.0240324 0.445596 0)
(0.0158934 0.445212 0)
(0.00660754 0.444774 0)
(-0.00346827 0.444299 0)
(-0.0139467 0.443805 0)
(-0.0244251 0.44331 0)
(-0.0345009 0.442835 0)
(-0.0437867 0.442397 0)
(-0.0519258 0.442014 0)
(-0.0586054 0.441699 0)
(-0.0635688 0.441464 0)
(-0.0666253 0.44132 0)
(-0.0676573 0.441272 0)
(-0.0666253 0.44132 0)
(-0.0635688 0.441464 0)
(-0.0586054 0.441699 0)
(-0.0519258 0.442014 0)
(-0.0437867 0.442397 0)
(-0.0345009 0.442835 0)
(-0.0244251 0.44331 0)
(-0.0221432 0.603906 0)
(-0.00992497 0.604578 0)
(0.00182384 0.605225 0)
(0.0126515 0.605821 0)
(0.022142 0.606343 0)
(0.0299307 0.606772 0)
(0.0357184 0.60709 0)
(0.0392823 0.607286 0)
(0.0404857 0.607353 0)
(0.0392823 0.607286 0)
(0.0357184 0.60709 0)
(0.0299307 0.606772 0)
(0.022142 0.606343 0)
(0.0126515 0.605821 0)
(0.00182384 0.605225 0)
(-0.00992497 0.604578 0)
(-0.0221432 0.603906 0)
(-0.0343615 0.603233 0)
(-0.0461103 0.602587 0)
(-0.056938 0.601991 0)
(-0.0664285 0.601469 0)
(-0.0742172 0.60104 0)
(-0.0800048 0.600722 0)
(-0.0835688 0.600525 0)
(-0.0847721 0.600459 0)
(-0.0835688 0.600525 0)
(-0.0800048 0.600722 0)
(-0.0742172 0.60104 0)
(-0.0664285 0.601469 0)
(-0.056938 0.601991 0)
(-0.0461103 0.602587 0)
(-0.0343615 0.603233 0)
(-0.0330473 0.788532 0)
(-0.0190922 0.78941 0)
(-0.0056733 0.790254 0)
(0.00669358 0.791032 0)
(0.0175331 0.791714 0)
(0.026429 0.792274 0)
(0.0330394 0.79269 0)
(0.0371099 0.792946 0)
(0.0384844 0.793032 0)
(0.0371099 0.792946 0)
(0.0330394 0.79269 0)
(0.026429 0.792274 0)
(0.0175331 0.791714 0)
(0.00669358 0.791032 0)
(-0.0056733 0.790254 0)
(-0.0190922 0.78941 0)
(-0.0330473 0.788532 0)
(-0.0470024 0.787654 0)
(-0.0604214 0.786809 0)
(-0.0727882 0.786031 0)
(-0.0836278 0.785349 0)
(-0.0925237 0.78479 0)
(-0.099134 0.784374 0)
(-0.103205 0.784118 0)
(-0.104579 0.784031 0)
(-0.103205 0.784118 0)
(-0.099134 0.784374 0)
(-0.0925237 0.78479 0)
(-0.0836278 0.785349 0)
(-0.0727882 0.786031 0)
(-0.0604214 0.786809 0)
(-0.0470024 0.787654 0)
(-0.0470439 0.997637 0)
(-0.0313554 0.998747 0)
(-0.0162696 0.999815 0)
(-0.00236661 1.0008 0)
(0.00981937 1.00166 0)
(0.0198203 1.00237 0)
(0.0272517 1.0029 0)
(0.0318279 1.00322 0)
(0.033373 1.00333 0)
(0.0318279 1.00322 0)
(0.0272517 1.0029 0)
(0.0198203 1.00237 0)
(0.00981937 1.00166 0)
(-0.00236661 1.0008 0)
(-0.0162696 0.999815 0)
(-0.0313554 0.998747 0)
(-0.0470439 0.997637 0)
(-0.0627324 0.996526 0)
(-0.0778181 0.995458 0)
(-0.0917211 0.994473 0)
(-0.103907 0.99361 0)
(-0.113908 0.992902 0)
(-0.121339 0.992376 0)
(-0.125916 0.992052 0)
(-0.127461 0.991943 0)
(-0.125916 0.992052 0)
(-0.121339 0.992376 0)
(-0.113908 0.992902 0)
(-0.103907 0.99361 0)
(-0.0917211 0.994473 0)
(-0.0778181 0.995458 0)
(-0.0627324 0.996526 0)
(-0.0645169 1.23117 0)
(-0.0470989 1.23254 0)
(-0.0303501 1.23386 0)
(-0.0149144 1.23507 0)
(-0.00138497 1.23614 0)
(0.00971843 1.23701 0)
(0.0179691 1.23766 0)
(0.0230498 1.23806 0)
(0.0247652 1.2382 0)
(0.0230498 1.23806 0)
(0.0179691 1.23766 0)
(0.00971843 1.23701 0)
(-0.00138497 1.23614 0)
(-0.0149144 1.23507 0)
(-0.0303501 1.23386 0)
(-0.0470989 1.23254 0)
(-0.0645169 1.23117 0)
(-0.081935 1.2298 0)
(-0.0986838 1.22848 0)
(-0.114119 1.22727 0)
(-0.127649 1.2262 0)
(-0.138752 1.22533 0)
(-0.147003 1.22468 0)
(-0.152084 1.22428 0)
(-0.153799 1.22414 0)
(-0.152084 1.22428 0)
(-0.147003 1.22468 0)
(-0.138752 1.22533 0)
(-0.127649 1.2262 0)
(-0.114119 1.22727 0)
(-0.0986838 1.22848 0)
(-0.081935 1.2298 0)
(-0.0858498 1.48907 0)
(-0.0667065 1.49073 0)
(-0.0482987 1.49232 0)
(-0.0313341 1.49379 0)
(-0.0164647 1.49508 0)
(-0.0042615 1.49614 0)
(0.00480638 1.49692 0)
(0.0103903 1.49741 0)
(0.0122757 1.49757 0)
(0.0103903 1.49741 0)
(0.00480638 1.49692 0)
(-0.0042615 1.49614 0)
(-0.0164647 1.49508 0)
(-0.0313341 1.49379 0)
(-0.0482987 1.49232 0)
(-0.0667065 1.49073 0)
(-0.0858498 1.48907 0)
(-0.104993 1.48741 0)
(-0.123401 1.48582 0)
(-0.140365 1.48435 0)
(-0.155235 1.48306 0)
(-0.167438 1.482 0)
(-0.176506 1.48122 0)
(-0.18209 1.48074 0)
(-0.183975 1.48057 0)
(-0.18209 1.48074 0)
(-0.176506 1.48122 0)
(-0.167438 1.482 0)
(-0.155235 1.48306 0)
(-0.140365 1.48435 0)
(-0.123401 1.48582 0)
(-0.104993 1.48741 0)
(-0.111425 1.77128 0)
(-0.0905609 1.77325 0)
(-0.0704988 1.77515 0)
(-0.0520095 1.7769 0)
(-0.0358036 1.77843 0)
(-0.0225037 1.77968 0)
(-0.0126208 1.78062 0)
(-0.00653503 1.78119 0)
(-0.00448021 1.78139 0)
(-0.00653503 1.78119 0)
(-0.0126208 1.78062 0)
(-0.0225037 1.77968 0)
(-0.0358036 1.77843 0)
(-0.0520095 1.7769 0)
(-0.0704988 1.77515 0)
(-0.0905609 1.77325 0)
(-0.111425 1.77128 0)
(-0.132289 1.76931 0)
(-0.152351 1.76741 0)
(-0.17084 1.76566 0)
(-0.187046 1.76413 0)
(-0.200346 1.76287 0)
(-0.210229 1.76194 0)
(-0.216314 1.76136 0)
(-0.218369 1.76117 0)
(-0.216314 1.76136 0)
(-0.210229 1.76194 0)
(-0.200346 1.76287 0)
(-0.187046 1.76413 0)
(-0.17084 1.76566 0)
(-0.152351 1.76741 0)
(-0.132289 1.76931 0)
(-0.141623 2.07772 0)
(-0.119044 2.08004 0)
(-0.0973323 2.08226 0)
(-0.0773228 2.08431 0)
(-0.0597846 2.08611 0)
(-0.0453911 2.08758 0)
(-0.0346957 2.08868 0)
(-0.0281096 2.08935 0)
(-0.0258858 2.08958 0)
(-0.0281096 2.08935 0)
(-0.0346957 2.08868 0)
(-0.0453911 2.08758 0)
(-0.0597846 2.08611 0)
(-0.0773228 2.08431 0)
(-0.0973323 2.08226 0)
(-0.119044 2.08004 0)
(-0.141623 2.07772 0)
(-0.164202 2.07541 0)
(-0.185914 2.07319 0)
(-0.205923 2.07114 0)
(-0.223462 2.06934 0)
(-0.237855 2.06786 0)
(-0.24855 2.06677 0)
(-0.255136 2.06609 0)
(-0.25736 2.06587 0)
(-0.255136 2.06609 0)
(-0.24855 2.06677 0)
(-0.237855 2.06786 0)
(-0.223462 2.06934 0)
(-0.205923 2.07114 0)
(-0.185914 2.07319 0)
(-0.164202 2.07541 0)
(-0.176825 2.40833 0)
(-0.152536 2.41101 0)
(-0.12918 2.41359 0)
(-0.107656 2.41597 0)
(-0.0887892 2.41805 0)
(-0.0733058 2.41976 0)
(-0.0618005 2.42103 0)
(-0.0547157 2.42181 0)
(-0.0523235 2.42207 0)
(-0.0547157 2.42181 0)
(-0.0618005 2.42103 0)
(-0.0733058 2.41976 0)
(-0.0887892 2.41805 0)
(-0.107656 2.41597 0)
(-0.12918 2.41359 0)
(-0.152536 2.41101 0)
(-0.176825 2.40833 0)
(-0.201114 2.40565 0)
(-0.22447 2.40307 0)
(-0.245994 2.40069 0)
(-0.26486 2.39861 0)
(-0.280344 2.3969 0)
(-0.291849 2.39563 0)
(-0.298934 2.39485 0)
(-0.301326 2.39458 0)
(-0.298934 2.39485 0)
(-0.291849 2.39563 0)
(-0.280344 2.3969 0)
(-0.26486 2.39861 0)
(-0.245994 2.40069 0)
(-0.22447 2.40307 0)
(-0.201114 2.40565 0)
(-0.217409 2.76301 0)
(-0.191416 2.76609 0)
(-0.166422 2.76905 0)
(-0.143388 2.77178 0)
(-0.123198 2.77417 0)
(-0.106628 2.77613 0)
(-0.0943161 2.77758 0)
(-0.0867342 2.77848 0)
(-0.0841743 2.77878 0)
(-0.0867342 2.77848 0)
(-0.0943161 2.77758 0)
(-0.106628 2.77613 0)
(-0.123198 2.77417 0)
(-0.143388 2.77178 0)
(-0.166422 2.76905 0)
(-0.191416 2.76609 0)
(-0.217409 2.76301 0)
(-0.243402 2.75994 0)
(-0.268396 2.75698 0)
(-0.29143 2.75425 0)
(-0.31162 2.75186 0)
(-0.32819 2.7499 0)
(-0.340502 2.74845 0)
(-0.348084 2.74755 0)
(-0.350644 2.74725 0)
(-0.348084 2.74755 0)
(-0.340502 2.74845 0)
(-0.32819 2.7499 0)
(-0.31162 2.75186 0)
(-0.29143 2.75425 0)
(-0.268396 2.75698 0)
(-0.243402 2.75994 0)
(-0.263753 3.14169 0)
(-0.236063 3.14519 0)
(-0.209437 3.14855 0)
(-0.184898 3.15165 0)
(-0.16339 3.15437 0)
(-0.145738 3.1566 0)
(-0.132622 3.15826 0)
(-0.124545 3.15928 0)
(-0.121818 3.15962 0)
(-0.124545 3.15928 0)
(-0.132622 3.15826 0)
(-0.145738 3.1566 0)
(-0.16339 3.15437 0)
(-0.184898 3.15165 0)
(-0.209437 3.14855 0)
(-0.236063 3.14519 0)
(-0.263753 3.14169 0)
(-0.291443 3.13819 0)
(-0.318069 3.13483 0)
(-0.342608 3.13173 0)
(-0.364116 3.12901 0)
(-0.381768 3.12678 0)
(-0.394884 3.12513 0)
(-0.402961 3.12411 0)
(-0.405688 3.12376 0)
(-0.402961 3.12411 0)
(-0.394884 3.12513 0)
(-0.381768 3.12678 0)
(-0.364116 3.12901 0)
(-0.342608 3.13173 0)
(-0.318069 3.13483 0)
(-0.291443 3.13819 0)
(-0.316233 3.54427 0)
(-0.286853 3.54821 0)
(-0.258601 3.55201 0)
(-0.232564 3.5555 0)
(-0.209743 3.55857 0)
(-0.191013 3.56109 0)
(-0.177096 3.56295 0)
(-0.168526 3.56411 0)
(-0.165633 3.56449 0)
(-0.168526 3.56411 0)
(-0.177096 3.56295 0)
(-0.191013 3.56109 0)
(-0.209743 3.55857 0)
(-0.232564 3.5555 0)
(-0.258601 3.55201 0)
(-0.286853 3.54821 0)
(-0.316233 3.54427 0)
(-0.345614 3.54032 0)
(-0.373866 3.53653 0)
(-0.399903 3.53303 0)
(-0.422724 3.52996 0)
(-0.441453 3.52745 0)
(-0.45537 3.52558 0)
(-0.46394 3.52443 0)
(-0.466834 3.52404 0)
(-0.46394 3.52443 0)
(-0.45537 3.52558 0)
(-0.441453 3.52745 0)
(-0.422724 3.52996 0)
(-0.399903 3.53303 0)
(-0.373866 3.53653 0)
(-0.345614 3.54032 0)
(-0.375224 3.97064 0)
(-0.34416 3.97506 0)
(-0.31429 3.97931 0)
(-0.286761 3.98323 0)
(-0.262632 3.98666 0)
(-0.24283 3.98948 0)
(-0.228115 3.99158 0)
(-0.219054 3.99287 0)
(-0.215995 3.9933 0)
(-0.219054 3.99287 0)
(-0.228115 3.99158 0)
(-0.24283 3.98948 0)
(-0.262632 3.98666 0)
(-0.286761 3.98323 0)
(-0.31429 3.97931 0)
(-0.34416 3.97506 0)
(-0.375224 3.97064 0)
(-0.406288 3.96622 0)
(-0.436159 3.96197 0)
(-0.463687 3.95805 0)
(-0.487816 3.95462 0)
(-0.507618 3.9518 0)
(-0.522333 3.9497 0)
(-0.531394 3.94841 0)
(-0.534453 3.94798 0)
(-0.531394 3.94841 0)
(-0.522333 3.9497 0)
(-0.507618 3.9518 0)
(-0.487816 3.95462 0)
(-0.463687 3.95805 0)
(-0.436159 3.96197 0)
(-0.406288 3.96622 0)
(-0.441099 4.42071 0)
(-0.408359 4.42563 0)
(-0.376877 4.43036 0)
(-0.347864 4.43473 0)
(-0.322433 4.43855 0)
(-0.301563 4.44169 0)
(-0.286055 4.44402 0)
(-0.276505 4.44545 0)
(-0.27328 4.44594 0)
(-0.276505 4.44545 0)
(-0.286055 4.44402 0)
(-0.301563 4.44169 0)
(-0.322433 4.43855 0)
(-0.347864 4.43473 0)
(-0.376877 4.43036 0)
(-0.408359 4.42563 0)
(-0.441099 4.42071 0)
(-0.473838 4.41579 0)
(-0.50532 4.41105 0)
(-0.534334 4.40669 0)
(-0.559764 4.40287 0)
(-0.580634 4.39973 0)
(-0.596143 4.3974 0)
(-0.605692 4.39596 0)
(-0.608917 4.39548 0)
(-0.605692 4.39596 0)
(-0.596143 4.3974 0)
(-0.580634 4.39973 0)
(-0.559764 4.40287 0)
(-0.534334 4.40669 0)
(-0.50532 4.41105 0)
(-0.473838 4.41579 0)
(-0.514228 4.89436 0)
(-0.479821 4.89981 0)
(-0.446736 4.90505 0)
(-0.416245 4.90988 0)
(-0.389519 4.91411 0)
(-0.367586 4.91759 0)
(-0.351287 4.92017 0)
(-0.341251 4.92176 0)
(-0.337862 4.92229 0)
(-0.341251 4.92176 0)
(-0.351287 4.92017 0)
(-0.367586 4.91759 0)
(-0.389519 4.91411 0)
(-0.416245 4.90988 0)
(-0.446736 4.90505 0)
(-0.479821 4.89981 0)
(-0.514228 4.89436 0)
(-0.548635 4.88891 0)
(-0.581721 4.88367 0)
(-0.612212 4.87884 0)
(-0.638938 4.87461 0)
(-0.660871 4.87113 0)
(-0.677169 4.86855 0)
(-0.687206 4.86696 0)
(-0.690594 4.86643 0)
(-0.687206 4.86696 0)
(-0.677169 4.86855 0)
(-0.660871 4.87113 0)
(-0.638938 4.87461 0)
(-0.612212 4.87884 0)
(-0.581721 4.88367 0)
(-0.548635 4.88891 0)
(-0.594982 5.39148 0)
(-0.558916 5.39748 0)
(-0.524236 5.40325 0)
(-0.492274 5.40857 0)
(-0.46426 5.41323 0)
(-0.441269 5.41706 0)
(-0.424185 5.41991 0)
(-0.413664 5.42166 0)
(-0.410112 5.42225 0)
(-0.413664 5.42166 0)
(-0.424185 5.41991 0)
(-0.441269 5.41706 0)
(-0.46426 5.41323 0)
(-0.492274 5.40857 0)
(-0.524236 5.40325 0)
(-0.558916 5.39748 0)
(-0.594982 5.39148 0)
(-0.631049 5.38547 0)
(-0.665729 5.3797 0)
(-0.697691 5.37438 0)
(-0.725705 5.36972 0)
(-0.748696 5.36589 0)
(-0.76578 5.36305 0)
(-0.7763 5.3613 0)
(-0.779852 5.36071 0)
(-0.7763 5.3613 0)
(-0.76578 5.36305 0)
(-0.748696 5.36589 0)
(-0.725705 5.36972 0)
(-0.697691 5.37438 0)
(-0.665729 5.3797 0)
(-0.631049 5.38547 0)
(-0.683729 5.91194 0)
(-0.646012 5.91852 0)
(-0.609745 5.92485 0)
(-0.576321 5.93068 0)
(-0.547025 5.9358 0)
(-0.522982 5.93999 0)
(-0.505116 5.94311 0)
(-0.494115 5.94503 0)
(-0.4904 5.94568 0)
(-0.494115 5.94503 0)
(-0.505116 5.94311 0)
(-0.522982 5.93999 0)
(-0.547025 5.9358 0)
(-0.576321 5.93068 0)
(-0.609745 5.92485 0)
(-0.646012 5.91852 0)
(-0.683729 5.91194 0)
(-0.721445 5.90535 0)
(-0.757713 5.89902 0)
(-0.791136 5.89319 0)
(-0.820433 5.88808 0)
(-0.844475 5.88388 0)
(-0.862341 5.88076 0)
(-0.873343 5.87884 0)
(-0.877057 5.8782 0)
(-0.873343 5.87884 0)
(-0.862341 5.88076 0)
(-0.844475 5.88388 0)
(-0.820433 5.88808 0)
(-0.791136 5.89319 0)
(-0.757713 5.89902 0)
(-0.721445 5.90535 0)
(-0.780833 6.45561 0)
(-0.741476 6.4628 0)
(-0.703631 6.46971 0)
(-0.668752 6.47608 0)
(-0.638182 6.48166 0)
(-0.613093 6.48625 0)
(-0.59445 6.48965 0)
(-0.58297 6.49175 0)
(-0.579094 6.49246 0)
(-0.58297 6.49175 0)
(-0.59445 6.48965 0)
(-0.613093 6.48625 0)
(-0.638182 6.48166 0)
(-0.668752 6.47608 0)
(-0.703631 6.46971 0)
(-0.741476 6.4628 0)
(-0.780833 6.45561 0)
(-0.82019 6.44842 0)
(-0.858035 6.44151 0)
(-0.892913 6.43514 0)
(-0.923484 6.42956 0)
(-0.948573 6.42498 0)
(-0.967216 6.42157 0)
(-0.978696 6.41948 0)
(-0.982572 6.41877 0)
(-0.978696 6.41948 0)
(-0.967216 6.42157 0)
(-0.948573 6.42498 0)
(-0.923484 6.42956 0)
(-0.892913 6.43514 0)
(-0.858035 6.44151 0)
(-0.82019 6.44842 0)
(-0.886659 7.02237 0)
(-0.84567 7.03019 0)
(-0.806257 7.03771 0)
(-0.769933 7.04463 0)
(-0.738095 7.05071 0)
(-0.711967 7.05569 0)
(-0.692551 7.0594 0)
(-0.680595 7.06168 0)
(-0.676558 7.06245 0)
(-0.680595 7.06168 0)
(-0.692551 7.0594 0)
(-0.711967 7.05569 0)
(-0.738095 7.05071 0)
(-0.769933 7.04463 0)
(-0.806257 7.03771 0)
(-0.84567 7.03019 0)
(-0.886659 7.02237 0)
(-0.927647 7.01455 0)
(-0.967061 7.00703 0)
(-1.00338 7.0001 0)
(-1.03522 6.99403 0)
(-1.06135 6.98904 0)
(-1.08077 6.98534 0)
(-1.09272 6.98306 0)
(-1.09676 6.98229 0)
(-1.09272 6.98306 0)
(-1.08077 6.98534 0)
(-1.06135 6.98904 0)
(-1.03522 6.99403 0)
(-1.00338 7.0001 0)
(-0.967061 7.00703 0)
(-0.927647 7.01455 0)
(-1.00157 7.61206 0)
(-0.958958 7.62054 0)
(-0.917985 7.62869 0)
(-0.880225 7.6362 0)
(-0.847128 7.64278 0)
(-0.819966 7.64819 0)
(-0.799783 7.6522 0)
(-0.787354 7.65467 0)
(-0.783158 7.65551 0)
(-0.787354 7.65467 0)
(-0.799783 7.6522 0)
(-0.819966 7.64819 0)
(-0.847128 7.64278 0)
(-0.880225 7.6362 0)
(-0.917985 7.62869 0)
(-0.958958 7.62054 0)
(-1.00157 7.61206 0)
(-1.04418 7.60359 0)
(-1.08515 7.59544 0)
(-1.12291 7.58793 0)
(-1.15601 7.58134 0)
(-1.18317 7.57594 0)
(-1.20335 7.57193 0)
(-1.21578 7.56945 0)
(-1.21998 7.56862 0)
(-1.21578 7.56945 0)
(-1.20335 7.57193 0)
(-1.18317 7.57594 0)
(-1.15601 7.58134 0)
(-1.12291 7.58793 0)
(-1.08515 7.59544 0)
(-1.04418 7.60359 0)
(-1.12592 8.22456 0)
(-1.0817 8.23371 0)
(-1.03918 8.24252 0)
(-0.99999 8.25064 0)
(-0.965642 8.25775 0)
(-0.937453 8.26359 0)
(-0.916507 8.26792 0)
(-0.903608 8.27059 0)
(-0.899253 8.2715 0)
(-0.903608 8.27059 0)
(-0.916507 8.26792 0)
(-0.937453 8.26359 0)
(-0.965642 8.25775 0)
(-0.99999 8.25064 0)
(-1.03918 8.24252 0)
(-1.0817 8.23371 0)
(-1.12592 8.22456 0)
(-1.17014 8.2154 0)
(-1.21266 8.20659 0)
(-1.25185 8.19848 0)
(-1.28619 8.19137 0)
(-1.31438 8.18553 0)
(-1.33533 8.18119 0)
(-1.34823 8.17852 0)
(-1.35258 8.17762 0)
(-1.34823 8.17852 0)
(-1.33533 8.18119 0)
(-1.31438 8.18553 0)
(-1.28619 8.19137 0)
(-1.25185 8.19848 0)
(-1.21266 8.20659 0)
(-1.17014 8.2154 0)
(-1.26007 8.85969 0)
(-1.21425 8.86956 0)
(-1.17019 8.87904 0)
(-1.12958 8.88779 0)
(-1.09399 8.89545 0)
(-1.06479 8.90174 0)
(-1.04308 8.90641 0)
(-1.02972 8.90929 0)
(-1.0252 8.91026 0)
(-1.02972 8.90929 0)
(-1.04308 8.90641 0)
(-1.06479 8.90174 0)
(-1.09399 8.89545 0)
(-1.12958 8.88779 0)
(-1.17019 8.87904 0)
(-1.21425 8.86956 0)
(-1.26007 8.85969 0)
(-1.30589 8.84983 0)
(-1.34995 8.84034 0)
(-1.39055 8.8316 0)
(-1.42614 8.82394 0)
(-1.45535 8.81765 0)
(-1.47705 8.81298 0)
(-1.49042 8.8101 0)
(-1.49493 8.80913 0)
(-1.49042 8.8101 0)
(-1.47705 8.81298 0)
(-1.45535 8.81765 0)
(-1.42614 8.82394 0)
(-1.39055 8.8316 0)
(-1.34995 8.84034 0)
(-1.30589 8.84983 0)
(-1.40437 9.51732 0)
(-1.35696 9.52791 0)
(-1.31138 9.5381 0)
(-1.26936 9.54749 0)
(-1.23254 9.55573 0)
(-1.20232 9.56248 0)
(-1.17986 9.5675 0)
(-1.16603 9.57059 0)
(-1.16137 9.57164 0)
(-1.16603 9.57059 0)
(-1.17986 9.5675 0)
(-1.20232 9.56248 0)
(-1.23254 9.55573 0)
(-1.26936 9.54749 0)
(-1.31138 9.5381 0)
(-1.35696 9.52791 0)
(-1.40437 9.51732 0)
(-1.45178 9.50672 0)
(-1.49737 9.49653 0)
(-1.53938 9.48714 0)
(-1.5762 9.47891 0)
(-1.60642 9.47215 0)
(-1.62888 9.46713 0)
(-1.64271 9.46404 0)
(-1.64738 9.463 0)
(-1.64271 9.46404 0)
(-1.62888 9.46713 0)
(-1.60642 9.47215 0)
(-1.5762 9.47891 0)
(-1.53938 9.48714 0)
(-1.49737 9.49653 0)
(-1.45178 9.50672 0)
(-1.55918 10.1973 0)
(-1.5102 10.2086 0)
(-1.46309 10.2195 0)
(-1.41968 10.2296 0)
(-1.38163 10.2384 0)
(-1.35041 10.2457 0)
(-1.32721 10.251 0)
(-1.31292 10.2543 0)
(-1.30809 10.2555 0)
(-1.31292 10.2543 0)
(-1.32721 10.251 0)
(-1.35041 10.2457 0)
(-1.38163 10.2384 0)
(-1.41968 10.2296 0)
(-1.46309 10.2195 0)
(-1.5102 10.2086 0)
(-1.55918 10.1973 0)
(-1.60816 10.1859 0)
(-1.65527 10.175 0)
(-1.69868 10.1649 0)
(-1.73673 10.1561 0)
(-1.76795 10.1489 0)
(-1.79115 10.1435 0)
(-1.80544 10.1402 0)
(-1.81027 10.1391 0)
(-1.80544 10.1402 0)
(-1.79115 10.1435 0)
(-1.76795 10.1489 0)
(-1.73673 10.1561 0)
(-1.69868 10.1649 0)
(-1.65527 10.175 0)
(-1.60816 10.1859 0)
(-1.72484 10.8994 0)
(-1.67429 10.9115 0)
(-1.62569 10.9232 0)
(-1.58089 10.9339 0)
(-1.54163 10.9434 0)
(-1.5094 10.9511 0)
(-1.48546 10.9568 0)
(-1.47072 10.9604 0)
(-1.46574 10.9616 0)
(-1.47072 10.9604 0)
(-1.48546 10.9568 0)
(-1.5094 10.9511 0)
(-1.54163 10.9434 0)
(-1.58089 10.9339 0)
(-1.62569 10.9232 0)
(-1.67429 10.9115 0)
(-1.72484 10.8994 0)
(-1.77539 10.8872 0)
(-1.824 10.8756 0)
(-1.8688 10.8648 0)
(-1.90806 10.8554 0)
(-1.94028 10.8477 0)
(-1.96423 10.8419 0)
(-1.97897 10.8384 0)
(-1.98395 10.8372 0)
(-1.97897 10.8384 0)
(-1.96423 10.8419 0)
(-1.94028 10.8477 0)
(-1.90806 10.8554 0)
(-1.8688 10.8648 0)
(-1.824 10.8756 0)
(-1.77539 10.8872 0)
(-1.90171 11.6235 0)
(-1.84961 11.6364 0)
(-1.79951 11.6489 0)
(-1.75334 11.6603 0)
(-1.71287 11.6704 0)
(-1.67965 11.6786 0)
(-1.65498 11.6848 0)
(-1.63978 11.6885 0)
(-1.63465 11.6898 0)
(-1.63978 11.6885 0)
(-1.65498 11.6848 0)
(-1.67965 11.6786 0)
(-1.71287 11.6704 0)
(-1.75334 11.6603 0)
(-1.79951 11.6489 0)
(-1.84961 11.6364 0)
(-1.90171 11.6235 0)
(-1.95381 11.6105 0)
(-2.00391 11.5981 0)
(-2.05008 11.5866 0)
(-2.09055 11.5766 0)
(-2.12376 11.5683 0)
(-2.14844 11.5622 0)
(-2.16364 11.5584 0)
(-2.16877 11.5571 0)
(-2.16364 11.5584 0)
(-2.14844 11.5622 0)
(-2.12376 11.5683 0)
(-2.09055 11.5766 0)
(-2.05008 11.5866 0)
(-2.00391 11.5981 0)
(-1.95381 11.6105 0)
(-2.09012 12.3694 0)
(-2.03648 12.3831 0)
(-1.9849 12.3964 0)
(-1.93736 12.4086 0)
(-1.8957 12.4193 0)
(-1.86151 12.4281 0)
(-1.8361 12.4346 0)
(-1.82045 12.4386 0)
(-1.81517 12.44 0)
(-1.82045 12.4386 0)
(-1.8361 12.4346 0)
(-1.86151 12.4281 0)
(-1.8957 12.4193 0)
(-1.93736 12.4086 0)
(-1.9849 12.3964 0)
(-2.03648 12.3831 0)
(-2.09012 12.3694 0)
(-2.14376 12.3556 0)
(-2.19534 12.3423 0)
(-2.24288 12.3301 0)
(-2.28454 12.3194 0)
(-2.31873 12.3107 0)
(-2.34414 12.3041 0)
(-2.35979 12.3001 0)
(-2.36507 12.2988 0)
(-2.35979 12.3001 0)
(-2.34414 12.3041 0)
(-2.31873 12.3107 0)
(-2.28454 12.3194 0)
(-2.24288 12.3301 0)
(-2.19534 12.3423 0)
(-2.14376 12.3556 0)
(-2.29042 13.1369 0)
(-2.23525 13.1515 0)
(-2.1822 13.1656 0)
(-2.13332 13.1785 0)
(-2.09047 13.1899 0)
(-2.0553 13.1992 0)
(-2.02917 13.2061 0)
(-2.01308 13.2104 0)
(-2.00764 13.2119 0)
(-2.01308 13.2104 0)
(-2.02917 13.2061 0)
(-2.0553 13.1992 0)
(-2.09047 13.1899 0)
(-2.13332 13.1785 0)
(-2.1822 13.1656 0)
(-2.23525 13.1515 0)
(-2.29042 13.1369 0)
(-2.34558 13.1223 0)
(-2.39863 13.1082 0)
(-2.44752 13.0952 0)
(-2.49037 13.0839 0)
(-2.52554 13.0745 0)
(-2.55167 13.0676 0)
(-2.56776 13.0633 0)
(-2.57319 13.0619 0)
(-2.56776 13.0633 0)
(-2.55167 13.0676 0)
(-2.52554 13.0745 0)
(-2.49037 13.0839 0)
(-2.44752 13.0952 0)
(-2.39863 13.1082 0)
(-2.34558 13.1223 0)
(-2.50294 13.9258 0)
(-2.44626 13.9413 0)
(-2.39176 13.9562 0)
(-2.34153 13.97 0)
(-2.29751 13.982 0)
(-2.26138 13.9919 0)
(-2.23453 13.9993 0)
(-2.218 14.0038 0)
(-2.21241 14.0053 0)
(-2.218 14.0038 0)
(-2.23453 13.9993 0)
(-2.26138 13.9919 0)
(-2.29751 13.982 0)
(-2.34153 13.97 0)
(-2.39176 13.9562 0)
(-2.44626 13.9413 0)
(-2.50294 13.9258 0)
(-2.55962 13.9103 0)
(-2.61412 13.8954 0)
(-2.66435 13.8817 0)
(-2.70837 13.8696 0)
(-2.7445 13.8597 0)
(-2.77135 13.8524 0)
(-2.78788 13.8479 0)
(-2.79347 13.8464 0)
(-2.78788 13.8479 0)
(-2.77135 13.8524 0)
(-2.7445 13.8597 0)
(-2.70837 13.8696 0)
(-2.66435 13.8817 0)
(-2.61412 13.8954 0)
(-2.55962 13.9103 0)
(-2.72802 14.736 0)
(-2.66984 14.7524 0)
(-2.6139 14.7682 0)
(-2.56235 14.7827 0)
(-2.51716 14.7955 0)
(-2.48007 14.8059 0)
(-2.45251 14.8137 0)
(-2.43554 14.8185 0)
(-2.42981 14.8201 0)
(-2.43554 14.8185 0)
(-2.45251 14.8137 0)
(-2.48007 14.8059 0)
(-2.51716 14.7955 0)
(-2.56235 14.7827 0)
(-2.6139 14.7682 0)
(-2.66984 14.7524 0)
(-2.72802 14.736 0)
(-2.7862 14.7196 0)
(-2.84214 14.7038 0)
(-2.8937 14.6893 0)
(-2.93889 14.6765 0)
(-2.97597 14.6661 0)
(-3.00353 14.6583 0)
(-3.0205 14.6535 0)
(-3.02623 14.6519 0)
(-3.0205 14.6535 0)
(-3.00353 14.6583 0)
(-2.97597 14.6661 0)
(-2.93889 14.6765 0)
(-2.8937 14.6893 0)
(-2.84214 14.7038 0)
(-2.7862 14.7196 0)
(-2.966 15.5672 0)
(-2.90633 15.5846 0)
(-2.84897 15.6012 0)
(-2.79609 15.6166 0)
(-2.74975 15.6301 0)
(-2.71172 15.6411 0)
(-2.68346 15.6493 0)
(-2.66606 15.6544 0)
(-2.66018 15.6561 0)
(-2.66606 15.6544 0)
(-2.68346 15.6493 0)
(-2.71172 15.6411 0)
(-2.74975 15.6301 0)
(-2.79609 15.6166 0)
(-2.84897 15.6012 0)
(-2.90633 15.5846 0)
(-2.966 15.5672 0)
(-3.02566 15.5499 0)
(-3.08303 15.5332 0)
(-3.1359 15.5179 0)
(-3.18224 15.5044 0)
(-3.22027 15.4934 0)
(-3.24853 15.4852 0)
(-3.26593 15.4801 0)
(-3.27181 15.4784 0)
(-3.26593 15.4801 0)
(-3.24853 15.4852 0)
(-3.22027 15.4934 0)
(-3.18224 15.5044 0)
(-3.1359 15.5179 0)
(-3.08303 15.5332 0)
(-3.02566 15.5499 0)
(-3.21719 16.4193 0)
(-3.15606 16.4376 0)
(-3.09728 16.4552 0)
(-3.0431 16.4714 0)
(-2.99562 16.4856 0)
(-2.95665 16.4972 0)
(-2.9277 16.5059 0)
(-2.90987 16.5112 0)
(-2.90384 16.513 0)
(-2.90987 16.5112 0)
(-2.9277 16.5059 0)
(-2.95665 16.4972 0)
(-2.99562 16.4856 0)
(-3.0431 16.4714 0)
(-3.09728 16.4552 0)
(-3.15606 16.4376 0)
(-3.21719 16.4193 0)
(-3.27832 16.401 0)
(-3.3371 16.3834 0)
(-3.39128 16.3672 0)
(-3.43876 16.353 0)
(-3.47773 16.3414 0)
(-3.50668 16.3327 0)
(-3.52451 16.3274 0)
(-3.53053 16.3256 0)
(-3.52451 16.3274 0)
(-3.50668 16.3327 0)
(-3.47773 16.3414 0)
(-3.43876 16.353 0)
(-3.39128 16.3672 0)
(-3.3371 16.3834 0)
(-3.27832 16.401 0)
(-3.48193 17.292 0)
(-3.41935 17.3112 0)
(-3.35917 17.3298 0)
(-3.3037 17.3468 0)
(-3.25509 17.3618 0)
(-3.2152 17.374 0)
(-3.18555 17.3832 0)
(-3.1673 17.3888 0)
(-3.16113 17.3907 0)
(-3.1673 17.3888 0)
(-3.18555 17.3832 0)
(-3.2152 17.374 0)
(-3.25509 17.3618 0)
(-3.3037 17.3468 0)
(-3.35917 17.3298 0)
(-3.41935 17.3112 0)
(-3.48193 17.292 0)
(-3.54452 17.2727 0)
(-3.6047 17.2542 0)
(-3.66016 17.2372 0)
(-3.70877 17.2222 0)
(-3.74867 17.2099 0)
(-3.77831 17.2008 0)
(-3.79657 17.1952 0)
(-3.80273 17.1933 0)
(-3.79657 17.1952 0)
(-3.77831 17.2008 0)
(-3.74867 17.2099 0)
(-3.70877 17.2222 0)
(-3.66016 17.2372 0)
(-3.6047 17.2542 0)
(-3.54452 17.2727 0)
(-3.76054 18.1851 0)
(-3.69652 18.2053 0)
(-3.63495 18.2248 0)
(-3.57822 18.2427 0)
(-3.52849 18.2585 0)
(-3.48767 18.2714 0)
(-3.45735 18.281 0)
(-3.43867 18.2869 0)
(-3.43237 18.2889 0)
(-3.43867 18.2869 0)
(-3.45735 18.281 0)
(-3.48767 18.2714 0)
(-3.52849 18.2585 0)
(-3.57822 18.2427 0)
(-3.63495 18.2248 0)
(-3.69652 18.2053 0)
(-3.76054 18.1851 0)
(-3.82456 18.1648 0)
(-3.88613 18.1454 0)
(-3.94286 18.1274 0)
(-3.99259 18.1117 0)
(-4.03341 18.0988 0)
(-4.06373 18.0892 0)
(-4.08241 18.0833 0)
(-4.08871 18.0813 0)
(-4.08241 18.0833 0)
(-4.06373 18.0892 0)
(-4.03341 18.0988 0)
(-3.99259 18.1117 0)
(-3.94286 18.1274 0)
(-3.88613 18.1454 0)
(-3.82456 18.1648 0)
(-4.05334 19.0983 0)
(-3.98789 19.1196 0)
(-3.92496 19.1401 0)
(-3.86696 19.1589 0)
(-3.81613 19.1754 0)
(-3.77441 19.189 0)
(-3.74341 19.199 0)
(-3.72432 19.2053 0)
(-3.71787 19.2073 0)
(-3.72432 19.2053 0)
(-3.74341 19.199 0)
(-3.77441 19.189 0)
(-3.81613 19.1754 0)
(-3.86696 19.1589 0)
(-3.92496 19.1401 0)
(-3.98789 19.1196 0)
(-4.05334 19.0983 0)
(-4.11878 19.0771 0)
(-4.18172 19.0566 0)
(-4.23971 19.0378 0)
(-4.29055 19.0213 0)
(-4.33227 19.0077 0)
(-4.36327 18.9976 0)
(-4.38236 18.9914 0)
(-4.38881 18.9893 0)
(-4.38236 18.9914 0)
(-4.36327 18.9976 0)
(-4.33227 19.0077 0)
(-4.29055 19.0213 0)
(-4.23971 19.0378 0)
(-4.18172 19.0566 0)
(-4.11878 19.0771 0)
(-4.36064 20.0316 0)
(-4.29378 20.0539 0)
(-4.2295 20.0753 0)
(-4.17025 20.0951 0)
(-4.11833 20.1124 0)
(-4.07571 20.1266 0)
(-4.04404 20.1372 0)
(-4.02454 20.1437 0)
(-4.01796 20.1459 0)
(-4.02454 20.1437 0)
(-4.04404 20.1372 0)
(-4.07571 20.1266 0)
(-4.11833 20.1124 0)
(-4.17025 20.0951 0)
(-4.2295 20.0753 0)
(-4.29378 20.0539 0)
(-4.36064 20.0316 0)
(-4.42749 20.0093 0)
(-4.49177 19.9878 0)
(-4.55102 19.9681 0)
(-4.60295 19.9507 0)
(-4.64556 19.9365 0)
(-4.67723 19.926 0)
(-4.69673 19.9195 0)
(-4.70332 19.9173 0)
(-4.69673 19.9195 0)
(-4.67723 19.926 0)
(-4.64556 19.9365 0)
(-4.60295 19.9507 0)
(-4.55102 19.9681 0)
(-4.49177 19.9878 0)
(-4.42749 20.0093 0)
(-4.68275 20.9845 0)
(-4.61451 21.0079 0)
(-4.54889 21.0304 0)
(-4.48841 21.0511 0)
(-4.4354 21.0692 0)
(-4.3919 21.0841 0)
(-4.35957 21.0952 0)
(-4.33967 21.102 0)
(-4.33295 21.1043 0)
(-4.33967 21.102 0)
(-4.35957 21.0952 0)
(-4.3919 21.0841 0)
(-4.4354 21.0692 0)
(-4.48841 21.0511 0)
(-4.54889 21.0304 0)
(-4.61451 21.0079 0)
(-4.68275 20.9845 0)
(-4.75099 20.9612 0)
(-4.81662 20.9387 0)
(-4.87709 20.918 0)
(-4.9301 20.8999 0)
(-4.9736 20.885 0)
(-5.00593 20.8739 0)
(-5.02584 20.8671 0)
(-5.03256 20.8648 0)
(-5.02584 20.8671 0)
(-5.00593 20.8739 0)
(-4.9736 20.885 0)
(-4.9301 20.8999 0)
(-4.87709 20.918 0)
(-4.81662 20.9387 0)
(-4.75099 20.9612 0)
(-5.01999 21.957 0)
(-4.95037 21.9815 0)
(-4.88343 22.005 0)
(-4.82173 22.0266 0)
(-4.76766 22.0456 0)
(-4.72328 22.0612 0)
(-4.69031 22.0728 0)
(-4.67 22.0799 0)
(-4.66314 22.0823 0)
(-4.67 22.0799 0)
(-4.69031 22.0728 0)
(-4.72328 22.0612 0)
(-4.76766 22.0456 0)
(-4.82173 22.0266 0)
(-4.88343 22.005 0)
(-4.95037 21.9815 0)
(-5.01999 21.957 0)
(-5.08961 21.9326 0)
(-5.15655 21.9091 0)
(-5.21824 21.8874 0)
(-5.27232 21.8684 0)
(-5.31669 21.8528 0)
(-5.34967 21.8412 0)
(-5.36998 21.8341 0)
(-5.37683 21.8317 0)
(-5.36998 21.8341 0)
(-5.34967 21.8412 0)
(-5.31669 21.8528 0)
(-5.27232 21.8684 0)
(-5.21824 21.8874 0)
(-5.15655 21.9091 0)
(-5.08961 21.9326 0)
(-5.37265 22.9487 0)
(-5.30168 22.9743 0)
(-5.23343 22.9989 0)
(-5.17054 23.0215 0)
(-5.11541 23.0413 0)
(-5.07016 23.0576 0)
(-5.03655 23.0697 0)
(-5.01584 23.0772 0)
(-5.00885 23.0797 0)
(-5.01584 23.0772 0)
(-5.03655 23.0697 0)
(-5.07016 23.0576 0)
(-5.11541 23.0413 0)
(-5.17054 23.0215 0)
(-5.23343 22.9989 0)
(-5.30168 22.9743 0)
(-5.37265 22.9487 0)
(-5.44363 22.9232 0)
(-5.51187 22.8986 0)
(-5.57477 22.876 0)
(-5.6299 22.8561 0)
(-5.67514 22.8398 0)
(-5.70876 22.8277 0)
(-5.72946 22.8203 0)
(-5.73645 22.8178 0)
(-5.72946 22.8203 0)
(-5.70876 22.8277 0)
(-5.67514 22.8398 0)
(-5.6299 22.8561 0)
(-5.57477 22.876 0)
(-5.51187 22.8986 0)
(-5.44363 22.9232 0)
(-5.74104 23.9595 0)
(-5.66873 23.9861 0)
(-5.5992 24.0118 0)
(-5.53512 24.0354 0)
(-5.47895 24.0562 0)
(-5.43285 24.0732 0)
(-5.3986 24.0858 0)
(-5.3775 24.0936 0)
(-5.37038 24.0962 0)
(-5.3775 24.0936 0)
(-5.3986 24.0858 0)
(-5.43285 24.0732 0)
(-5.47895 24.0562 0)
(-5.53512 24.0354 0)
(-5.5992 24.0118 0)
(-5.66873 23.9861 0)
(-5.74104 23.9595 0)
(-5.81336 23.9328 0)
(-5.88289 23.9071 0)
(-5.94697 23.8835 0)
(-6.00314 23.8628 0)
(-6.04924 23.8458 0)
(-6.08349 23.8331 0)
(-6.10458 23.8253 0)
(-6.1117 23.8227 0)
(-6.10458 23.8253 0)
(-6.08349 23.8331 0)
(-6.04924 23.8458 0)
(-6.00314 23.8628 0)
(-5.94697 23.8835 0)
(-5.88289 23.9071 0)
(-5.81336 23.9328 0)
(-6.12546 24.989 0)
(-6.05183 25.0168 0)
(-5.98102 25.0435 0)
(-5.91577 25.0682 0)
(-5.85857 25.0898 0)
(-5.81164 25.1075 0)
(-5.77676 25.1207 0)
(-5.75528 25.1288 0)
(-5.74803 25.1316 0)
(-5.75528 25.1288 0)
(-5.77676 25.1207 0)
(-5.81164 25.1075 0)
(-5.85857 25.0898 0)
(-5.91577 25.0682 0)
(-5.98102 25.0435 0)
(-6.05183 25.0168 0)
(-6.12546 24.989 0)
(-6.19909 24.9611 0)
(-6.2699 24.9344 0)
(-6.33515 24.9097 0)
(-6.39234 24.8881 0)
(-6.43928 24.8704 0)
(-6.47416 24.8572 0)
(-6.49564 24.8491 0)
(-6.50289 24.8463 0)
(-6.49564 24.8491 0)
(-6.47416 24.8572 0)
(-6.43928 24.8704 0)
(-6.39234 24.8881 0)
(-6.33515 24.9097 0)
(-6.2699 24.9344 0)
(-6.19909 24.9611 0)
(-6.52619 26.037 0)
(-6.45126 26.0659 0)
(-6.3792 26.0938 0)
(-6.31279 26.1195 0)
(-6.25458 26.142 0)
(-6.20682 26.1605 0)
(-6.17132 26.1742 0)
(-6.14946 26.1827 0)
(-6.14208 26.1856 0)
(-6.14946 26.1827 0)
(-6.17132 26.1742 0)
(-6.20682 26.1605 0)
(-6.25458 26.142 0)
(-6.31279 26.1195 0)
(-6.3792 26.0938 0)
(-6.45126 26.0659 0)
(-6.52619 26.037 0)
(-6.60113 26.008 0)
(-6.67318 25.9801 0)
(-6.73959 25.9544 0)
(-6.7978 25.9319 0)
(-6.84557 25.9134 0)
(-6.88106 25.8997 0)
(-6.90292 25.8912 0)
(-6.9103 25.8884 0)
(-6.90292 25.8912 0)
(-6.88106 25.8997 0)
(-6.84557 25.9134 0)
(-6.7978 25.9319 0)
(-6.73959 25.9544 0)
(-6.67318 25.9801 0)
(-6.60113 26.008 0)
(-6.94353 27.1032 0)
(-6.86731 27.1334 0)
(-6.79402 27.1624 0)
(-6.72647 27.1891 0)
(-6.66727 27.2126 0)
(-6.61868 27.2318 0)
(-6.58258 27.2461 0)
(-6.56034 27.2549 0)
(-6.55284 27.2579 0)
(-6.56034 27.2549 0)
(-6.58258 27.2461 0)
(-6.61868 27.2318 0)
(-6.66727 27.2126 0)
(-6.72647 27.1891 0)
(-6.79402 27.1624 0)
(-6.86731 27.1334 0)
(-6.94353 27.1032 0)
(-7.01975 27.073 0)
(-7.09304 27.044 0)
(-7.16059 27.0173 0)
(-7.21979 26.9938 0)
(-7.26838 26.9746 0)
(-7.30448 26.9603 0)
(-7.32672 26.9515 0)
(-7.33422 26.9485 0)
(-7.32672 26.9515 0)
(-7.30448 26.9603 0)
(-7.26838 26.9746 0)
(-7.21979 26.9938 0)
(-7.16059 27.0173 0)
(-7.09304 27.044 0)
(-7.01975 27.073 0)
(-7.37776 28.1874 0)
(-7.30027 28.2188 0)
(-7.22576 28.249 0)
(-7.1571 28.2768 0)
(-7.09691 28.3012 0)
(-7.04751 28.3212 0)
(-7.01081 28.3361 0)
(-6.98821 28.3452 0)
(-6.98058 28.3483 0)
(-6.98821 28.3452 0)
(-7.01081 28.3361 0)
(-7.04751 28.3212 0)
(-7.09691 28.3012 0)
(-7.1571 28.2768 0)
(-7.22576 28.249 0)
(-7.30027 28.2188 0)
(-7.37776 28.1874 0)
(-7.45524 28.1561 0)
(-7.52975 28.1259 0)
(-7.59842 28.0981 0)
(-7.65861 28.0737 0)
(-7.708 28.0537 0)
(-7.7447 28.0388 0)
(-7.76731 28.0297 0)
(-7.77494 28.0266 0)
(-7.76731 28.0297 0)
(-7.7447 28.0388 0)
(-7.708 28.0537 0)
(-7.65861 28.0737 0)
(-7.59842 28.0981 0)
(-7.52975 28.1259 0)
(-7.45524 28.1561 0)
(-7.82916 29.2894 0)
(-7.75042 29.322 0)
(-7.67472 29.3534 0)
(-7.60495 29.3823 0)
(-7.54379 29.4076 0)
(-7.4936 29.4284 0)
(-7.45631 29.4438 0)
(-7.43334 29.4533 0)
(-7.42559 29.4566 0)
(-7.43334 29.4533 0)
(-7.45631 29.4438 0)
(-7.4936 29.4284 0)
(-7.54379 29.4076 0)
(-7.60495 29.3823 0)
(-7.67472 29.3534 0)
(-7.75042 29.322 0)
(-7.82916 29.2894 0)
(-7.90789 29.2568 0)
(-7.9836 29.2254 0)
(-8.05337 29.1965 0)
(-8.11452 29.1712 0)
(-8.16471 29.1504 0)
(-8.20201 29.135 0)
(-8.22497 29.1254 0)
(-8.23272 29.1222 0)
(-8.22497 29.1254 0)
(-8.20201 29.135 0)
(-8.16471 29.1504 0)
(-8.11452 29.1712 0)
(-8.05337 29.1965 0)
(-7.9836 29.2254 0)
(-7.90789 29.2568 0)
)
;

boundaryField
{
    left
    {
        type            calculated;
    }
    right
    {
        type            calculated;
    }
    beam
    {
        type            empty;
    }
}


// ************************************************************************* //
