    PART-1-1           1              0.              0.              0.             -0.              0.              0.
    PART-1-1           2             0.4              0.              0.        0.399908      0.00562532      0.00562532
    PART-1-1           3             0.8              0.              0.        0.799221       0.0220758       0.0220758
    PART-1-1           4             1.2              0.              0.         1.19742       0.0487981       0.0487981
    PART-1-1           5             1.6              0.              0.         1.59408       0.0852515       0.0852515
    PART-1-1           6              2.              0.              0.         1.98883        0.130911        0.130911
    PART-1-1           7             2.4              0.              0.         2.38138        0.185268        0.185268
    PART-1-1           8             2.8              0.              0.         2.77147        0.247836        0.247836
    PART-1-1           9             3.2              0.              0.         3.15892        0.318146        0.318146
    PART-1-1          10             3.6              0.              0.         3.54357         0.39575         0.39575
    PART-1-1          11              4.              0.              0.         3.92532        0.480223        0.480223
    PART-1-1          12             4.4              0.              0.         4.30409        0.571159        0.571159
    PART-1-1          13             4.8              0.              0.         4.67983        0.668173        0.668173
    PART-1-1          14             5.2              0.              0.         5.05253        0.770901        0.770901
    PART-1-1          15             5.6              0.              0.         5.42217        0.878997        0.878997
    PART-1-1          16              6.              0.              0.         5.78879        0.992137        0.992137
    PART-1-1          17             6.4              0.              0.         6.15241         1.11001         1.11001
    PART-1-1          18             6.8              0.              0.         6.51308         1.23233         1.23233
    PART-1-1          19             7.2              0.              0.         6.87087         1.35882         1.35882
    PART-1-1          20             7.6              0.              0.         7.22584         1.48922         1.48922
    PART-1-1          21              8.              0.              0.         7.57806         1.62329         1.62329
    PART-1-1          22             8.4              0.              0.         7.92762          1.7608          1.7608
    PART-1-1          23             8.8              0.              0.         8.27461         1.90153         1.90153
    PART-1-1          24             9.2              0.              0.         8.61912         2.04527         2.04527
    PART-1-1          25             9.6              0.              0.         8.96124         2.19185         2.19185
    PART-1-1          26             10.              0.              0.         9.30106         2.34106         2.34106
    PART-1-1          27            10.4              0.              0.         9.63869         2.49275         2.49275
    PART-1-1          28            10.8              0.              0.         9.97422         2.64675         2.64675
    PART-1-1          29            11.2              0.              0.         10.3078         2.80291         2.80291
    PART-1-1          30            11.6              0.              0.         10.6394         2.96108         2.96108
    PART-1-1          31             12.              0.              0.         10.9692         3.12112         3.12112
    PART-1-1          32            12.4              0.              0.         11.2973         3.28291         3.28291
    PART-1-1          33            12.8              0.              0.         11.6238         3.44632         3.44632
    PART-1-1          34            13.2              0.              0.         11.9488         3.61124         3.61124
    PART-1-1          35            13.6              0.              0.         12.2724         3.77755         3.77755
    PART-1-1          36             14.              0.              0.         12.5946         3.94514         3.94514
    PART-1-1          37            14.4              0.              0.         12.9156         4.11392         4.11392
    PART-1-1          38            14.8              0.              0.         13.2355         4.28378         4.28378
    PART-1-1          39            15.2              0.              0.         13.5543         4.45464         4.45464
    PART-1-1          40            15.6              0.              0.         13.8721          4.6264          4.6264
    PART-1-1          41             16.              0.              0.          14.189         4.79898         4.79898
    PART-1-1          42            16.4              0.              0.         14.5052          4.9723          4.9723
    PART-1-1          43            16.8              0.              0.         14.8206         5.14626         5.14626
    PART-1-1          44            17.2              0.              0.         15.1354          5.3208          5.3208
    PART-1-1          45            17.6              0.              0.         15.4496         5.49584         5.49584
    PART-1-1          46             18.              0.              0.         15.7633         5.67131         5.67131
    PART-1-1          47            18.4              0.              0.         16.0767         5.84712         5.84712
    PART-1-1          48            18.8              0.              0.         16.3897         6.02321         6.02321
    PART-1-1          49            19.2              0.              0.         16.7025         6.19952         6.19952
    PART-1-1          50            19.6              0.              0.         17.0152         6.37596         6.37596
    PART-1-1          51             20.              0.              0.         17.3278         6.55247         6.55247
    PART-1-1          52             0.2              0.              0.        0.199993      0.00142445      0.00142445
    PART-1-1          53             0.6              0.              0.        0.599673       0.0125322       0.0125322
    PART-1-1          54              1.              0.              0.         0.99849       0.0341871       0.0341871
    PART-1-1          55             1.4              0.              0.         1.39597       0.0658416       0.0658416
    PART-1-1          56             1.8              0.              0.         1.79172        0.106962        0.106962
    PART-1-1          57             2.2              0.              0.          2.1854        0.157033        0.157033
    PART-1-1          58             2.6              0.              0.         2.57674        0.215556        0.215556
    PART-1-1          59              3.              0.              0.         2.96553        0.282052        0.282052
    PART-1-1          60             3.4              0.              0.          3.3516        0.356063        0.356063
    PART-1-1          61             3.8              0.              0.         3.73481        0.437154        0.437154
    PART-1-1          62             4.2              0.              0.         4.11508        0.524907        0.524907
    PART-1-1          63             4.6              0.              0.         4.49234        0.618929        0.618929
    PART-1-1          64              5.              0.              0.         4.86656        0.718844        0.718844
    PART-1-1          65             5.4              0.              0.         5.23773        0.824299        0.824299
    PART-1-1          66             5.8              0.              0.         5.60586        0.934956        0.934956
    PART-1-1          67             6.2              0.              0.         5.97097          1.0505          1.0505
    PART-1-1          68             6.6              0.              0.         6.33311         1.17063         1.17063
    PART-1-1          69              7.              0.              0.         6.69233         1.29507         1.29507
    PART-1-1          70             7.4              0.              0.          7.0487         1.42355         1.42355
    PART-1-1          71             7.8              0.              0.         7.40229         1.55581         1.55581
    PART-1-1          72             8.2              0.              0.         7.75317         1.69163         1.69163
    PART-1-1          73             8.6              0.              0.         8.10144         1.83077         1.83077
    PART-1-1          74              9.              0.              0.         8.44717         1.97303         1.97303
    PART-1-1          75             9.4              0.              0.         8.79047         2.11822         2.11822
    PART-1-1          76             9.8              0.              0.         9.13143         2.26613         2.26613
    PART-1-1          77            10.2              0.              0.         9.47015         2.41661         2.41661
    PART-1-1          78            10.6              0.              0.         9.80672         2.56947         2.56947
    PART-1-1          79             11.              0.              0.         10.1412         2.72457         2.72457
    PART-1-1          80            11.4              0.              0.         10.4738         2.88175         2.88175
    PART-1-1          81            11.8              0.              0.         10.8045         3.04087         3.04087
    PART-1-1          82            12.2              0.              0.         11.1335         3.20181         3.20181
    PART-1-1          83            12.6              0.              0.         11.4608         3.36442         3.36442
    PART-1-1          84             13.              0.              0.         11.7865          3.5286          3.5286
    PART-1-1          85            13.4              0.              0.         12.1108         3.69423         3.69423
    PART-1-1          86            13.8              0.              0.         12.4337         3.86119         3.86119
    PART-1-1          87            14.2              0.              0.         12.7553         4.02939         4.02939
    PART-1-1          88            14.6              0.              0.         13.0757         4.19872         4.19872
    PART-1-1          89             15.              0.              0.          13.395         4.36909         4.36909
    PART-1-1          90            15.4              0.              0.         13.7133         4.54041         4.54041
    PART-1-1          91            15.8              0.              0.         14.0307          4.7126          4.7126
    PART-1-1          92            16.2              0.              0.         14.3472         4.88555         4.88555
    PART-1-1          93            16.6              0.              0.          14.663          5.0592          5.0592
    PART-1-1          94             17.              0.              0.          14.978         5.23347         5.23347
    PART-1-1          95            17.4              0.              0.         15.2925         5.40827         5.40827
    PART-1-1          96            17.8              0.              0.         15.6065         5.58353         5.58353
    PART-1-1          97            18.2              0.              0.         15.9201         5.75917         5.75917
    PART-1-1          98            18.6              0.              0.         16.2332         5.93514         5.93514
    PART-1-1          99             19.              0.              0.         16.5462         6.11134         6.11134
    PART-1-1         100            19.4              0.              0.         16.8589         6.28773         6.28773
    PART-1-1         101            19.8              0.              0.         17.1715         6.46421         6.46421


