    PART-1-1           1              0.              0.              0.             -0.              0.              0.
    PART-1-1           2             0.4              0.              0.        0.399814       0.0079942       0.0079942
    PART-1-1           3             0.8              0.              0.        0.798456       0.0311294       0.0311294
    PART-1-1           4             1.2              0.              0.         1.19497       0.0683138       0.0683138
    PART-1-1           5             1.6              0.              0.         1.58862        0.118498        0.118498
    PART-1-1           6              2.              0.              0.         1.97884        0.180683        0.180683
    PART-1-1           7             2.4              0.              0.          2.3652        0.253926        0.253926
    PART-1-1           8             2.8              0.              0.         2.74741        0.337346        0.337346
    PART-1-1           9             3.2              0.              0.          3.1253         0.43012         0.43012
    PART-1-1          10             3.6              0.              0.         3.49875        0.531483        0.531483
    PART-1-1          11              4.              0.              0.         3.86773         0.64073         0.64073
    PART-1-1          12             4.4              0.              0.         4.23226        0.757209        0.757209
    PART-1-1          13             4.8              0.              0.          4.5924        0.880321        0.880321
    PART-1-1          14             5.2              0.              0.         4.94826         1.00951         1.00951
    PART-1-1          15             5.6              0.              0.         5.29997         1.14429         1.14429
    PART-1-1          16              6.              0.              0.         5.64765         1.28417         1.28417
    PART-1-1          17             6.4              0.              0.         5.99148         1.42875         1.42875
    PART-1-1          18             6.8              0.              0.         6.33162         1.57763         1.57763
    PART-1-1          19             7.2              0.              0.         6.66824         1.73045         1.73045
    PART-1-1          20             7.6              0.              0.         7.00152         1.88689         1.88689
    PART-1-1          21              8.              0.              0.         7.33164         2.04666         2.04666
    PART-1-1          22             8.4              0.              0.         7.65876         2.20947         2.20947
    PART-1-1          23             8.8              0.              0.         7.98306         2.37509         2.37509
    PART-1-1          24             9.2              0.              0.          8.3047         2.54327         2.54327
    PART-1-1          25             9.6              0.              0.         8.62386         2.71381         2.71381
    PART-1-1          26             10.              0.              0.         8.94067         2.88652         2.88652
    PART-1-1          27            10.4              0.              0.         9.25529         3.06122         3.06122
    PART-1-1          28            10.8              0.              0.         9.56788         3.23774         3.23774
    PART-1-1          29            11.2              0.              0.         9.87855         3.41593         3.41593
    PART-1-1          30            11.6              0.              0.         10.1875         3.59567         3.59567
    PART-1-1          31             12.              0.              0.         10.4947         3.77681         3.77681
    PART-1-1          32            12.4              0.              0.         10.8004         3.95924         3.95924
    PART-1-1          33            12.8              0.              0.         11.1047         4.14285         4.14285
    PART-1-1          34            13.2              0.              0.         11.4077         4.32754         4.32754
    PART-1-1          35            13.6              0.              0.         11.7095         4.51322         4.51322
    PART-1-1          36             14.              0.              0.         12.0102          4.6998          4.6998
    PART-1-1          37            14.4              0.              0.         12.3098          4.8872          4.8872
    PART-1-1          38            14.8              0.              0.         12.6086         5.07533         5.07533
    PART-1-1          39            15.2              0.              0.         12.9064         5.26414         5.26414
    PART-1-1          40            15.6              0.              0.         13.2036         5.45355         5.45355
    PART-1-1          41             16.              0.              0.            13.5          5.6435          5.6435
    PART-1-1          42            16.4              0.              0.         13.7958         5.83393         5.83393
    PART-1-1          43            16.8              0.              0.          14.091         6.02479         6.02479
    PART-1-1          44            17.2              0.              0.         14.3858         6.21601         6.21601
    PART-1-1          45            17.6              0.              0.         14.6802         6.40756         6.40756
    PART-1-1          46             18.              0.              0.         14.9742         6.59938         6.59938
    PART-1-1          47            18.4              0.              0.         15.2679         6.79142         6.79142
    PART-1-1          48            18.8              0.              0.         15.5614         6.98363         6.98363
    PART-1-1          49            19.2              0.              0.         15.8547         7.17598         7.17598
    PART-1-1          50            19.6              0.              0.         16.1479         7.36841         7.36841
    PART-1-1          51             20.              0.              0.          16.441         7.56089         7.56089
    PART-1-1          52             0.2              0.              0.        0.199986       0.0020347       0.0020347
    PART-1-1          53             0.6              0.              0.        0.599347       0.0177381       0.0177381
    PART-1-1          54              1.              0.              0.        0.997032        0.048032        0.048032
    PART-1-1          55             1.4              0.              0.          1.3922       0.0918444       0.0918444
    PART-1-1          56             1.8              0.              0.         1.78419         0.14815         0.14815
    PART-1-1          57             2.2              0.              0.         2.17252        0.215979        0.215979
    PART-1-1          58             2.6              0.              0.         2.55684        0.294417        0.294417
    PART-1-1          59              3.              0.              0.         2.93691        0.382613        0.382613
    PART-1-1          60             3.4              0.              0.         3.31258        0.479773        0.479773
    PART-1-1          61             3.8              0.              0.          3.6838        0.585163        0.585163
    PART-1-1          62             4.2              0.              0.         4.05054        0.698104        0.698104
    PART-1-1          63             4.6              0.              0.         4.41287        0.817971        0.817971
    PART-1-1          64              5.              0.              0.         4.77086         0.94419         0.94419
    PART-1-1          65             5.4              0.              0.         5.12463         1.07623         1.07623
    PART-1-1          66             5.8              0.              0.          5.4743         1.21362         1.21362
    PART-1-1          67             6.2              0.              0.         5.82004          1.3559          1.3559
    PART-1-1          68             6.6              0.              0.           6.162         1.50267         1.50267
    PART-1-1          69              7.              0.              0.         6.50036         1.65356         1.65356
    PART-1-1          70             7.4              0.              0.         6.83529         1.80824         1.80824
    PART-1-1          71             7.8              0.              0.         7.16697         1.96638         1.96638
    PART-1-1          72             8.2              0.              0.         7.49556          2.1277          2.1277
    PART-1-1          73             8.6              0.              0.         7.82125         2.29194         2.29194
    PART-1-1          74              9.              0.              0.          8.1442         2.45887         2.45887
    PART-1-1          75             9.4              0.              0.         8.46458         2.62826         2.62826
    PART-1-1          76             9.8              0.              0.         8.78254         2.79991         2.79991
    PART-1-1          77            10.2              0.              0.         9.09825         2.97363         2.97363
    PART-1-1          78            10.6              0.              0.         9.41183         3.14926         3.14926
    PART-1-1          79             11.              0.              0.         9.72344         3.32664         3.32664
    PART-1-1          80            11.4              0.              0.         10.0332         3.50562         3.50562
    PART-1-1          81            11.8              0.              0.         10.3413         3.68607         3.68607
    PART-1-1          82            12.2              0.              0.         10.6477         3.86787         3.86787
    PART-1-1          83            12.6              0.              0.         10.9527          4.0509          4.0509
    PART-1-1          84             13.              0.              0.         11.2564         4.23507         4.23507
    PART-1-1          85            13.4              0.              0.         11.5588         4.42027         4.42027
    PART-1-1          86            13.8              0.              0.           11.86          4.6064          4.6064
    PART-1-1          87            14.2              0.              0.         12.1601          4.7934          4.7934
    PART-1-1          88            14.6              0.              0.         12.4593         4.98118         4.98118
    PART-1-1          89             15.              0.              0.         12.7576         5.16966         5.16966
    PART-1-1          90            15.4              0.              0.         13.0551         5.35877         5.35877
    PART-1-1          91            15.8              0.              0.         13.3519         5.54846         5.54846
    PART-1-1          92            16.2              0.              0.          13.648         5.73866         5.73866
    PART-1-1          93            16.6              0.              0.         13.9435         5.92931         5.92931
    PART-1-1          94             17.              0.              0.         14.2385         6.12036         6.12036
    PART-1-1          95            17.4              0.              0.          14.533         6.31175         6.31175
    PART-1-1          96            17.8              0.              0.         14.8272         6.50344         6.50344
    PART-1-1          97            18.2              0.              0.         15.1211         6.69537         6.69537
    PART-1-1          98            18.6              0.              0.         15.4147          6.8875          6.8875
    PART-1-1          99             19.              0.              0.         15.7081         7.07979         7.07979
    PART-1-1         100            19.4              0.              0.         16.0013         7.27219         7.27219
    PART-1-1         101            19.8              0.              0.         16.2945         7.46465         7.46465


