/*--------------------------------*- C++ -*----------------------------------*\
| =========                 |                                                 |
| \\      /  F ield         | foam-extend: Open Source CFD                    |
|  \\    /   O peration     | Version:     4.1                                |
|   \\  /    A nd           | Web:         http://www.foam-extend.org         |
|    \\/     M anipulation  |                                                 |
\*---------------------------------------------------------------------------*/
FoamFile
{
    version     2.0;
    format      ascii;
    class       volTensorField;
    location    "0";
    object      refRM;
}
// * * * * * * * * * * * * * * * * * * * * * * * * * * * * * * * * * * * * * //

dimensions      [0 0 0 0 0 0 0];

internalField   nonuniform List<tensor> 
1280
(
(1 -0.000306796 0 0.000306796 1 0 0 0 1)
(1 -0.000920386 0 0.000920386 1 0 0 0 1)
(0.999999 -0.00153398 0 0.00153398 0.999999 0 0 0 1)
(0.999998 -0.00214757 0 0.00214757 0.999998 0 0 0 1)
(0.999996 -0.00276116 0 0.00276116 0.999996 0 0 0 1)
(0.999994 -0.00337475 0 0.00337475 0.999994 0 0 0 1)
(0.999992 -0.00398834 0 0.00398834 0.999992 0 0 0 1)
(0.999989 -0.00460193 0 0.00460193 0.999989 0 0 0 1)
(0.999986 -0.00521551 0 0.00521551 0.999986 0 0 0 1)
(0.999983 -0.00582909 0 0.00582909 0.999983 0 0 0 1)
(0.999979 -0.00644268 0 0.00644268 0.999979 0 0 0 1)
(0.999975 -0.00705626 0 0.00705626 0.999975 0 0 0 1)
(0.999971 -0.00766983 0 0.00766983 0.999971 0 0 0 1)
(0.999966 -0.0082834 0 0.0082834 0.999966 0 0 0 1)
(0.99996 -0.00889697 0 0.00889697 0.99996 0 0 0 1)
(0.999955 -0.00951054 0 0.00951054 0.999955 0 0 0 1)
(0.999949 -0.0101241 0 0.0101241 0.999949 0 0 0 1)
(0.999942 -0.0107377 0 0.0107377 0.999942 0 0 0 1)
(0.999936 -0.0113513 0 0.0113513 0.999936 0 0 0 1)
(0.999928 -0.0119648 0 0.0119648 0.999928 0 0 0 1)
(0.999921 -0.0125783 0 0.0125783 0.999921 0 0 0 1)
(0.999913 -0.0131918 0 0.0131918 0.999913 0 0 0 1)
(0.999905 -0.0138054 0 0.0138054 0.999905 0 0 0 1)
(0.999896 -0.0144189 0 0.0144189 0.999896 0 0 0 1)
(0.999887 -0.0150324 0 0.0150324 0.999887 0 0 0 1)
(0.999878 -0.015646 0 0.015646 0.999878 0 0 0 1)
(0.999868 -0.0162595 0 0.0162595 0.999868 0 0 0 1)
(0.999858 -0.016873 0 0.016873 0.999858 0 0 0 1)
(0.999847 -0.0174865 0 0.0174865 0.999847 0 0 0 1)
(0.999836 -0.0181 0 0.0181 0.999836 0 0 0 1)
(0.999825 -0.0187135 0 0.0187135 0.999825 0 0 0 1)
(0.999813 -0.019327 0 0.019327 0.999813 0 0 0 1)
(0.999801 -0.0199404 0 0.0199404 0.999801 0 0 0 1)
(0.999789 -0.0205539 0 0.0205539 0.999789 0 0 0 1)
(0.999776 -0.0211673 0 0.0211673 0.999776 0 0 0 1)
(0.999763 -0.0217808 0 0.0217808 0.999763 0 0 0 1)
(0.999749 -0.0223942 0 0.0223942 0.999749 0 0 0 1)
(0.999735 -0.0230077 0 0.0230077 0.999735 0 0 0 1)
(0.999721 -0.0236211 0 0.0236211 0.999721 0 0 0 1)
(0.999706 -0.0242345 0 0.0242345 0.999706 0 0 0 1)
(0.999691 -0.0248479 0 0.0248479 0.999691 0 0 0 1)
(0.999676 -0.0254614 0 0.0254614 0.999676 0 0 0 1)
(0.99966 -0.0260747 0 0.0260747 0.99966 0 0 0 1)
(0.999644 -0.0266881 0 0.0266881 0.999644 0 0 0 1)
(0.999627 -0.0273015 0 0.0273015 0.999627 0 0 0 1)
(0.99961 -0.0279148 0 0.0279148 0.99961 0 0 0 1)
(0.999593 -0.0285281 0 0.0285281 0.999593 0 0 0 1)
(0.999575 -0.0291415 0 0.0291415 0.999575 0 0 0 1)
(0.999557 -0.0297548 0 0.0297548 0.999557 0 0 0 1)
(0.999539 -0.0303681 0 0.0303681 0.999539 0 0 0 1)
(0.99952 -0.0309814 0 0.0309814 0.99952 0 0 0 1)
(0.999501 -0.0315947 0 0.0315947 0.999501 0 0 0 1)
(0.999481 -0.032208 0 0.032208 0.999481 0 0 0 1)
(0.999461 -0.0328213 0 0.0328213 0.999461 0 0 0 1)
(0.999441 -0.0334346 0 0.0334346 0.999441 0 0 0 1)
(0.99942 -0.0340478 0 0.0340478 0.99942 0 0 0 1)
(0.999399 -0.0346611 0 0.0346611 0.999399 0 0 0 1)
(0.999378 -0.0352743 0 0.0352743 0.999378 0 0 0 1)
(0.999356 -0.0358874 0 0.0358874 0.999356 0 0 0 1)
(0.999334 -0.0365006 0 0.0365006 0.999334 0 0 0 1)
(0.999311 -0.0371138 0 0.0371138 0.999311 0 0 0 1)
(0.999288 -0.037727 0 0.037727 0.999288 0 0 0 1)
(0.999265 -0.0383401 0 0.0383401 0.999265 0 0 0 1)
(0.999241 -0.0389533 0 0.0389533 0.999241 0 0 0 1)
(0.999217 -0.0395664 0 0.0395664 0.999217 0 0 0 1)
(0.999192 -0.0401795 0 0.0401795 0.999192 0 0 0 1)
(0.999168 -0.0407926 0 0.0407926 0.999168 0 0 0 1)
(0.999142 -0.0414057 0 0.0414057 0.999142 0 0 0 1)
(0.999117 -0.0420187 0 0.0420187 0.999117 0 0 0 1)
(0.999091 -0.0426318 0 0.0426318 0.999091 0 0 0 1)
(0.999065 -0.0432448 0 0.0432448 0.999065 0 0 0 1)
(0.999038 -0.0438578 0 0.0438578 0.999038 0 0 0 1)
(0.999011 -0.0444707 0 0.0444707 0.999011 0 0 0 1)
(0.998983 -0.0450837 0 0.0450837 0.998983 0 0 0 1)
(0.998955 -0.0456967 0 0.0456967 0.998955 0 0 0 1)
(0.998927 -0.0463096 0 0.0463096 0.998927 0 0 0 1)
(0.998899 -0.0469226 0 0.0469226 0.998899 0 0 0 1)
(0.99887 -0.0475355 0 0.0475355 0.99887 0 0 0 1)
(0.99884 -0.0481484 0 0.0481484 0.99884 0 0 0 1)
(0.99881 -0.0487613 0 0.0487613 0.99881 0 0 0 1)
(0.99878 -0.0493741 0 0.0493741 0.99878 0 0 0 1)
(0.99875 -0.049987 0 0.049987 0.99875 0 0 0 1)
(0.998719 -0.0505998 0 0.0505998 0.998719 0 0 0 1)
(0.998688 -0.0512126 0 0.0512126 0.998688 0 0 0 1)
(0.998656 -0.0518253 0 0.0518253 0.998656 0 0 0 1)
(0.998624 -0.052438 0 0.052438 0.998624 0 0 0 1)
(0.998592 -0.0530508 0 0.0530508 0.998592 0 0 0 1)
(0.998559 -0.0536635 0 0.0536635 0.998559 0 0 0 1)
(0.998526 -0.0542762 0 0.0542762 0.998526 0 0 0 1)
(0.998492 -0.0548889 0 0.0548889 0.998492 0 0 0 1)
(0.998459 -0.0555016 0 0.0555016 0.998459 0 0 0 1)
(0.998424 -0.0561142 0 0.0561142 0.998424 0 0 0 1)
(0.99839 -0.0567268 0 0.0567268 0.99839 0 0 0 1)
(0.998355 -0.0573394 0 0.0573394 0.998355 0 0 0 1)
(0.998319 -0.057952 0 0.057952 0.998319 0 0 0 1)
(0.998284 -0.0585646 0 0.0585646 0.998284 0 0 0 1)
(0.998247 -0.0591771 0 0.0591771 0.998247 0 0 0 1)
(0.998211 -0.0597896 0 0.0597896 0.998211 0 0 0 1)
(0.998174 -0.060402 0 0.060402 0.998174 0 0 0 1)
(0.998137 -0.0610145 0 0.0610145 0.998137 0 0 0 1)
(0.998099 -0.0616269 0 0.0616269 0.998099 0 0 0 1)
(0.998061 -0.0622394 0 0.0622394 0.998061 0 0 0 1)
(0.998023 -0.0628518 0 0.0628518 0.998023 0 0 0 1)
(0.997984 -0.0634641 0 0.0634641 0.997984 0 0 0 1)
(0.997945 -0.0640765 0 0.0640765 0.997945 0 0 0 1)
(0.997905 -0.0646888 0 0.0646888 0.997905 0 0 0 1)
(0.997866 -0.0653011 0 0.0653011 0.997866 0 0 0 1)
(0.997825 -0.0659134 0 0.0659134 0.997825 0 0 0 1)
(0.997785 -0.0665256 0 0.0665256 0.997785 0 0 0 1)
(0.997744 -0.0671379 0 0.0671379 0.997744 0 0 0 1)
(0.997702 -0.06775 0 0.06775 0.997702 0 0 0 1)
(0.997661 -0.0683622 0 0.0683622 0.997661 0 0 0 1)
(0.997618 -0.0689743 0 0.0689743 0.997618 0 0 0 1)
(0.997576 -0.0695864 0 0.0695864 0.997576 0 0 0 1)
(0.997533 -0.0701985 0 0.0701985 0.997533 0 0 0 1)
(0.99749 -0.0708106 0 0.0708106 0.99749 0 0 0 1)
(0.997446 -0.0714227 0 0.0714227 0.997446 0 0 0 1)
(0.997402 -0.0720347 0 0.0720347 0.997402 0 0 0 1)
(0.997358 -0.0726467 0 0.0726467 0.997358 0 0 0 1)
(0.997313 -0.0732586 0 0.0732586 0.997313 0 0 0 1)
(0.997268 -0.0738706 0 0.0738706 0.997268 0 0 0 1)
(0.997222 -0.0744825 0 0.0744825 0.997222 0 0 0 1)
(0.997176 -0.0750944 0 0.0750944 0.997176 0 0 0 1)
(0.99713 -0.0757062 0 0.0757062 0.99713 0 0 0 1)
(0.997084 -0.0763179 0 0.0763179 0.997084 0 0 0 1)
(0.997037 -0.0769297 0 0.0769297 0.997037 0 0 0 1)
(0.996989 -0.0775415 0 0.0775415 0.996989 0 0 0 1)
(0.996941 -0.0781532 0 0.0781532 0.996941 0 0 0 1)
(0.996893 -0.0787649 0 0.0787649 0.996893 0 0 0 1)
(0.996845 -0.0793766 0 0.0793766 0.996845 0 0 0 1)
(0.996796 -0.0799883 0 0.0799883 0.996796 0 0 0 1)
(0.996747 -0.0805999 0 0.0805999 0.996747 0 0 0 1)
(0.996697 -0.0812115 0 0.0812115 0.996697 0 0 0 1)
(0.996647 -0.081823 0 0.081823 0.996647 0 0 0 1)
(0.996596 -0.0824346 0 0.0824346 0.996596 0 0 0 1)
(0.996546 -0.0830461 0 0.0830461 0.996546 0 0 0 1)
(0.996495 -0.0836575 0 0.0836575 0.996495 0 0 0 1)
(0.996443 -0.0842689 0 0.0842689 0.996443 0 0 0 1)
(0.996391 -0.0848803 0 0.0848803 0.996391 0 0 0 1)
(0.996339 -0.0854916 0 0.0854916 0.996339 0 0 0 1)
(0.996286 -0.086103 0 0.086103 0.996286 0 0 0 1)
(0.996233 -0.0867143 0 0.0867143 0.996233 0 0 0 1)
(0.99618 -0.0873255 0 0.0873255 0.99618 0 0 0 1)
(0.996126 -0.0879368 0 0.0879368 0.996126 0 0 0 1)
(0.996072 -0.088548 0 0.088548 0.996072 0 0 0 1)
(0.996017 -0.0891592 0 0.0891592 0.996017 0 0 0 1)
(0.995962 -0.0897703 0 0.0897703 0.995962 0 0 0 1)
(0.995907 -0.0903814 0 0.0903814 0.995907 0 0 0 1)
(0.995852 -0.0909925 0 0.0909925 0.995852 0 0 0 1)
(0.995796 -0.0916035 0 0.0916035 0.995796 0 0 0 1)
(0.995739 -0.0922144 0 0.0922144 0.995739 0 0 0 1)
(0.995682 -0.0928254 0 0.0928254 0.995682 0 0 0 1)
(0.995625 -0.0934363 0 0.0934363 0.995625 0 0 0 1)
(0.995568 -0.0940472 0 0.0940472 0.995568 0 0 0 1)
(0.99551 -0.0946581 0 0.0946581 0.99551 0 0 0 1)
(0.995452 -0.0952689 0 0.0952689 0.995452 0 0 0 1)
(0.995393 -0.0958797 0 0.0958797 0.995393 0 0 0 1)
(0.995334 -0.0964905 0 0.0964905 0.995334 0 0 0 1)
(0.995275 -0.0971012 0 0.0971012 0.995275 0 0 0 1)
(0.995215 -0.0977119 0 0.0977119 0.995215 0 0 0 1)
(0.995155 -0.0983225 0 0.0983225 0.995155 0 0 0 1)
(0.995094 -0.0989331 0 0.0989331 0.995094 0 0 0 1)
(0.995033 -0.0995439 0 0.0995439 0.995033 0 0 0 1)
(0.994972 -0.100154 0 0.100154 0.994972 0 0 0 1)
(0.99491 -0.100765 0 0.100765 0.99491 0 0 0 1)
(0.994848 -0.101375 0 0.101375 0.994848 0 0 0 1)
(0.994786 -0.101985 0 0.101985 0.994786 0 0 0 1)
(0.994723 -0.102596 0 0.102596 0.994723 0 0 0 1)
(0.99466 -0.103206 0 0.103206 0.99466 0 0 0 1)
(0.994596 -0.103817 0 0.103817 0.994596 0 0 0 1)
(0.994533 -0.104427 0 0.104427 0.994533 0 0 0 1)
(0.994468 -0.105037 0 0.105037 0.994468 0 0 0 1)
(0.994404 -0.105647 0 0.105647 0.994404 0 0 0 1)
(0.994339 -0.106257 0 0.106257 0.994339 0 0 0 1)
(0.994273 -0.106868 0 0.106868 0.994273 0 0 0 1)
(0.994208 -0.107478 0 0.107478 0.994208 0 0 0 1)
(0.994141 -0.108087 0 0.108087 0.994141 0 0 0 1)
(0.994075 -0.108697 0 0.108697 0.994075 0 0 0 1)
(0.994008 -0.109307 0 0.109307 0.994008 0 0 0 1)
(0.993941 -0.109917 0 0.109917 0.993941 0 0 0 1)
(0.993873 -0.110527 0 0.110527 0.993873 0 0 0 1)
(0.993805 -0.111137 0 0.111137 0.993805 0 0 0 1)
(0.993737 -0.111747 0 0.111747 0.993737 0 0 0 1)
(0.993668 -0.112356 0 0.112356 0.993668 0 0 0 1)
(0.993599 -0.112966 0 0.112966 0.993599 0 0 0 1)
(0.993529 -0.113576 0 0.113576 0.993529 0 0 0 1)
(0.993459 -0.114185 0 0.114185 0.993459 0 0 0 1)
(0.993389 -0.114795 0 0.114795 0.993389 0 0 0 1)
(0.993319 -0.115404 0 0.115404 0.993319 0 0 0 1)
(0.993248 -0.116014 0 0.116014 0.993248 0 0 0 1)
(0.993176 -0.116624 0 0.116624 0.993176 0 0 0 1)
(0.993104 -0.117233 0 0.117233 0.993104 0 0 0 1)
(0.993032 -0.117842 0 0.117842 0.993032 0 0 0 1)
(0.99296 -0.118451 0 0.118451 0.99296 0 0 0 1)
(0.992887 -0.119061 0 0.119061 0.992887 0 0 0 1)
(0.992814 -0.11967 0 0.11967 0.992814 0 0 0 1)
(0.99274 -0.120279 0 0.120279 0.99274 0 0 0 1)
(0.992666 -0.120888 0 0.120888 0.992666 0 0 0 1)
(0.992592 -0.121497 0 0.121497 0.992592 0 0 0 1)
(0.992517 -0.122106 0 0.122106 0.992517 0 0 0 1)
(0.992442 -0.122715 0 0.122715 0.992442 0 0 0 1)
(0.992366 -0.123324 0 0.123324 0.992366 0 0 0 1)
(0.992291 -0.123933 0 0.123933 0.992291 0 0 0 1)
(0.992214 -0.124542 0 0.124542 0.992214 0 0 0 1)
(0.992138 -0.125151 0 0.125151 0.992138 0 0 0 1)
(0.992061 -0.125759 0 0.125759 0.992061 0 0 0 1)
(0.991983 -0.126368 0 0.126368 0.991983 0 0 0 1)
(0.991906 -0.126977 0 0.126977 0.991906 0 0 0 1)
(0.991828 -0.127585 0 0.127585 0.991828 0 0 0 1)
(0.991749 -0.128194 0 0.128194 0.991749 0 0 0 1)
(0.99167 -0.128802 0 0.128802 0.99167 0 0 0 1)
(0.991591 -0.129411 0 0.129411 0.991591 0 0 0 1)
(0.991511 -0.130019 0 0.130019 0.991511 0 0 0 1)
(0.991431 -0.130628 0 0.130628 0.991431 0 0 0 1)
(0.991351 -0.131236 0 0.131236 0.991351 0 0 0 1)
(0.99127 -0.131844 0 0.131844 0.99127 0 0 0 1)
(0.991189 -0.132453 0 0.132453 0.991189 0 0 0 1)
(0.991108 -0.133061 0 0.133061 0.991108 0 0 0 1)
(0.991026 -0.133669 0 0.133669 0.991026 0 0 0 1)
(0.990944 -0.134277 0 0.134277 0.990944 0 0 0 1)
(0.990861 -0.134885 0 0.134885 0.990861 0 0 0 1)
(0.990778 -0.135492 0 0.135492 0.990778 0 0 0 1)
(0.990695 -0.1361 0 0.1361 0.990695 0 0 0 1)
(0.990611 -0.136709 0 0.136709 0.990611 0 0 0 1)
(0.990527 -0.137316 0 0.137316 0.990527 0 0 0 1)
(0.990443 -0.137924 0 0.137924 0.990443 0 0 0 1)
(0.990358 -0.138532 0 0.138532 0.990358 0 0 0 1)
(0.990273 -0.139139 0 0.139139 0.990273 0 0 0 1)
(0.990187 -0.139747 0 0.139747 0.990187 0 0 0 1)
(0.990101 -0.140355 0 0.140355 0.990101 0 0 0 1)
(0.990015 -0.140962 0 0.140962 0.990015 0 0 0 1)
(0.989928 -0.141569 0 0.141569 0.989928 0 0 0 1)
(0.989841 -0.142177 0 0.142177 0.989841 0 0 0 1)
(0.989754 -0.142784 0 0.142784 0.989754 0 0 0 1)
(0.989666 -0.143392 0 0.143392 0.989666 0 0 0 1)
(0.989578 -0.143999 0 0.143999 0.989578 0 0 0 1)
(0.989489 -0.144606 0 0.144606 0.989489 0 0 0 1)
(0.9894 -0.145213 0 0.145213 0.9894 0 0 0 1)
(0.989311 -0.14582 0 0.14582 0.989311 0 0 0 1)
(0.989221 -0.146427 0 0.146427 0.989221 0 0 0 1)
(0.989131 -0.147034 0 0.147034 0.989131 0 0 0 1)
(0.989041 -0.147641 0 0.147641 0.989041 0 0 0 1)
(0.98895 -0.148248 0 0.148248 0.98895 0 0 0 1)
(0.988859 -0.148855 0 0.148855 0.988859 0 0 0 1)
(0.988768 -0.149461 0 0.149461 0.988768 0 0 0 1)
(0.988676 -0.150068 0 0.150068 0.988676 0 0 0 1)
(0.988583 -0.150675 0 0.150675 0.988583 0 0 0 1)
(0.988491 -0.151281 0 0.151281 0.988491 0 0 0 1)
(0.988398 -0.151887 0 0.151887 0.988398 0 0 0 1)
(0.988304 -0.152494 0 0.152494 0.988304 0 0 0 1)
(0.988211 -0.153101 0 0.153101 0.988211 0 0 0 1)
(0.988117 -0.153707 0 0.153707 0.988117 0 0 0 1)
(0.988022 -0.154313 0 0.154313 0.988022 0 0 0 1)
(0.987927 -0.154919 0 0.154919 0.987927 0 0 0 1)
(0.987832 -0.155525 0 0.155525 0.987832 0 0 0 1)
(0.987736 -0.156132 0 0.156132 0.987736 0 0 0 1)
(0.98764 -0.156738 0 0.156738 0.98764 0 0 0 1)
(0.987544 -0.157343 0 0.157343 0.987544 0 0 0 1)
(0.987447 -0.157949 0 0.157949 0.987447 0 0 0 1)
(0.98735 -0.158555 0 0.158555 0.98735 0 0 0 1)
(0.987253 -0.159161 0 0.159161 0.987253 0 0 0 1)
(0.987155 -0.159767 0 0.159767 0.987155 0 0 0 1)
(0.987057 -0.160373 0 0.160373 0.987057 0 0 0 1)
(0.986958 -0.160978 0 0.160978 0.986958 0 0 0 1)
(0.986859 -0.161584 0 0.161584 0.986859 0 0 0 1)
(0.98676 -0.162189 0 0.162189 0.98676 0 0 0 1)
(0.98666 -0.162795 0 0.162795 0.98666 0 0 0 1)
(0.98656 -0.1634 0 0.1634 0.98656 0 0 0 1)
(0.986459 -0.164005 0 0.164005 0.986459 0 0 0 1)
(0.986359 -0.16461 0 0.16461 0.986359 0 0 0 1)
(0.986257 -0.165216 0 0.165216 0.986257 0 0 0 1)
(0.986156 -0.165821 0 0.165821 0.986156 0 0 0 1)
(0.986054 -0.166426 0 0.166426 0.986054 0 0 0 1)
(0.985952 -0.167031 0 0.167031 0.985952 0 0 0 1)
(0.985849 -0.167636 0 0.167636 0.985849 0 0 0 1)
(0.985746 -0.168241 0 0.168241 0.985746 0 0 0 1)
(0.985643 -0.168845 0 0.168845 0.985643 0 0 0 1)
(0.985539 -0.16945 0 0.16945 0.985539 0 0 0 1)
(0.985435 -0.170055 0 0.170055 0.985435 0 0 0 1)
(0.98533 -0.17066 0 0.17066 0.98533 0 0 0 1)
(0.985225 -0.171264 0 0.171264 0.985225 0 0 0 1)
(0.98512 -0.171868 0 0.171868 0.98512 0 0 0 1)
(0.985014 -0.172473 0 0.172473 0.985014 0 0 0 1)
(0.984908 -0.173078 0 0.173078 0.984908 0 0 0 1)
(0.984802 -0.173682 0 0.173682 0.984802 0 0 0 1)
(0.984695 -0.174286 0 0.174286 0.984695 0 0 0 1)
(0.984588 -0.17489 0 0.17489 0.984588 0 0 0 1)
(0.98448 -0.175494 0 0.175494 0.98448 0 0 0 1)
(0.984373 -0.176098 0 0.176098 0.984373 0 0 0 1)
(0.984264 -0.176702 0 0.176702 0.984264 0 0 0 1)
(0.984156 -0.177306 0 0.177306 0.984156 0 0 0 1)
(0.984047 -0.17791 0 0.17791 0.984047 0 0 0 1)
(0.983937 -0.178514 0 0.178514 0.983937 0 0 0 1)
(0.983828 -0.179118 0 0.179118 0.983828 0 0 0 1)
(0.983718 -0.179721 0 0.179721 0.983718 0 0 0 1)
(0.983607 -0.180325 0 0.180325 0.983607 0 0 0 1)
(0.983496 -0.180928 0 0.180928 0.983496 0 0 0 1)
(0.983385 -0.181532 0 0.181532 0.983385 0 0 0 1)
(0.983273 -0.182135 0 0.182135 0.983273 0 0 0 1)
(0.983162 -0.182738 0 0.182738 0.983162 0 0 0 1)
(0.983049 -0.183342 0 0.183342 0.983049 0 0 0 1)
(0.982937 -0.183945 0 0.183945 0.982937 0 0 0 1)
(0.982824 -0.184548 0 0.184548 0.982824 0 0 0 1)
(0.98271 -0.185151 0 0.185151 0.98271 0 0 0 1)
(0.982596 -0.185754 0 0.185754 0.982596 0 0 0 1)
(0.982482 -0.186357 0 0.186357 0.982482 0 0 0 1)
(0.982368 -0.186959 0 0.186959 0.982368 0 0 0 1)
(0.982253 -0.187562 0 0.187562 0.982253 0 0 0 1)
(0.982138 -0.188165 0 0.188165 0.982138 0 0 0 1)
(0.982022 -0.188768 0 0.188768 0.982022 0 0 0 1)
(0.981906 -0.18937 0 0.18937 0.981906 0 0 0 1)
(0.981789 -0.189972 0 0.189972 0.981789 0 0 0 1)
(0.981673 -0.190575 0 0.190575 0.981673 0 0 0 1)
(0.981556 -0.191177 0 0.191177 0.981556 0 0 0 1)
(0.981438 -0.19178 0 0.19178 0.981438 0 0 0 1)
(0.98132 -0.192382 0 0.192382 0.98132 0 0 0 1)
(0.981202 -0.192984 0 0.192984 0.981202 0 0 0 1)
(0.981083 -0.193586 0 0.193586 0.981083 0 0 0 1)
(0.980964 -0.194187 0 0.194187 0.980964 0 0 0 1)
(0.980845 -0.19479 0 0.19479 0.980845 0 0 0 1)
(0.980725 -0.195391 0 0.195391 0.980725 0 0 0 1)
(0.980605 -0.195993 0 0.195993 0.980605 0 0 0 1)
(0.980485 -0.196595 0 0.196595 0.980485 0 0 0 1)
(0.980364 -0.197196 0 0.197196 0.980364 0 0 0 1)
(0.980243 -0.197798 0 0.197798 0.980243 0 0 0 1)
(0.980121 -0.198399 0 0.198399 0.980121 0 0 0 1)
(0.979999 -0.199001 0 0.199001 0.979999 0 0 0 1)
(0.979877 -0.199602 0 0.199602 0.979877 0 0 0 1)
(0.979754 -0.200203 0 0.200203 0.979754 0 0 0 1)
(0.979631 -0.200804 0 0.200804 0.979631 0 0 0 1)
(0.979508 -0.201405 0 0.201405 0.979508 0 0 0 1)
(0.979384 -0.202006 0 0.202006 0.979384 0 0 0 1)
(0.97926 -0.202607 0 0.202607 0.97926 0 0 0 1)
(0.979136 -0.203208 0 0.203208 0.979136 0 0 0 1)
(0.979011 -0.203809 0 0.203809 0.979011 0 0 0 1)
(0.978886 -0.204409 0 0.204409 0.978886 0 0 0 1)
(0.97876 -0.20501 0 0.20501 0.97876 0 0 0 1)
(0.978634 -0.205611 0 0.205611 0.978634 0 0 0 1)
(0.978508 -0.206211 0 0.206211 0.978508 0 0 0 1)
(0.978381 -0.206811 0 0.206811 0.978381 0 0 0 1)
(0.978254 -0.207411 0 0.207411 0.978254 0 0 0 1)
(0.978126 -0.208012 0 0.208012 0.978126 0 0 0 1)
(0.977998 -0.208612 0 0.208612 0.977998 0 0 0 1)
(0.97787 -0.209212 0 0.209212 0.97787 0 0 0 1)
(0.977742 -0.209812 0 0.209812 0.977742 0 0 0 1)
(0.977613 -0.210412 0 0.210412 0.977613 0 0 0 1)
(0.977483 -0.211012 0 0.211012 0.977483 0 0 0 1)
(0.977354 -0.211612 0 0.211612 0.977354 0 0 0 1)
(0.977224 -0.212211 0 0.212211 0.977224 0 0 0 1)
(0.977093 -0.212811 0 0.212811 0.977093 0 0 0 1)
(0.976963 -0.21341 0 0.21341 0.976963 0 0 0 1)
(0.976832 -0.214009 0 0.214009 0.976832 0 0 0 1)
(0.9767 -0.214609 0 0.214609 0.9767 0 0 0 1)
(0.976568 -0.215208 0 0.215208 0.976568 0 0 0 1)
(0.976436 -0.215807 0 0.215807 0.976436 0 0 0 1)
(0.976303 -0.216406 0 0.216406 0.976303 0 0 0 1)
(0.97617 -0.217005 0 0.217005 0.97617 0 0 0 1)
(0.976037 -0.217604 0 0.217604 0.976037 0 0 0 1)
(0.975903 -0.218203 0 0.218203 0.975903 0 0 0 1)
(0.975769 -0.218802 0 0.218802 0.975769 0 0 0 1)
(0.975635 -0.219401 0 0.219401 0.975635 0 0 0 1)
(0.9755 -0.219999 0 0.219999 0.9755 0 0 0 1)
(0.975365 -0.220598 0 0.220598 0.975365 0 0 0 1)
(0.975229 -0.221196 0 0.221196 0.975229 0 0 0 1)
(0.975093 -0.221795 0 0.221795 0.975093 0 0 0 1)
(0.974957 -0.222393 0 0.222393 0.974957 0 0 0 1)
(0.974821 -0.222991 0 0.222991 0.974821 0 0 0 1)
(0.974684 -0.223589 0 0.223589 0.974684 0 0 0 1)
(0.974546 -0.224187 0 0.224187 0.974546 0 0 0 1)
(0.974408 -0.224785 0 0.224785 0.974408 0 0 0 1)
(0.97427 -0.225383 0 0.225383 0.97427 0 0 0 1)
(0.974132 -0.225981 0 0.225981 0.974132 0 0 0 1)
(0.973993 -0.226578 0 0.226578 0.973993 0 0 0 1)
(0.973854 -0.227176 0 0.227176 0.973854 0 0 0 1)
(0.973714 -0.227774 0 0.227774 0.973714 0 0 0 1)
(0.973574 -0.228371 0 0.228371 0.973574 0 0 0 1)
(0.973434 -0.228968 0 0.228968 0.973434 0 0 0 1)
(0.973293 -0.229565 0 0.229565 0.973293 0 0 0 1)
(0.973152 -0.230162 0 0.230162 0.973152 0 0 0 1)
(0.973011 -0.230759 0 0.230759 0.973011 0 0 0 1)
(0.972869 -0.231357 0 0.231357 0.972869 0 0 0 1)
(0.972727 -0.231954 0 0.231954 0.972727 0 0 0 1)
(0.972584 -0.23255 0 0.23255 0.972584 0 0 0 1)
(0.972442 -0.233147 0 0.233147 0.972442 0 0 0 1)
(0.972298 -0.233743 0 0.233743 0.972298 0 0 0 1)
(0.972155 -0.23434 0 0.23434 0.972155 0 0 0 1)
(0.972011 -0.234937 0 0.234937 0.972011 0 0 0 1)
(0.971866 -0.235533 0 0.235533 0.971866 0 0 0 1)
(0.971722 -0.236129 0 0.236129 0.971722 0 0 0 1)
(0.971577 -0.236725 0 0.236725 0.971577 0 0 0 1)
(0.971431 -0.237322 0 0.237322 0.971431 0 0 0 1)
(0.971285 -0.237918 0 0.237918 0.971285 0 0 0 1)
(0.971139 -0.238514 0 0.238514 0.971139 0 0 0 1)
(0.970993 -0.239109 0 0.239109 0.970993 0 0 0 1)
(0.970846 -0.239705 0 0.239705 0.970846 0 0 0 1)
(0.970698 -0.240301 0 0.240301 0.970698 0 0 0 1)
(0.970551 -0.240897 0 0.240897 0.970551 0 0 0 1)
(0.970403 -0.241492 0 0.241492 0.970403 0 0 0 1)
(0.970254 -0.242087 0 0.242087 0.970254 0 0 0 1)
(0.970106 -0.242682 0 0.242682 0.970106 0 0 0 1)
(0.969957 -0.243278 0 0.243278 0.969957 0 0 0 1)
(0.969807 -0.243873 0 0.243873 0.969807 0 0 0 1)
(0.969657 -0.244468 0 0.244468 0.969657 0 0 0 1)
(0.969507 -0.245063 0 0.245063 0.969507 0 0 0 1)
(0.969357 -0.245658 0 0.245658 0.969357 0 0 0 1)
(0.969206 -0.246252 0 0.246252 0.969206 0 0 0 1)
(0.969055 -0.246847 0 0.246847 0.969055 0 0 0 1)
(0.968903 -0.247442 0 0.247442 0.968903 0 0 0 1)
(0.968751 -0.248036 0 0.248036 0.968751 0 0 0 1)
(0.968598 -0.24863 0 0.24863 0.968598 0 0 0 1)
(0.968446 -0.249225 0 0.249225 0.968446 0 0 0 1)
(0.968293 -0.249819 0 0.249819 0.968293 0 0 0 1)
(0.968139 -0.250413 0 0.250413 0.968139 0 0 0 1)
(0.967985 -0.251007 0 0.251007 0.967985 0 0 0 1)
(0.967831 -0.251601 0 0.251601 0.967831 0 0 0 1)
(0.967677 -0.252195 0 0.252195 0.967677 0 0 0 1)
(0.967522 -0.252788 0 0.252788 0.967522 0 0 0 1)
(0.967366 -0.253382 0 0.253382 0.967366 0 0 0 1)
(0.967211 -0.253976 0 0.253976 0.967211 0 0 0 1)
(0.967055 -0.254569 0 0.254569 0.967055 0 0 0 1)
(0.966898 -0.255162 0 0.255162 0.966898 0 0 0 1)
(0.966742 -0.255755 0 0.255755 0.966742 0 0 0 1)
(0.966584 -0.256349 0 0.256349 0.966584 0 0 0 1)
(0.966427 -0.256942 0 0.256942 0.966427 0 0 0 1)
(0.966269 -0.257535 0 0.257535 0.966269 0 0 0 1)
(0.966111 -0.258128 0 0.258128 0.966111 0 0 0 1)
(0.965952 -0.25872 0 0.25872 0.965952 0 0 0 1)
(0.965793 -0.259313 0 0.259313 0.965793 0 0 0 1)
(0.965634 -0.259906 0 0.259906 0.965634 0 0 0 1)
(0.965474 -0.260498 0 0.260498 0.965474 0 0 0 1)
(0.965314 -0.26109 0 0.26109 0.965314 0 0 0 1)
(0.965154 -0.261683 0 0.261683 0.965154 0 0 0 1)
(0.964993 -0.262275 0 0.262275 0.964993 0 0 0 1)
(0.964832 -0.262867 0 0.262867 0.964832 0 0 0 1)
(0.964671 -0.263459 0 0.263459 0.964671 0 0 0 1)
(0.964509 -0.264051 0 0.264051 0.964509 0 0 0 1)
(0.964347 -0.264642 0 0.264642 0.964347 0 0 0 1)
(0.964184 -0.265234 0 0.265234 0.964184 0 0 0 1)
(0.964021 -0.265825 0 0.265825 0.964021 0 0 0 1)
(0.963858 -0.266417 0 0.266417 0.963858 0 0 0 1)
(0.963694 -0.267009 0 0.267009 0.963694 0 0 0 1)
(0.96353 -0.2676 0 0.2676 0.96353 0 0 0 1)
(0.963366 -0.268191 0 0.268191 0.963366 0 0 0 1)
(0.963201 -0.268782 0 0.268782 0.963201 0 0 0 1)
(0.963036 -0.269373 0 0.269373 0.963036 0 0 0 1)
(0.96287 -0.269964 0 0.269964 0.96287 0 0 0 1)
(0.962705 -0.270555 0 0.270555 0.962705 0 0 0 1)
(0.962538 -0.271145 0 0.271145 0.962538 0 0 0 1)
(0.962372 -0.271736 0 0.271736 0.962372 0 0 0 1)
(0.962205 -0.272326 0 0.272326 0.962205 0 0 0 1)
(0.962038 -0.272917 0 0.272917 0.962038 0 0 0 1)
(0.96187 -0.273507 0 0.273507 0.96187 0 0 0 1)
(0.961702 -0.274097 0 0.274097 0.961702 0 0 0 1)
(0.961534 -0.274687 0 0.274687 0.961534 0 0 0 1)
(0.961365 -0.275277 0 0.275277 0.961365 0 0 0 1)
(0.961196 -0.275867 0 0.275867 0.961196 0 0 0 1)
(0.961026 -0.276457 0 0.276457 0.961026 0 0 0 1)
(0.960857 -0.277046 0 0.277046 0.960857 0 0 0 1)
(0.960686 -0.277636 0 0.277636 0.960686 0 0 0 1)
(0.960516 -0.278225 0 0.278225 0.960516 0 0 0 1)
(0.960345 -0.278814 0 0.278814 0.960345 0 0 0 1)
(0.960174 -0.279404 0 0.279404 0.960174 0 0 0 1)
(0.960002 -0.279993 0 0.279993 0.960002 0 0 0 1)
(0.95983 -0.280582 0 0.280582 0.95983 0 0 0 1)
(0.959658 -0.28117 0 0.28117 0.959658 0 0 0 1)
(0.959485 -0.281759 0 0.281759 0.959485 0 0 0 1)
(0.959312 -0.282348 0 0.282348 0.959312 0 0 0 1)
(0.959139 -0.282937 0 0.282937 0.959139 0 0 0 1)
(0.958965 -0.283525 0 0.283525 0.958965 0 0 0 1)
(0.958791 -0.284113 0 0.284113 0.958791 0 0 0 1)
(0.958616 -0.284702 0 0.284702 0.958616 0 0 0 1)
(0.958441 -0.28529 0 0.28529 0.958441 0 0 0 1)
(0.958266 -0.285878 0 0.285878 0.958266 0 0 0 1)
(0.95809 -0.286466 0 0.286466 0.95809 0 0 0 1)
(0.957915 -0.287054 0 0.287054 0.957915 0 0 0 1)
(0.957738 -0.287641 0 0.287641 0.957738 0 0 0 1)
(0.957561 -0.288229 0 0.288229 0.957561 0 0 0 1)
(0.957384 -0.288817 0 0.288817 0.957384 0 0 0 1)
(0.957207 -0.289404 0 0.289404 0.957207 0 0 0 1)
(0.957029 -0.289991 0 0.289991 0.957029 0 0 0 1)
(0.956851 -0.290578 0 0.290578 0.956851 0 0 0 1)
(0.956673 -0.291165 0 0.291165 0.956673 0 0 0 1)
(0.956494 -0.291752 0 0.291752 0.956494 0 0 0 1)
(0.956315 -0.292339 0 0.292339 0.956315 0 0 0 1)
(0.956135 -0.292926 0 0.292926 0.956135 0 0 0 1)
(0.955955 -0.293512 0 0.293512 0.955955 0 0 0 1)
(0.955775 -0.294099 0 0.294099 0.955775 0 0 0 1)
(0.955594 -0.294685 0 0.294685 0.955594 0 0 0 1)
(0.955413 -0.295272 0 0.295272 0.955413 0 0 0 1)
(0.955232 -0.295858 0 0.295858 0.955232 0 0 0 1)
(0.95505 -0.296444 0 0.296444 0.95505 0 0 0 1)
(0.954868 -0.29703 0 0.29703 0.954868 0 0 0 1)
(0.954686 -0.297616 0 0.297616 0.954686 0 0 0 1)
(0.954503 -0.298202 0 0.298202 0.954503 0 0 0 1)
(0.95432 -0.298787 0 0.298787 0.95432 0 0 0 1)
(0.954136 -0.299373 0 0.299373 0.954136 0 0 0 1)
(0.953952 -0.299958 0 0.299958 0.953952 0 0 0 1)
(0.953768 -0.300543 0 0.300543 0.953768 0 0 0 1)
(0.953584 -0.301129 0 0.301129 0.953584 0 0 0 1)
(0.953399 -0.301714 0 0.301714 0.953399 0 0 0 1)
(0.953213 -0.302299 0 0.302299 0.953213 0 0 0 1)
(0.953028 -0.302883 0 0.302883 0.953028 0 0 0 1)
(0.952842 -0.303468 0 0.303468 0.952842 0 0 0 1)
(0.952655 -0.304053 0 0.304053 0.952655 0 0 0 1)
(0.952468 -0.304637 0 0.304637 0.952468 0 0 0 1)
(0.952281 -0.305222 0 0.305222 0.952281 0 0 0 1)
(0.952094 -0.305806 0 0.305806 0.952094 0 0 0 1)
(0.951906 -0.30639 0 0.30639 0.951906 0 0 0 1)
(0.951718 -0.306974 0 0.306974 0.951718 0 0 0 1)
(0.951529 -0.307558 0 0.307558 0.951529 0 0 0 1)
(0.95134 -0.308142 0 0.308142 0.95134 0 0 0 1)
(0.951151 -0.308725 0 0.308725 0.951151 0 0 0 1)
(0.950962 -0.309309 0 0.309309 0.950962 0 0 0 1)
(0.950772 -0.309892 0 0.309892 0.950772 0 0 0 1)
(0.950581 -0.310475 0 0.310475 0.950581 0 0 0 1)
(0.950391 -0.311059 0 0.311059 0.950391 0 0 0 1)
(0.9502 -0.311642 0 0.311642 0.9502 0 0 0 1)
(0.950008 -0.312225 0 0.312225 0.950008 0 0 0 1)
(0.949817 -0.312808 0 0.312808 0.949817 0 0 0 1)
(0.949624 -0.31339 0 0.31339 0.949624 0 0 0 1)
(0.949432 -0.313973 0 0.313973 0.949432 0 0 0 1)
(0.949239 -0.314556 0 0.314556 0.949239 0 0 0 1)
(0.949046 -0.315138 0 0.315138 0.949046 0 0 0 1)
(0.948852 -0.31572 0 0.31572 0.948852 0 0 0 1)
(0.948658 -0.316302 0 0.316302 0.948658 0 0 0 1)
(0.948464 -0.316885 0 0.316885 0.948464 0 0 0 1)
(0.948269 -0.317466 0 0.317466 0.948269 0 0 0 1)
(0.948075 -0.318048 0 0.318048 0.948075 0 0 0 1)
(0.947879 -0.31863 0 0.31863 0.947879 0 0 0 1)
(0.947684 -0.319211 0 0.319211 0.947684 0 0 0 1)
(0.947487 -0.319793 0 0.319793 0.947487 0 0 0 1)
(0.947291 -0.320374 0 0.320374 0.947291 0 0 0 1)
(0.947094 -0.320955 0 0.320955 0.947094 0 0 0 1)
(0.946897 -0.321536 0 0.321536 0.946897 0 0 0 1)
(0.9467 -0.322117 0 0.322117 0.9467 0 0 0 1)
(0.946502 -0.322698 0 0.322698 0.946502 0 0 0 1)
(0.946304 -0.323279 0 0.323279 0.946304 0 0 0 1)
(0.946105 -0.32386 0 0.32386 0.946105 0 0 0 1)
(0.945906 -0.32444 0 0.32444 0.945906 0 0 0 1)
(0.945707 -0.32502 0 0.32502 0.945707 0 0 0 1)
(0.945508 -0.3256 0 0.3256 0.945508 0 0 0 1)
(0.945308 -0.32618 0 0.32618 0.945308 0 0 0 1)
(0.945107 -0.326761 0 0.326761 0.945107 0 0 0 1)
(0.944906 -0.32734 0 0.32734 0.944906 0 0 0 1)
(0.944705 -0.32792 0 0.32792 0.944705 0 0 0 1)
(0.944504 -0.3285 0 0.3285 0.944504 0 0 0 1)
(0.944302 -0.329079 0 0.329079 0.944302 0 0 0 1)
(0.9441 -0.329659 0 0.329659 0.9441 0 0 0 1)
(0.943898 -0.330238 0 0.330238 0.943898 0 0 0 1)
(0.943695 -0.330817 0 0.330817 0.943695 0 0 0 1)
(0.943492 -0.331396 0 0.331396 0.943492 0 0 0 1)
(0.943288 -0.331975 0 0.331975 0.943288 0 0 0 1)
(0.943084 -0.332554 0 0.332554 0.943084 0 0 0 1)
(0.94288 -0.333132 0 0.333132 0.94288 0 0 0 1)
(0.942676 -0.333711 0 0.333711 0.942676 0 0 0 1)
(0.942471 -0.334289 0 0.334289 0.942471 0 0 0 1)
(0.942265 -0.334867 0 0.334867 0.942265 0 0 0 1)
(0.94206 -0.335445 0 0.335445 0.94206 0 0 0 1)
(0.941854 -0.336023 0 0.336023 0.941854 0 0 0 1)
(0.941647 -0.336601 0 0.336601 0.941647 0 0 0 1)
(0.941441 -0.337179 0 0.337179 0.941441 0 0 0 1)
(0.941234 -0.337756 0 0.337756 0.941234 0 0 0 1)
(0.941026 -0.338334 0 0.338334 0.941026 0 0 0 1)
(0.940818 -0.338911 0 0.338911 0.940818 0 0 0 1)
(0.94061 -0.339489 0 0.339489 0.94061 0 0 0 1)
(0.940402 -0.340066 0 0.340066 0.940402 0 0 0 1)
(0.940193 -0.340642 0 0.340642 0.940193 0 0 0 1)
(0.939984 -0.341219 0 0.341219 0.939984 0 0 0 1)
(0.939774 -0.341796 0 0.341796 0.939774 0 0 0 1)
(0.939564 -0.342373 0 0.342373 0.939564 0 0 0 1)
(0.939354 -0.342949 0 0.342949 0.939354 0 0 0 1)
(0.939143 -0.343525 0 0.343525 0.939143 0 0 0 1)
(0.938932 -0.344101 0 0.344101 0.938932 0 0 0 1)
(0.938721 -0.344677 0 0.344677 0.938721 0 0 0 1)
(0.938509 -0.345254 0 0.345254 0.938509 0 0 0 1)
(0.938297 -0.345829 0 0.345829 0.938297 0 0 0 1)
(0.938085 -0.346405 0 0.346405 0.938085 0 0 0 1)
(0.937872 -0.34698 0 0.34698 0.937872 0 0 0 1)
(0.937659 -0.347556 0 0.347556 0.937659 0 0 0 1)
(0.937446 -0.348131 0 0.348131 0.937446 0 0 0 1)
(0.937232 -0.348706 0 0.348706 0.937232 0 0 0 1)
(0.937018 -0.349281 0 0.349281 0.937018 0 0 0 1)
(0.936803 -0.349856 0 0.349856 0.936803 0 0 0 1)
(0.936589 -0.350431 0 0.350431 0.936589 0 0 0 1)
(0.936373 -0.351006 0 0.351006 0.936373 0 0 0 1)
(0.936158 -0.35158 0 0.35158 0.936158 0 0 0 1)
(0.935942 -0.352155 0 0.352155 0.935942 0 0 0 1)
(0.935726 -0.352729 0 0.352729 0.935726 0 0 0 1)
(0.935509 -0.353303 0 0.353303 0.935509 0 0 0 1)
(0.935292 -0.353877 0 0.353877 0.935292 0 0 0 1)
(0.935075 -0.35445 0 0.35445 0.935075 0 0 0 1)
(0.934857 -0.355024 0 0.355024 0.934857 0 0 0 1)
(0.934639 -0.355598 0 0.355598 0.934639 0 0 0 1)
(0.934421 -0.356171 0 0.356171 0.934421 0 0 0 1)
(0.934202 -0.356744 0 0.356744 0.934202 0 0 0 1)
(0.933983 -0.357317 0 0.357317 0.933983 0 0 0 1)
(0.933763 -0.357891 0 0.357891 0.933763 0 0 0 1)
(0.933544 -0.358464 0 0.358464 0.933544 0 0 0 1)
(0.933324 -0.359036 0 0.359036 0.933324 0 0 0 1)
(0.933103 -0.359609 0 0.359609 0.933103 0 0 0 1)
(0.932882 -0.360181 0 0.360181 0.932882 0 0 0 1)
(0.932661 -0.360754 0 0.360754 0.932661 0 0 0 1)
(0.93244 -0.361326 0 0.361326 0.93244 0 0 0 1)
(0.932218 -0.361898 0 0.361898 0.932218 0 0 0 1)
(0.931996 -0.36247 0 0.36247 0.931996 0 0 0 1)
(0.931773 -0.363042 0 0.363042 0.931773 0 0 0 1)
(0.93155 -0.363614 0 0.363614 0.93155 0 0 0 1)
(0.931327 -0.364185 0 0.364185 0.931327 0 0 0 1)
(0.931103 -0.364756 0 0.364756 0.931103 0 0 0 1)
(0.930879 -0.365327 0 0.365327 0.930879 0 0 0 1)
(0.930655 -0.365899 0 0.365899 0.930655 0 0 0 1)
(0.93043 -0.366469 0 0.366469 0.93043 0 0 0 1)
(0.930205 -0.36704 0 0.36704 0.930205 0 0 0 1)
(0.92998 -0.367611 0 0.367611 0.92998 0 0 0 1)
(0.929754 -0.368182 0 0.368182 0.929754 0 0 0 1)
(0.929528 -0.368752 0 0.368752 0.929528 0 0 0 1)
(0.929301 -0.369322 0 0.369322 0.929301 0 0 0 1)
(0.929075 -0.369892 0 0.369892 0.929075 0 0 0 1)
(0.928847 -0.370463 0 0.370463 0.928847 0 0 0 1)
(0.92862 -0.371032 0 0.371032 0.92862 0 0 0 1)
(0.928392 -0.371602 0 0.371602 0.928392 0 0 0 1)
(0.928164 -0.372172 0 0.372172 0.928164 0 0 0 1)
(0.927935 -0.372741 0 0.372741 0.927935 0 0 0 1)
(0.927706 -0.373311 0 0.373311 0.927706 0 0 0 1)
(0.927477 -0.37388 0 0.37388 0.927477 0 0 0 1)
(0.927248 -0.374449 0 0.374449 0.927248 0 0 0 1)
(0.927018 -0.375017 0 0.375017 0.927018 0 0 0 1)
(0.926788 -0.375586 0 0.375586 0.926788 0 0 0 1)
(0.926557 -0.376155 0 0.376155 0.926557 0 0 0 1)
(0.926326 -0.376723 0 0.376723 0.926326 0 0 0 1)
(0.926094 -0.377292 0 0.377292 0.926094 0 0 0 1)
(0.925863 -0.37786 0 0.37786 0.925863 0 0 0 1)
(0.925631 -0.378428 0 0.378428 0.925631 0 0 0 1)
(0.925398 -0.378996 0 0.378996 0.925398 0 0 0 1)
(0.925166 -0.379564 0 0.379564 0.925166 0 0 0 1)
(0.924933 -0.380131 0 0.380131 0.924933 0 0 0 1)
(0.924699 -0.380699 0 0.380699 0.924699 0 0 0 1)
(0.924465 -0.381266 0 0.381266 0.924465 0 0 0 1)
(0.924231 -0.381833 0 0.381833 0.924231 0 0 0 1)
(0.923997 -0.3824 0 0.3824 0.923997 0 0 0 1)
(0.923762 -0.382967 0 0.382967 0.923762 0 0 0 1)
(0.923527 -0.383534 0 0.383534 0.923527 0 0 0 1)
(0.923291 -0.3841 0 0.3841 0.923291 0 0 0 1)
(0.923056 -0.384667 0 0.384667 0.923056 0 0 0 1)
(0.922819 -0.385233 0 0.385233 0.922819 0 0 0 1)
(0.922583 -0.385799 0 0.385799 0.922583 0 0 0 1)
(0.922346 -0.386365 0 0.386365 0.922346 0 0 0 1)
(0.922109 -0.386931 0 0.386931 0.922109 0 0 0 1)
(0.921871 -0.387497 0 0.387497 0.921871 0 0 0 1)
(0.921633 -0.388062 0 0.388062 0.921633 0 0 0 1)
(0.921395 -0.388628 0 0.388628 0.921395 0 0 0 1)
(0.921156 -0.389193 0 0.389193 0.921156 0 0 0 1)
(0.920917 -0.389758 0 0.389758 0.920917 0 0 0 1)
(0.920678 -0.390323 0 0.390323 0.920678 0 0 0 1)
(0.920438 -0.390888 0 0.390888 0.920438 0 0 0 1)
(0.920198 -0.391453 0 0.391453 0.920198 0 0 0 1)
(0.919958 -0.392017 0 0.392017 0.919958 0 0 0 1)
(0.919717 -0.392582 0 0.392582 0.919717 0 0 0 1)
(0.919476 -0.393146 0 0.393146 0.919476 0 0 0 1)
(0.919235 -0.39371 0 0.39371 0.919235 0 0 0 1)
(0.918993 -0.394274 0 0.394274 0.918993 0 0 0 1)
(0.918751 -0.394838 0 0.394838 0.918751 0 0 0 1)
(0.918508 -0.395402 0 0.395402 0.918508 0 0 0 1)
(0.918266 -0.395965 0 0.395965 0.918266 0 0 0 1)
(0.918022 -0.396528 0 0.396528 0.918022 0 0 0 1)
(0.917779 -0.397091 0 0.397091 0.917779 0 0 0 1)
(0.917535 -0.397654 0 0.397654 0.917535 0 0 0 1)
(0.917291 -0.398218 0 0.398218 0.917291 0 0 0 1)
(0.917046 -0.39878 0 0.39878 0.917046 0 0 0 1)
(0.916802 -0.399343 0 0.399343 0.916802 0 0 0 1)
(0.916556 -0.399905 0 0.399905 0.916556 0 0 0 1)
(0.916311 -0.400468 0 0.400468 0.916311 0 0 0 1)
(0.916065 -0.40103 0 0.40103 0.916065 0 0 0 1)
(0.915819 -0.401592 0 0.401592 0.915819 0 0 0 1)
(0.915572 -0.402154 0 0.402154 0.915572 0 0 0 1)
(0.915325 -0.402715 0 0.402715 0.915325 0 0 0 1)
(0.915078 -0.403277 0 0.403277 0.915078 0 0 0 1)
(0.91483 -0.403839 0 0.403839 0.91483 0 0 0 1)
(0.914582 -0.4044 0 0.4044 0.914582 0 0 0 1)
(0.914334 -0.404961 0 0.404961 0.914334 0 0 0 1)
(0.914085 -0.405522 0 0.405522 0.914085 0 0 0 1)
(0.913836 -0.406083 0 0.406083 0.913836 0 0 0 1)
(0.913587 -0.406644 0 0.406644 0.913587 0 0 0 1)
(0.913337 -0.407204 0 0.407204 0.913337 0 0 0 1)
(0.913087 -0.407764 0 0.407764 0.913087 0 0 0 1)
(0.912837 -0.408324 0 0.408324 0.912837 0 0 0 1)
(0.912586 -0.408884 0 0.408884 0.912586 0 0 0 1)
(0.912335 -0.409444 0 0.409444 0.912335 0 0 0 1)
(0.912084 -0.410004 0 0.410004 0.912084 0 0 0 1)
(0.911832 -0.410564 0 0.410564 0.911832 0 0 0 1)
(0.91158 -0.411123 0 0.411123 0.91158 0 0 0 1)
(0.911328 -0.411682 0 0.411682 0.911328 0 0 0 1)
(0.911075 -0.412241 0 0.412241 0.911075 0 0 0 1)
(0.910822 -0.4128 0 0.4128 0.910822 0 0 0 1)
(0.910568 -0.413359 0 0.413359 0.910568 0 0 0 1)
(0.910314 -0.413918 0 0.413918 0.910314 0 0 0 1)
(0.91006 -0.414476 0 0.414476 0.91006 0 0 0 1)
(0.909806 -0.415034 0 0.415034 0.909806 0 0 0 1)
(0.909551 -0.415592 0 0.415592 0.909551 0 0 0 1)
(0.909296 -0.416151 0 0.416151 0.909296 0 0 0 1)
(0.90904 -0.416709 0 0.416709 0.90904 0 0 0 1)
(0.908784 -0.417266 0 0.417266 0.908784 0 0 0 1)
(0.908528 -0.417824 0 0.417824 0.908528 0 0 0 1)
(0.908272 -0.418381 0 0.418381 0.908272 0 0 0 1)
(0.908015 -0.418939 0 0.418939 0.908015 0 0 0 1)
(0.907757 -0.419496 0 0.419496 0.907757 0 0 0 1)
(0.9075 -0.420052 0 0.420052 0.9075 0 0 0 1)
(0.907242 -0.420609 0 0.420609 0.907242 0 0 0 1)
(0.906984 -0.421166 0 0.421166 0.906984 0 0 0 1)
(0.906725 -0.421722 0 0.421722 0.906725 0 0 0 1)
(0.906466 -0.422279 0 0.422279 0.906466 0 0 0 1)
(0.906207 -0.422835 0 0.422835 0.906207 0 0 0 1)
(0.905947 -0.423391 0 0.423391 0.905947 0 0 0 1)
(0.905687 -0.423946 0 0.423946 0.905687 0 0 0 1)
(0.905427 -0.424502 0 0.424502 0.905427 0 0 0 1)
(0.905166 -0.425058 0 0.425058 0.905166 0 0 0 1)
(0.904905 -0.425613 0 0.425613 0.904905 0 0 0 1)
(0.904644 -0.426168 0 0.426168 0.904644 0 0 0 1)
(0.904382 -0.426723 0 0.426723 0.904382 0 0 0 1)
(0.90412 -0.427278 0 0.427278 0.90412 0 0 0 1)
(0.903858 -0.427832 0 0.427832 0.903858 0 0 0 1)
(0.903595 -0.428387 0 0.428387 0.903595 0 0 0 1)
(0.903332 -0.428941 0 0.428941 0.903332 0 0 0 1)
(0.903069 -0.429496 0 0.429496 0.903069 0 0 0 1)
(0.902805 -0.430049 0 0.430049 0.902805 0 0 0 1)
(0.902541 -0.430603 0 0.430603 0.902541 0 0 0 1)
(0.902277 -0.431157 0 0.431157 0.902277 0 0 0 1)
(0.902012 -0.431711 0 0.431711 0.902012 0 0 0 1)
(0.901747 -0.432264 0 0.432264 0.901747 0 0 0 1)
(0.901482 -0.432817 0 0.432817 0.901482 0 0 0 1)
(0.901216 -0.43337 0 0.43337 0.901216 0 0 0 1)
(0.90095 -0.433924 0 0.433924 0.90095 0 0 0 1)
(0.900683 -0.434476 0 0.434476 0.900683 0 0 0 1)
(0.900417 -0.435029 0 0.435029 0.900417 0 0 0 1)
(0.90015 -0.435581 0 0.435581 0.90015 0 0 0 1)
(0.899882 -0.436133 0 0.436133 0.899882 0 0 0 1)
(0.899614 -0.436686 0 0.436686 0.899614 0 0 0 1)
(0.899346 -0.437237 0 0.437237 0.899346 0 0 0 1)
(0.899078 -0.437789 0 0.437789 0.899078 0 0 0 1)
(0.898809 -0.438341 0 0.438341 0.898809 0 0 0 1)
(0.89854 -0.438892 0 0.438892 0.89854 0 0 0 1)
(0.89827 -0.439443 0 0.439443 0.89827 0 0 0 1)
(0.898001 -0.439994 0 0.439994 0.898001 0 0 0 1)
(0.89773 -0.440545 0 0.440545 0.89773 0 0 0 1)
(0.89746 -0.441096 0 0.441096 0.89746 0 0 0 1)
(0.897189 -0.441647 0 0.441647 0.897189 0 0 0 1)
(0.896918 -0.442197 0 0.442197 0.896918 0 0 0 1)
(0.896647 -0.442747 0 0.442747 0.896647 0 0 0 1)
(0.896375 -0.443298 0 0.443298 0.896375 0 0 0 1)
(0.896102 -0.443847 0 0.443847 0.896102 0 0 0 1)
(0.89583 -0.444397 0 0.444397 0.89583 0 0 0 1)
(0.895557 -0.444947 0 0.444947 0.895557 0 0 0 1)
(0.895284 -0.445496 0 0.445496 0.895284 0 0 0 1)
(0.89501 -0.446046 0 0.446046 0.89501 0 0 0 1)
(0.894736 -0.446595 0 0.446595 0.894736 0 0 0 1)
(0.894462 -0.447143 0 0.447143 0.894462 0 0 0 1)
(0.894188 -0.447692 0 0.447692 0.894188 0 0 0 1)
(0.893913 -0.448241 0 0.448241 0.893913 0 0 0 1)
(0.893638 -0.448789 0 0.448789 0.893638 0 0 0 1)
(0.893362 -0.449337 0 0.449337 0.893362 0 0 0 1)
(0.893086 -0.449885 0 0.449885 0.893086 0 0 0 1)
(0.89281 -0.450433 0 0.450433 0.89281 0 0 0 1)
(0.892534 -0.450981 0 0.450981 0.892534 0 0 0 1)
(0.892257 -0.451529 0 0.451529 0.892257 0 0 0 1)
(0.891979 -0.452076 0 0.452076 0.891979 0 0 0 1)
(0.891702 -0.452623 0 0.452623 0.891702 0 0 0 1)
(0.891424 -0.45317 0 0.45317 0.891424 0 0 0 1)
(0.891146 -0.453717 0 0.453717 0.891146 0 0 0 1)
(0.890867 -0.454264 0 0.454264 0.890867 0 0 0 1)
(0.890588 -0.45481 0 0.45481 0.890588 0 0 0 1)
(0.890309 -0.455357 0 0.455357 0.890309 0 0 0 1)
(0.890029 -0.455903 0 0.455903 0.890029 0 0 0 1)
(0.88975 -0.456449 0 0.456449 0.88975 0 0 0 1)
(0.889469 -0.456995 0 0.456995 0.889469 0 0 0 1)
(0.889189 -0.45754 0 0.45754 0.889189 0 0 0 1)
(0.888908 -0.458086 0 0.458086 0.888908 0 0 0 1)
(0.888627 -0.458632 0 0.458632 0.888627 0 0 0 1)
(0.888345 -0.459177 0 0.459177 0.888345 0 0 0 1)
(0.888063 -0.459722 0 0.459722 0.888063 0 0 0 1)
(0.887781 -0.460266 0 0.460266 0.887781 0 0 0 1)
(0.887498 -0.460811 0 0.460811 0.887498 0 0 0 1)
(0.887215 -0.461356 0 0.461356 0.887215 0 0 0 1)
(0.886932 -0.4619 0 0.4619 0.886932 0 0 0 1)
(0.886649 -0.462444 0 0.462444 0.886649 0 0 0 1)
(0.886365 -0.462988 0 0.462988 0.886365 0 0 0 1)
(0.88608 -0.463532 0 0.463532 0.88608 0 0 0 1)
(0.885796 -0.464075 0 0.464075 0.885796 0 0 0 1)
(0.885511 -0.464619 0 0.464619 0.885511 0 0 0 1)
(0.885226 -0.465162 0 0.465162 0.885226 0 0 0 1)
(0.88494 -0.465705 0 0.465705 0.88494 0 0 0 1)
(0.884654 -0.466248 0 0.466248 0.884654 0 0 0 1)
(0.884368 -0.466791 0 0.466791 0.884368 0 0 0 1)
(0.884081 -0.467333 0 0.467333 0.884081 0 0 0 1)
(0.883794 -0.467876 0 0.467876 0.883794 0 0 0 1)
(0.883507 -0.468418 0 0.468418 0.883507 0 0 0 1)
(0.88322 -0.46896 0 0.46896 0.88322 0 0 0 1)
(0.882932 -0.469502 0 0.469502 0.882932 0 0 0 1)
(0.882643 -0.470044 0 0.470044 0.882643 0 0 0 1)
(0.882355 -0.470585 0 0.470585 0.882355 0 0 0 1)
(0.882066 -0.471126 0 0.471126 0.882066 0 0 0 1)
(0.881777 -0.471667 0 0.471667 0.881777 0 0 0 1)
(0.881487 -0.472208 0 0.472208 0.881487 0 0 0 1)
(0.881197 -0.472749 0 0.472749 0.881197 0 0 0 1)
(0.880907 -0.47329 0 0.47329 0.880907 0 0 0 1)
(0.880616 -0.47383 0 0.47383 0.880616 0 0 0 1)
(0.880325 -0.47437 0 0.47437 0.880325 0 0 0 1)
(0.880034 -0.47491 0 0.47491 0.880034 0 0 0 1)
(0.879742 -0.475451 0 0.475451 0.879742 0 0 0 1)
(0.879451 -0.47599 0 0.47599 0.879451 0 0 0 1)
(0.879158 -0.47653 0 0.47653 0.879158 0 0 0 1)
(0.878866 -0.477069 0 0.477069 0.878866 0 0 0 1)
(0.878573 -0.477608 0 0.477608 0.878573 0 0 0 1)
(0.87828 -0.478147 0 0.478147 0.87828 0 0 0 1)
(0.877986 -0.478686 0 0.478686 0.877986 0 0 0 1)
(0.877692 -0.479225 0 0.479225 0.877692 0 0 0 1)
(0.877398 -0.479763 0 0.479763 0.877398 0 0 0 1)
(0.877104 -0.480301 0 0.480301 0.877104 0 0 0 1)
(0.876809 -0.48084 0 0.48084 0.876809 0 0 0 1)
(0.876513 -0.481378 0 0.481378 0.876513 0 0 0 1)
(0.876218 -0.481915 0 0.481915 0.876218 0 0 0 1)
(0.875922 -0.482453 0 0.482453 0.875922 0 0 0 1)
(0.875626 -0.48299 0 0.48299 0.875626 0 0 0 1)
(0.875329 -0.483527 0 0.483527 0.875329 0 0 0 1)
(0.875033 -0.484064 0 0.484064 0.875033 0 0 0 1)
(0.874735 -0.484601 0 0.484601 0.874735 0 0 0 1)
(0.874438 -0.485138 0 0.485138 0.874438 0 0 0 1)
(0.87414 -0.485674 0 0.485674 0.87414 0 0 0 1)
(0.873842 -0.48621 0 0.48621 0.873842 0 0 0 1)
(0.873543 -0.486746 0 0.486746 0.873543 0 0 0 1)
(0.873244 -0.487283 0 0.487283 0.873244 0 0 0 1)
(0.872945 -0.487818 0 0.487818 0.872945 0 0 0 1)
(0.872646 -0.488354 0 0.488354 0.872646 0 0 0 1)
(0.872346 -0.488889 0 0.488889 0.872346 0 0 0 1)
(0.872046 -0.489424 0 0.489424 0.872046 0 0 0 1)
(0.871745 -0.489959 0 0.489959 0.871745 0 0 0 1)
(0.871445 -0.490494 0 0.490494 0.871445 0 0 0 1)
(0.871143 -0.491029 0 0.491029 0.871143 0 0 0 1)
(0.870842 -0.491563 0 0.491563 0.870842 0 0 0 1)
(0.87054 -0.492097 0 0.492097 0.87054 0 0 0 1)
(0.870238 -0.492632 0 0.492632 0.870238 0 0 0 1)
(0.869936 -0.493165 0 0.493165 0.869936 0 0 0 1)
(0.869633 -0.493699 0 0.493699 0.869633 0 0 0 1)
(0.86933 -0.494232 0 0.494232 0.86933 0 0 0 1)
(0.869026 -0.494766 0 0.494766 0.869026 0 0 0 1)
(0.868723 -0.495299 0 0.495299 0.868723 0 0 0 1)
(0.868418 -0.495832 0 0.495832 0.868418 0 0 0 1)
(0.868114 -0.496365 0 0.496365 0.868114 0 0 0 1)
(0.867809 -0.496897 0 0.496897 0.867809 0 0 0 1)
(0.867504 -0.497429 0 0.497429 0.867504 0 0 0 1)
(0.867199 -0.497962 0 0.497962 0.867199 0 0 0 1)
(0.866893 -0.498494 0 0.498494 0.866893 0 0 0 1)
(0.866587 -0.499026 0 0.499026 0.866587 0 0 0 1)
(0.866281 -0.499557 0 0.499557 0.866281 0 0 0 1)
(0.865974 -0.500089 0 0.500089 0.865974 0 0 0 1)
(0.865667 -0.50062 0 0.50062 0.865667 0 0 0 1)
(0.86536 -0.501151 0 0.501151 0.86536 0 0 0 1)
(0.865052 -0.501682 0 0.501682 0.865052 0 0 0 1)
(0.864744 -0.502213 0 0.502213 0.864744 0 0 0 1)
(0.864436 -0.502743 0 0.502743 0.864436 0 0 0 1)
(0.864127 -0.503273 0 0.503273 0.864127 0 0 0 1)
(0.863818 -0.503803 0 0.503803 0.863818 0 0 0 1)
(0.863509 -0.504334 0 0.504334 0.863509 0 0 0 1)
(0.863199 -0.504863 0 0.504863 0.863199 0 0 0 1)
(0.862889 -0.505393 0 0.505393 0.862889 0 0 0 1)
(0.862579 -0.505922 0 0.505922 0.862579 0 0 0 1)
(0.862269 -0.506451 0 0.506451 0.862269 0 0 0 1)
(0.861958 -0.506981 0 0.506981 0.861958 0 0 0 1)
(0.861646 -0.507509 0 0.507509 0.861646 0 0 0 1)
(0.861335 -0.508038 0 0.508038 0.861335 0 0 0 1)
(0.861023 -0.508566 0 0.508566 0.861023 0 0 0 1)
(0.860711 -0.509094 0 0.509094 0.860711 0 0 0 1)
(0.860398 -0.509622 0 0.509622 0.860398 0 0 0 1)
(0.860085 -0.51015 0 0.51015 0.860085 0 0 0 1)
(0.859772 -0.510678 0 0.510678 0.859772 0 0 0 1)
(0.859459 -0.511205 0 0.511205 0.859459 0 0 0 1)
(0.859145 -0.511732 0 0.511732 0.859145 0 0 0 1)
(0.858831 -0.512259 0 0.512259 0.858831 0 0 0 1)
(0.858516 -0.512786 0 0.512786 0.858516 0 0 0 1)
(0.858201 -0.513313 0 0.513313 0.858201 0 0 0 1)
(0.857886 -0.51384 0 0.51384 0.857886 0 0 0 1)
(0.857571 -0.514366 0 0.514366 0.857571 0 0 0 1)
(0.857255 -0.514892 0 0.514892 0.857255 0 0 0 1)
(0.856939 -0.515418 0 0.515418 0.856939 0 0 0 1)
(0.856622 -0.515944 0 0.515944 0.856622 0 0 0 1)
(0.856306 -0.516469 0 0.516469 0.856306 0 0 0 1)
(0.855989 -0.516995 0 0.516995 0.855989 0 0 0 1)
(0.855671 -0.51752 0 0.51752 0.855671 0 0 0 1)
(0.855354 -0.518044 0 0.518044 0.855354 0 0 0 1)
(0.855035 -0.51857 0 0.51857 0.855035 0 0 0 1)
(0.854717 -0.519094 0 0.519094 0.854717 0 0 0 1)
(0.854399 -0.519618 0 0.519618 0.854399 0 0 0 1)
(0.85408 -0.520142 0 0.520142 0.85408 0 0 0 1)
(0.85376 -0.520666 0 0.520666 0.85376 0 0 0 1)
(0.85344 -0.52119 0 0.52119 0.85344 0 0 0 1)
(0.853121 -0.521714 0 0.521714 0.853121 0 0 0 1)
(0.8528 -0.522237 0 0.522237 0.8528 0 0 0 1)
(0.85248 -0.52276 0 0.52276 0.85248 0 0 0 1)
(0.852159 -0.523283 0 0.523283 0.852159 0 0 0 1)
(0.851838 -0.523806 0 0.523806 0.851838 0 0 0 1)
(0.851516 -0.524328 0 0.524328 0.851516 0 0 0 1)
(0.851194 -0.524851 0 0.524851 0.851194 0 0 0 1)
(0.850872 -0.525373 0 0.525373 0.850872 0 0 0 1)
(0.850549 -0.525895 0 0.525895 0.850549 0 0 0 1)
(0.850227 -0.526417 0 0.526417 0.850227 0 0 0 1)
(0.849904 -0.526938 0 0.526938 0.849904 0 0 0 1)
(0.84958 -0.52746 0 0.52746 0.84958 0 0 0 1)
(0.849256 -0.527981 0 0.527981 0.849256 0 0 0 1)
(0.848932 -0.528502 0 0.528502 0.848932 0 0 0 1)
(0.848608 -0.529023 0 0.529023 0.848608 0 0 0 1)
(0.848283 -0.529543 0 0.529543 0.848283 0 0 0 1)
(0.847958 -0.530064 0 0.530064 0.847958 0 0 0 1)
(0.847632 -0.530584 0 0.530584 0.847632 0 0 0 1)
(0.847307 -0.531104 0 0.531104 0.847307 0 0 0 1)
(0.846981 -0.531624 0 0.531624 0.846981 0 0 0 1)
(0.846654 -0.532143 0 0.532143 0.846654 0 0 0 1)
(0.846327 -0.532663 0 0.532663 0.846327 0 0 0 1)
(0.846 -0.533182 0 0.533182 0.846 0 0 0 1)
(0.845673 -0.533701 0 0.533701 0.845673 0 0 0 1)
(0.845346 -0.53422 0 0.53422 0.845346 0 0 0 1)
(0.845018 -0.534738 0 0.534738 0.845018 0 0 0 1)
(0.844689 -0.535257 0 0.535257 0.844689 0 0 0 1)
(0.844361 -0.535775 0 0.535775 0.844361 0 0 0 1)
(0.844032 -0.536293 0 0.536293 0.844032 0 0 0 1)
(0.843703 -0.536811 0 0.536811 0.843703 0 0 0 1)
(0.843373 -0.537328 0 0.537328 0.843373 0 0 0 1)
(0.843043 -0.537846 0 0.537846 0.843043 0 0 0 1)
(0.842713 -0.538363 0 0.538363 0.842713 0 0 0 1)
(0.842382 -0.53888 0 0.53888 0.842382 0 0 0 1)
(0.842052 -0.539397 0 0.539397 0.842052 0 0 0 1)
(0.841721 -0.539913 0 0.539913 0.841721 0 0 0 1)
(0.841389 -0.54043 0 0.54043 0.841389 0 0 0 1)
(0.841058 -0.540946 0 0.540946 0.841058 0 0 0 1)
(0.840725 -0.541462 0 0.541462 0.840725 0 0 0 1)
(0.840393 -0.541978 0 0.541978 0.840393 0 0 0 1)
(0.84006 -0.542493 0 0.542493 0.84006 0 0 0 1)
(0.839727 -0.543008 0 0.543008 0.839727 0 0 0 1)
(0.839394 -0.543524 0 0.543524 0.839394 0 0 0 1)
(0.83906 -0.544039 0 0.544039 0.83906 0 0 0 1)
(0.838726 -0.544553 0 0.544553 0.838726 0 0 0 1)
(0.838392 -0.545068 0 0.545068 0.838392 0 0 0 1)
(0.838057 -0.545582 0 0.545582 0.838057 0 0 0 1)
(0.837722 -0.546096 0 0.546096 0.837722 0 0 0 1)
(0.837387 -0.54661 0 0.54661 0.837387 0 0 0 1)
(0.837051 -0.547124 0 0.547124 0.837051 0 0 0 1)
(0.836716 -0.547638 0 0.547638 0.836716 0 0 0 1)
(0.83638 -0.548151 0 0.548151 0.83638 0 0 0 1)
(0.836043 -0.548664 0 0.548664 0.836043 0 0 0 1)
(0.835706 -0.549177 0 0.549177 0.835706 0 0 0 1)
(0.835369 -0.54969 0 0.54969 0.835369 0 0 0 1)
(0.835032 -0.550202 0 0.550202 0.835032 0 0 0 1)
(0.834694 -0.550714 0 0.550714 0.834694 0 0 0 1)
(0.834356 -0.551226 0 0.551226 0.834356 0 0 0 1)
(0.834018 -0.551738 0 0.551738 0.834018 0 0 0 1)
(0.833679 -0.55225 0 0.55225 0.833679 0 0 0 1)
(0.83334 -0.552761 0 0.552761 0.83334 0 0 0 1)
(0.833 -0.553272 0 0.553272 0.833 0 0 0 1)
(0.832661 -0.553783 0 0.553783 0.832661 0 0 0 1)
(0.832321 -0.554294 0 0.554294 0.832321 0 0 0 1)
(0.831981 -0.554805 0 0.554805 0.831981 0 0 0 1)
(0.83164 -0.555315 0 0.555315 0.83164 0 0 0 1)
(0.831299 -0.555825 0 0.555825 0.831299 0 0 0 1)
(0.830958 -0.556335 0 0.556335 0.830958 0 0 0 1)
(0.830616 -0.556845 0 0.556845 0.830616 0 0 0 1)
(0.830275 -0.557355 0 0.557355 0.830275 0 0 0 1)
(0.829932 -0.557864 0 0.557864 0.829932 0 0 0 1)
(0.82959 -0.558373 0 0.558373 0.82959 0 0 0 1)
(0.829247 -0.558882 0 0.558882 0.829247 0 0 0 1)
(0.828904 -0.559391 0 0.559391 0.828904 0 0 0 1)
(0.828561 -0.559899 0 0.559899 0.828561 0 0 0 1)
(0.828217 -0.560408 0 0.560408 0.828217 0 0 0 1)
(0.827873 -0.560916 0 0.560916 0.827873 0 0 0 1)
(0.827529 -0.561424 0 0.561424 0.827529 0 0 0 1)
(0.827184 -0.561931 0 0.561931 0.827184 0 0 0 1)
(0.826839 -0.562439 0 0.562439 0.826839 0 0 0 1)
(0.826494 -0.562946 0 0.562946 0.826494 0 0 0 1)
(0.826148 -0.563453 0 0.563453 0.826148 0 0 0 1)
(0.825802 -0.56396 0 0.56396 0.825802 0 0 0 1)
(0.825456 -0.564466 0 0.564466 0.825456 0 0 0 1)
(0.82511 -0.564973 0 0.564973 0.82511 0 0 0 1)
(0.824763 -0.565479 0 0.565479 0.824763 0 0 0 1)
(0.824416 -0.565985 0 0.565985 0.824416 0 0 0 1)
(0.824068 -0.566491 0 0.566491 0.824068 0 0 0 1)
(0.82372 -0.566996 0 0.566996 0.82372 0 0 0 1)
(0.823372 -0.567501 0 0.567501 0.823372 0 0 0 1)
(0.823024 -0.568006 0 0.568006 0.823024 0 0 0 1)
(0.822675 -0.568511 0 0.568511 0.822675 0 0 0 1)
(0.822326 -0.569016 0 0.569016 0.822326 0 0 0 1)
(0.821977 -0.569521 0 0.569521 0.821977 0 0 0 1)
(0.821627 -0.570025 0 0.570025 0.821627 0 0 0 1)
(0.821278 -0.570529 0 0.570529 0.821278 0 0 0 1)
(0.820927 -0.571033 0 0.571033 0.820927 0 0 0 1)
(0.820577 -0.571537 0 0.571537 0.820577 0 0 0 1)
(0.820226 -0.57204 0 0.57204 0.820226 0 0 0 1)
(0.819875 -0.572543 0 0.572543 0.819875 0 0 0 1)
(0.819523 -0.573046 0 0.573046 0.819523 0 0 0 1)
(0.819172 -0.573548 0 0.573548 0.819172 0 0 0 1)
(0.818819 -0.574051 0 0.574051 0.818819 0 0 0 1)
(0.818467 -0.574554 0 0.574554 0.818467 0 0 0 1)
(0.818114 -0.575056 0 0.575056 0.818114 0 0 0 1)
(0.817761 -0.575557 0 0.575557 0.817761 0 0 0 1)
(0.817408 -0.576059 0 0.576059 0.817408 0 0 0 1)
(0.817055 -0.57656 0 0.57656 0.817055 0 0 0 1)
(0.816701 -0.577062 0 0.577062 0.816701 0 0 0 1)
(0.816346 -0.577563 0 0.577563 0.816346 0 0 0 1)
(0.815992 -0.578064 0 0.578064 0.815992 0 0 0 1)
(0.815637 -0.578564 0 0.578564 0.815637 0 0 0 1)
(0.815282 -0.579064 0 0.579064 0.815282 0 0 0 1)
(0.814926 -0.579564 0 0.579564 0.814926 0 0 0 1)
(0.81457 -0.580065 0 0.580065 0.81457 0 0 0 1)
(0.814214 -0.580564 0 0.580564 0.814214 0 0 0 1)
(0.813858 -0.581064 0 0.581064 0.813858 0 0 0 1)
(0.813501 -0.581563 0 0.581563 0.813501 0 0 0 1)
(0.813144 -0.582062 0 0.582062 0.813144 0 0 0 1)
(0.812787 -0.582561 0 0.582561 0.812787 0 0 0 1)
(0.812429 -0.58306 0 0.58306 0.812429 0 0 0 1)
(0.812072 -0.583558 0 0.583558 0.812072 0 0 0 1)
(0.811713 -0.584056 0 0.584056 0.811713 0 0 0 1)
(0.811355 -0.584554 0 0.584554 0.811355 0 0 0 1)
(0.810996 -0.585052 0 0.585052 0.810996 0 0 0 1)
(0.810637 -0.585549 0 0.585549 0.810637 0 0 0 1)
(0.810277 -0.586047 0 0.586047 0.810277 0 0 0 1)
(0.809918 -0.586544 0 0.586544 0.809918 0 0 0 1)
(0.809558 -0.58704 0 0.58704 0.809558 0 0 0 1)
(0.809197 -0.587537 0 0.587537 0.809197 0 0 0 1)
(0.808836 -0.588034 0 0.588034 0.808836 0 0 0 1)
(0.808476 -0.58853 0 0.58853 0.808476 0 0 0 1)
(0.808114 -0.589026 0 0.589026 0.808114 0 0 0 1)
(0.807753 -0.589521 0 0.589521 0.807753 0 0 0 1)
(0.807391 -0.590017 0 0.590017 0.807391 0 0 0 1)
(0.807029 -0.590512 0 0.590512 0.807029 0 0 0 1)
(0.806666 -0.591007 0 0.591007 0.806666 0 0 0 1)
(0.806303 -0.591502 0 0.591502 0.806303 0 0 0 1)
(0.80594 -0.591997 0 0.591997 0.80594 0 0 0 1)
(0.805577 -0.592491 0 0.592491 0.805577 0 0 0 1)
(0.805213 -0.592985 0 0.592985 0.805213 0 0 0 1)
(0.804849 -0.593479 0 0.593479 0.804849 0 0 0 1)
(0.804485 -0.593973 0 0.593973 0.804485 0 0 0 1)
(0.80412 -0.594467 0 0.594467 0.80412 0 0 0 1)
(0.803755 -0.59496 0 0.59496 0.803755 0 0 0 1)
(0.80339 -0.595453 0 0.595453 0.80339 0 0 0 1)
(0.803025 -0.595946 0 0.595946 0.803025 0 0 0 1)
(0.802659 -0.596439 0 0.596439 0.802659 0 0 0 1)
(0.802293 -0.596931 0 0.596931 0.802293 0 0 0 1)
(0.801926 -0.597423 0 0.597423 0.801926 0 0 0 1)
(0.80156 -0.597915 0 0.597915 0.80156 0 0 0 1)
(0.801192 -0.598407 0 0.598407 0.801192 0 0 0 1)
(0.800825 -0.598898 0 0.598898 0.800825 0 0 0 1)
(0.800458 -0.599389 0 0.599389 0.800458 0 0 0 1)
(0.80009 -0.59988 0 0.59988 0.80009 0 0 0 1)
(0.799721 -0.600371 0 0.600371 0.799721 0 0 0 1)
(0.799353 -0.600862 0 0.600862 0.799353 0 0 0 1)
(0.798984 -0.601352 0 0.601352 0.798984 0 0 0 1)
(0.798615 -0.601842 0 0.601842 0.798615 0 0 0 1)
(0.798245 -0.602332 0 0.602332 0.798245 0 0 0 1)
(0.797876 -0.602822 0 0.602822 0.797876 0 0 0 1)
(0.797506 -0.603311 0 0.603311 0.797506 0 0 0 1)
(0.797136 -0.6038 0 0.6038 0.797136 0 0 0 1)
(0.796765 -0.60429 0 0.60429 0.796765 0 0 0 1)
(0.796394 -0.604778 0 0.604778 0.796394 0 0 0 1)
(0.796023 -0.605267 0 0.605267 0.796023 0 0 0 1)
(0.795651 -0.605755 0 0.605755 0.795651 0 0 0 1)
(0.795279 -0.606243 0 0.606243 0.795279 0 0 0 1)
(0.794907 -0.606731 0 0.606731 0.794907 0 0 0 1)
(0.794535 -0.607219 0 0.607219 0.794535 0 0 0 1)
(0.794162 -0.607706 0 0.607706 0.794162 0 0 0 1)
(0.793789 -0.608193 0 0.608193 0.793789 0 0 0 1)
(0.793416 -0.60868 0 0.60868 0.793416 0 0 0 1)
(0.793042 -0.609167 0 0.609167 0.793042 0 0 0 1)
(0.792668 -0.609654 0 0.609654 0.792668 0 0 0 1)
(0.792294 -0.61014 0 0.61014 0.792294 0 0 0 1)
(0.791919 -0.610626 0 0.610626 0.791919 0 0 0 1)
(0.791544 -0.611112 0 0.611112 0.791544 0 0 0 1)
(0.791169 -0.611597 0 0.611597 0.791169 0 0 0 1)
(0.790794 -0.612083 0 0.612083 0.790794 0 0 0 1)
(0.790418 -0.612568 0 0.612568 0.790418 0 0 0 1)
(0.790042 -0.613053 0 0.613053 0.790042 0 0 0 1)
(0.789666 -0.613537 0 0.613537 0.789666 0 0 0 1)
(0.789289 -0.614022 0 0.614022 0.789289 0 0 0 1)
(0.788912 -0.614506 0 0.614506 0.788912 0 0 0 1)
(0.788535 -0.61499 0 0.61499 0.788535 0 0 0 1)
(0.788158 -0.615474 0 0.615474 0.788158 0 0 0 1)
(0.78778 -0.615957 0 0.615957 0.78778 0 0 0 1)
(0.787402 -0.61644 0 0.61644 0.787402 0 0 0 1)
(0.787023 -0.616923 0 0.616923 0.787023 0 0 0 1)
(0.786645 -0.617406 0 0.617406 0.786645 0 0 0 1)
(0.786266 -0.617889 0 0.617889 0.786266 0 0 0 1)
(0.785886 -0.618371 0 0.618371 0.785886 0 0 0 1)
(0.785507 -0.618853 0 0.618853 0.785507 0 0 0 1)
(0.785127 -0.619335 0 0.619335 0.785127 0 0 0 1)
(0.784747 -0.619817 0 0.619817 0.784747 0 0 0 1)
(0.784366 -0.620298 0 0.620298 0.784366 0 0 0 1)
(0.783985 -0.620779 0 0.620779 0.783985 0 0 0 1)
(0.783604 -0.62126 0 0.62126 0.783604 0 0 0 1)
(0.783223 -0.621741 0 0.621741 0.783223 0 0 0 1)
(0.782841 -0.622221 0 0.622221 0.782841 0 0 0 1)
(0.782459 -0.622702 0 0.622702 0.782459 0 0 0 1)
(0.782077 -0.623181 0 0.623181 0.782077 0 0 0 1)
(0.781695 -0.623661 0 0.623661 0.781695 0 0 0 1)
(0.781312 -0.624141 0 0.624141 0.781312 0 0 0 1)
(0.780929 -0.62462 0 0.62462 0.780929 0 0 0 1)
(0.780545 -0.625099 0 0.625099 0.780545 0 0 0 1)
(0.780162 -0.625578 0 0.625578 0.780162 0 0 0 1)
(0.779778 -0.626056 0 0.626056 0.779778 0 0 0 1)
(0.779393 -0.626535 0 0.626535 0.779393 0 0 0 1)
(0.779009 -0.627013 0 0.627013 0.779009 0 0 0 1)
(0.778624 -0.627491 0 0.627491 0.778624 0 0 0 1)
(0.778239 -0.627969 0 0.627969 0.778239 0 0 0 1)
(0.777853 -0.628446 0 0.628446 0.777853 0 0 0 1)
(0.777468 -0.628923 0 0.628923 0.777468 0 0 0 1)
(0.777082 -0.6294 0 0.6294 0.777082 0 0 0 1)
(0.776695 -0.629876 0 0.629876 0.776695 0 0 0 1)
(0.776308 -0.630353 0 0.630353 0.776308 0 0 0 1)
(0.775922 -0.630829 0 0.630829 0.775922 0 0 0 1)
(0.775534 -0.631305 0 0.631305 0.775534 0 0 0 1)
(0.775147 -0.631781 0 0.631781 0.775147 0 0 0 1)
(0.774759 -0.632256 0 0.632256 0.774759 0 0 0 1)
(0.774371 -0.632732 0 0.632732 0.774371 0 0 0 1)
(0.773983 -0.633207 0 0.633207 0.773983 0 0 0 1)
(0.773594 -0.633682 0 0.633682 0.773594 0 0 0 1)
(0.773205 -0.634156 0 0.634156 0.773205 0 0 0 1)
(0.772816 -0.63463 0 0.63463 0.772816 0 0 0 1)
(0.772426 -0.635105 0 0.635105 0.772426 0 0 0 1)
(0.772036 -0.635579 0 0.635579 0.772036 0 0 0 1)
(0.771646 -0.636052 0 0.636052 0.771646 0 0 0 1)
(0.771256 -0.636525 0 0.636525 0.771256 0 0 0 1)
(0.770865 -0.636998 0 0.636998 0.770865 0 0 0 1)
(0.770474 -0.637472 0 0.637472 0.770474 0 0 0 1)
(0.770083 -0.637944 0 0.637944 0.770083 0 0 0 1)
(0.769691 -0.638416 0 0.638416 0.769691 0 0 0 1)
(0.769299 -0.638889 0 0.638889 0.769299 0 0 0 1)
(0.768907 -0.63936 0 0.63936 0.768907 0 0 0 1)
(0.768514 -0.639832 0 0.639832 0.768514 0 0 0 1)
(0.768122 -0.640304 0 0.640304 0.768122 0 0 0 1)
(0.767729 -0.640775 0 0.640775 0.767729 0 0 0 1)
(0.767336 -0.641246 0 0.641246 0.767336 0 0 0 1)
(0.766942 -0.641716 0 0.641716 0.766942 0 0 0 1)
(0.766548 -0.642187 0 0.642187 0.766548 0 0 0 1)
(0.766154 -0.642657 0 0.642657 0.766154 0 0 0 1)
(0.765759 -0.643127 0 0.643127 0.765759 0 0 0 1)
(0.765365 -0.643597 0 0.643597 0.765365 0 0 0 1)
(0.76497 -0.644066 0 0.644066 0.76497 0 0 0 1)
(0.764574 -0.644536 0 0.644536 0.764574 0 0 0 1)
(0.764179 -0.645004 0 0.645004 0.764179 0 0 0 1)
(0.763783 -0.645474 0 0.645474 0.763783 0 0 0 1)
(0.763386 -0.645942 0 0.645942 0.763386 0 0 0 1)
(0.76299 -0.64641 0 0.64641 0.76299 0 0 0 1)
(0.762593 -0.646878 0 0.646878 0.762593 0 0 0 1)
(0.762196 -0.647346 0 0.647346 0.762196 0 0 0 1)
(0.761799 -0.647814 0 0.647814 0.761799 0 0 0 1)
(0.761401 -0.648281 0 0.648281 0.761401 0 0 0 1)
(0.761003 -0.648748 0 0.648748 0.761003 0 0 0 1)
(0.760605 -0.649215 0 0.649215 0.760605 0 0 0 1)
(0.760207 -0.649681 0 0.649681 0.760207 0 0 0 1)
(0.759808 -0.650148 0 0.650148 0.759808 0 0 0 1)
(0.759409 -0.650614 0 0.650614 0.759409 0 0 0 1)
(0.759009 -0.65108 0 0.65108 0.759009 0 0 0 1)
(0.75861 -0.651545 0 0.651545 0.75861 0 0 0 1)
(0.75821 -0.652011 0 0.652011 0.75821 0 0 0 1)
(0.75781 -0.652476 0 0.652476 0.75781 0 0 0 1)
(0.757409 -0.65294 0 0.65294 0.757409 0 0 0 1)
(0.757008 -0.653405 0 0.653405 0.757008 0 0 0 1)
(0.756607 -0.65387 0 0.65387 0.756607 0 0 0 1)
(0.756206 -0.654334 0 0.654334 0.756206 0 0 0 1)
(0.755804 -0.654797 0 0.654797 0.755804 0 0 0 1)
(0.755403 -0.655261 0 0.655261 0.755403 0 0 0 1)
(0.755 -0.655725 0 0.655725 0.755 0 0 0 1)
(0.754598 -0.656188 0 0.656188 0.754598 0 0 0 1)
(0.754195 -0.656651 0 0.656651 0.754195 0 0 0 1)
(0.753792 -0.657113 0 0.657113 0.753792 0 0 0 1)
(0.753389 -0.657576 0 0.657576 0.753389 0 0 0 1)
(0.752985 -0.658038 0 0.658038 0.752985 0 0 0 1)
(0.752581 -0.6585 0 0.6585 0.752581 0 0 0 1)
(0.752177 -0.658961 0 0.658961 0.752177 0 0 0 1)
(0.751772 -0.659423 0 0.659423 0.751772 0 0 0 1)
(0.751368 -0.659884 0 0.659884 0.751368 0 0 0 1)
(0.750962 -0.660345 0 0.660345 0.750962 0 0 0 1)
(0.750557 -0.660806 0 0.660806 0.750557 0 0 0 1)
(0.750152 -0.661266 0 0.661266 0.750152 0 0 0 1)
(0.749746 -0.661726 0 0.661726 0.749746 0 0 0 1)
(0.74934 -0.662186 0 0.662186 0.74934 0 0 0 1)
(0.748933 -0.662646 0 0.662646 0.748933 0 0 0 1)
(0.748526 -0.663105 0 0.663105 0.748526 0 0 0 1)
(0.748119 -0.663564 0 0.663564 0.748119 0 0 0 1)
(0.747712 -0.664023 0 0.664023 0.747712 0 0 0 1)
(0.747304 -0.664482 0 0.664482 0.747304 0 0 0 1)
(0.746897 -0.66494 0 0.66494 0.746897 0 0 0 1)
(0.746489 -0.665398 0 0.665398 0.746489 0 0 0 1)
(0.74608 -0.665856 0 0.665856 0.74608 0 0 0 1)
(0.745671 -0.666314 0 0.666314 0.745671 0 0 0 1)
(0.745262 -0.666771 0 0.666771 0.745262 0 0 0 1)
(0.744853 -0.667228 0 0.667228 0.744853 0 0 0 1)
(0.744444 -0.667685 0 0.667685 0.744444 0 0 0 1)
(0.744034 -0.668142 0 0.668142 0.744034 0 0 0 1)
(0.743623 -0.668599 0 0.668599 0.743623 0 0 0 1)
(0.743213 -0.669055 0 0.669055 0.743213 0 0 0 1)
(0.742803 -0.669511 0 0.669511 0.742803 0 0 0 1)
(0.742392 -0.669966 0 0.669966 0.742392 0 0 0 1)
(0.74198 -0.670422 0 0.670422 0.74198 0 0 0 1)
(0.741569 -0.670877 0 0.670877 0.741569 0 0 0 1)
(0.741157 -0.671332 0 0.671332 0.741157 0 0 0 1)
(0.740745 -0.671786 0 0.671786 0.740745 0 0 0 1)
(0.740333 -0.672241 0 0.672241 0.740333 0 0 0 1)
(0.73992 -0.672695 0 0.672695 0.73992 0 0 0 1)
(0.739507 -0.673149 0 0.673149 0.739507 0 0 0 1)
(0.739094 -0.673602 0 0.673602 0.739094 0 0 0 1)
(0.73868 -0.674056 0 0.674056 0.73868 0 0 0 1)
(0.738267 -0.674509 0 0.674509 0.738267 0 0 0 1)
(0.737853 -0.674962 0 0.674962 0.737853 0 0 0 1)
(0.737438 -0.675415 0 0.675415 0.737438 0 0 0 1)
(0.737024 -0.675867 0 0.675867 0.737024 0 0 0 1)
(0.736609 -0.676319 0 0.676319 0.736609 0 0 0 1)
(0.736194 -0.676771 0 0.676771 0.736194 0 0 0 1)
(0.735779 -0.677222 0 0.677222 0.735779 0 0 0 1)
(0.735363 -0.677673 0 0.677673 0.735363 0 0 0 1)
(0.734947 -0.678125 0 0.678125 0.734947 0 0 0 1)
(0.734531 -0.678576 0 0.678576 0.734531 0 0 0 1)
(0.734114 -0.679026 0 0.679026 0.734114 0 0 0 1)
(0.733697 -0.679476 0 0.679476 0.733697 0 0 0 1)
(0.73328 -0.679926 0 0.679926 0.73328 0 0 0 1)
(0.732863 -0.680376 0 0.680376 0.732863 0 0 0 1)
(0.732445 -0.680826 0 0.680826 0.732445 0 0 0 1)
(0.732027 -0.681275 0 0.681275 0.732027 0 0 0 1)
(0.731609 -0.681724 0 0.681724 0.731609 0 0 0 1)
(0.731191 -0.682173 0 0.682173 0.731191 0 0 0 1)
(0.730772 -0.682622 0 0.682622 0.730772 0 0 0 1)
(0.730353 -0.68307 0 0.68307 0.730353 0 0 0 1)
(0.729934 -0.683518 0 0.683518 0.729934 0 0 0 1)
(0.729514 -0.683965 0 0.683965 0.729514 0 0 0 1)
(0.729095 -0.684413 0 0.684413 0.729095 0 0 0 1)
(0.728674 -0.68486 0 0.68486 0.728674 0 0 0 1)
(0.728254 -0.685307 0 0.685307 0.728254 0 0 0 1)
(0.727833 -0.685754 0 0.685754 0.727833 0 0 0 1)
(0.727413 -0.6862 0 0.6862 0.727413 0 0 0 1)
(0.726991 -0.686647 0 0.686647 0.726991 0 0 0 1)
(0.72657 -0.687093 0 0.687093 0.72657 0 0 0 1)
(0.726148 -0.687538 0 0.687538 0.726148 0 0 0 1)
(0.725726 -0.687984 0 0.687984 0.725726 0 0 0 1)
(0.725304 -0.688429 0 0.688429 0.725304 0 0 0 1)
(0.724881 -0.688874 0 0.688874 0.724881 0 0 0 1)
(0.724459 -0.689318 0 0.689318 0.724459 0 0 0 1)
(0.724036 -0.689763 0 0.689763 0.724036 0 0 0 1)
(0.723612 -0.690207 0 0.690207 0.723612 0 0 0 1)
(0.723188 -0.690651 0 0.690651 0.723188 0 0 0 1)
(0.722764 -0.691094 0 0.691094 0.722764 0 0 0 1)
(0.72234 -0.691538 0 0.691538 0.72234 0 0 0 1)
(0.721916 -0.691981 0 0.691981 0.721916 0 0 0 1)
(0.721491 -0.692424 0 0.692424 0.721491 0 0 0 1)
(0.721066 -0.692866 0 0.692866 0.721066 0 0 0 1)
(0.720641 -0.693309 0 0.693309 0.720641 0 0 0 1)
(0.720215 -0.693751 0 0.693751 0.720215 0 0 0 1)
(0.71979 -0.694192 0 0.694192 0.71979 0 0 0 1)
(0.719363 -0.694634 0 0.694634 0.719363 0 0 0 1)
(0.718937 -0.695075 0 0.695075 0.718937 0 0 0 1)
(0.71851 -0.695516 0 0.695516 0.71851 0 0 0 1)
(0.718084 -0.695957 0 0.695957 0.718084 0 0 0 1)
(0.717656 -0.696397 0 0.696397 0.717656 0 0 0 1)
(0.717229 -0.696838 0 0.696838 0.717229 0 0 0 1)
(0.716801 -0.697278 0 0.697278 0.716801 0 0 0 1)
(0.716373 -0.697717 0 0.697717 0.716373 0 0 0 1)
(0.715945 -0.698157 0 0.698157 0.715945 0 0 0 1)
(0.715516 -0.698596 0 0.698596 0.715516 0 0 0 1)
(0.715087 -0.699035 0 0.699035 0.715087 0 0 0 1)
(0.714658 -0.699474 0 0.699474 0.714658 0 0 0 1)
(0.714229 -0.699912 0 0.699912 0.714229 0 0 0 1)
(0.7138 -0.70035 0 0.70035 0.7138 0 0 0 1)
(0.71337 -0.700788 0 0.700788 0.71337 0 0 0 1)
(0.71294 -0.701225 0 0.701225 0.71294 0 0 0 1)
(0.712509 -0.701663 0 0.701663 0.712509 0 0 0 1)
(0.712078 -0.7021 0 0.7021 0.712078 0 0 0 1)
(0.711648 -0.702537 0 0.702537 0.711648 0 0 0 1)
(0.711216 -0.702973 0 0.702973 0.711216 0 0 0 1)
(0.710785 -0.703409 0 0.703409 0.710785 0 0 0 1)
(0.710353 -0.703845 0 0.703845 0.710353 0 0 0 1)
(0.709921 -0.704281 0 0.704281 0.709921 0 0 0 1)
(0.709489 -0.704717 0 0.704717 0.709489 0 0 0 1)
(0.709056 -0.705152 0 0.705152 0.709056 0 0 0 1)
(0.708624 -0.705587 0 0.705587 0.708624 0 0 0 1)
(0.708191 -0.706021 0 0.706021 0.708191 0 0 0 1)
(0.707757 -0.706456 0 0.706456 0.707757 0 0 0 1)
(0.707323 -0.70689 0 0.70689 0.707323 0 0 0 1)
)
;

boundaryField
{
    left
    {
        type            calculated;
        value           uniform (1 -0 0 0 1 0 0 0 1);
    }
    right
    {
        type            calculated;
        value           uniform (0.707107 -0.707107 0 0.707107 0.707107 0 0 0 1);
    }
    beam
    {
        type            empty;
    }
}


// ************************************************************************* //
