/*--------------------------------*- C++ -*----------------------------------*\
| =========                 |                                                 |
| \\      /  F ield         | OpenFOAM: The Open Source CFD Toolbox           |
|  \\    /   O peration     | Version:  2312                                  |
|   \\  /    A nd           | Website:  www.openfoam.com                      |
|    \\/     M anipulation  |                                                 |
\*---------------------------------------------------------------------------*/
FoamFile
{
    version     2.0;
    format      ascii;
    arch        "LSB;label=32;scalar=64";
    class       pointVectorField;
    location    "0.13/beam";
    object      pointW;
}
// * * * * * * * * * * * * * * * * * * * * * * * * * * * * * * * * * * * * * //

dimensions      [0 1 0 0 0 0 0];

internalField   nonuniform List<vector> 
1952
(
(-1.656393103e-05 1.595790179e-16 3.429195712e-08)
(-1.62456551e-05 1.565587937e-16 3.363303713e-08)
(-1.53030846e-05 1.474514955e-16 3.168165328e-08)
(-1.377241174e-05 1.327063459e-16 2.85127335e-08)
(-1.171247986e-05 1.127570259e-16 2.424809996e-08)
(-9.202423165e-06 8.847089727e-17 1.905158249e-08)
(-6.338726539e-06 6.114900253e-17 1.312293174e-08)
(-3.231461447e-06 3.122502257e-17 6.690026334e-09)
(-7.726297582e-16 0 -1.563809146e-16)
(3.231461446e-06 -3.122502257e-17 -6.690026641e-09)
(6.338726537e-06 -6.114900253e-17 -1.312293203e-08)
(9.202423164e-06 -8.847089727e-17 -1.905158275e-08)
(1.171247986e-05 -1.127570259e-16 -2.424810018e-08)
(1.377241174e-05 -1.327063459e-16 -2.851273367e-08)
(1.53030846e-05 -1.474514955e-16 -3.16816534e-08)
(1.62456551e-05 -1.565587937e-16 -3.363303719e-08)
(1.656393103e-05 -1.595790179e-16 -3.429195712e-08)
(1.62456551e-05 -1.565587937e-16 -3.363303713e-08)
(1.53030846e-05 -1.474514955e-16 -3.168165328e-08)
(1.377241174e-05 -1.327063459e-16 -2.85127335e-08)
(1.171247986e-05 -1.127570259e-16 -2.424809996e-08)
(9.202423165e-06 -8.847089727e-17 -1.905158249e-08)
(6.338726539e-06 -6.114900253e-17 -1.312293174e-08)
(3.231461447e-06 -3.122502257e-17 -6.690026334e-09)
(7.726313295e-16 0 1.563809114e-16)
(-3.231461446e-06 3.122502257e-17 6.690026641e-09)
(-6.338726537e-06 6.114900253e-17 1.312293203e-08)
(-9.202423164e-06 8.847089727e-17 1.905158275e-08)
(-1.171247986e-05 1.127570259e-16 2.424810018e-08)
(-1.377241174e-05 1.327063459e-16 2.851273367e-08)
(-1.53030846e-05 1.474514955e-16 3.16816534e-08)
(-1.62456551e-05 1.565587937e-16 3.363303719e-08)
(3.130589949e-06 -7.394344242e-15 -0.0001846504829)
(3.453273142e-06 -7.397403003e-15 -0.0001846511602)
(4.408895683e-06 -7.406618721e-15 -0.0001846531661)
(5.960764218e-06 -7.42114703e-15 -0.0001846564234)
(8.049220562e-06 -7.44109635e-15 -0.000184660807)
(1.059403474e-05 -7.465382479e-15 -0.0001846661484)
(1.34973858e-05 -7.492704374e-15 -0.0001846722425)
(1.664767808e-05 -7.522628354e-15 -0.0001846788548)
(1.992388651e-05 -7.553853376e-15 -0.0001846857315)
(2.320009493e-05 -7.585078399e-15 -0.0001846926081)
(2.635038722e-05 -7.615002379e-15 -0.0001846992205)
(2.925373828e-05 -7.642324273e-15 -0.0001847053145)
(3.179855246e-05 -7.666610402e-15 -0.000184710656)
(3.38870088e-05 -7.686559722e-15 -0.0001847150396)
(3.543887734e-05 -7.701521712e-15 -0.0001847182969)
(3.639449988e-05 -7.71052059e-15 -0.0001847203027)
(3.671718307e-05 -7.713591645e-15 -0.00018472098)
(3.639449988e-05 -7.71052059e-15 -0.0001847203027)
(3.543887734e-05 -7.701521712e-15 -0.0001847182969)
(3.38870088e-05 -7.686559722e-15 -0.0001847150396)
(3.179855246e-05 -7.666610402e-15 -0.000184710656)
(2.925373828e-05 -7.642324273e-15 -0.0001847053145)
(2.635038722e-05 -7.615002379e-15 -0.0001846992205)
(2.320009493e-05 -7.585078399e-15 -0.0001846926081)
(1.992388651e-05 -7.553853376e-15 -0.0001846857315)
(1.664767809e-05 -7.522628354e-15 -0.0001846788548)
(1.34973858e-05 -7.492704374e-15 -0.0001846722425)
(1.059403474e-05 -7.465382479e-15 -0.0001846661484)
(8.049220563e-06 -7.44109635e-15 -0.000184660807)
(5.960764219e-06 -7.42114703e-15 -0.0001846564234)
(4.408895684e-06 -7.406618721e-15 -0.0001846531661)
(3.453273143e-06 -7.397403003e-15 -0.0001846511602)
(2.234736255e-05 -1.596772898e-14 -0.0003743992236)
(2.268321867e-05 -1.59708401e-14 -0.0003743999573)
(2.367785267e-05 -1.597983898e-14 -0.0003744021303)
(2.529307327e-05 -1.599458413e-14 -0.0003744056591)
(2.746678685e-05 -1.601453345e-14 -0.0003744104079)
(3.01154882e-05 -1.60383859e-14 -0.0003744161945)
(3.313736302e-05 -1.606614147e-14 -0.0003744227963)
(3.641625997e-05 -1.609649913e-14 -0.0003744299597)
(3.982621334e-05 -1.612772416e-14 -0.0003744374094)
(4.323616671e-05 -1.615894918e-14 -0.000374444859)
(4.651506365e-05 -1.618843948e-14 -0.0003744520224)
(4.953693847e-05 -1.621619505e-14 -0.0003744586242)
(5.218563982e-05 -1.62400475e-14 -0.0003744644108)
(5.43593534e-05 -1.625999682e-14 -0.0003744691597)
(5.5974574e-05 -1.627517565e-14 -0.0003744726884)
(5.696920801e-05 -1.628417453e-14 -0.0003744748614)
(5.730506413e-05 -1.628724382e-14 -0.0003744755951)
(5.696920801e-05 -1.628417453e-14 -0.0003744748614)
(5.5974574e-05 -1.627517565e-14 -0.0003744726884)
(5.43593534e-05 -1.625999682e-14 -0.0003744691597)
(5.218563982e-05 -1.62400475e-14 -0.0003744644108)
(4.953693847e-05 -1.621619505e-14 -0.0003744586242)
(4.651506365e-05 -1.618843948e-14 -0.0003744520224)
(4.323616671e-05 -1.615894918e-14 -0.000374444859)
(3.982621334e-05 -1.612772416e-14 -0.0003744374094)
(3.641625997e-05 -1.609649913e-14 -0.0003744299597)
(3.313736302e-05 -1.606614147e-14 -0.0003744227963)
(3.011548821e-05 -1.60383859e-14 -0.0003744161945)
(2.746678685e-05 -1.601453345e-14 -0.0003744104079)
(2.529307327e-05 -1.599458413e-14 -0.0003744056591)
(2.367785267e-05 -1.597983898e-14 -0.0003744021303)
(2.268321867e-05 -1.59708401e-14 -0.0003743999573)
(4.107092811e-05 -2.457353384e-14 -0.000574221618)
(4.142857713e-05 -2.457669485e-14 -0.0005742224501)
(4.248775057e-05 -2.45855853e-14 -0.0005742249142)
(4.420777899e-05 -2.460011361e-14 -0.0005742289158)
(4.652253967e-05 -2.462006293e-14 -0.000574234301)
(4.934310894e-05 -2.464434906e-14 -0.000574240863)
(5.256106601e-05 -2.467210464e-14 -0.0005742483495)
(5.605272277e-05 -2.47024623e-14 -0.0005742564728)
(5.96839399e-05 -2.473368732e-14 -0.0005742649207)
(6.331515702e-05 -2.476491234e-14 -0.0005742733687)
(6.680681378e-05 -2.479440264e-14 -0.000574281492)
(7.002477086e-05 -2.482215822e-14 -0.0005742889785)
(7.284534013e-05 -2.484644435e-14 -0.0005742955405)
(7.516010081e-05 -2.486639367e-14 -0.0005743009257)
(7.688012923e-05 -2.488135566e-14 -0.0005743049273)
(7.793930266e-05 -2.489046295e-14 -0.0005743073914)
(7.829695168e-05 -2.489349265e-14 -0.0005743082235)
(7.793930266e-05 -2.489046295e-14 -0.0005743073914)
(7.688012923e-05 -2.488135566e-14 -0.0005743049273)
(7.516010081e-05 -2.486639367e-14 -0.0005743009257)
(7.284534013e-05 -2.484644435e-14 -0.0005742955405)
(7.002477086e-05 -2.482215822e-14 -0.0005742889785)
(6.680681378e-05 -2.479440264e-14 -0.000574281492)
(6.331515702e-05 -2.476491234e-14 -0.0005742733687)
(5.96839399e-05 -2.473368732e-14 -0.0005742649207)
(5.605272278e-05 -2.47024623e-14 -0.0005742564728)
(5.256106602e-05 -2.467210464e-14 -0.0005742483495)
(4.934310894e-05 -2.464434906e-14 -0.000574240863)
(4.652253967e-05 -2.462006293e-14 -0.000574234301)
(4.420777899e-05 -2.460011361e-14 -0.0005742289158)
(4.248775057e-05 -2.45855853e-14 -0.0005742249142)
(4.142857713e-05 -2.457669485e-14 -0.0005742224501)
(5.928786766e-05 -3.321179796e-14 -0.0007890161021)
(5.96756896e-05 -3.321485881e-14 -0.0007890170805)
(6.082421978e-05 -3.322385769e-14 -0.000789019978)
(6.26893577e-05 -3.323903652e-14 -0.0007890246833)
(6.519940223e-05 -3.325898584e-14 -0.0007890310157)
(6.825792769e-05 -3.328327197e-14 -0.0007890387317)
(7.174736642e-05 -3.331102755e-14 -0.0007890475348)
(7.55335954e-05 -3.334138521e-14 -0.0007890570867)
(7.947115869e-05 -3.337261023e-14 -0.0007890670203)
(8.340872198e-05 -3.340383525e-14 -0.0007890769539)
(8.719495096e-05 -3.343332555e-14 -0.0007890865058)
(9.068438968e-05 -3.346108113e-14 -0.0007890953089)
(9.374291515e-05 -3.348536726e-14 -0.0007891030249)
(9.625295968e-05 -3.350531658e-14 -0.0007891093573)
(9.81180976e-05 -3.352006173e-14 -0.0007891140626)
(9.926662778e-05 -3.352927744e-14 -0.0007891169601)
(9.965444971e-05 -3.353237403e-14 -0.0007891179385)
(9.926662778e-05 -3.352927744e-14 -0.0007891169601)
(9.81180976e-05 -3.352006173e-14 -0.0007891140626)
(9.625295968e-05 -3.350531658e-14 -0.0007891093573)
(9.374291515e-05 -3.348536726e-14 -0.0007891030249)
(9.068438968e-05 -3.346108113e-14 -0.0007890953089)
(8.719495096e-05 -3.343332555e-14 -0.0007890865058)
(8.340872198e-05 -3.340383525e-14 -0.0007890769539)
(7.947115869e-05 -3.337261023e-14 -0.0007890670203)
(7.55335954e-05 -3.334138521e-14 -0.0007890570867)
(7.174736642e-05 -3.331102755e-14 -0.0007890475348)
(6.825792769e-05 -3.328327197e-14 -0.0007890387317)
(6.519940223e-05 -3.325898584e-14 -0.0007890310157)
(6.26893577e-05 -3.323903652e-14 -0.0007890246833)
(6.082421978e-05 -3.322385769e-14 -0.000789019978)
(5.96756896e-05 -3.321485881e-14 -0.0007890170805)
(7.69853671e-05 -4.186384733e-14 -0.001023516773)
(7.741141199e-05 -4.186690057e-14 -0.001023517954)
(7.867313899e-05 -4.187600787e-14 -0.001023521451)
(8.072210115e-05 -4.189096986e-14 -0.001023527129)
(8.347953062e-05 -4.191091918e-14 -0.001023534772)
(8.683949819e-05 -4.193520531e-14 -0.001023544084)
(9.067284898e-05 -4.196296088e-14 -0.001023554708)
(9.483224106e-05 -4.199331854e-14 -0.001023566235)
(9.915788267e-05 -4.202454357e-14 -0.001023578224)
(0.0001034835243 -4.205576859e-14 -0.001023590212)
(0.0001076429164 -4.208612625e-14 -0.00102360174)
(0.0001114762671 -4.211388183e-14 -0.001023612364)
(0.0001148362347 -4.213816795e-14 -0.001023621676)
(0.0001175936642 -4.215811727e-14 -0.001023629318)
(0.0001196426264 -4.217307926e-14 -0.001023634997)
(0.0001209043534 -4.218218656e-14 -0.001023638493)
(0.0001213303982 -4.218520696e-14 -0.001023639674)
(0.0001209043534 -4.218218656e-14 -0.001023638493)
(0.0001196426264 -4.217307926e-14 -0.001023634997)
(0.0001175936642 -4.215811727e-14 -0.001023629318)
(0.0001148362347 -4.213816795e-14 -0.001023621676)
(0.0001114762671 -4.211388183e-14 -0.001023612364)
(0.0001076429164 -4.208612625e-14 -0.00102360174)
(0.0001034835243 -4.205576859e-14 -0.001023590212)
(9.915788267e-05 -4.202454357e-14 -0.001023578224)
(9.483224106e-05 -4.199331854e-14 -0.001023566235)
(9.067284898e-05 -4.196296088e-14 -0.001023554708)
(8.68394982e-05 -4.193520531e-14 -0.001023544084)
(8.347953062e-05 -4.191091918e-14 -0.001023534772)
(8.072210115e-05 -4.189096986e-14 -0.001023527129)
(7.867313899e-05 -4.187600787e-14 -0.001023521451)
(7.741141199e-05 -4.186690057e-14 -0.001023517954)
(9.414994285e-05 -5.048728335e-14 -0.001282243256)
(9.462184669e-05 -5.049031939e-14 -0.001282244705)
(9.601938445e-05 -5.049953511e-14 -0.001282248995)
(9.82888944e-05 -5.051428026e-14 -0.001282255962)
(0.0001013431302 -5.053422958e-14 -0.001282265338)
(0.0001050647606 -5.055894939e-14 -0.001282276763)
(0.0001093107286 -5.058670496e-14 -0.001282289797)
(0.0001139178326 -5.061749631e-14 -0.00128230394)
(0.000118709081 -5.064872133e-14 -0.001282318648)
(0.0001235003294 -5.067994635e-14 -0.001282333357)
(0.0001281074334 -5.070987033e-14 -0.0012823475)
(0.0001323534014 -5.073762591e-14 -0.001282360534)
(0.0001360750318 -5.076234572e-14 -0.001282371959)
(0.0001391292677 -5.078229504e-14 -0.001282381335)
(0.0001413987776 -5.079747387e-14 -0.001282388302)
(0.0001427963154 -5.080647274e-14 -0.001282392592)
(0.0001432682192 -5.080958073e-14 -0.001282394041)
(0.0001427963154 -5.080647274e-14 -0.001282392592)
(0.0001413987776 -5.079747387e-14 -0.001282388302)
(0.0001391292677 -5.078229504e-14 -0.001282381335)
(0.0001360750318 -5.076234572e-14 -0.001282371959)
(0.0001323534014 -5.073762591e-14 -0.001282360534)
(0.0001281074334 -5.070987033e-14 -0.0012823475)
(0.0001235003294 -5.067994635e-14 -0.001282333357)
(0.000118709081 -5.064872133e-14 -0.001282318648)
(0.0001139178326 -5.061749631e-14 -0.00128230394)
(0.0001093107286 -5.058670496e-14 -0.001282289797)
(0.0001050647606 -5.055894939e-14 -0.001282276763)
(0.0001013431302 -5.053422958e-14 -0.001282265338)
(9.828889441e-05 -5.051428026e-14 -0.001282255962)
(9.601938445e-05 -5.049953511e-14 -0.001282248995)
(9.462184669e-05 -5.049031939e-14 -0.001282244705)
(0.0001107663916 -5.901197286e-14 -0.001569454474)
(0.0001112912999 -5.901507581e-14 -0.001569456266)
(0.0001128458097 -5.902418311e-14 -0.001569461574)
(0.0001153702321 -5.90391451e-14 -0.001569470194)
(0.000118767521 -5.905909442e-14 -0.001569481795)
(0.0001229071666 -5.908381423e-14 -0.00156949593)
(0.0001276300436 -5.911156981e-14 -0.001569512057)
(0.0001327546196 -5.914279483e-14 -0.001569529556)
(0.0001380840231 -5.917401985e-14 -0.001569547754)
(0.0001434134267 -5.920524487e-14 -0.001569565952)
(0.0001485380027 -5.923560253e-14 -0.001569583451)
(0.0001532608797 -5.926335811e-14 -0.001569599578)
(0.0001574005253 -5.928807792e-14 -0.001569613714)
(0.0001607978142 -5.930802724e-14 -0.001569625314)
(0.0001633222365 -5.932298923e-14 -0.001569633934)
(0.0001648767464 -5.933231337e-14 -0.001569639242)
(0.0001654016546 -5.93353426e-14 -0.001569641035)
(0.0001648767464 -5.933231337e-14 -0.001569639242)
(0.0001633222365 -5.932298923e-14 -0.001569633934)
(0.0001607978142 -5.930802724e-14 -0.001569625314)
(0.0001574005253 -5.928807792e-14 -0.001569613714)
(0.0001532608797 -5.926335811e-14 -0.001569599578)
(0.0001485380027 -5.923560253e-14 -0.001569583451)
(0.0001434134267 -5.920524487e-14 -0.001569565952)
(0.0001380840231 -5.917401985e-14 -0.001569547754)
(0.0001327546196 -5.914279483e-14 -0.001569529556)
(0.0001276300436 -5.911156981e-14 -0.001569512057)
(0.0001229071666 -5.908381423e-14 -0.00156949593)
(0.000118767521 -5.905909442e-14 -0.001569481795)
(0.0001153702321 -5.90391451e-14 -0.001569470194)
(0.0001128458097 -5.902418311e-14 -0.001569461574)
(0.0001112912999 -5.901507581e-14 -0.001569456266)
(0.000126817007 -6.733722505e-14 -0.001889107229)
(0.0001274015074 -6.734033903e-14 -0.001889109451)
(0.0001291324984 -6.734955475e-14 -0.001889116033)
(0.0001319435147 -6.736451674e-14 -0.001889126721)
(0.000135726493 -6.738446606e-14 -0.001889141106)
(0.0001403361065 -6.740918587e-14 -0.001889158633)
(0.0001455951649 -6.743737513e-14 -0.00188917863)
(0.0001513015265 -6.746860015e-14 -0.001889200328)
(0.0001572359695 -6.749982517e-14 -0.001889222892)
(0.0001631704125 -6.75310502e-14 -0.001889245457)
(0.0001688767741 -6.756140786e-14 -0.001889267155)
(0.0001741358324 -6.758959711e-14 -0.001889287152)
(0.000178745446 -6.761431692e-14 -0.001889304679)
(0.0001825284242 -6.763426624e-14 -0.001889319063)
(0.0001853394405 -6.764922823e-14 -0.001889329752)
(0.0001870704316 -6.765866079e-14 -0.001889336334)
(0.0001876549319 -6.766177364e-14 -0.001889338556)
(0.0001870704316 -6.765866079e-14 -0.001889336334)
(0.0001853394405 -6.764922823e-14 -0.001889329752)
(0.0001825284242 -6.763426624e-14 -0.001889319063)
(0.000178745446 -6.761431692e-14 -0.001889304679)
(0.0001741358324 -6.758959711e-14 -0.001889287152)
(0.0001688767741 -6.756140786e-14 -0.001889267155)
(0.0001631704125 -6.75310502e-14 -0.001889245457)
(0.0001572359695 -6.749982517e-14 -0.001889222892)
(0.0001513015265 -6.746860015e-14 -0.001889200328)
(0.0001455951649 -6.743737513e-14 -0.00188917863)
(0.0001403361065 -6.740918587e-14 -0.001889158633)
(0.000135726493 -6.738446606e-14 -0.001889141106)
(0.0001319435147 -6.736451674e-14 -0.001889126721)
(0.0001291324984 -6.734955475e-14 -0.001889116033)
(0.0001274015074 -6.734033903e-14 -0.001889109451)
(0.0001422810815 -7.533024959e-14 -0.002244820481)
(0.0001429311469 -7.533329429e-14 -0.00224482323)
(0.0001448563083 -7.534272685e-14 -0.002244831371)
(0.0001479826445 -7.535768884e-14 -0.002244844592)
(0.0001521899704 -7.537763816e-14 -0.002244862385)
(0.0001573166577 -7.540235797e-14 -0.002244884065)
(0.00016316564 -7.543054723e-14 -0.0022449088)
(0.0001695121008 -7.54604712e-14 -0.002244935639)
(0.0001761122275 -7.549256359e-14 -0.00224496355)
(0.0001827123543 -7.552465597e-14 -0.002244991461)
(0.0001890588151 -7.555544732e-14 -0.0022450183)
(0.0001949077973 -7.558363657e-14 -0.002245043035)
(0.0002000344846 -7.560835638e-14 -0.002245064715)
(0.0002042418105 -7.56283057e-14 -0.002245082508)
(0.0002073681467 -7.564370137e-14 -0.002245095729)
(0.0002092933081 -7.565291709e-14 -0.00224510387)
(0.0002099433736 -7.565604516e-14 -0.002245106619)
(0.0002092933081 -7.565291709e-14 -0.00224510387)
(0.0002073681467 -7.564370137e-14 -0.002245095729)
(0.0002042418105 -7.56283057e-14 -0.002245082508)
(0.0002000344846 -7.560835638e-14 -0.002245064715)
(0.0001949077973 -7.558363657e-14 -0.002245043035)
(0.0001890588151 -7.555544732e-14 -0.0022450183)
(0.0001827123543 -7.552465597e-14 -0.002244991461)
(0.0001761122275 -7.549256359e-14 -0.00224496355)
(0.0001695121008 -7.54604712e-14 -0.002244935639)
(0.00016316564 -7.543054723e-14 -0.0022449088)
(0.0001573166577 -7.540235797e-14 -0.002244884065)
(0.0001521899704 -7.537763816e-14 -0.002244862385)
(0.0001479826445 -7.535768884e-14 -0.002244844592)
(0.0001448563083 -7.534272685e-14 -0.002244831371)
(0.0001429311469 -7.533329429e-14 -0.00224482323)
(0.000157134702 -8.28260332e-14 -0.002639846117)
(0.0001578556462 -8.282925127e-14 -0.002639849498)
(0.0001599907141 -8.283846699e-14 -0.002639859511)
(0.0001634579248 -8.285342898e-14 -0.002639875773)
(0.0001681239889 -8.287381198e-14 -0.002639897657)
(0.0001738096554 -8.289896547e-14 -0.002639924323)
(0.000180296371 -8.292715473e-14 -0.002639954746)
(0.0001873348068 -8.295794607e-14 -0.002639987756)
(0.0001946545666 -8.299003845e-14 -0.002640022086)
(0.0002019743264 -8.302213084e-14 -0.002640056416)
(0.0002090127622 -8.305205482e-14 -0.002640089427)
(0.0002154994778 -8.308024407e-14 -0.00264011985)
(0.0002211851443 -8.310539756e-14 -0.002640146516)
(0.0002258512085 -8.312578056e-14 -0.0026401684)
(0.0002293184191 -8.314074255e-14 -0.002640184661)
(0.000231453487 -8.314995827e-14 -0.002640194675)
(0.0002321744312 -8.315309546e-14 -0.002640198056)
(0.000231453487 -8.314995827e-14 -0.002640194675)
(0.0002293184191 -8.314074255e-14 -0.002640184661)
(0.0002258512085 -8.312578056e-14 -0.0026401684)
(0.0002211851443 -8.310539756e-14 -0.002640146516)
(0.0002154994778 -8.308024407e-14 -0.00264011985)
(0.0002090127622 -8.305205482e-14 -0.002640089427)
(0.0002019743264 -8.302213084e-14 -0.002640056416)
(0.0001946545666 -8.299003845e-14 -0.002640022086)
(0.0001873348068 -8.295794607e-14 -0.002639987756)
(0.000180296371 -8.292715473e-14 -0.002639954746)
(0.0001738096554 -8.289896547e-14 -0.002639924323)
(0.0001681239889 -8.287381198e-14 -0.002639897657)
(0.0001634579248 -8.285342898e-14 -0.002639875773)
(0.0001599907141 -8.283846699e-14 -0.002639859511)
(0.0001578556462 -8.282925127e-14 -0.002639849498)
(0.0001713508193 -8.962860132e-14 -0.003077046887)
(0.0001721472646 -8.963175254e-14 -0.003077051014)
(0.0001745059281 -8.96411851e-14 -0.003077063235)
(0.0001783362435 -8.965614709e-14 -0.00307708308)
(0.0001834909627 -8.967653009e-14 -0.003077109788)
(0.0001897720623 -8.970168358e-14 -0.003077142332)
(0.0001969381012 -8.972987284e-14 -0.003077179461)
(0.0002047136394 -8.976066418e-14 -0.003077219748)
(0.0002127999632 -8.979275656e-14 -0.003077261645)
(0.0002208862871 -8.982484895e-14 -0.003077303543)
(0.0002286618253 -8.985564029e-14 -0.00307734383)
(0.0002358278641 -8.988382955e-14 -0.003077380959)
(0.0002421089638 -8.990898304e-14 -0.003077413503)
(0.000247263683 -8.992936604e-14 -0.00307744021)
(0.0002510939984 -8.994432803e-14 -0.003077460056)
(0.0002534526619 -8.995376059e-14 -0.003077472277)
(0.0002542491072 -8.995689137e-14 -0.003077476404)
(0.0002534526619 -8.995376059e-14 -0.003077472277)
(0.0002510939984 -8.994432803e-14 -0.003077460056)
(0.000247263683 -8.992936604e-14 -0.00307744021)
(0.0002421089638 -8.990898304e-14 -0.003077413503)
(0.0002358278641 -8.988382955e-14 -0.003077380959)
(0.0002286618253 -8.985564029e-14 -0.00307734383)
(0.0002208862871 -8.982484895e-14 -0.003077303543)
(0.0002127999632 -8.979275656e-14 -0.003077261645)
(0.0002047136394 -8.976066418e-14 -0.003077219748)
(0.0001969381012 -8.972987284e-14 -0.003077179461)
(0.0001897720623 -8.970168358e-14 -0.003077142332)
(0.0001834909627 -8.967653009e-14 -0.003077109788)
(0.0001783362435 -8.965614709e-14 -0.00307708308)
(0.0001745059281 -8.96411851e-14 -0.003077063235)
(0.0001721472646 -8.963175254e-14 -0.003077051014)
(0.0001848995509 -9.551351716e-14 -0.003558882087)
(0.0001857754105 -9.551658509e-14 -0.003558887078)
(0.0001883692585 -9.552601765e-14 -0.003558901857)
(0.0001925814981 -9.554119648e-14 -0.003558925858)
(0.000198250199 -9.556157948e-14 -0.003558958158)
(0.0002051575928 -9.558673297e-14 -0.003558997516)
(0.0002130381639 -9.561535591e-14 -0.003559042418)
(0.000221589008 -9.564571357e-14 -0.00355909114)
(0.0002304816265 -9.567780596e-14 -0.00355914181)
(0.000239374245 -9.570989834e-14 -0.003559192479)
(0.0002479250892 -9.574112336e-14 -0.003559241201)
(0.0002558056603 -9.57697463e-14 -0.003559286104)
(0.0002627130541 -9.579489979e-14 -0.003559325462)
(0.0002683817549 -9.581528279e-14 -0.003559357761)
(0.0002725939945 -9.583046162e-14 -0.003559381762)
(0.0002751878426 -9.583967734e-14 -0.003559396542)
(0.0002760637021 -9.584292893e-14 -0.003559401533)
(0.0002751878426 -9.583967734e-14 -0.003559396542)
(0.0002725939945 -9.583046162e-14 -0.003559381762)
(0.0002683817549 -9.581528279e-14 -0.003559357761)
(0.0002627130541 -9.579489979e-14 -0.003559325462)
(0.0002558056603 -9.57697463e-14 -0.003559286104)
(0.0002479250892 -9.574112336e-14 -0.003559241201)
(0.000239374245 -9.570989834e-14 -0.003559192479)
(0.0002304816265 -9.567780596e-14 -0.00355914181)
(0.000221589008 -9.564571357e-14 -0.00355909114)
(0.0002130381639 -9.561535591e-14 -0.003559042418)
(0.0002051575928 -9.558673297e-14 -0.003558997516)
(0.000198250199 -9.556157948e-14 -0.003558958158)
(0.0001925814981 -9.554119648e-14 -0.003558925858)
(0.0001883692585 -9.552601765e-14 -0.003558901857)
(0.0001857754105 -9.551658509e-14 -0.003558887078)
(0.0001977486752 -1.002315323e-13 -0.004087401342)
(0.0001987071494 -1.002347077e-13 -0.004087407318)
(0.0002015456596 -1.002440318e-13 -0.004087425017)
(0.0002061552147 -1.002592107e-13 -0.00408745376)
(0.0002123586103 -1.002800273e-13 -0.004087492441)
(0.0002199175373 -1.003047471e-13 -0.004087539574)
(0.0002285414357 -1.003333701e-13 -0.004087593347)
(0.00023789883 -1.003641614e-13 -0.004087651694)
(0.0002476302362 -1.003962538e-13 -0.004087712374)
(0.0002573616424 -1.004283462e-13 -0.004087773053)
(0.0002667190367 -1.004600049e-13 -0.0040878314)
(0.000275342935 -1.004886278e-13 -0.004087885174)
(0.0002829018621 -1.005133476e-13 -0.004087932307)
(0.0002891052577 -1.005341643e-13 -0.004087970988)
(0.0002937148128 -1.005493432e-13 -0.00408799973)
(0.000296553323 -1.005586673e-13 -0.004088017429)
(0.0002975117972 -1.00561886e-13 -0.004088023406)
(0.000296553323 -1.005586673e-13 -0.004088017429)
(0.0002937148128 -1.005493432e-13 -0.00408799973)
(0.0002891052577 -1.005341643e-13 -0.004087970988)
(0.0002829018621 -1.005133476e-13 -0.004087932307)
(0.000275342935 -1.004886278e-13 -0.004087885174)
(0.0002667190367 -1.004600049e-13 -0.0040878314)
(0.0002573616424 -1.004283462e-13 -0.004087773053)
(0.0002476302362 -1.003962538e-13 -0.004087712374)
(0.00023789883 -1.003641614e-13 -0.004087651694)
(0.0002285414357 -1.003333701e-13 -0.004087593347)
(0.0002199175374 -1.003047471e-13 -0.004087539574)
(0.0002123586103 -1.002800273e-13 -0.004087492441)
(0.0002061552147 -1.002592107e-13 -0.00408745376)
(0.0002015456596 -1.002440318e-13 -0.004087425017)
(0.0001987071494 -1.002347077e-13 -0.004087407318)
(0.0002098642446 -1.035131183e-13 -0.004664246694)
(0.0002109078318 -1.035163708e-13 -0.004664253779)
(0.000213998403 -1.03525695e-13 -0.004664274761)
(0.0002190172887 -1.035408738e-13 -0.004664308835)
(0.0002257715487 -1.035612568e-13 -0.004664354691)
(0.000234001712 -1.035864103e-13 -0.004664410567)
(0.0002433914165 -1.036150332e-13 -0.004664474316)
(0.0002535797517 -1.036462582e-13 -0.004664543486)
(0.0002641753113 -1.036783506e-13 -0.004664615421)
(0.0002747708708 -1.03710443e-13 -0.004664687356)
(0.000284959206 -1.03741668e-13 -0.004664756527)
(0.0002943489106 -1.03770291e-13 -0.004664820275)
(0.0003025790738 -1.037954445e-13 -0.004664876151)
(0.0003093333338 -1.038158275e-13 -0.004664922007)
(0.0003143522195 -1.0383144e-13 -0.004664956081)
(0.0003174427908 -1.03840981e-13 -0.004664977064)
(0.0003184863779 -1.038441567e-13 -0.004664984149)
(0.0003174427908 -1.03840981e-13 -0.004664977064)
(0.0003143522195 -1.0383144e-13 -0.004664956081)
(0.0003093333338 -1.038158275e-13 -0.004664922007)
(0.0003025790738 -1.037954445e-13 -0.004664876151)
(0.0002943489106 -1.03770291e-13 -0.004664820275)
(0.000284959206 -1.03741668e-13 -0.004664756527)
(0.0002747708708 -1.03710443e-13 -0.004664687356)
(0.0002641753113 -1.036783506e-13 -0.004664615421)
(0.0002535797517 -1.036462582e-13 -0.004664543486)
(0.0002433914165 -1.036150332e-13 -0.004664474316)
(0.000234001712 -1.035864103e-13 -0.004664410567)
(0.0002257715487 -1.035612568e-13 -0.004664354691)
(0.0002190172887 -1.035408738e-13 -0.004664308835)
(0.000213998403 -1.03525695e-13 -0.004664274761)
(0.0002109078318 -1.035163708e-13 -0.004664253779)
(0.0002212112667 -1.050734674e-13 -0.005290662906)
(0.000222341788 -1.050766462e-13 -0.005290671221)
(0.0002256898139 -1.050860787e-13 -0.005290695845)
(0.000231126789 -1.051012576e-13 -0.005290735833)
(0.0002384437008 -1.051220742e-13 -0.005290789647)
(0.0002473594634 -1.051472277e-13 -0.005290855221)
(0.0002575313608 -1.051758507e-13 -0.005290930033)
(0.0002685684173 -1.052075094e-13 -0.005291011208)
(0.0002800466214 -1.052396018e-13 -0.005291095628)
(0.0002915248255 -1.052716941e-13 -0.005291180048)
(0.0003025618821 -1.053024855e-13 -0.005291261223)
(0.0003127337794 -1.053311084e-13 -0.005291336036)
(0.000321649542 -1.053562619e-13 -0.005291401609)
(0.0003289664538 -1.053770786e-13 -0.005291455424)
(0.000334403429 -1.053922574e-13 -0.005291495412)
(0.0003377514548 -1.0540169e-13 -0.005291520036)
(0.0003388819762 -1.054048549e-13 -0.005291528351)
(0.0003377514548 -1.0540169e-13 -0.005291520036)
(0.000334403429 -1.053922574e-13 -0.005291495412)
(0.0003289664538 -1.053770786e-13 -0.005291455424)
(0.000321649542 -1.053562619e-13 -0.005291401609)
(0.0003127337794 -1.053311084e-13 -0.005291336036)
(0.0003025618821 -1.053024855e-13 -0.005291261223)
(0.0002915248255 -1.052716941e-13 -0.005291180048)
(0.0002800466214 -1.052396018e-13 -0.005291095628)
(0.0002685684173 -1.052075094e-13 -0.005291011208)
(0.0002575313608 -1.051758507e-13 -0.005290930033)
(0.0002473594634 -1.051472277e-13 -0.005290855221)
(0.0002384437008 -1.051220742e-13 -0.005290789647)
(0.000231126789 -1.051012576e-13 -0.005290735833)
(0.0002256898139 -1.050860787e-13 -0.005290695845)
(0.000222341788 -1.050766462e-13 -0.005290671221)
(0.0002317543776 -1.046174943e-13 -0.005967515628)
(0.0002329730155 -1.046206307e-13 -0.00596752529)
(0.0002365819974 -1.046300633e-13 -0.005967553902)
(0.0002424427481 -1.04645459e-13 -0.005967600367)
(0.0002503299639 -1.046662756e-13 -0.005967662898)
(0.0002599406502 -1.046914291e-13 -0.005967739093)
(0.0002709053784 -1.047200521e-13 -0.005967826023)
(0.0002828026992 -1.047512771e-13 -0.005967920346)
(0.000295175552 -1.047833695e-13 -0.00596801844)
(0.0003075484048 -1.048154619e-13 -0.005968116533)
(0.0003194457256 -1.048466869e-13 -0.005968210857)
(0.0003304104539 -1.048753098e-13 -0.005968297787)
(0.0003400211401 -1.049004633e-13 -0.005968373981)
(0.0003479083559 -1.0492128e-13 -0.005968436512)
(0.0003537691066 -1.04936242e-13 -0.005968482977)
(0.0003573780886 -1.049456745e-13 -0.00596851159)
(0.0003585967264 -1.049488199e-13 -0.005968521251)
(0.0003573780886 -1.049456745e-13 -0.00596851159)
(0.0003537691066 -1.04936242e-13 -0.005968482977)
(0.0003479083559 -1.0492128e-13 -0.005968436512)
(0.0003400211401 -1.049004633e-13 -0.005968373981)
(0.0003304104539 -1.048753098e-13 -0.005968297787)
(0.0003194457256 -1.048466869e-13 -0.005968210857)
(0.0003075484048 -1.048154619e-13 -0.005968116533)
(0.000295175552 -1.047833695e-13 -0.00596801844)
(0.0002828026992 -1.047512771e-13 -0.005967920346)
(0.0002709053784 -1.047200521e-13 -0.005967826023)
(0.0002599406502 -1.046914291e-13 -0.005967739093)
(0.0002503299639 -1.046662756e-13 -0.005967662898)
(0.0002424427481 -1.04645459e-13 -0.005967600367)
(0.0002365819974 -1.046300633e-13 -0.005967553902)
(0.0002329730155 -1.046206307e-13 -0.00596752529)
(0.0002414584648 -1.018443284e-13 -0.006695316789)
(0.0002427658126 -1.018475668e-13 -0.006695327908)
(0.0002466375079 -1.01856891e-13 -0.006695360838)
(0.000252924888 -1.018725035e-13 -0.006695414315)
(0.0002613862483 -1.018928865e-13 -0.006695486281)
(0.0002716965379 -1.0191804e-13 -0.006695573974)
(0.0002834594361 -1.019466629e-13 -0.006695674021)
(0.0002962228143 -1.019774543e-13 -0.006695782578)
(0.0003094963404 -1.020095466e-13 -0.006695895474)
(0.0003227698666 -1.02041639e-13 -0.00669600837)
(0.0003355332447 -1.020732977e-13 -0.006696116927)
(0.0003472961429 -1.021019207e-13 -0.006696216974)
(0.0003576064325 -1.021270742e-13 -0.006696304667)
(0.0003660677928 -1.021474572e-13 -0.006696376633)
(0.0003723551729 -1.02162636e-13 -0.00669643011)
(0.0003762268682 -1.021719601e-13 -0.00669646304)
(0.000377534216 -1.0217511e-13 -0.006696474159)
(0.0003762268682 -1.021719601e-13 -0.00669646304)
(0.0003723551729 -1.02162636e-13 -0.00669643011)
(0.0003660677928 -1.021474572e-13 -0.006696376633)
(0.0003576064325 -1.021270742e-13 -0.006696304667)
(0.0003472961429 -1.021019207e-13 -0.006696216974)
(0.0003355332447 -1.020732977e-13 -0.006696116927)
(0.0003227698666 -1.02041639e-13 -0.00669600837)
(0.0003094963404 -1.020095466e-13 -0.006695895474)
(0.0002962228143 -1.019774543e-13 -0.006695782578)
(0.0002834594361 -1.019466629e-13 -0.006695674021)
(0.0002716965379 -1.0191804e-13 -0.006695573974)
(0.0002613862483 -1.018928865e-13 -0.006695486281)
(0.000252924888 -1.018725035e-13 -0.006695414315)
(0.0002466375079 -1.01856891e-13 -0.006695360838)
(0.0002427658126 -1.018475668e-13 -0.006695327908)
(0.0002502891901 -9.645061946e-14 -0.007474256229)
(0.0002516853121 -9.645376945e-14 -0.00747426891)
(0.0002558199113 -9.646320201e-14 -0.007474306464)
(0.0002625342301 -9.647838084e-14 -0.00747436745)
(0.0002715701512 -9.649876384e-14 -0.007474449524)
(0.0002825805514 -9.652391733e-14 -0.007474549531)
(0.0002951421983 -9.655254027e-14 -0.007474663628)
(0.0003087722618 -9.658333161e-14 -0.00747478743)
(0.0003229471144 -9.661542399e-14 -0.00747491618)
(0.000337121967 -9.664751638e-14 -0.00747504493)
(0.0003507520306 -9.667830772e-14 -0.007475168731)
(0.0003633136774 -9.670693066e-14 -0.007475282828)
(0.0003743240777 -9.673208415e-14 -0.007475382836)
(0.0003833599988 -9.675246715e-14 -0.007475464909)
(0.0003900743176 -9.676764598e-14 -0.007475525895)
(0.0003942089167 -9.677707854e-14 -0.007475563449)
(0.0003956050388 -9.678031175e-14 -0.00747557613)
(0.0003942089167 -9.677707854e-14 -0.007475563449)
(0.0003900743176 -9.676764598e-14 -0.007475525895)
(0.0003833599988 -9.675246715e-14 -0.007475464909)
(0.0003743240776 -9.673208415e-14 -0.007475382836)
(0.0003633136774 -9.670693066e-14 -0.007475282828)
(0.0003507520305 -9.667830772e-14 -0.007475168731)
(0.000337121967 -9.664751638e-14 -0.00747504493)
(0.0003229471144 -9.661542399e-14 -0.00747491618)
(0.0003087722618 -9.658333161e-14 -0.00747478743)
(0.0002951421983 -9.655254027e-14 -0.007474663628)
(0.0002825805514 -9.652391733e-14 -0.007474549531)
(0.0002715701512 -9.649876384e-14 -0.007474449524)
(0.0002625342301 -9.647838084e-14 -0.00747436745)
(0.0002558199113 -9.646320201e-14 -0.007474306464)
(0.0002516853121 -9.645376945e-14 -0.00747426891)
(0.000258213397 -8.813201356e-14 -0.008304238314)
(0.0002596978957 -8.813511986e-14 -0.008304252651)
(0.0002640942216 -8.814455242e-14 -0.008304295111)
(0.0002712335675 -8.815994809e-14 -0.008304364064)
(0.0002808414767 -8.818033109e-14 -0.008304456857)
(0.0002925488528 -8.82050509e-14 -0.008304569928)
(0.0003059056719 -8.823324016e-14 -0.008304698929)
(0.0003203985401 -8.826359782e-14 -0.008304838902)
(0.0003354706834 -8.82956902e-14 -0.008304984469)
(0.0003505428267 -8.832778259e-14 -0.008305130037)
(0.0003650356949 -8.835900761e-14 -0.00830527001)
(0.000378392514 -8.838719687e-14 -0.008305399011)
(0.0003900998901 -8.841191668e-14 -0.008305512081)
(0.0003997077993 -8.843229968e-14 -0.008305604875)
(0.0004068471452 -8.844769535e-14 -0.008305673827)
(0.0004112434711 -8.845691107e-14 -0.008305716287)
(0.0004127279698 -8.846001597e-14 -0.008305730624)
(0.0004112434711 -8.845691107e-14 -0.008305716287)
(0.0004068471452 -8.844769535e-14 -0.008305673827)
(0.0003997077993 -8.843229968e-14 -0.008305604875)
(0.0003900998901 -8.841191668e-14 -0.008305512081)
(0.000378392514 -8.838719687e-14 -0.008305399011)
(0.0003650356949 -8.835900761e-14 -0.00830527001)
(0.0003505428267 -8.832778259e-14 -0.008305130037)
(0.0003354706834 -8.82956902e-14 -0.008304984469)
(0.0003203985401 -8.826359782e-14 -0.008304838902)
(0.0003059056719 -8.823324016e-14 -0.008304698929)
(0.0002925488528 -8.82050509e-14 -0.008304569928)
(0.0002808414767 -8.818033109e-14 -0.008304456857)
(0.0002712335675 -8.815994809e-14 -0.008304364064)
(0.0002640942216 -8.814455242e-14 -0.008304295111)
(0.0002596978957 -8.813511986e-14 -0.008304252651)
(0.0002651993964 -7.658220707e-14 -0.009184921949)
(0.0002667714843 -7.658533096e-14 -0.009184938028)
(0.0002714272044 -7.659454668e-14 -0.009184985647)
(0.0002789877894 -7.660972551e-14 -0.009185062977)
(0.0002891625893 -7.663010851e-14 -0.009185167045)
(0.0003015607297 -7.665439464e-14 -0.009185293854)
(0.0003157056345 -7.668258389e-14 -0.009185438528)
(0.000331053618 -7.671294155e-14 -0.009185595507)
(0.0003470150554 -7.674503394e-14 -0.009185758761)
(0.0003629764928 -7.677712632e-14 -0.009185922015)
(0.0003783244763 -7.680748398e-14 -0.009186078995)
(0.000392469381 -7.683567324e-14 -0.009186223669)
(0.0004048675215 -7.685995937e-14 -0.009186350478)
(0.0004150423214 -7.688034237e-14 -0.009186454546)
(0.0004226029064 -7.68955212e-14 -0.009186531876)
(0.0004272586265 -7.690473692e-14 -0.009186579494)
(0.0004288307144 -7.690787203e-14 -0.009186595574)
(0.0004272586265 -7.690473692e-14 -0.009186579494)
(0.0004226029064 -7.68955212e-14 -0.009186531876)
(0.0004150423214 -7.688034237e-14 -0.009186454546)
(0.0004048675215 -7.685995937e-14 -0.009186350478)
(0.000392469381 -7.683567324e-14 -0.009186223669)
(0.0003783244763 -7.680748398e-14 -0.009186078995)
(0.0003629764928 -7.677712632e-14 -0.009185922015)
(0.0003470150554 -7.674503394e-14 -0.009185758761)
(0.000331053618 -7.671294155e-14 -0.009185595507)
(0.0003157056345 -7.668258389e-14 -0.009185438528)
(0.0003015607297 -7.665439464e-14 -0.009185293854)
(0.0002891625893 -7.663010851e-14 -0.009185167045)
(0.0002789877894 -7.660972551e-14 -0.009185062977)
(0.0002714272044 -7.659454668e-14 -0.009184985647)
(0.0002667714843 -7.658533096e-14 -0.009184938028)
(0.0002712171555 -6.148887938e-14 -0.01011576218)
(0.0002728757275 -6.14920441e-14 -0.01011578008)
(0.0002777875693 -6.150136823e-14 -0.01011583308)
(0.0002857640794 -6.151633022e-14 -0.01011591915)
(0.0002964986183 -6.153627954e-14 -0.01011603499)
(0.0003095788087 -6.156056567e-14 -0.01011617614)
(0.0003245018569 -6.158875493e-14 -0.01011633717)
(0.000340694168 -6.161911259e-14 -0.0101165119)
(0.0003575336805 -6.165033761e-14 -0.01011669361)
(0.0003743731929 -6.168156264e-14 -0.01011687532)
(0.0003905655041 -6.17119203e-14 -0.01011705005)
(0.0004054885523 -6.174010955e-14 -0.01011721108)
(0.0004185687427 -6.176439568e-14 -0.01011735223)
(0.0004293032816 -6.1784345e-14 -0.01011746806)
(0.0004372797916 -6.179930699e-14 -0.01011755413)
(0.0004421916335 -6.180841429e-14 -0.01011760714)
(0.0004438502055 -6.181151934e-14 -0.01011762503)
(0.0004421916335 -6.180841429e-14 -0.01011760714)
(0.0004372797916 -6.179930699e-14 -0.01011755413)
(0.0004293032816 -6.1784345e-14 -0.01011746806)
(0.0004185687427 -6.176439568e-14 -0.01011735223)
(0.0004054885523 -6.174010955e-14 -0.01011721108)
(0.0003905655041 -6.17119203e-14 -0.01011705005)
(0.0003743731929 -6.168156264e-14 -0.01011687532)
(0.0003575336805 -6.165033761e-14 -0.01011669361)
(0.000340694168 -6.161911259e-14 -0.0101165119)
(0.0003245018569 -6.158875493e-14 -0.01011633717)
(0.0003095788087 -6.156056567e-14 -0.01011617614)
(0.0002964986183 -6.153627954e-14 -0.01011603499)
(0.0002857640794 -6.151633022e-14 -0.01011591915)
(0.0002777875693 -6.150136823e-14 -0.01011583308)
(0.0002728757275 -6.14920441e-14 -0.01011578008)
(0.0002762384235 -4.252597149e-14 -0.01109605139)
(0.0002779821276 -4.252913126e-14 -0.01109607117)
(0.0002831460869 -4.253823856e-14 -0.01109612976)
(0.0002915320194 -4.255276687e-14 -0.01109622489)
(0.0003028175461 -4.257271619e-14 -0.01109635293)
(0.0003165691231 -4.259700231e-14 -0.01109650893)
(0.0003322581491 -4.262432421e-14 -0.01109668692)
(0.0003492815874 -4.265424819e-14 -0.01109688005)
(0.0003669854469 -4.268547321e-14 -0.0110970809)
(0.0003846893063 -4.271669823e-14 -0.01109728175)
(0.0004017127446 -4.274662221e-14 -0.01109747488)
(0.0004174017706 -4.277394411e-14 -0.01109765286)
(0.0004311533476 -4.279823024e-14 -0.01109780887)
(0.0004424388743 -4.281817956e-14 -0.01109793691)
(0.0004508248068 -4.283270787e-14 -0.01109803204)
(0.0004559887661 -4.284181516e-14 -0.01109809063)
(0.0004577324702 -4.284486363e-14 -0.01109811041)
(0.0004559887661 -4.284181516e-14 -0.01109809063)
(0.0004508248068 -4.283270787e-14 -0.01109803204)
(0.0004424388743 -4.281817956e-14 -0.01109793691)
(0.0004311533476 -4.279823024e-14 -0.01109780887)
(0.0004174017706 -4.277394411e-14 -0.01109765286)
(0.0004017127446 -4.274662221e-14 -0.01109747488)
(0.0003846893063 -4.271669823e-14 -0.01109728175)
(0.0003669854468 -4.268547321e-14 -0.0110970809)
(0.0003492815874 -4.265424819e-14 -0.01109688005)
(0.0003322581491 -4.262432421e-14 -0.01109668692)
(0.0003165691231 -4.259700231e-14 -0.01109650893)
(0.0003028175461 -4.257271619e-14 -0.01109635293)
(0.0002915320194 -4.255276687e-14 -0.01109622489)
(0.0002831460869 -4.253823856e-14 -0.01109612976)
(0.0002779821276 -4.252913126e-14 -0.01109607117)
(0.000280236465 -1.934484858e-14 -0.01212483906)
(0.0002820637565 -1.934780461e-14 -0.01212486079)
(0.0002874752591 -1.935669507e-14 -0.01212492513)
(0.0002962631855 -1.937165706e-14 -0.0121250296)
(0.0003080897032 -1.93911727e-14 -0.01212517021)
(0.0003225004856 -1.941502514e-14 -0.01212534153)
(0.0003389415918 -1.944191336e-14 -0.012125537)
(0.0003567810777 -1.947140366e-14 -0.01212574909)
(0.0003753336019 -1.950176132e-14 -0.01212596966)
(0.0003938861261 -1.953211898e-14 -0.01212619023)
(0.0004117256119 -1.956247664e-14 -0.01212640232)
(0.0004281667182 -1.958936485e-14 -0.01212659778)
(0.0004425775006 -1.96132173e-14 -0.01212676911)
(0.0004544040182 -1.963273294e-14 -0.01212690971)
(0.0004631919447 -1.964726125e-14 -0.01212701419)
(0.0004686034472 -1.965615171e-14 -0.01212707853)
(0.0004704307387 -1.965923701e-14 -0.01212710025)
(0.0004686034472 -1.965615171e-14 -0.01212707853)
(0.0004631919447 -1.964726125e-14 -0.01212701419)
(0.0004544040182 -1.963273294e-14 -0.01212690971)
(0.0004425775006 -1.96132173e-14 -0.01212676911)
(0.0004281667182 -1.958936485e-14 -0.01212659778)
(0.0004117256119 -1.956247664e-14 -0.01212640232)
(0.0003938861261 -1.953211898e-14 -0.01212619023)
(0.0003753336019 -1.950176132e-14 -0.01212596966)
(0.0003567810777 -1.947140366e-14 -0.01212574909)
(0.0003389415918 -1.944191336e-14 -0.012125537)
(0.0003225004856 -1.941502514e-14 -0.01212534153)
(0.0003080897032 -1.93911727e-14 -0.01212517021)
(0.0002962631855 -1.937165706e-14 -0.0121250296)
(0.0002874752591 -1.935669507e-14 -0.01212492513)
(0.0002820637565 -1.934780461e-14 -0.01212486079)
(0.0002831881861 8.455980884e-15 -0.01320156041)
(0.0002850974198 8.452982238e-15 -0.01320158413)
(0.0002907515936 8.4442002e-15 -0.01320165437)
(0.0002999336022 8.429888732e-15 -0.01320176843)
(0.0003122904634 8.410806773e-15 -0.01320192192)
(0.000327347477 8.387388006e-15 -0.01320210896)
(0.0003445258614 8.360499792e-15 -0.01320232236)
(0.0003631653339 8.331876855e-15 -0.0132025539)
(0.0003825498199 8.301519194e-15 -0.01320279469)
(0.0004019343059 8.271161533e-15 -0.01320303549)
(0.0004205737783 8.242538596e-15 -0.01320326703)
(0.0004377521628 8.215650382e-15 -0.01320348042)
(0.0004528091764 8.192231615e-15 -0.01320366746)
(0.0004651660376 8.173149657e-15 -0.01320382096)
(0.0004743480461 8.158838188e-15 -0.01320393502)
(0.0004800022199 8.14983931e-15 -0.01320400526)
(0.0004819114537 8.146889387e-15 -0.01320402898)
(0.0004800022199 8.14983931e-15 -0.01320400526)
(0.0004743480461 8.158838188e-15 -0.01320393502)
(0.0004651660376 8.173149657e-15 -0.01320382096)
(0.0004528091764 8.192231615e-15 -0.01320366746)
(0.0004377521628 8.215650382e-15 -0.01320348042)
(0.0004205737783 8.242538596e-15 -0.01320326703)
(0.0004019343059 8.271161533e-15 -0.01320303549)
(0.0003825498199 8.301519194e-15 -0.01320279469)
(0.0003631653339 8.331876855e-15 -0.0132025539)
(0.0003445258614 8.360499792e-15 -0.01320232236)
(0.000327347477 8.387388006e-15 -0.01320210896)
(0.0003122904634 8.410806773e-15 -0.01320192192)
(0.0002999336022 8.429888732e-15 -0.01320176843)
(0.0002907515936 8.4442002e-15 -0.01320165437)
(0.0002850974198 8.452982238e-15 -0.01320158413)
(0.0002850703625 4.131803332e-14 -0.01432474577)
(0.0002870597696 4.131515009e-14 -0.01432477152)
(0.0002929513757 4.130636805e-14 -0.01432484778)
(0.0003025189588 4.129249026e-14 -0.01432497162)
(0.0003153947141 4.127384198e-14 -0.01432513828)
(0.0003310840077 4.12508569e-14 -0.01432534137)
(0.0003489837536 4.122483604e-14 -0.01432557306)
(0.000368405942 4.119621311e-14 -0.01432582446)
(0.0003886044289 4.116672281e-14 -0.01432608591)
(0.0004088029158 4.113723251e-14 -0.01432634735)
(0.0004282251043 4.110860957e-14 -0.01432659875)
(0.0004461248502 4.108258872e-14 -0.01432683045)
(0.0004618141438 4.105960363e-14 -0.01432703353)
(0.0004746898991 4.104095536e-14 -0.01432720019)
(0.0004842574822 4.102664389e-14 -0.01432732403)
(0.0004901490882 4.101807869e-14 -0.01432740029)
(0.0004921384953 4.101507102e-14 -0.01432742604)
(0.0004901490882 4.101807869e-14 -0.01432740029)
(0.0004842574822 4.102664389e-14 -0.01432732403)
(0.0004746898991 4.104095536e-14 -0.01432720019)
(0.0004618141437 4.105960363e-14 -0.01432703353)
(0.0004461248502 4.108258872e-14 -0.01432683045)
(0.0004282251043 4.110860957e-14 -0.01432659875)
(0.0004088029158 4.113723251e-14 -0.01432634735)
(0.0003886044289 4.116672281e-14 -0.01432608591)
(0.000368405942 4.119621311e-14 -0.01432582446)
(0.0003489837536 4.122483604e-14 -0.01432557306)
(0.0003310840077 4.12508569e-14 -0.01432534137)
(0.0003153947141 4.127384198e-14 -0.01432513828)
(0.0003025189588 4.129249026e-14 -0.01432497162)
(0.0002929513757 4.130636805e-14 -0.01432484778)
(0.0002870597696 4.131515009e-14 -0.01432477152)
(0.0002858647734 7.97954413e-14 -0.01549387641)
(0.0002879325609 7.979261783e-14 -0.01549390423)
(0.0002940562896 7.978426947e-14 -0.01549398662)
(0.0003040008247 7.977039168e-14 -0.01549412041)
(0.0003173838703 7.97517434e-14 -0.01549430047)
(0.0003336913044 7.972962568e-14 -0.01549451987)
(0.0003522962802 7.970403851e-14 -0.01549477018)
(0.0003724836811 7.967584925e-14 -0.01549504178)
(0.0003934779656 7.964722631e-14 -0.01549532424)
(0.0004144722502 7.961860338e-14 -0.0154956067)
(0.0004346596511 7.959041412e-14 -0.0154958783)
(0.0004532646269 7.956482695e-14 -0.01549612862)
(0.000469572061 7.954270922e-14 -0.01549634802)
(0.0004829551066 7.952406095e-14 -0.01549652808)
(0.0004928996417 7.951105052e-14 -0.01549666187)
(0.0004990233704 7.950226848e-14 -0.01549674426)
(0.0005010911579 7.949949388e-14 -0.01549677208)
(0.0004990233704 7.950226848e-14 -0.01549674426)
(0.0004928996417 7.951105052e-14 -0.01549666187)
(0.0004829551066 7.952406095e-14 -0.01549652808)
(0.000469572061 7.954270922e-14 -0.01549634802)
(0.0004532646269 7.956482695e-14 -0.01549612862)
(0.0004346596511 7.959041412e-14 -0.0154958783)
(0.0004144722502 7.961860338e-14 -0.0154956067)
(0.0003934779656 7.964722631e-14 -0.01549532424)
(0.0003724836811 7.967584925e-14 -0.01549504178)
(0.0003522962802 7.970403851e-14 -0.01549477018)
(0.0003336913044 7.972962568e-14 -0.01549451987)
(0.0003173838703 7.97517434e-14 -0.01549430047)
(0.0003040008247 7.977039168e-14 -0.01549412041)
(0.0002940562896 7.978426947e-14 -0.01549398662)
(0.0002879325609 7.979261783e-14 -0.01549390423)
(0.0002855554883 1.245214545e-13 -0.01670736699)
(0.0002876997783 1.245187764e-13 -0.01670739691)
(0.0002940500685 1.24510428e-13 -0.01670748551)
(0.0003043625245 1.244972007e-13 -0.01670762939)
(0.0003182407066 1.244794198e-13 -0.01670782302)
(0.0003351514717 1.244573021e-13 -0.01670805896)
(0.0003544447813 1.244325823e-13 -0.01670832814)
(0.0003753790614 1.244048267e-13 -0.01670862022)
(0.0003971500778 1.243770711e-13 -0.01670892397)
(0.0004189210941 1.243493156e-13 -0.01670922772)
(0.0004398553742 1.243224274e-13 -0.01670951979)
(0.0004591486838 1.242977075e-13 -0.01670978897)
(0.0004760594489 1.242755898e-13 -0.01671002491)
(0.000489937631 1.242578089e-13 -0.01671021854)
(0.000500250087 1.24244148e-13 -0.01671036242)
(0.0005066003772 1.242362333e-13 -0.01671045102)
(0.0005087446672 1.242334669e-13 -0.01671048094)
(0.0005066003772 1.242362333e-13 -0.01671045102)
(0.000500250087 1.24244148e-13 -0.01671036242)
(0.000489937631 1.242578089e-13 -0.01671021854)
(0.0004760594489 1.242755898e-13 -0.01671002491)
(0.0004591486838 1.242977075e-13 -0.01670978897)
(0.0004398553742 1.243224274e-13 -0.01670951979)
(0.0004189210941 1.243493156e-13 -0.01670922772)
(0.0003971500777 1.243770711e-13 -0.01670892397)
(0.0003753790614 1.244048267e-13 -0.01670862022)
(0.0003544447813 1.244325823e-13 -0.01670832814)
(0.0003351514717 1.244573021e-13 -0.01670805896)
(0.0003182407066 1.244794198e-13 -0.01670782302)
(0.0003043625245 1.244972007e-13 -0.01670762939)
(0.0002940500685 1.24510428e-13 -0.01670748551)
(0.0002876997783 1.245187764e-13 -0.01670739691)
(0.0002841311476 1.763072392e-13 -0.01796467779)
(0.0002863500415 1.763046089e-13 -0.01796470982)
(0.0002929212701 1.762964774e-13 -0.0179648047)
(0.0003035925158 1.76283467e-13 -0.01796495877)
(0.0003179535458 1.762661198e-13 -0.01796516611)
(0.0003354526681 1.762453031e-13 -0.01796541875)
(0.000355417228 1.762210169e-13 -0.01796570699)
(0.0003770798509 1.761941287e-13 -0.01796601975)
(0.0003996083217 1.761672405e-13 -0.01796634501)
(0.0004221367925 1.761403523e-13 -0.01796667027)
(0.0004437994154 1.761143315e-13 -0.01796698302)
(0.0004637639753 1.760900453e-13 -0.01796727127)
(0.0004812630976 1.760692286e-13 -0.01796752391)
(0.0004956241276 1.760518814e-13 -0.01796773125)
(0.0005062953733 1.76038871e-13 -0.01796788532)
(0.0005128666019 1.760309563e-13 -0.01796798019)
(0.0005150854958 1.760282355e-13 -0.01796801223)
(0.0005128666019 1.760309563e-13 -0.01796798019)
(0.0005062953733 1.76038871e-13 -0.01796788532)
(0.0004956241276 1.760518814e-13 -0.01796773125)
(0.0004812630976 1.760692286e-13 -0.01796752391)
(0.0004637639753 1.760900453e-13 -0.01796727127)
(0.0004437994154 1.761143315e-13 -0.01796698302)
(0.0004221367925 1.761403523e-13 -0.01796667027)
(0.0003996083217 1.761672405e-13 -0.01796634501)
(0.0003770798509 1.761941287e-13 -0.01796601975)
(0.000355417228 1.762210169e-13 -0.01796570699)
(0.0003354526681 1.762453031e-13 -0.01796541875)
(0.0003179535458 1.762661198e-13 -0.01796516611)
(0.0003035925158 1.76283467e-13 -0.01796495877)
(0.0002929212701 1.762964774e-13 -0.0179648047)
(0.0002863500415 1.763046089e-13 -0.01796470982)
(0.0002815865828 2.360887289e-13 -0.01926411559)
(0.000283878072 2.360861073e-13 -0.01926414976)
(0.0002906642909 2.360785178e-13 -0.01926425094)
(0.0003016846668 2.360659411e-13 -0.01926441526)
(0.0003165155454 2.360490275e-13 -0.01926463639)
(0.0003345871848 2.360286445e-13 -0.01926490584)
(0.0003552049235 2.360056595e-13 -0.01926521325)
(0.0003775762805 2.35980506e-13 -0.01926554682)
(0.0004008418132 2.359544851e-13 -0.01926589371)
(0.0004241073459 2.359284643e-13 -0.0192662406)
(0.0004464787029 2.359024434e-13 -0.01926657417)
(0.0004670964416 2.358794583e-13 -0.01926688158)
(0.0004851680811 2.358590753e-13 -0.01926715103)
(0.0004999989597 2.358421618e-13 -0.01926737216)
(0.0005110193355 2.358300187e-13 -0.01926753648)
(0.0005178055544 2.358224293e-13 -0.01926763766)
(0.0005200970436 2.358198173e-13 -0.01926767183)
(0.0005178055544 2.358224293e-13 -0.01926763766)
(0.0005110193355 2.358300187e-13 -0.01926753648)
(0.0004999989596 2.358421618e-13 -0.01926737216)
(0.0004851680811 2.358590753e-13 -0.01926715103)
(0.0004670964416 2.358794583e-13 -0.01926688158)
(0.0004464787029 2.359024434e-13 -0.01926657417)
(0.0004241073459 2.359284643e-13 -0.0192662406)
(0.0004008418132 2.359544851e-13 -0.01926589371)
(0.0003775762805 2.35980506e-13 -0.01926554682)
(0.0003552049235 2.360056595e-13 -0.01926521325)
(0.0003345871848 2.360286445e-13 -0.01926490584)
(0.0003165155453 2.360490275e-13 -0.01926463639)
(0.0003016846668 2.360659411e-13 -0.01926441526)
(0.0002906642909 2.360785178e-13 -0.01926425094)
(0.000283878072 2.360861073e-13 -0.01926414976)
(0.00027792139 3.050495962e-13 -0.02060508835)
(0.0002802833899 3.050471117e-13 -0.02060512466)
(0.0002872784255 3.050398475e-13 -0.02060523216)
(0.0002986379058 3.050281382e-13 -0.02060540675)
(0.0003139251407 3.05012092e-13 -0.0206056417)
(0.000332552857 3.049925763e-13 -0.020605928)
(0.0003538050176 3.049704586e-13 -0.02060625463)
(0.0003768647566 3.049461725e-13 -0.02060660904)
(0.0004008461857 3.04921019e-13 -0.02060697761)
(0.0004248276148 3.048958655e-13 -0.02060734619)
(0.0004478873538 3.048715794e-13 -0.0206077006)
(0.0004691395145 3.048494616e-13 -0.02060802723)
(0.0004877672307 3.04829946e-13 -0.02060831352)
(0.0005030544656 3.048138998e-13 -0.02060854848)
(0.000514413946 3.048017568e-13 -0.02060872306)
(0.0005214089815 3.047944926e-13 -0.02060883057)
(0.0005237709814 3.047919869e-13 -0.02060886687)
(0.0005214089815 3.047944926e-13 -0.02060883057)
(0.000514413946 3.048017568e-13 -0.02060872306)
(0.0005030544656 3.048138998e-13 -0.02060854848)
(0.0004877672307 3.04829946e-13 -0.02060831352)
(0.0004691395144 3.048494616e-13 -0.02060802723)
(0.0004478873538 3.048715794e-13 -0.0206077006)
(0.0004248276148 3.048958655e-13 -0.02060734619)
(0.0004008461857 3.04921019e-13 -0.02060697761)
(0.0003768647566 3.049461725e-13 -0.02060660904)
(0.0003538050176 3.049704586e-13 -0.02060625463)
(0.0003325528569 3.049925763e-13 -0.020605928)
(0.0003139251407 3.05012092e-13 -0.0206056417)
(0.0002986379058 3.050281382e-13 -0.02060540675)
(0.0002872784254 3.050398475e-13 -0.02060523216)
(0.0002802833899 3.050471117e-13 -0.02060512466)
(0.0002731456956 3.845352806e-13 -0.02198573751)
(0.0002755759404 3.845329003e-13 -0.02198577594)
(0.0002827730821 3.845259614e-13 -0.02198588976)
(0.0002944607698 3.845149026e-13 -0.02198607458)
(0.000310189696 3.844997237e-13 -0.02198632331)
(0.0003293556193 3.844810754e-13 -0.02198662639)
(0.0003512218146 3.844598251e-13 -0.02198697217)
(0.0003749478143 3.844364063e-13 -0.02198734736)
(0.0003996221344 3.844121202e-13 -0.02198773755)
(0.0004242964545 3.843878341e-13 -0.02198812774)
(0.0004480224542 3.8436615e-13 -0.02198850293)
(0.0004698886495 3.843448997e-13 -0.02198884871)
(0.0004890545728 3.843262514e-13 -0.02198915179)
(0.000504783499 3.843110725e-13 -0.02198940052)
(0.0005164711867 3.8429958e-13 -0.02198958534)
(0.0005236683284 3.842926411e-13 -0.02198969916)
(0.0005260985732 3.842902806e-13 -0.02198973759)
(0.0005236683284 3.842926411e-13 -0.02198969916)
(0.0005164711867 3.8429958e-13 -0.02198958534)
(0.0005047834989 3.843110725e-13 -0.02198940052)
(0.0004890545728 3.843262514e-13 -0.02198915179)
(0.0004698886495 3.843448997e-13 -0.02198884871)
(0.0004480224542 3.8436615e-13 -0.02198850293)
(0.0004242964544 3.843878341e-13 -0.02198812774)
(0.0003996221344 3.844121202e-13 -0.02198773755)
(0.0003749478143 3.844364063e-13 -0.02198734736)
(0.0003512218146 3.844598251e-13 -0.02198697217)
(0.0003293556193 3.844810754e-13 -0.02198662639)
(0.000310189696 3.844997237e-13 -0.02198632331)
(0.0002944607698 3.845149026e-13 -0.02198607458)
(0.0002827730821 3.845259614e-13 -0.02198588976)
(0.0002755759404 3.845329003e-13 -0.02198577594)
(0.0002672745837 4.761970302e-13 -0.02340533507)
(0.0002697706463 4.761948214e-13 -0.02340537561)
(0.0002771627068 4.761880994e-13 -0.02340549567)
(0.0002891669299 4.761772573e-13 -0.02340569065)
(0.0003053218394 4.761629459e-13 -0.02340595303)
(0.0003250068296 4.761455986e-13 -0.02340627276)
(0.0003474652228 4.761256493e-13 -0.02340663753)
(0.000371833789 4.76104399e-13 -0.02340703332)
(0.0003971763588 4.760818476e-13 -0.02340744494)
(0.0004225189286 4.760592962e-13 -0.02340785655)
(0.0004468874949 4.760371784e-13 -0.02340825234)
(0.000469345888 4.760172291e-13 -0.02340861711)
(0.0004890308782 4.759998819e-13 -0.02340893684)
(0.0005051857877 4.759855704e-13 -0.02340919922)
(0.0005171900108 4.759747284e-13 -0.0234093942)
(0.0005245820713 4.759682232e-13 -0.02340951426)
(0.0005270781339 4.75966049e-13 -0.0234095548)
(0.0005245820713 4.759682232e-13 -0.02340951426)
(0.0005171900108 4.759747284e-13 -0.0234093942)
(0.0005051857877 4.759855704e-13 -0.02340919922)
(0.0004890308782 4.759998819e-13 -0.02340893684)
(0.000469345888 4.760172291e-13 -0.02340861711)
(0.0004468874948 4.760371784e-13 -0.02340825234)
(0.0004225189286 4.760592962e-13 -0.02340785655)
(0.0003971763588 4.760818476e-13 -0.02340744494)
(0.000371833789 4.76104399e-13 -0.02340703332)
(0.0003474652227 4.761256493e-13 -0.02340663753)
(0.0003250068296 4.761455986e-13 -0.02340627276)
(0.0003053218394 4.761629459e-13 -0.02340595303)
(0.0002891669299 4.761772573e-13 -0.02340569065)
(0.0002771627068 4.761880994e-13 -0.02340549567)
(0.0002697706463 4.761948214e-13 -0.02340537561)
(0.0002603374691 5.818584926e-13 -0.02486176721)
(0.0002628966628 5.818565031e-13 -0.02486180983)
(0.0002704756852 5.818503231e-13 -0.02486193604)
(0.0002827835223 5.818405653e-13 -0.024862141)
(0.000299347026 5.818271212e-13 -0.02486241683)
(0.0003195298943 5.818106413e-13 -0.02486275294)
(0.0003425563111 5.817919931e-13 -0.0248631364)
(0.0003675412136 5.817716101e-13 -0.02486355247)
(0.0003935247543 5.817507934e-13 -0.02486398518)
(0.0004195082951 5.817299767e-13 -0.02486441788)
(0.0004444931976 5.817095937e-13 -0.02486483396)
(0.0004675196144 5.816909454e-13 -0.02486521742)
(0.0004877024826 5.816744655e-13 -0.02486555352)
(0.0005042659864 5.816610214e-13 -0.02486582936)
(0.0005165738234 5.816512636e-13 -0.02486603432)
(0.0005241528459 5.816450837e-13 -0.02486616053)
(0.0005267120396 5.81643014e-13 -0.02486620315)
(0.0005241528459 5.816450837e-13 -0.02486616053)
(0.0005165738234 5.816512636e-13 -0.02486603432)
(0.0005042659864 5.816610214e-13 -0.02486582936)
(0.0004877024826 5.816744655e-13 -0.02486555352)
(0.0004675196144 5.816909454e-13 -0.02486521742)
(0.0004444931976 5.817095937e-13 -0.02486483396)
(0.0004195082951 5.817299767e-13 -0.02486441788)
(0.0003935247543 5.817507934e-13 -0.02486398518)
(0.0003675412135 5.817716101e-13 -0.02486355247)
(0.000342556311 5.817919931e-13 -0.0248631364)
(0.0003195298943 5.818106413e-13 -0.02486275294)
(0.000299347026 5.818271212e-13 -0.02486241683)
(0.0002827835223 5.818405653e-13 -0.024862141)
(0.0002704756852 5.818503231e-13 -0.02486193604)
(0.0002628966628 5.818565031e-13 -0.02486180983)
(0.0002523678454 7.036864413e-13 -0.02635407825)
(0.0002549872548 7.036846149e-13 -0.02635412289)
(0.0002627446053 7.036790855e-13 -0.02635425512)
(0.0002753420353 7.036693277e-13 -0.02635446984)
(0.0002922952643 7.036571846e-13 -0.02635475881)
(0.0003129530184 7.036420058e-13 -0.02635511092)
(0.0003365212273 7.036250922e-13 -0.02635551265)
(0.0003620940035 7.036064439e-13 -0.02635594854)
(0.000388688915 7.03587362e-13 -0.02635640185)
(0.0004152838265 7.0356828e-13 -0.02635685516)
(0.0004408566027 7.035487644e-13 -0.02635729105)
(0.0004644248116 7.035318508e-13 -0.02635769277)
(0.0004850825657 7.03516672e-13 -0.02635804489)
(0.0005020357947 7.035045289e-13 -0.02635833386)
(0.0005146332247 7.034956385e-13 -0.02635854858)
(0.0005223905752 7.034898922e-13 -0.02635868081)
(0.0005250099845 7.034880079e-13 -0.02635872545)
(0.0005223905752 7.034898922e-13 -0.02635868081)
(0.0005146332247 7.034956385e-13 -0.02635854858)
(0.0005020357947 7.035045289e-13 -0.02635833386)
(0.0004850825657 7.03516672e-13 -0.02635804489)
(0.0004644248116 7.035318508e-13 -0.02635769277)
(0.0004408566027 7.035487644e-13 -0.02635729105)
(0.0004152838265 7.0356828e-13 -0.02635685516)
(0.000388688915 7.03587362e-13 -0.02635640185)
(0.0003620940034 7.036064439e-13 -0.02635594854)
(0.0003365212273 7.036250922e-13 -0.02635551265)
(0.0003129530184 7.036420058e-13 -0.02635511092)
(0.0002922952643 7.036571846e-13 -0.02635475881)
(0.0002753420353 7.036693277e-13 -0.02635446984)
(0.0002627446052 7.036790855e-13 -0.02635425512)
(0.0002549872548 7.036846149e-13 -0.02635412289)
(0.0002434155218 8.439878665e-13 -0.02787983028)
(0.0002460919374 8.439861223e-13 -0.0278798769)
(0.0002540181111 8.439809181e-13 -0.02788001494)
(0.0002668896992 8.439724614e-13 -0.02788023912)
(0.0002842118815 8.439616193e-13 -0.0278805408)
(0.0003053192105 8.439477416e-13 -0.02788090841)
(0.0003294003346 8.43932129e-13 -0.02788132782)
(0.0003555296514 8.439152155e-13 -0.02788178289)
(0.0003827033483 8.438978683e-13 -0.02788225616)
(0.0004098770451 8.43880521e-13 -0.02788272942)
(0.0004360063619 8.438636075e-13 -0.0278831845)
(0.000460087486 8.43847995e-13 -0.0278836039)
(0.000481194815 8.438341172e-13 -0.02788397151)
(0.0004985169973 8.438232751e-13 -0.0278842732)
(0.0005113885854 8.438148184e-13 -0.02788449737)
(0.0005193147591 8.43809831e-13 -0.02788463542)
(0.0005219911747 8.438080219e-13 -0.02788468203)
(0.0005193147591 8.43809831e-13 -0.02788463542)
(0.0005113885853 8.438148184e-13 -0.02788449737)
(0.0004985169973 8.438232751e-13 -0.0278842732)
(0.000481194815 8.438341172e-13 -0.02788397151)
(0.000460087486 8.43847995e-13 -0.0278836039)
(0.0004360063619 8.438636075e-13 -0.0278831845)
(0.0004098770451 8.43880521e-13 -0.02788272942)
(0.0003827033482 8.438978683e-13 -0.02788225616)
(0.0003555296513 8.439152155e-13 -0.02788178289)
(0.0003294003346 8.43932129e-13 -0.02788132782)
(0.0003053192105 8.439477416e-13 -0.02788090841)
(0.0002842118815 8.439616193e-13 -0.0278805408)
(0.0002668896992 8.439724614e-13 -0.02788023912)
(0.0002540181111 8.439809181e-13 -0.02788001494)
(0.0002460919374 8.439861223e-13 -0.0278798769)
(0.0002335313414 1.005413461e-12 -0.02943779776)
(0.0002362613254 1.005412008e-12 -0.02943784626)
(0.0002443461414 1.005407346e-12 -0.02943798989)
(0.000257475354 1.00540019e-12 -0.02943822313)
(0.0002751442395 1.005390216e-12 -0.02943853702)
(0.0002966740313 1.005378072e-12 -0.0294389195)
(0.0003212371386 1.005364195e-12 -0.02943935586)
(0.0003478894331 1.005348582e-12 -0.02943982934)
(0.000375607011 1.00533297e-12 -0.02944032175)
(0.0004033245888 1.005317357e-12 -0.02944081415)
(0.0004299768834 1.005303479e-12 -0.02944128763)
(0.0004545399907 1.005289602e-12 -0.029441724)
(0.0004760697824 1.005277458e-12 -0.02944210648)
(0.0004937386679 1.005267484e-12 -0.02944242036)
(0.0005068678805 1.005259894e-12 -0.02944265361)
(0.0005149526965 1.005255232e-12 -0.02944279723)
(0.0005176826805 1.005253712e-12 -0.02944284573)
(0.0005149526965 1.005255232e-12 -0.02944279723)
(0.0005068678805 1.005259894e-12 -0.02944265361)
(0.0004937386679 1.005267484e-12 -0.02944242036)
(0.0004760697824 1.005277458e-12 -0.02944210648)
(0.0004545399906 1.005289602e-12 -0.029441724)
(0.0004299768833 1.005303479e-12 -0.02944128763)
(0.0004033245888 1.005317357e-12 -0.02944081415)
(0.0003756070109 1.00533297e-12 -0.02944032175)
(0.000347889433 1.005348582e-12 -0.02943982934)
(0.0003212371385 1.005364195e-12 -0.02943935586)
(0.0002966740312 1.005378072e-12 -0.0294389195)
(0.0002751442395 1.005390216e-12 -0.02943853702)
(0.000257475354 1.00540019e-12 -0.02943822313)
(0.0002443461414 1.005407346e-12 -0.02943798989)
(0.0002362613254 1.005412008e-12 -0.02943784626)
(0.0002227816297 1.190669549e-12 -0.03102522753)
(0.0002255615043 1.190668224e-12 -0.03102527782)
(0.0002337940705 1.190664321e-12 -0.03102542674)
(0.00024716322 1.190658249e-12 -0.03102566859)
(0.0002651550049 1.190649575e-12 -0.03102599406)
(0.0002870782544 1.190639167e-12 -0.03102639065)
(0.0003120902534 1.190627024e-12 -0.03102684311)
(0.0003392296195 1.190614447e-12 -0.03102733406)
(0.0003674537371 1.19060057e-12 -0.03102784464)
(0.0003956778547 1.190586692e-12 -0.03102835521)
(0.0004228172208 1.190574115e-12 -0.03102884616)
(0.0004478292197 1.190561972e-12 -0.03102929862)
(0.0004697524692 1.190551564e-12 -0.03102969521)
(0.0004877442541 1.19054289e-12 -0.03103002068)
(0.0005011134036 1.190536385e-12 -0.03103026253)
(0.0005093459698 1.190532698e-12 -0.03103041146)
(0.0005121258444 1.190531286e-12 -0.03103046174)
(0.0005093459698 1.190532698e-12 -0.03103041146)
(0.0005011134036 1.190536385e-12 -0.03103026253)
(0.0004877442541 1.19054289e-12 -0.03103002068)
(0.0004697524692 1.190551564e-12 -0.03102969521)
(0.0004478292197 1.190561972e-12 -0.03102929862)
(0.0004228172207 1.190574115e-12 -0.03102884616)
(0.0003956778546 1.190586692e-12 -0.03102835521)
(0.000367453737 1.19060057e-12 -0.03102784464)
(0.0003392296194 1.190614447e-12 -0.03102733406)
(0.0003120902533 1.190627024e-12 -0.03102684311)
(0.0002870782544 1.190639167e-12 -0.03102639065)
(0.0002651550049 1.190649575e-12 -0.03102599406)
(0.00024716322 1.190658249e-12 -0.03102566859)
(0.0002337940705 1.190664321e-12 -0.03102542674)
(0.0002255615043 1.190668224e-12 -0.03102527782)
(0.0002112280696 1.402772347e-12 -0.03264068031)
(0.0002140540278 1.402771345e-12 -0.03264073228)
(0.0002224230705 1.402767876e-12 -0.03264088618)
(0.0002360138488 1.402762455e-12 -0.03264113612)
(0.0002543038948 1.402755082e-12 -0.03264147247)
(0.0002765905798 1.402746409e-12 -0.03264188232)
(0.0003020172183 1.402736434e-12 -0.03264234992)
(0.0003296064908 1.402726026e-12 -0.03264285729)
(0.0003582984973 1.40271475e-12 -0.03264338493)
(0.0003869905038 1.402703474e-12 -0.03264391258)
(0.0004145797762 1.402692199e-12 -0.03264441995)
(0.0004400064148 1.402682224e-12 -0.03264488754)
(0.0004622930997 1.40267355e-12 -0.0326452974)
(0.0004805831457 1.402666178e-12 -0.03264563375)
(0.000494173924 1.40266119e-12 -0.03264588369)
(0.0005025429666 1.402657938e-12 -0.03264603759)
(0.0005053689249 1.402656808e-12 -0.03264608956)
(0.0005025429666 1.402657938e-12 -0.03264603759)
(0.0004941739239 1.40266119e-12 -0.03264588369)
(0.0004805831457 1.402666178e-12 -0.03264563375)
(0.0004622930997 1.40267355e-12 -0.0326452974)
(0.0004400064147 1.402682224e-12 -0.03264488754)
(0.0004145797762 1.402692199e-12 -0.03264441995)
(0.0003869905037 1.402703474e-12 -0.03264391258)
(0.0003582984972 1.40271475e-12 -0.03264338493)
(0.0003296064907 1.402726026e-12 -0.03264285729)
(0.0003020172183 1.402736434e-12 -0.03264234992)
(0.0002765905797 1.402746409e-12 -0.03264188232)
(0.0002543038948 1.402755082e-12 -0.03264147247)
(0.0002360138487 1.402762455e-12 -0.03264113612)
(0.0002224230705 1.402767876e-12 -0.03264088618)
(0.0002140540278 1.402771345e-12 -0.03264073228)
(0.0001989441464 1.644660245e-12 -0.03428120884)
(0.0002018122972 1.644659344e-12 -0.03428126237)
(0.0002103062926 1.64465685e-12 -0.03428142091)
(0.0002240999859 1.64465273e-12 -0.03428167836)
(0.0002426631087 1.644647092e-12 -0.03428202484)
(0.0002652825416 1.644640153e-12 -0.03428244703)
(0.0002910888086 1.644632347e-12 -0.0342829287)
(0.0003190899985 1.644622806e-12 -0.03428345133)
(0.0003482103866 1.644614132e-12 -0.03428399486)
(0.0003773307747 1.644605459e-12 -0.03428453838)
(0.0004053319645 1.644596785e-12 -0.03428506102)
(0.0004311382316 1.644588979e-12 -0.03428554269)
(0.0004537576645 1.64458204e-12 -0.03428596487)
(0.0004723207872 1.644576402e-12 -0.03428631135)
(0.0004861144805 1.644571848e-12 -0.03428656881)
(0.0004946084759 1.644569355e-12 -0.03428672734)
(0.0004974766267 1.644568443e-12 -0.03428678088)
(0.0004946084759 1.644569355e-12 -0.03428672734)
(0.0004861144805 1.644571848e-12 -0.03428656881)
(0.0004723207872 1.644576402e-12 -0.03428631135)
(0.0004537576644 1.64458204e-12 -0.03428596487)
(0.0004311382316 1.644588979e-12 -0.03428554269)
(0.0004053319645 1.644596785e-12 -0.03428506102)
(0.0003773307746 1.644605459e-12 -0.03428453838)
(0.0003482103865 1.644614132e-12 -0.03428399486)
(0.0003190899984 1.644622806e-12 -0.03428345133)
(0.0002910888086 1.644632347e-12 -0.0342829287)
(0.0002652825415 1.644640153e-12 -0.03428244703)
(0.0002426631087 1.644647092e-12 -0.03428202484)
(0.0002240999859 1.64465273e-12 -0.03428167836)
(0.0002103062926 1.64465685e-12 -0.03428142091)
(0.0002018122972 1.644659344e-12 -0.03428126237)
(0.0001859911341 1.919527685e-12 -0.03594532935)
(0.0001888976478 1.919527037e-12 -0.03594538432)
(0.0001975052547 1.919525086e-12 -0.03594554713)
(0.0002114834456 1.919521833e-12 -0.03594581152)
(0.0002302948595 1.91951793e-12 -0.03594616733)
(0.0002532168388 1.919512726e-12 -0.03594660089)
(0.0002793682777 1.919507088e-12 -0.03594709554)
(0.0003077439976 1.919501016e-12 -0.03594763225)
(0.0003372538856 1.919494078e-12 -0.03594819042)
(0.0003667637736 1.919487139e-12 -0.03594874859)
(0.0003951394935 1.919481067e-12 -0.0359492853)
(0.0004212909325 1.919475429e-12 -0.03594977995)
(0.0004442129117 1.919470225e-12 -0.03595021351)
(0.0004630243256 1.919466322e-12 -0.03595056932)
(0.0004770025165 1.919463069e-12 -0.03595083371)
(0.0004856101234 1.919461118e-12 -0.03595099652)
(0.0004885166371 1.91946041e-12 -0.0359510515)
(0.0004856101233 1.919461118e-12 -0.03595099652)
(0.0004770025165 1.919463069e-12 -0.03595083371)
(0.0004630243256 1.919466322e-12 -0.03595056932)
(0.0004442129116 1.919470225e-12 -0.03595021351)
(0.0004212909324 1.919475429e-12 -0.03594977995)
(0.0003951394935 1.919481067e-12 -0.0359492853)
(0.0003667637736 1.919487139e-12 -0.03594874859)
(0.0003372538856 1.919494078e-12 -0.03594819042)
(0.0003077439976 1.919501016e-12 -0.03594763225)
(0.0002793682777 1.919507088e-12 -0.03594709554)
(0.0002532168387 1.919512726e-12 -0.03594660089)
(0.0002302948595 1.91951793e-12 -0.03594616733)
(0.0002114834456 1.919521833e-12 -0.03594581152)
(0.0001975052547 1.919525086e-12 -0.03594554713)
(0.0001888976478 1.919527037e-12 -0.03594538432)
(0.0001724369245 2.23033055e-12 -0.03763012398)
(0.000175378113 2.230330178e-12 -0.03763018028)
(0.0001840884086 2.230328986e-12 -0.037630347)
(0.0001982333593 2.230327034e-12 -0.03763061774)
(0.0002172691933 2.230324432e-12 -0.03763098209)
(0.0002404646317 2.230321396e-12 -0.03763142606)
(0.0002669280572 2.230317927e-12 -0.03763193258)
(0.0002956422993 2.230314024e-12 -0.03763248218)
(0.0003255042402 2.230309687e-12 -0.03763305375)
(0.0003553661811 2.23030535e-12 -0.03763362532)
(0.0003840804232 2.230301447e-12 -0.03763417493)
(0.0004105438487 2.230297978e-12 -0.03763468145)
(0.0004337392871 2.230294942e-12 -0.03763512542)
(0.0004527751211 2.23029234e-12 -0.03763548977)
(0.0004669200718 2.230289954e-12 -0.03763576051)
(0.0004756303673 2.230288762e-12 -0.03763592723)
(0.0004785715558 2.230288357e-12 -0.03763598353)
(0.0004756303673 2.230288762e-12 -0.03763592723)
(0.0004669200717 2.230289954e-12 -0.03763576051)
(0.0004527751211 2.23029234e-12 -0.03763548977)
(0.000433739287 2.230294942e-12 -0.03763512542)
(0.0004105438487 2.230297978e-12 -0.03763468145)
(0.0003840804232 2.230301447e-12 -0.03763417493)
(0.000355366181 2.23030535e-12 -0.03763362532)
(0.0003255042401 2.230309687e-12 -0.03763305375)
(0.0002956422993 2.230314024e-12 -0.03763248218)
(0.0002669280571 2.230317927e-12 -0.03763193258)
(0.0002404646316 2.230321396e-12 -0.03763142606)
(0.0002172691933 2.230324432e-12 -0.03763098209)
(0.0001982333592 2.230327034e-12 -0.03763061774)
(0.0001840884086 2.230328986e-12 -0.037630347)
(0.000175378113 2.230330178e-12 -0.03763018028)
(0.0001583297048 2.580239074e-12 -0.03933431134)
(0.0001613021702 2.580238974e-12 -0.03933436884)
(0.0001701050919 2.58023854e-12 -0.03933453912)
(0.0001844004614 2.580237673e-12 -0.03933481565)
(0.0002036387243 2.580236805e-12 -0.0393351878)
(0.0002270808253 2.580235504e-12 -0.03933564127)
(0.0002538256655 2.58023377e-12 -0.03933615862)
(0.0002828452577 2.580232902e-12 -0.03933671998)
(0.0003130247534 2.580231168e-12 -0.03933730377)
(0.0003432042491 2.580229433e-12 -0.03933788757)
(0.0003722238413 2.580227698e-12 -0.03933844893)
(0.0003989686815 2.580225963e-12 -0.03933896628)
(0.0004224107824 2.580224662e-12 -0.03933941975)
(0.0004416490454 2.580223795e-12 -0.0393397919)
(0.0004559444148 2.580222928e-12 -0.03934006843)
(0.0004647473365 2.580222494e-12 -0.03934023871)
(0.0004677198019 2.580222354e-12 -0.03934029621)
(0.0004647473365 2.580222494e-12 -0.03934023871)
(0.0004559444148 2.580222928e-12 -0.03934006843)
(0.0004416490453 2.580223795e-12 -0.0393397919)
(0.0004224107824 2.580224662e-12 -0.03933941975)
(0.0003989686814 2.580225963e-12 -0.03933896628)
(0.0003722238412 2.580227698e-12 -0.03933844893)
(0.000343204249 2.580229433e-12 -0.03933788757)
(0.0003130247533 2.580231168e-12 -0.03933730377)
(0.0002828452576 2.580232902e-12 -0.03933671998)
(0.0002538256654 2.58023377e-12 -0.03933615862)
(0.0002270808252 2.580235504e-12 -0.03933564127)
(0.0002036387243 2.580236805e-12 -0.0393351878)
(0.0001844004613 2.580237673e-12 -0.03933481565)
(0.0001701050919 2.58023854e-12 -0.03933453912)
(0.0001613021702 2.580238974e-12 -0.03933436884)
(0.0001437199472 2.97203557e-12 -0.04105526845)
(0.0001467206575 2.972035703e-12 -0.04105532705)
(0.0001556072263 2.972036029e-12 -0.04105550058)
(0.0001700384331 2.972036246e-12 -0.0410557824)
(0.0001894595019 2.972037113e-12 -0.04105616165)
(0.0002131243542 2.972037547e-12 -0.04105662378)
(0.0002401233291 2.972038414e-12 -0.04105715102)
(0.0002694186712 2.972039281e-12 -0.0410577231)
(0.0002998849384 2.972040149e-12 -0.04105831805)
(0.0003303512055 2.972041016e-12 -0.04105891299)
(0.0003596465476 2.972041883e-12 -0.04105948508)
(0.0003866455225 2.972042751e-12 -0.04106001231)
(0.0004103103749 2.972043184e-12 -0.04106047444)
(0.0004297314436 2.972044052e-12 -0.0410608537)
(0.0004441626504 2.972044269e-12 -0.04106113551)
(0.0004530492192 2.972044594e-12 -0.04106130905)
(0.0004560499295 2.972044621e-12 -0.04106136765)
(0.0004530492192 2.972044594e-12 -0.04106130905)
(0.0004441626504 2.972044269e-12 -0.04106113551)
(0.0004297314435 2.972044052e-12 -0.0410608537)
(0.0004103103748 2.972043184e-12 -0.04106047444)
(0.0003866455225 2.972042751e-12 -0.04106001231)
(0.0003596465475 2.972041883e-12 -0.04105948508)
(0.0003303512055 2.972041016e-12 -0.04105891299)
(0.0002998849383 2.972040149e-12 -0.04105831805)
(0.0002694186711 2.972039281e-12 -0.0410577231)
(0.0002401233291 2.972038414e-12 -0.04105715102)
(0.0002131243542 2.972037547e-12 -0.04105662378)
(0.0001894595018 2.972037113e-12 -0.04105616165)
(0.0001700384331 2.972036246e-12 -0.0410557824)
(0.0001556072263 2.972036029e-12 -0.04105550058)
(0.0001467206575 2.972035703e-12 -0.04105532705)
(0.0001286333987 3.408731142e-12 -0.04279216191)
(0.0001316597992 3.408731413e-12 -0.04279222151)
(0.0001406224491 3.408732498e-12 -0.04279239803)
(0.0001551772067 3.408733799e-12 -0.0427926847)
(0.0001747645462 3.408735967e-12 -0.04279307048)
(0.0001986320018 3.408738569e-12 -0.04279354055)
(0.0002258621247 3.408741605e-12 -0.04279407686)
(0.0002554082747 3.408745508e-12 -0.04279465878)
(0.0002861353745 3.408748978e-12 -0.04279526397)
(0.0003168624743 3.408752447e-12 -0.04279586915)
(0.0003464086243 3.408755483e-12 -0.04279645107)
(0.0003736387471 3.408758519e-12 -0.04279698738)
(0.0003975062028 3.408761121e-12 -0.04279745746)
(0.0004170935422 3.408763289e-12 -0.04279784324)
(0.0004316482998 3.408765024e-12 -0.0427981299)
(0.0004406109497 3.408765891e-12 -0.04279830642)
(0.0004436373502 3.408766319e-12 -0.04279836603)
(0.0004406109497 3.408765891e-12 -0.04279830642)
(0.0004316482998 3.408765024e-12 -0.0427981299)
(0.0004170935422 3.408763289e-12 -0.04279784324)
(0.0003975062027 3.408761121e-12 -0.04279745746)
(0.0003736387471 3.408758519e-12 -0.04279698738)
(0.0003464086242 3.408755483e-12 -0.04279645107)
(0.0003168624742 3.408752447e-12 -0.04279586915)
(0.0002861353744 3.408748978e-12 -0.04279526397)
(0.0002554082746 3.408745508e-12 -0.04279465878)
(0.0002258621246 3.408741605e-12 -0.04279407686)
(0.0001986320018 3.408738569e-12 -0.04279354055)
(0.0001747645461 3.408735967e-12 -0.04279307048)
(0.0001551772067 3.408733799e-12 -0.0427926847)
(0.0001406224491 3.408732498e-12 -0.04279239803)
(0.0001316597992 3.408731413e-12 -0.04279222151)
(0.0001130968235 3.892856284e-12 -0.04454288033)
(0.0001161468671 3.892856849e-12 -0.04454294087)
(0.0001251795359 3.892858475e-12 -0.04454312016)
(0.0001398479995 3.892861727e-12 -0.04454341132)
(0.0001595883611 3.892865631e-12 -0.04454380316)
(0.0001836422764 3.892869967e-12 -0.04454428061)
(0.000211085129 3.892875605e-12 -0.04454482534)
(0.0002408621023 3.892880809e-12 -0.04454541639)
(0.0002718292513 3.892886881e-12 -0.04454603107)
(0.0003027964003 3.892892952e-12 -0.04454664575)
(0.0003325733736 3.892899024e-12 -0.0445472368)
(0.0003600162262 3.892904662e-12 -0.04454778152)
(0.0003840701415 3.892908999e-12 -0.04454825898)
(0.000403810503 3.892912902e-12 -0.04454865081)
(0.0004184789666 3.892915721e-12 -0.04454894197)
(0.0004275116354 3.892917564e-12 -0.04454912126)
(0.000430561679 3.892918124e-12 -0.04454918181)
(0.0004275116354 3.892917564e-12 -0.04454912126)
(0.0004184789666 3.892915721e-12 -0.04454894197)
(0.0004038105029 3.892912902e-12 -0.04454865081)
(0.0003840701414 3.892908999e-12 -0.04454825898)
(0.0003600162261 3.892904662e-12 -0.04454778152)
(0.0003325733735 3.892899024e-12 -0.0445472368)
(0.0003027964002 3.892892952e-12 -0.04454664575)
(0.0002718292512 3.892886881e-12 -0.04454603107)
(0.0002408621022 3.892880809e-12 -0.04454541639)
(0.0002110851289 3.892875605e-12 -0.04454482534)
(0.0001836422763 3.892869967e-12 -0.04454428061)
(0.000159588361 3.892865631e-12 -0.04454380316)
(0.0001398479995 3.892861727e-12 -0.04454341132)
(0.0001251795359 3.892858475e-12 -0.04454312016)
(0.0001161468671 3.892856849e-12 -0.04454294087)
(9.711120654e-05 4.427280773e-12 -0.0463071925)
(0.0001001833971 4.427281675e-12 -0.04630725392)
(0.0001092816537 4.427284277e-12 -0.04630743583)
(0.0001240566277 4.427287963e-12 -0.04630773124)
(0.0001439403276 4.427293601e-12 -0.04630812878)
(0.0001681689026 4.42730054e-12 -0.0463086132)
(0.0001958110227 4.427308346e-12 -0.04630916587)
(0.0002258042119 4.42731702e-12 -0.04630976554)
(0.000256996219 4.427325694e-12 -0.04631038918)
(0.000288188226 4.427334367e-12 -0.04631101282)
(0.0003181814152 4.427342173e-12 -0.04631161249)
(0.0003458235353 4.42734998e-12 -0.04631216516)
(0.0003700521103 4.427356919e-12 -0.04631264957)
(0.0003899358102 4.427362556e-12 -0.04631304712)
(0.0004047107841 4.427366676e-12 -0.04631334253)
(0.0004138090408 4.427369278e-12 -0.04631352443)
(0.0004168812313 4.427370171e-12 -0.04631358586)
(0.0004138090407 4.427369278e-12 -0.04631352443)
(0.0004047107841 4.427366676e-12 -0.04631334253)
(0.0003899358101 4.427362556e-12 -0.04631304712)
(0.0003700521102 4.427356919e-12 -0.04631264957)
(0.0003458235352 4.42734998e-12 -0.04631216516)
(0.0003181814151 4.427342173e-12 -0.04631161249)
(0.0002881882259 4.427334367e-12 -0.04631101282)
(0.0002569962189 4.427325694e-12 -0.04631038918)
(0.0002258042118 4.42731702e-12 -0.04630976554)
(0.0001958110226 4.427308346e-12 -0.04630916587)
(0.0001681689025 4.42730054e-12 -0.0463086132)
(0.0001439403275 4.427293601e-12 -0.04630812878)
(0.0001240566276 4.427287963e-12 -0.04630773124)
(0.0001092816537 4.427284277e-12 -0.04630743583)
(0.000100183397 4.427281675e-12 -0.04630725392)
(8.068114923e-05 5.014387018e-12 -0.0480835867)
(8.377450536e-05 5.01438821e-12 -0.04808364897)
(9.293544369e-05 5.014391463e-12 -0.04808383339)
(0.0001078122087 5.014397318e-12 -0.04808413288)
(0.0001278328956 5.01440469e-12 -0.04808453593)
(0.0001522283915 5.014413364e-12 -0.04808502705)
(0.0001800609497 5.014423772e-12 -0.04808558736)
(0.0002102607745 5.014435048e-12 -0.04808619532)
(0.0002416676763 5.014446323e-12 -0.04808682759)
(0.0002730745781 5.014457599e-12 -0.04808745986)
(0.0003032744029 5.014468875e-12 -0.04808806782)
(0.0003311069611 5.014479283e-12 -0.04808862813)
(0.0003555024569 5.014487957e-12 -0.04808911925)
(0.0003755231439 5.014495329e-12 -0.0480895223)
(0.0003903999088 5.01450075e-12 -0.04808982179)
(0.0003995608471 5.01450422e-12 -0.04809000621)
(0.0004026542032 5.014505339e-12 -0.04809006848)
(0.0003995608471 5.01450422e-12 -0.04809000621)
(0.0003903999088 5.01450075e-12 -0.04808982179)
(0.0003755231438 5.014495329e-12 -0.0480895223)
(0.0003555024568 5.014487957e-12 -0.04808911925)
(0.000331106961 5.014479283e-12 -0.04808862813)
(0.0003032744028 5.014468875e-12 -0.04808806782)
(0.000273074578 5.014457599e-12 -0.04808745986)
(0.0002416676762 5.014446323e-12 -0.04808682759)
(0.0002102607744 5.014435048e-12 -0.04808619532)
(0.0001800609496 5.014423772e-12 -0.04808558736)
(0.0001522283914 5.014413364e-12 -0.04808502705)
(0.0001278328956 5.01440469e-12 -0.04808453593)
(0.0001078122086 5.014397318e-12 -0.04808413288)
(9.293544365e-05 5.014391463e-12 -0.04808383339)
(8.377450534e-05 5.01438821e-12 -0.04808364897)
(6.378808064e-05 5.657111054e-12 -0.04987243905)
(6.69021072e-05 5.657112474e-12 -0.04987250216)
(7.612426076e-05 5.657116702e-12 -0.04987268906)
(9.110043527e-05 5.657123641e-12 -0.04987299257)
(0.0001112549045 5.657132748e-12 -0.04987340102)
(0.000135813416 5.657144024e-12 -0.04987389872)
(0.0001638319569 5.657157034e-12 -0.04987446655)
(0.000194233583 5.657170912e-12 -0.04987508267)
(0.0002258503521 5.657185657e-12 -0.04987572342)
(0.0002574671211 5.657200403e-12 -0.04987636417)
(0.0002878687472 5.65721428e-12 -0.04987698029)
(0.0003158872882 5.657227291e-12 -0.04987754812)
(0.0003404457996 5.657238566e-12 -0.04987804582)
(0.0003606002688 5.657247674e-12 -0.04987845428)
(0.0003755764433 5.657254613e-12 -0.04987875779)
(0.0003847985968 5.657258841e-12 -0.04987894468)
(0.0003879126234 5.65726026e-12 -0.04987900779)
(0.0003847985968 5.657258841e-12 -0.04987894468)
(0.0003755764433 5.657254613e-12 -0.04987875779)
(0.0003606002688 5.657247674e-12 -0.04987845428)
(0.0003404457995 5.657238566e-12 -0.04987804582)
(0.0003158872881 5.657227291e-12 -0.04987754812)
(0.0002878687471 5.65721428e-12 -0.04987698029)
(0.000257467121 5.657200403e-12 -0.04987636417)
(0.000225850352 5.657185657e-12 -0.04987572342)
(0.0001942335829 5.657170912e-12 -0.04987508267)
(0.0001638319568 5.657157034e-12 -0.04987446655)
(0.0001358134159 5.657144024e-12 -0.04987389872)
(0.0001112549044 5.657132748e-12 -0.04987340102)
(9.11004352e-05 5.657123641e-12 -0.04987299257)
(7.612426072e-05 5.657116702e-12 -0.04987268906)
(6.690210718e-05 5.657112474e-12 -0.04987250216)
(4.642250533e-05 6.357959822e-12 -0.05167276824)
(4.955709834e-05 6.357961683e-12 -0.05167283219)
(5.884015922e-05 6.357966887e-12 -0.05167302156)
(7.391524322e-05 6.357975344e-12 -0.05167332909)
(9.420282177e-05 6.35798662e-12 -0.05167374296)
(0.0001189235288 6.358000498e-12 -0.05167424727)
(0.000147127117 6.35801611e-12 -0.05167482262)
(0.0001777295294 6.358033024e-12 -0.05167544691)
(0.00020955511 6.358051238e-12 -0.05167609615)
(0.0002413806906 6.358069453e-12 -0.0516767454)
(0.0002719831029 6.358086366e-12 -0.05167736969)
(0.0003001866911 6.358101979e-12 -0.05167794504)
(0.0003249073982 6.358115857e-12 -0.05167844935)
(0.0003451949767 6.358127132e-12 -0.05167886321)
(0.0003602700607 6.358135589e-12 -0.05167917075)
(0.0003695531215 6.358140793e-12 -0.05167936012)
(0.0003726877145 6.3581425e-12 -0.05167942407)
(0.0003695531215 6.358140793e-12 -0.05167936012)
(0.0003602700606 6.358135589e-12 -0.05167917075)
(0.0003451949766 6.358127132e-12 -0.05167886321)
(0.0003249073981 6.358115857e-12 -0.05167844935)
(0.000300186691 6.358101979e-12 -0.05167794504)
(0.0002719831028 6.358086366e-12 -0.05167736969)
(0.0002413806905 6.358069453e-12 -0.0516767454)
(0.0002095551099 6.358051238e-12 -0.05167609615)
(0.0001777295292 6.358033024e-12 -0.05167544691)
(0.0001471271169 6.35801611e-12 -0.05167482262)
(0.0001189235287 6.358000498e-12 -0.05167424727)
(9.420282168e-05 6.35798662e-12 -0.05167374296)
(7.391524315e-05 6.357975344e-12 -0.05167332909)
(5.884015917e-05 6.357966887e-12 -0.05167302156)
(4.955709832e-05 6.357961683e-12 -0.05167283219)
(2.855625923e-05 7.120251432e-12 -0.05348541764)
(3.171162872e-05 7.120253605e-12 -0.05348548244)
(4.105621892e-05 7.120259894e-12 -0.05348567433)
(5.623122251e-05 7.120270085e-12 -0.05348598596)
(7.665326973e-05 7.120283529e-12 -0.05348640533)
(0.0001015378288 7.120300009e-12 -0.05348691634)
(0.000129928354 7.120319091e-12 -0.05348749936)
(0.0001607336031 7.120339041e-12 -0.05348813195)
(0.0001927701277 7.120360725e-12 -0.05348878983)
(0.0002248066524 7.120382409e-12 -0.05348944772)
(0.0002556119014 7.120403225e-12 -0.05349008031)
(0.0002840024266 7.120422307e-12 -0.05349066332)
(0.0003088869857 7.120438787e-12 -0.05349117434)
(0.0003293090329 7.120452231e-12 -0.05349159371)
(0.0003444840364 7.120462423e-12 -0.05349190534)
(0.0003538286266 7.120468711e-12 -0.05349209723)
(0.0003569839961 7.120470825e-12 -0.05349216203)
(0.0003538286266 7.120468711e-12 -0.05349209723)
(0.0003444840364 7.120462423e-12 -0.05349190534)
(0.0003293090328 7.120452231e-12 -0.05349159371)
(0.0003088869856 7.120438787e-12 -0.05349117434)
(0.0002840024265 7.120422307e-12 -0.05349066332)
(0.0002556119013 7.120403225e-12 -0.05349008031)
(0.0002248066522 7.120382409e-12 -0.05348944772)
(0.0001927701276 7.120360725e-12 -0.05348878983)
(0.0001607336029 7.120339041e-12 -0.05348813195)
(0.0001299283539 7.120319091e-12 -0.05348749936)
(0.0001015378287 7.120300009e-12 -0.05348691634)
(7.665326963e-05 7.120283529e-12 -0.05348640533)
(5.623122243e-05 7.120270085e-12 -0.05348598596)
(4.105621886e-05 7.120259894e-12 -0.05348567433)
(3.171162869e-05 7.120253605e-12 -0.05348548244)
(1.017674114e-05 7.946889249e-12 -0.05530974323)
(1.335328446e-05 7.946891734e-12 -0.0553098089)
(2.276058068e-05 7.946899215e-12 -0.05531000338)
(3.803741477e-05 7.946911358e-12 -0.0553103192)
(5.859650229e-05 7.946927404e-12 -0.05531074422)
(8.364804697e-05 7.946947354e-12 -0.05531126212)
(0.0001122290842 7.946969471e-12 -0.05531185299)
(0.0001432410491 7.946993758e-12 -0.05531249411)
(0.000175492552 7.947018911e-12 -0.05531316085)
(0.0002077440548 7.947044064e-12 -0.0553138276)
(0.0002387560197 7.947069218e-12 -0.05531446871)
(0.0002673370569 7.947091336e-12 -0.05531505958)
(0.0002923886016 7.947111285e-12 -0.05531557748)
(0.0003129476891 7.947127331e-12 -0.0553160025)
(0.0003282245231 7.947139474e-12 -0.05531631832)
(0.0003376318193 7.947146738e-12 -0.0553165128)
(0.0003408083626 7.947149166e-12 -0.05531657847)
(0.0003376318193 7.947146738e-12 -0.0553165128)
(0.0003282245231 7.947139474e-12 -0.05531631832)
(0.000312947689 7.947127331e-12 -0.0553160025)
(0.0002923886015 7.947111285e-12 -0.05531557748)
(0.0002673370568 7.947091336e-12 -0.05531505958)
(0.0002387560195 7.947069218e-12 -0.05531446871)
(0.0002077440546 7.947044064e-12 -0.0553138276)
(0.0001754925518 7.947018911e-12 -0.05531316085)
(0.000143241049 7.946993758e-12 -0.05531249411)
(0.0001122290841 7.946969471e-12 -0.05531185299)
(8.364804684e-05 7.946947354e-12 -0.05531126212)
(5.859650218e-05 7.946927404e-12 -0.05531074422)
(3.803741468e-05 7.946911358e-12 -0.0553103192)
(2.276058062e-05 7.946899215e-12 -0.05531000338)
(1.335328443e-05 7.946891734e-12 -0.0553098089)
(-8.742563923e-06 8.841725605e-12 -0.05714682467)
(-5.544357394e-06 8.841728565e-12 -0.05714689124)
(3.927094176e-06 8.841737238e-12 -0.05714708838)
(1.930811234e-05 8.841751116e-12 -0.05714740853)
(4.000740757e-05 8.841770198e-12 -0.05714783937)
(6.522979734e-05 8.841793183e-12 -0.05714836436)
(9.400574991e-05 8.841819638e-12 -0.05714896331)
(0.0001252292084 8.84184826e-12 -0.05714961321)
(0.0001577006583 8.841877751e-12 -0.05715028908)
(0.0001901721081 8.841907241e-12 -0.05715096496)
(0.0002213955666 8.841935864e-12 -0.05715161486)
(0.0002501715191 8.841962319e-12 -0.05715221381)
(0.0002753939089 8.841985304e-12 -0.0571527388)
(0.0002960932041 8.842004386e-12 -0.05715316964)
(0.0003114742222 8.842018697e-12 -0.05715348979)
(0.0003209456738 8.842027371e-12 -0.05715368693)
(0.0003241438803 8.842030357e-12 -0.0571537535)
(0.0003209456737 8.842027371e-12 -0.05715368693)
(0.0003114742222 8.842018697e-12 -0.05715348979)
(0.000296093204 8.842004386e-12 -0.05715316964)
(0.0002753939088 8.841985304e-12 -0.0571527388)
(0.000250171519 8.841962319e-12 -0.05715221381)
(0.0002213955664 8.841935864e-12 -0.05715161486)
(0.0001901721079 8.841907241e-12 -0.05715096496)
(0.0001577006581 8.841877751e-12 -0.05715028908)
(0.0001252292083 8.84184826e-12 -0.05714961321)
(9.400574976e-05 8.841819638e-12 -0.05714896331)
(6.52297972e-05 8.841793183e-12 -0.05714836436)
(4.000740745e-05 8.841770198e-12 -0.05714783937)
(1.930811225e-05 8.841751116e-12 -0.05714740853)
(3.927094111e-06 8.841737238e-12 -0.05714708838)
(-5.544357427e-06 8.841728565e-12 -0.05714689124)
(-2.820588486e-05 9.807942575e-12 -0.05899610107)
(-2.498557205e-05 9.807946014e-12 -0.05899616856)
(-1.544865299e-05 9.80795588e-12 -0.05899636844)
(3.868011245e-08 9.807972143e-12 -0.05899669303)
(2.088105066e-05 9.807994261e-12 -0.05899712985)
(4.627777978e-05 9.808021149e-12 -0.05899766213)
(7.525263423e-05 9.80805194e-12 -0.05899826939)
(0.000106691912 9.8080849e-12 -0.05899892831)
(0.0001393878073 9.808119594e-12 -0.05899961356)
(0.0001720837026 9.808154289e-12 -0.05900029882)
(0.0002035229804 9.808187248e-12 -0.05900095773)
(0.0002324978348 9.80821804e-12 -0.059001565)
(0.0002578945639 9.808244928e-12 -0.05900209728)
(0.0002787369344 9.808267046e-12 -0.0590025341)
(0.0002942242675 9.808283309e-12 -0.05900285869)
(0.0003037611865 9.808293392e-12 -0.05900305857)
(0.0003069814993 9.808296787e-12 -0.05900312606)
(0.0003037611865 9.808293392e-12 -0.05900305857)
(0.0002942242674 9.808283309e-12 -0.05900285869)
(0.0002787369343 9.808267046e-12 -0.0590025341)
(0.0002578945638 9.808244928e-12 -0.05900209728)
(0.0002324978347 9.80821804e-12 -0.059001565)
(0.0002035229802 9.808187248e-12 -0.05900095773)
(0.0001720837024 9.808154289e-12 -0.05900029882)
(0.0001393878071 9.808119594e-12 -0.05899961356)
(0.0001066919118 9.8080849e-12 -0.05899892831)
(7.525263406e-05 9.80805194e-12 -0.05899826939)
(4.627777963e-05 9.808021149e-12 -0.05899766213)
(2.088105053e-05 9.807994261e-12 -0.05899712985)
(3.868001208e-08 9.807972143e-12 -0.05899669303)
(-1.544865306e-05 9.80795588e-12 -0.05899636844)
(-2.498557209e-05 9.807946014e-12 -0.05899616856)
(-4.822586856e-05 1.084940031e-11 -0.06085861899)
(-4.498316176e-05 1.084940427e-11 -0.06085868742)
(-3.537992315e-05 1.084941598e-11 -0.06085889009)
(-1.978489145e-05 1.08494342e-11 -0.06085921922)
(1.202416521e-06 1.084945979e-11 -0.06085966214)
(2.677575399e-05 1.084949058e-11 -0.06086020184)
(5.595209899e-05 1.084952614e-11 -0.06086081759)
(8.761000488e-05 1.08495643e-11 -0.06086148571)
(0.0001205332668 1.08496042e-11 -0.06086218053)
(0.0001534565286 1.08496441e-11 -0.06086287535)
(0.0001851144345 1.084968226e-11 -0.06086354347)
(0.0002142907795 1.084971783e-11 -0.06086415921)
(0.0002398641169 1.084974862e-11 -0.06086469892)
(0.0002608514249 1.08497742e-11 -0.06086514184)
(0.0002764464566 1.084979329e-11 -0.06086547096)
(0.0002860496951 1.084980478e-11 -0.06086567363)
(0.0002892924019 1.084980875e-11 -0.06086574207)
(0.0002860496951 1.084980478e-11 -0.06086567363)
(0.0002764464565 1.084979329e-11 -0.06086547096)
(0.0002608514248 1.08497742e-11 -0.06086514184)
(0.0002398641168 1.084974862e-11 -0.06086469892)
(0.0002142907793 1.084971783e-11 -0.06086415921)
(0.0001851144343 1.084968226e-11 -0.06086354347)
(0.0001534565285 1.08496441e-11 -0.06086287535)
(0.0001205332666 1.08496042e-11 -0.06086218053)
(8.761000469e-05 1.08495643e-11 -0.06086148571)
(5.595209881e-05 1.084952614e-11 -0.06086081759)
(2.677575383e-05 1.084949058e-11 -0.06086020184)
(1.202416383e-06 1.084945979e-11 -0.06085966214)
(-1.978489156e-05 1.08494342e-11 -0.06085921922)
(-3.537992323e-05 1.084941598e-11 -0.06085889009)
(-4.49831618e-05 1.084940427e-11 -0.06085868742)
(-6.878364105e-05 1.196839913e-11 -0.06273360927)
(-6.551858086e-05 1.196840359e-11 -0.06273367866)
(-5.584914297e-05 1.196841714e-11 -0.06273388413)
(-4.014660795e-05 1.196843839e-11 -0.06273421781)
(-1.901462538e-05 1.196846745e-11 -0.06273466686)
(6.735000177e-06 1.196850301e-11 -0.06273521404)
(3.611247036e-05 1.196854334e-11 -0.0627358383)
(6.798860791e-05 1.196858671e-11 -0.06273651567)
(0.0001011388241 1.196863268e-11 -0.06273722011)
(0.0001342890403 1.196867865e-11 -0.06273792454)
(0.0001661651778 1.196872202e-11 -0.06273860191)
(0.000195542648 1.196876235e-11 -0.06273922618)
(0.0002212922735 1.196879791e-11 -0.06273977335)
(0.000242424256 1.196882697e-11 -0.0627402224)
(0.000258126791 1.196884866e-11 -0.06274055608)
(0.0002677962289 1.196886177e-11 -0.06274076156)
(0.000271061289 1.196886634e-11 -0.06274083094)
(0.0002677962288 1.196886177e-11 -0.06274076156)
(0.0002581267909 1.196884866e-11 -0.06274055608)
(0.0002424242559 1.196882697e-11 -0.0627402224)
(0.0002212922734 1.196879791e-11 -0.06273977335)
(0.0001955426478 1.196876235e-11 -0.06273922618)
(0.0001661651776 1.196872202e-11 -0.06273860191)
(0.0001342890401 1.196867865e-11 -0.06273792454)
(0.0001011388239 1.196863268e-11 -0.06273722011)
(6.79886077e-05 1.196858671e-11 -0.06273651567)
(3.611247017e-05 1.196854334e-11 -0.0627358383)
(6.735000003e-06 1.196850301e-11 -0.06273521404)
(-1.901462553e-05 1.196846745e-11 -0.06273466686)
(-4.014660807e-05 1.196843839e-11 -0.06273421781)
(-5.584914305e-05 1.196841714e-11 -0.06273388413)
(-6.55185809e-05 1.196840359e-11 -0.06273367866)
(-8.98577541e-05 1.316678193e-11 -0.06462174938)
(-8.657089346e-05 1.316678711e-11 -0.0646218197)
(-7.683689379e-05 1.316680207e-11 -0.06462202792)
(-6.102951467e-05 1.316682657e-11 -0.06462236607)
(-3.975643615e-05 1.316685953e-11 -0.06462282115)
(-1.383488316e-05 1.316689986e-11 -0.06462337566)
(1.573873718e-05 1.31669454e-11 -0.06462400829)
(4.782770822e-05 1.31669944e-11 -0.06462469474)
(8.119926477e-05 1.316704645e-11 -0.06462540862)
(0.0001145708213 1.316709849e-11 -0.0646261225)
(0.0001466597923 1.316714836e-11 -0.06462680894)
(0.0001762334127 1.31671939e-11 -0.06462744158)
(0.0002021549656 1.316723423e-11 -0.06462799609)
(0.0002234280441 1.316726719e-11 -0.06462845116)
(0.0002392354232 1.316729169e-11 -0.06462878931)
(0.0002489694228 1.316730665e-11 -0.06462899754)
(0.0002522562834 1.316731169e-11 -0.06462906785)
(0.0002489694228 1.316730665e-11 -0.06462899754)
(0.0002392354231 1.316729169e-11 -0.06462878931)
(0.000223428044 1.316726719e-11 -0.06462845116)
(0.0002021549655 1.316723423e-11 -0.06462799609)
(0.0001762334125 1.31671939e-11 -0.06462744158)
(0.0001466597921 1.316714836e-11 -0.06462680894)
(0.0001145708211 1.316709849e-11 -0.0646261225)
(8.119926455e-05 1.316704645e-11 -0.06462540862)
(4.7827708e-05 1.31669944e-11 -0.06462469474)
(1.573873698e-05 1.31669454e-11 -0.06462400829)
(-1.383488335e-05 1.316689986e-11 -0.06462337566)
(-3.975643631e-05 1.316685953e-11 -0.06462282115)
(-6.102951479e-05 1.316682657e-11 -0.06462236607)
(-7.683689388e-05 1.316680207e-11 -0.06462202792)
(-8.657089351e-05 1.316678711e-11 -0.0646218197)
(-0.0001113755129 1.444271602e-11 -0.06652163019)
(-0.0001080682377 1.444272176e-11 -0.06652170138)
(-9.827378035e-05 1.444273867e-11 -0.06652191221)
(-8.236822197e-05 1.444276599e-11 -0.06652225457)
(-6.096301688e-05 1.444280286e-11 -0.06652271532)
(-3.488046574e-05 1.444284796e-11 -0.06652327674)
(-5.123164346e-06 1.444289913e-11 -0.06652391726)
(2.716511052e-05 1.444295464e-11 -0.06652461226)
(6.074393701e-05 1.444301276e-11 -0.06652533504)
(9.432276351e-05 1.444307087e-11 -0.06652605782)
(0.0001266110384 1.444312638e-11 -0.06652675283)
(0.0001563683397 1.444317756e-11 -0.06652739335)
(0.0001824508908 1.444322266e-11 -0.06652795477)
(0.0002038560959 1.444325952e-11 -0.06652841552)
(0.0002197616542 1.444328728e-11 -0.06652875788)
(0.0002295561115 1.444330419e-11 -0.06652896871)
(0.0002328633867 1.444330995e-11 -0.0665290399)
(0.0002295561115 1.444330419e-11 -0.06652896871)
(0.0002197616541 1.444328728e-11 -0.06652875788)
(0.0002038560958 1.444325952e-11 -0.06652841552)
(0.0001824508907 1.444322266e-11 -0.06652795477)
(0.0001563683395 1.444317756e-11 -0.06652739335)
(0.0001266110381 1.444312638e-11 -0.06652675283)
(9.432276327e-05 1.444307087e-11 -0.06652605782)
(6.074393678e-05 1.444301276e-11 -0.06652533504)
(2.716511029e-05 1.444295464e-11 -0.06652461226)
(-5.123164565e-06 1.444289913e-11 -0.06652391726)
(-3.488046593e-05 1.444284796e-11 -0.06652327674)
(-6.096301704e-05 1.444280286e-11 -0.06652271532)
(-8.23682221e-05 1.444276599e-11 -0.06652225457)
(-9.827378044e-05 1.444273867e-11 -0.06652191221)
(-0.0001080682377 1.444272176e-11 -0.06652170138)
(-0.000133232143 1.579106692e-11 -0.06843294471)
(-0.0001299071235 1.57910732e-11 -0.06843301667)
(-0.0001200601169 1.579109174e-11 -0.06843322976)
(-0.000104069222 1.579112188e-11 -0.06843357581)
(-8.254917361e-05 1.579116265e-11 -0.06843404151)
(-5.632668427e-05 1.579121252e-11 -0.06843460898)
(-2.640972891e-05 1.57912689e-11 -0.0684352564)
(6.051779127e-06 1.579133005e-11 -0.06843595888)
(3.981076286e-05 1.579139423e-11 -0.06843668944)
(7.356974659e-05 1.579145842e-11 -0.06843742)
(0.0001060312546 1.579151957e-11 -0.06843812248)
(0.00013594821 1.579157595e-11 -0.0684387699)
(0.0001621706993 1.579162582e-11 -0.06843933737)
(0.0001836907476 1.579166659e-11 -0.06843980307)
(0.0001996816425 1.579169673e-11 -0.06844014912)
(0.000209528649 1.579171548e-11 -0.06844036222)
(0.0002128536684 1.579172169e-11 -0.06844043417)
(0.000209528649 1.579171548e-11 -0.06844036222)
(0.0001996816424 1.579169673e-11 -0.06844014912)
(0.0001836907475 1.579166659e-11 -0.06843980307)
(0.0001621706991 1.579162582e-11 -0.06843933737)
(0.0001359482097 1.579157595e-11 -0.0684387699)
(0.0001060312544 1.579151957e-11 -0.06843812248)
(7.356974635e-05 1.579145842e-11 -0.06843742)
(3.981076261e-05 1.579139423e-11 -0.06843668944)
(6.051778882e-06 1.579133005e-11 -0.06843595888)
(-2.640972914e-05 1.57912689e-11 -0.0684352564)
(-5.632668448e-05 1.579121252e-11 -0.06843460898)
(-8.254917379e-05 1.579116265e-11 -0.06843404151)
(-0.0001040692221 1.579112188e-11 -0.06843357581)
(-0.000120060117 1.579109174e-11 -0.06843322976)
(-0.0001299071235 1.57910732e-11 -0.06843301667)
(-0.0001552212816 1.719841009e-11 -0.0703527037)
(-0.0001518832464 1.719841684e-11 -0.07035277622)
(-0.0001419976938 1.719843669e-11 -0.07035299099)
(-0.0001259442027 1.719846921e-11 -0.07035333975)
(-0.0001043399143 1.719851301e-11 -0.07035380911)
(-7.801477733e-05 1.719856592e-11 -0.07035438103)
(-4.798071235e-05 1.719862664e-11 -0.07035503353)
(-1.539213408e-05 1.719869212e-11 -0.07035574153)
(1.849899884e-05 1.719876064e-11 -0.07035647782)
(5.239013176e-05 1.719882917e-11 -0.07035721411)
(8.497871002e-05 1.719889465e-11 -0.07035792211)
(0.000115012775 1.719895537e-11 -0.07035857461)
(0.0001413379119 1.719900828e-11 -0.07035914653)
(0.0001629422003 1.719905208e-11 -0.07035961589)
(0.0001789956914 1.719908417e-11 -0.07035996465)
(0.0001888812439 1.719910423e-11 -0.07036017942)
(0.0001922192791 1.719911099e-11 -0.07036025194)
(0.0001888812438 1.719910423e-11 -0.07036017942)
(0.0001789956913 1.719908417e-11 -0.07035996465)
(0.0001629422001 1.719905208e-11 -0.07035961589)
(0.0001413379118 1.719900828e-11 -0.07035914653)
(0.0001150127748 1.719895537e-11 -0.07035857461)
(8.497870978e-05 1.719889465e-11 -0.07035792211)
(5.239013151e-05 1.719882917e-11 -0.07035721411)
(1.849899859e-05 1.719876064e-11 -0.07035647782)
(-1.539213433e-05 1.719869212e-11 -0.07035574153)
(-4.798071259e-05 1.719862664e-11 -0.07035503353)
(-7.801477754e-05 1.719856592e-11 -0.07035438103)
(-0.0001043399145 1.719851301e-11 -0.07035380911)
(-0.0001259442029 1.719846921e-11 -0.07035333975)
(-0.0001419976939 1.719843669e-11 -0.07035299099)
(-0.0001518832465 1.719841684e-11 -0.07035277622)
(-0.0001770242525 1.864031314e-11 -0.07227811488)
(-0.0001736812041 1.864031997e-11 -0.07227818762)
(-0.000163780805 1.864034014e-11 -0.07227840303)
(-0.0001477032042 1.86403731e-11 -0.07227875284)
(-0.0001260664697 1.864041733e-11 -0.07227922361)
(-9.970179659e-05 1.864047154e-11 -0.07227979725)
(-6.962262534e-05 1.864053313e-11 -0.07228045171)
(-3.698510435e-05 1.864059948e-11 -0.07228116184)
(-3.043072466e-06 1.864066887e-11 -0.07228190035)
(3.089895941e-05 1.864073826e-11 -0.07228263886)
(6.353648039e-05 1.864080548e-11 -0.07228334898)
(9.361565161e-05 1.864086706e-11 -0.07228400344)
(0.0001199803246 1.864092127e-11 -0.07228457708)
(0.0001416170591 1.864096551e-11 -0.07228504785)
(0.0001576946599 1.864099847e-11 -0.07228539767)
(0.0001675950589 1.864101863e-11 -0.07228561308)
(0.0001709381073 1.864102548e-11 -0.07228568582)
(0.0001675950589 1.864101863e-11 -0.07228561308)
(0.0001576946598 1.864099847e-11 -0.07228539767)
(0.000141617059 1.864096551e-11 -0.07228504785)
(0.0001199803245 1.864092127e-11 -0.07228457708)
(9.36156514e-05 1.864086706e-11 -0.07228400344)
(6.353648015e-05 1.864080548e-11 -0.07228334898)
(3.089895915e-05 1.864073826e-11 -0.07228263886)
(-3.043072728e-06 1.864066887e-11 -0.07228190035)
(-3.69851046e-05 1.864059948e-11 -0.07228116184)
(-6.962262559e-05 1.864053313e-11 -0.07228045171)
(-9.970179681e-05 1.864047154e-11 -0.07227979725)
(-0.0001260664698 1.864041733e-11 -0.07227922361)
(-0.0001477032043 1.86403731e-11 -0.07227875284)
(-0.0001637808051 1.864034014e-11 -0.07227840303)
(-0.0001736812041 1.864031997e-11 -0.07227818762)
)
;

boundaryField
{
    left
    {
        type            calculated;
    }
    right
    {
        type            calculated;
    }
    beam
    {
        type            empty;
    }
}


// ************************************************************************* //
