/*--------------------------------*- C++ -*----------------------------------*\
| =========                 |                                                 |
| \\      /  F ield         | OpenFOAM: The Open Source CFD Toolbox           |
|  \\    /   O peration     | Version:  2312                                  |
|   \\  /    A nd           | Website:  www.openfoam.com                      |
|    \\/     M anipulation  |                                                 |
\*---------------------------------------------------------------------------*/
FoamFile
{
    version     2.0;
    format      ascii;
    arch        "LSB;label=32;scalar=64";
    class       pointVectorField;
    location    "0.19/beam";
    object      pointW;
}
// * * * * * * * * * * * * * * * * * * * * * * * * * * * * * * * * * * * * * //

dimensions      [0 1 0 0 0 0 0];

internalField   nonuniform List<vector> 
1952
(
(-0.0002610252693 -3.801837687e-15 8.525856511e-06)
(-0.0002560096686 -3.728788112e-15 8.362032175e-06)
(-0.0002411560256 -3.512381358e-15 7.876868308e-06)
(-0.0002170346805 -3.161099854e-15 7.088993905e-06)
(-0.0001845729254 -2.688387707e-15 6.028697072e-06)
(-0.0001450178086 -2.112025832e-15 4.736710089e-06)
(-9.988980233e-05 -1.454999315e-15 3.26269607e-06)
(-5.092348475e-05 -7.41594286e-16 1.663311463e-06)
(2.907301054e-13 0 -1.520254264e-14)
(5.092348532e-05 7.41594286e-16 -1.663311493e-06)
(9.988980287e-05 1.454999315e-15 -3.262696098e-06)
(0.0001450178091 2.112025832e-15 -4.736710114e-06)
(0.0001845729258 2.688387707e-15 -6.028697094e-06)
(0.0002170346808 3.161099854e-15 -7.088993922e-06)
(0.0002411560259 3.512381358e-15 -7.876868319e-06)
(0.0002560096688 3.728788112e-15 -8.362032181e-06)
(0.0002610252693 3.801837687e-15 -8.525856511e-06)
(0.0002560096686 3.728788112e-15 -8.362032175e-06)
(0.0002411560256 3.512381358e-15 -7.876868308e-06)
(0.0002170346805 3.161099854e-15 -7.088993905e-06)
(0.0001845729254 2.688387707e-15 -6.028697072e-06)
(0.0001450178086 2.112025832e-15 -4.736710089e-06)
(9.988980233e-05 1.454999315e-15 -3.26269607e-06)
(5.092348475e-05 7.41594286e-16 -1.663311463e-06)
(-2.907300806e-13 0 1.520254183e-14)
(-5.092348532e-05 -7.41594286e-16 1.663311493e-06)
(-9.988980287e-05 -1.454999315e-15 3.262696098e-06)
(-0.0001450178091 -2.112025832e-15 4.736710114e-06)
(-0.0001845729258 -2.688387707e-15 6.028697094e-06)
(-0.0002170346808 -3.161099854e-15 7.088993922e-06)
(-0.0002411560259 -3.512381358e-15 7.876868319e-06)
(-0.0002560096688 -3.728788112e-15 8.362032181e-06)
(-0.000272183791 3.224394031e-12 -0.002886041899)
(-0.0002671685293 3.224467026e-12 -0.002886205701)
(-0.0002523158898 3.224683324e-12 -0.002886690799)
(-0.0002281961743 3.225034389e-12 -0.002887478567)
(-0.0001957366124 3.225507101e-12 -0.002888538721)
(-0.0001561841681 3.226083029e-12 -0.002889830533)
(-0.0001110592108 3.226740056e-12 -0.002891304347)
(-6.209620145e-05 3.227453027e-12 -0.002892903516)
(-1.117615691e-05 3.228194621e-12 -0.002894566602)
(3.974388762e-05 3.228936216e-12 -0.002896229689)
(8.87068969e-05 3.229649187e-12 -0.002897828857)
(0.0001338318542 3.230306213e-12 -0.002899302672)
(0.0001733842984 3.230882142e-12 -0.002900594484)
(0.0002058438603 3.231354854e-12 -0.002901654638)
(0.0002299635757 3.231705918e-12 -0.002902442405)
(0.000244816215 3.231922e-12 -0.002902927504)
(0.0002498314766 3.23199513e-12 -0.002903091306)
(0.0002448162149 3.231922e-12 -0.002902927504)
(0.0002299635754 3.231705918e-12 -0.002902442405)
(0.0002058438599 3.231354854e-12 -0.002901654637)
(0.000173384298 3.230882142e-12 -0.002900594484)
(0.0001338318537 3.230306213e-12 -0.002899302672)
(8.870689637e-05 3.229649187e-12 -0.002897828857)
(3.974388705e-05 3.228936216e-12 -0.002896229689)
(-1.117615749e-05 3.228194621e-12 -0.002894566602)
(-6.209620202e-05 3.227453027e-12 -0.002892903516)
(-0.0001110592113 3.226740056e-12 -0.002891304347)
(-0.0001561841686 3.226083029e-12 -0.002889830533)
(-0.0001957366129 3.225507101e-12 -0.002888538721)
(-0.0002281961747 3.225034389e-12 -0.002887478567)
(-0.0002523158901 3.224683324e-12 -0.002886690799)
(-0.0002671685294 3.224467026e-12 -0.002886205701)
(-0.0002832816495 6.447513982e-12 -0.005780221644)
(-0.0002782674014 6.447586822e-12 -0.00578038538)
(-0.000263417764 6.447803229e-12 -0.005780870282)
(-0.0002393029236 6.448154077e-12 -0.005781657731)
(-0.0002068499225 6.448626355e-12 -0.005782717456)
(-0.0001673054725 6.449201416e-12 -0.005784008745)
(-0.0001221896359 6.449858009e-12 -0.005785481964)
(-7.3236523e-05 6.450569245e-12 -0.005787080485)
(-2.232677046e-05 6.451309972e-12 -0.005788742898)
(2.858298206e-05 6.452050699e-12 -0.005790405312)
(7.75360949e-05 6.452763671e-12 -0.005792003833)
(0.0001226519315 6.453420263e-12 -0.005793477052)
(0.0001621963814 6.453995324e-12 -0.005794768341)
(0.0001946493824 6.454467603e-12 -0.005795828066)
(0.0002187642227 6.454818451e-12 -0.005796615515)
(0.0002336138601 6.455034424e-12 -0.005797100417)
(0.000238628108 6.455107384e-12 -0.005797264153)
(0.0002336138599 6.455034424e-12 -0.005797100417)
(0.0002187642225 6.454818451e-12 -0.005796615515)
(0.0001946493821 6.454467603e-12 -0.005795828066)
(0.000162196381 6.453995324e-12 -0.005794768341)
(0.000122651931 6.453420263e-12 -0.005793477052)
(7.753609436e-05 6.452763671e-12 -0.005792003833)
(2.858298149e-05 6.452050699e-12 -0.005790405312)
(-2.232677104e-05 6.451309972e-12 -0.005788742898)
(-7.323652357e-05 6.450569245e-12 -0.005787080485)
(-0.0001221896364 6.449858009e-12 -0.005785481964)
(-0.000167305473 6.449201416e-12 -0.005784008745)
(-0.0002068499229 6.448626355e-12 -0.005782717456)
(-0.0002393029239 6.448154077e-12 -0.005781657731)
(-0.0002634177642 6.447803229e-12 -0.005780870282)
(-0.0002782674016 6.447586822e-12 -0.00578038538)
(-0.0002942939817 9.662511308e-12 -0.008673626376)
(-0.0002892814135 9.662584101e-12 -0.008673790002)
(-0.000274436751 9.662800074e-12 -0.008674274579)
(-0.0002503299895 9.663150054e-12 -0.0086750615)
(-0.0002178878607 9.663621466e-12 -0.008676120514)
(-0.0001783566589 9.664195659e-12 -0.008677410937)
(-0.0001332559369 9.664850951e-12 -0.008678883168)
(-8.431922421e-05 9.665561754e-12 -0.008680480617)
(-3.342652738e-05 9.666301613e-12 -0.008682141916)
(1.746616944e-05 9.667041473e-12 -0.008683803215)
(6.640288207e-05 9.667752276e-12 -0.008685400664)
(0.000111503604 9.668407568e-12 -0.008686872894)
(0.0001510348058 9.668981761e-12 -0.008688163318)
(0.0001834769345 9.669453172e-12 -0.008689222332)
(0.0002075836959 9.669803586e-12 -0.008690009253)
(0.0002224283583 9.670019126e-12 -0.008690493829)
(0.0002274409264 9.670091987e-12 -0.008690657456)
(0.0002224283582 9.670019126e-12 -0.008690493829)
(0.0002075836956 9.669803586e-12 -0.008690009253)
(0.0001834769342 9.669453172e-12 -0.008689222332)
(0.0001510348054 9.668981761e-12 -0.008688163318)
(0.0001115036035 9.668407568e-12 -0.008686872894)
(6.640288154e-05 9.667752276e-12 -0.008685400664)
(1.746616887e-05 9.667041473e-12 -0.008683803214)
(-3.342652796e-05 9.666301613e-12 -0.008682141916)
(-8.431922477e-05 9.665561754e-12 -0.008680480617)
(-0.0001332559374 9.664850951e-12 -0.008678883168)
(-0.0001783566593 9.664195659e-12 -0.008677410937)
(-0.0002178878611 9.663621466e-12 -0.008676120514)
(-0.0002503299898 9.663150054e-12 -0.0086750615)
(-0.0002744367512 9.662800074e-12 -0.008674274579)
(-0.0002892814136 9.662584101e-12 -0.008673790002)
(-0.0003051966619 1.286540311e-11 -0.01156587565)
(-0.0003001864256 1.286547583e-11 -0.01156603912)
(-0.0002853486689 1.286569093e-11 -0.01156652325)
(-0.0002612531221 1.28660407e-11 -0.01156730944)
(-0.0002288260857 1.286651081e-11 -0.01156836747)
(-0.0001893132741 1.286708413e-11 -0.01156965669)
(-0.0001442335333 1.286773769e-11 -0.01157112755)
(-9.531958641e-05 1.286844589e-11 -0.01157272351)
(-4.445056529e-05 1.286918402e-11 -0.01157438326)
(6.418455822e-06 1.286992214e-11 -0.01157604301)
(5.533240269e-05 1.287063208e-11 -0.01157763898)
(0.0001004121434 1.287128563e-11 -0.01157910983)
(0.0001399249549 1.287185896e-11 -0.01158039906)
(0.0001723519913 1.287232907e-11 -0.01158145708)
(0.000196447538 1.28726784e-11 -0.01158224327)
(0.0002112852945 1.287289351e-11 -0.0115827274)
(0.0002162955307 1.287296619e-11 -0.01158289087)
(0.0002112852944 1.287289351e-11 -0.0115827274)
(0.0001964475378 1.28726784e-11 -0.01158224327)
(0.000172351991 1.287232907e-11 -0.01158145708)
(0.0001399249545 1.287185896e-11 -0.01158039906)
(0.0001004121429 1.287128563e-11 -0.01157910983)
(5.533240216e-05 1.287063208e-11 -0.01157763898)
(6.418455257e-06 1.286992214e-11 -0.01157604301)
(-4.445056586e-05 1.286918402e-11 -0.01157438326)
(-9.531958697e-05 1.286844589e-11 -0.01157272351)
(-0.0001442335338 1.286773769e-11 -0.01157112755)
(-0.0001893132745 1.286708413e-11 -0.01156965669)
(-0.0002288260861 1.286651081e-11 -0.01156836747)
(-0.0002612531224 1.28660407e-11 -0.01156730944)
(-0.0002853486691 1.286569093e-11 -0.01156652325)
(-0.0003001864257 1.286547583e-11 -0.01156603912)
(-0.0003159664916 1.605230259e-11 -0.01445659866)
(-0.0003109592199 1.605237503e-11 -0.01445676194)
(-0.000296130243 1.60525896e-11 -0.01445724549)
(-0.0002720489538 1.605293806e-11 -0.01445803075)
(-0.0002396411048 1.605340687e-11 -0.01445908752)
(-0.0002001516735 1.605397846e-11 -0.01446037522)
(-0.000155098607 1.605463028e-11 -0.01446184434)
(-0.0001062136031 1.605533761e-11 -0.01446343841)
(-5.537468181e-05 1.605607314e-11 -0.01446509619)
(-4.535760541e-06 1.605680866e-11 -0.01446675398)
(4.434924332e-05 1.605751599e-11 -0.01446834805)
(8.940230977e-05 1.605816782e-11 -0.01446981717)
(0.0001288917411 1.605873941e-11 -0.01447110487)
(0.0001612995899 1.605920822e-11 -0.01447216164)
(0.000185380879 1.605955625e-11 -0.0144729469)
(0.0002002098559 1.605977103e-11 -0.01447343045)
(0.0002052171274 1.605984341e-11 -0.01447359373)
(0.0002002098558 1.605977103e-11 -0.01447343045)
(0.0001853808788 1.605955625e-11 -0.0144729469)
(0.0001612995896 1.605920822e-11 -0.01447216164)
(0.0001288917407 1.605873941e-11 -0.01447110487)
(8.940230929e-05 1.605816782e-11 -0.01446981717)
(4.43492428e-05 1.605751599e-11 -0.01446834805)
(-4.535761103e-06 1.605680866e-11 -0.01446675398)
(-5.537468238e-05 1.605607314e-11 -0.01446509619)
(-0.0001062136036 1.605533761e-11 -0.01446343841)
(-0.0001550986075 1.605463028e-11 -0.01446184434)
(-0.000200151674 1.605397846e-11 -0.01446037522)
(-0.0002396411053 1.605340687e-11 -0.01445908752)
(-0.0002720489541 1.605293806e-11 -0.01445803075)
(-0.0002961302432 1.60525896e-11 -0.01445724549)
(-0.0003109592201 1.605237503e-11 -0.01445676194)
(-0.0003265813663 1.921945175e-11 -0.01734543705)
(-0.0003215776681 1.921952398e-11 -0.0173456001)
(-0.0003067592738 1.921973756e-11 -0.01734608296)
(-0.0002826951701 1.922008516e-11 -0.01734686709)
(-0.0002503104489 1.922055223e-11 -0.01734792236)
(-0.0002108491991 1.922112166e-11 -0.01734920821)
(-0.0001658282845 1.922177131e-11 -0.01735067523)
(-0.0001169781673 1.922247604e-11 -0.01735226703)
(-6.617552703e-05 1.922320896e-11 -0.01735392245)
(-1.53728868e-05 1.922394188e-11 -0.01735557787)
(3.347723044e-05 1.922464661e-11 -0.01735716966)
(7.84981449e-05 1.922529627e-11 -0.01735863668)
(0.0001179593947 1.922586569e-11 -0.01735992254)
(0.0001503441158 1.922633277e-11 -0.0173609778)
(0.0001744082193 1.922667993e-11 -0.01736176194)
(0.0001892266136 1.922689373e-11 -0.0173622448)
(0.0001942303117 1.92269659e-11 -0.01736240785)
(0.0001892266134 1.922689373e-11 -0.0173622448)
(0.0001744082191 1.922667993e-11 -0.01736176194)
(0.0001503441155 1.922633277e-11 -0.0173609778)
(0.0001179593943 1.922586569e-11 -0.01735992254)
(7.849814443e-05 1.922529627e-11 -0.01735863668)
(3.347722991e-05 1.922464661e-11 -0.01735716966)
(-1.537288736e-05 1.922394188e-11 -0.01735557787)
(-6.61755276e-05 1.922320896e-11 -0.01735392245)
(-0.0001169781678 1.922247604e-11 -0.01735226703)
(-0.0001658282851 1.922177131e-11 -0.01735067523)
(-0.0002108491995 1.922112166e-11 -0.01734920821)
(-0.0002503104493 1.922055223e-11 -0.01734792236)
(-0.0002826951704 1.922008516e-11 -0.01734686709)
(-0.000306759274 1.921973756e-11 -0.01734608296)
(-0.0003215776682 1.921952398e-11 -0.0173456001)
(-0.0003370204104 2.236325445e-11 -0.02023204741)
(-0.0003320208665 2.236332625e-11 -0.02023221019)
(-0.0003172147751 2.236353941e-11 -0.02023269225)
(-0.0002931706506 2.236388505e-11 -0.02023347508)
(-0.0002608128168 2.236435039e-11 -0.02023452859)
(-0.0002213843295 2.236491764e-11 -0.02023581231)
(-0.0001764007935 2.236556426e-11 -0.02023727689)
(-0.000127591234 2.236626596e-11 -0.02023886604)
(-7.683077252e-05 2.236699628e-11 -0.02024051871)
(-2.607031107e-05 2.236772659e-11 -0.02024217138)
(2.273924847e-05 2.236842829e-11 -0.02024376053)
(6.772278442e-05 2.236907491e-11 -0.02024522511)
(0.0001071512716 2.236964216e-11 -0.02024650883)
(0.0001395091054 2.23701075e-11 -0.02024756234)
(0.0001635532297 2.237045315e-11 -0.02024834518)
(0.000178359321 2.237066587e-11 -0.02024882724)
(0.0001833588648 2.237073781e-11 -0.02024899001)
(0.0001783593209 2.237066587e-11 -0.02024882724)
(0.0001635532295 2.237045315e-11 -0.02024834518)
(0.0001395091051 2.23701075e-11 -0.02024756234)
(0.0001071512712 2.236964216e-11 -0.02024650883)
(6.772278395e-05 2.236907491e-11 -0.02024522511)
(2.273924795e-05 2.236842829e-11 -0.02024376053)
(-2.607031162e-05 2.236772659e-11 -0.02024217138)
(-7.683077308e-05 2.236699628e-11 -0.02024051871)
(-0.0001275912345 2.236626596e-11 -0.02023886604)
(-0.0001764007941 2.236556426e-11 -0.02023727689)
(-0.00022138433 2.236491764e-11 -0.02023581231)
(-0.0002608128172 2.236435039e-11 -0.02023452859)
(-0.000293170651 2.236388505e-11 -0.02023347508)
(-0.0003172147753 2.236353941e-11 -0.02023269225)
(-0.0003320208666 2.236332625e-11 -0.02023221019)
(-0.0003472640764 2.548030971e-11 -0.02311610337)
(-0.0003422692365 2.548038137e-11 -0.02311626584)
(-0.0003274770762 2.548059333e-11 -0.02311674699)
(-0.0003034555749 2.548093724e-11 -0.02311752835)
(-0.0002711281867 2.548140041e-11 -0.02311857988)
(-0.0002317367978 2.548196506e-11 -0.02311986118)
(-0.0001867955869 2.548260908e-11 -0.023121323)
(-0.0001380319524 2.54833073e-11 -0.02312290916)
(-8.731925162e-05 2.548403415e-11 -0.02312455872)
(-3.660655083e-05 2.5484761e-11 -0.02312620827)
(1.215708365e-05 2.548545923e-11 -0.02312779443)
(5.709829447e-05 2.548610325e-11 -0.02312925625)
(9.648968327e-05 2.54866679e-11 -0.02313053756)
(0.0001288170715 2.548713107e-11 -0.02313158909)
(0.0001528385726 2.548747498e-11 -0.02313237044)
(0.0001676307328 2.548768694e-11 -0.0231328516)
(0.0001726255726 2.548775849e-11 -0.02313301407)
(0.0001676307327 2.548768694e-11 -0.0231328516)
(0.0001528385724 2.548747498e-11 -0.02313237044)
(0.0001288170711 2.548713107e-11 -0.02313158909)
(9.648968287e-05 2.54866679e-11 -0.02313053756)
(5.7098294e-05 2.548610325e-11 -0.02312925625)
(1.215708314e-05 2.548545923e-11 -0.02312779443)
(-3.660655138e-05 2.5484761e-11 -0.02312620827)
(-8.731925218e-05 2.548403415e-11 -0.02312455872)
(-0.000138031953 2.54833073e-11 -0.02312290916)
(-0.0001867955874 2.548260908e-11 -0.023121323)
(-0.0002317367983 2.548196506e-11 -0.02311986118)
(-0.0002711281871 2.548140041e-11 -0.02311857988)
(-0.0003034555753 2.548093724e-11 -0.02311752835)
(-0.0003274770764 2.548059333e-11 -0.02311674699)
(-0.0003422692366 2.548038137e-11 -0.02311626584)
(-0.0003572942082 2.856744503e-11 -0.02599729716)
(-0.0003523045887 2.85675163e-11 -0.02599745929)
(-0.0003375278886 2.856772718e-11 -0.02599793943)
(-0.0003135314936 2.856806978e-11 -0.02599871916)
(-0.0002812378926 2.856853035e-11 -0.02599976849)
(-0.000241887674 2.856909197e-11 -0.02600104711)
(-0.0001969934338 2.856973252e-11 -0.02600250588)
(-0.0001482807651 2.857042814e-11 -0.02600408872)
(-9.76210671e-05 2.857115065e-11 -0.02600573482)
(-4.696136915e-05 2.857187317e-11 -0.02600738093)
(1.751299591e-06 2.857256879e-11 -0.02600896377)
(4.66455397e-05 2.857320934e-11 -0.02601042254)
(8.599575824e-05 2.857377095e-11 -0.02601170116)
(0.0001182893592 2.857423152e-11 -0.02601275049)
(0.0001422857541 2.85745737e-11 -0.02601353021)
(0.0001570624541 2.857478457e-11 -0.02601401036)
(0.0001620520734 2.857485581e-11 -0.02601417249)
(0.000157062454 2.857478457e-11 -0.02601401036)
(0.0001422857539 2.85745737e-11 -0.02601353021)
(0.0001182893589 2.857423152e-11 -0.02601275049)
(8.599575785e-05 2.857377095e-11 -0.02601170116)
(4.664553924e-05 2.857320934e-11 -0.02601042254)
(1.75129908e-06 2.857256879e-11 -0.02600896377)
(-4.696136969e-05 2.857187317e-11 -0.02600738093)
(-9.762106766e-05 2.857115065e-11 -0.02600573482)
(-0.0001482807656 2.857042814e-11 -0.02600408872)
(-0.0001969934343 2.856973252e-11 -0.02600250588)
(-0.0002418876745 2.856909197e-11 -0.02600104711)
(-0.000281237893 2.856853035e-11 -0.02599976849)
(-0.0003135314939 2.856806978e-11 -0.02599871916)
(-0.0003375278888 2.856772718e-11 -0.02599793943)
(-0.0003523045889 2.85675163e-11 -0.02599745929)
(-0.0003670940617 3.162174936e-11 -0.02887534072)
(-0.0003621101441 3.162182007e-11 -0.02887550248)
(-0.0003473503301 3.162202986e-11 -0.02887598153)
(-0.0003233813571 3.162237009e-11 -0.02887675947)
(-0.0002911246596 3.162282849e-11 -0.0288778064)
(-0.0002518194086 3.162338707e-11 -0.0288790821)
(-0.0002069764714 3.162402371e-11 -0.02888053753)
(-0.0001583194691 3.1624715e-11 -0.02888211675)
(-0.0001077176626 3.162543404e-11 -0.02888375909)
(-5.711585617e-05 3.162615309e-11 -0.02888540144)
(-8.458853943e-06 3.162684437e-11 -0.02888698066)
(3.638408318e-05 3.162748102e-11 -0.02888843609)
(7.568933417e-05 3.16280396e-11 -0.02888971179)
(0.0001079460315 3.1628498e-11 -0.02889075872)
(0.0001319150045 3.162883865e-11 -0.02889153666)
(0.0001466748184 3.162904823e-11 -0.02889201571)
(0.0001516587359 3.162911905e-11 -0.02889217747)
(0.0001466748183 3.162904823e-11 -0.02889201571)
(0.0001319150043 3.162883865e-11 -0.02889153666)
(0.0001079460312 3.1628498e-11 -0.02889075872)
(7.568933378e-05 3.16280396e-11 -0.02888971179)
(3.638408272e-05 3.162748102e-11 -0.02888843609)
(-8.458854449e-06 3.162684437e-11 -0.02888698066)
(-5.711585671e-05 3.162615309e-11 -0.02888540144)
(-0.0001077176632 3.162543404e-11 -0.02888375909)
(-0.0001583194697 3.1624715e-11 -0.02888211675)
(-0.0002069764719 3.162402371e-11 -0.02888053753)
(-0.000251819409 3.162338707e-11 -0.0288790821)
(-0.00029112466 3.162282849e-11 -0.0288778064)
(-0.0003233813574 3.162237009e-11 -0.02887675947)
(-0.0003473503303 3.162202986e-11 -0.02887598153)
(-0.0003621101442 3.162182007e-11 -0.02887550248)
(-0.0003766482794 3.4640605e-11 -0.03174996618)
(-0.0003716705101 3.464067542e-11 -0.03175012754)
(-0.0003569289042 3.464088391e-11 -0.03175060541)
(-0.0003329894999 3.464122218e-11 -0.03175138143)
(-0.0003007725952 3.464167798e-11 -0.03175242578)
(-0.0002615158321 3.464223309e-11 -0.03175369833)
(-0.0002167282144 3.464286627e-11 -0.03175515017)
(-0.0001681312367 3.464355278e-11 -0.03175672549)
(-0.0001175918539 3.464426749e-11 -0.03175836378)
(-6.705247118e-05 3.46449822e-11 -0.03176000207)
(-1.845549352e-05 3.464566958e-11 -0.03176157739)
(2.633212416e-05 3.464630275e-11 -0.03176302923)
(6.558888715e-05 3.464685787e-11 -0.03176430178)
(9.780579179e-05 3.464731366e-11 -0.03176534612)
(0.000121745196 3.464765194e-11 -0.03176612214)
(0.0001364868018 3.464786043e-11 -0.03176660001)
(0.000141464571 3.464793088e-11 -0.03176676137)
(0.0001364868017 3.464786043e-11 -0.03176660001)
(0.0001217451958 3.464765194e-11 -0.03176612214)
(9.780579149e-05 3.464731366e-11 -0.03176534612)
(6.558888677e-05 3.464685787e-11 -0.03176430178)
(2.633212371e-05 3.464630275e-11 -0.03176302923)
(-1.845549402e-05 3.464566958e-11 -0.03176157739)
(-6.705247171e-05 3.46449822e-11 -0.03176000207)
(-0.0001175918545 3.464426749e-11 -0.03175836378)
(-0.0001681312372 3.464355278e-11 -0.03175672549)
(-0.0002167282149 3.464286627e-11 -0.03175515017)
(-0.0002615158325 3.464223309e-11 -0.03175369833)
(-0.0003007725955 3.464167798e-11 -0.03175242578)
(-0.0003329895002 3.464122218e-11 -0.03175138143)
(-0.0003569289044 3.464088391e-11 -0.03175060541)
(-0.0003716705102 3.464067542e-11 -0.03175012754)
(-0.000385942823 3.762171801e-11 -0.03462092569)
(-0.0003809716141 3.762178795e-11 -0.03462108663)
(-0.0003662494367 3.762199515e-11 -0.03462156323)
(-0.000342341583 3.76223319e-11 -0.03462233721)
(-0.0003101671382 3.762278423e-11 -0.0346233788)
(-0.0002709621131 3.762333587e-11 -0.03462464799)
(-0.0002262335227 3.762396514e-11 -0.034626096)
(-0.0001777005928 3.762464732e-11 -0.03462766717)
(-0.0001272278178 3.762535769e-11 -0.03462930114)
(-7.675504277e-05 3.762606806e-11 -0.03463093511)
(-2.82221129e-05 3.762675111e-11 -0.03463250628)
(1.650647749e-05 3.762738038e-11 -0.03463395429)
(5.571150252e-05 3.762793202e-11 -0.03463522348)
(8.788594728e-05 3.762838435e-11 -0.03463626508)
(0.0001117938008 3.762872067e-11 -0.03463703905)
(0.0001265159781 3.762892786e-11 -0.03463751566)
(0.0001314871869 3.762899772e-11 -0.03463767659)
(0.000126515978 3.762892786e-11 -0.03463751566)
(0.0001117938006 3.762872067e-11 -0.03463703905)
(8.788594698e-05 3.762838435e-11 -0.03463626508)
(5.571150214e-05 3.762793202e-11 -0.03463522348)
(1.650647704e-05 3.762738038e-11 -0.03463395429)
(-2.82221134e-05 3.762675111e-11 -0.03463250628)
(-7.67550433e-05 3.762606806e-11 -0.03463093511)
(-0.0001272278183 3.762535769e-11 -0.03462930114)
(-0.0001777005933 3.762464732e-11 -0.03462766717)
(-0.0002262335232 3.762396514e-11 -0.034626096)
(-0.0002709621135 3.762333587e-11 -0.03462464799)
(-0.0003101671386 3.762278423e-11 -0.0346233788)
(-0.0003423415833 3.76223319e-11 -0.03462233721)
(-0.0003662494369 3.762199515e-11 -0.03462156323)
(-0.0003809716142 3.762178795e-11 -0.03462108663)
(-0.0003949648557 4.056314599e-11 -0.03748799062)
(-0.000390000587 4.056321544e-11 -0.0374881511)
(-0.0003752989629 4.056342133e-11 -0.03748862637)
(-0.0003514244865 4.056375548e-11 -0.03748939819)
(-0.0003192949598 4.056420521e-11 -0.03749043687)
(-0.000280144668 4.056475295e-11 -0.03749170252)
(-0.0002354785223 4.056537788e-11 -0.03749314649)
(-0.0001870133482 4.056605659e-11 -0.03749471327)
(-0.0001366110372 4.056676176e-11 -0.03749634267)
(-8.620872627e-05 4.056746692e-11 -0.03749797208)
(-3.774355224e-05 4.056814563e-11 -0.03749953886)
(6.92259347e-06 4.056877057e-11 -0.03750098282)
(4.607288516e-05 4.05693183e-11 -0.03750224847)
(7.820241183e-05 4.056976803e-11 -0.03750328716)
(0.0001020768881 4.057010218e-11 -0.03750405897)
(0.0001167785121 4.057030807e-11 -0.03750453424)
(0.0001217427807 4.057037748e-11 -0.03750469473)
(0.000116778512 4.057030807e-11 -0.03750453424)
(0.0001020768879 4.057010218e-11 -0.03750405897)
(7.820241154e-05 4.056976803e-11 -0.03750328716)
(4.607288478e-05 4.05693183e-11 -0.03750224847)
(6.922593033e-06 4.056877057e-11 -0.03750098282)
(-3.774355273e-05 4.056814563e-11 -0.03749953886)
(-8.620872679e-05 4.056746692e-11 -0.03749797208)
(-0.0001366110378 4.056676176e-11 -0.03749634267)
(-0.0001870133487 4.056605659e-11 -0.03749471327)
(-0.0002354785228 4.056537788e-11 -0.03749314649)
(-0.0002801446685 4.056475295e-11 -0.03749170252)
(-0.0003192949602 4.056420521e-11 -0.03749043687)
(-0.0003514244868 4.056375548e-11 -0.03748939819)
(-0.0003752989631 4.056342133e-11 -0.03748862637)
(-0.0003900005871 4.056321544e-11 -0.0374881511)
(-0.0004037025837 4.346332227e-11 -0.04035095007)
(-0.000398745606 4.34633912e-11 -0.04035111008)
(-0.0003840655738 4.346359579e-11 -0.04035158396)
(-0.0003602261611 4.346392777e-11 -0.0403523535)
(-0.0003281438221 4.346437403e-11 -0.04035338913)
(-0.0002890510293 4.34649183e-11 -0.04035465106)
(-0.0002444504835 4.346553889e-11 -0.04035609079)
(-0.0001960564889 4.34662124e-11 -0.04035765296)
(-0.0001457282024 4.346691323e-11 -0.04035927758)
(-9.539991586e-05 4.346761406e-11 -0.0403609022)
(-4.700592127e-05 4.346828756e-11 -0.04036246437)
(-2.40537548e-06 4.346890816e-11 -0.0403639041)
(3.668741727e-05 4.346945243e-11 -0.04036516603)
(6.87697562e-05 4.346989869e-11 -0.04036620166)
(9.260916872e-05 4.347023067e-11 -0.0403669712)
(0.0001072892008 4.347043483e-11 -0.04036744508)
(0.0001122461785 4.347050381e-11 -0.0403676051)
(0.0001072892007 4.347043483e-11 -0.04036744508)
(9.260916852e-05 4.347023067e-11 -0.0403669712)
(6.876975591e-05 4.346989869e-11 -0.04036620166)
(3.66874169e-05 4.346945243e-11 -0.04036516603)
(-2.405375911e-06 4.346890816e-11 -0.0403639041)
(-4.700592175e-05 4.346828756e-11 -0.04036246437)
(-9.539991636e-05 4.346761406e-11 -0.0403609022)
(-0.0001457282029 4.346691323e-11 -0.04035927758)
(-0.0001960564894 4.34662124e-11 -0.04035765296)
(-0.000244450484 4.346553889e-11 -0.04035609079)
(-0.0002890510298 4.34649183e-11 -0.04035465106)
(-0.0003281438225 4.346437403e-11 -0.04035338913)
(-0.0003602261614 4.346392777e-11 -0.0403523535)
(-0.000384065574 4.346359579e-11 -0.04035158396)
(-0.0003987456061 4.34633912e-11 -0.04035111008)
(-0.0004121450477 4.632107556e-11 -0.04320960871)
(-0.0004071956868 4.632114408e-11 -0.04320976823)
(-0.0003925382117 4.632134693e-11 -0.04321024065)
(-0.0003687354304 4.63216761e-11 -0.04321100783)
(-0.0003367023886 4.632211932e-11 -0.04321204028)
(-0.0002976696653 4.632265968e-11 -0.04321329833)
(-0.000253137652 4.632327594e-11 -0.04321473363)
(-0.0002048180189 4.632394468e-11 -0.043216291)
(-0.0001545670661 4.63246403e-11 -0.04321791062)
(-0.0001043161134 4.632533593e-11 -0.04321953025)
(-5.599648033e-05 4.632600466e-11 -0.04322108762)
(-1.14644671e-05 4.632662092e-11 -0.04322252292)
(2.756825621e-05 4.632716129e-11 -0.04322378097)
(5.960129787e-05 4.632760451e-11 -0.04322481342)
(8.340407908e-05 4.632793411e-11 -0.0432255806)
(9.806155406e-05 4.632813718e-11 -0.04322605302)
(0.0001030109149 4.632820565e-11 -0.04322621254)
(9.806155396e-05 4.632813718e-11 -0.04322605302)
(8.340407888e-05 4.632793411e-11 -0.0432255806)
(5.960129759e-05 4.632760451e-11 -0.04322481342)
(2.756825585e-05 4.632716129e-11 -0.04322378097)
(-1.146446753e-05 4.632662092e-11 -0.04322252292)
(-5.59964808e-05 4.632600466e-11 -0.04322108762)
(-0.0001043161139 4.632533593e-11 -0.04321953025)
(-0.0001545670667 4.63246403e-11 -0.04321791062)
(-0.0002048180194 4.632394468e-11 -0.043216291)
(-0.0002531376525 4.632327594e-11 -0.04321473363)
(-0.0002976696657 4.632265968e-11 -0.04321329833)
(-0.000336702389 4.632211932e-11 -0.04321204028)
(-0.0003687354307 4.63216761e-11 -0.04321100783)
(-0.0003925382119 4.632134693e-11 -0.04321024065)
(-0.0004071956869 4.632114408e-11 -0.04320976823)
(-0.0004202818756 4.913564364e-11 -0.04606378392)
(-0.0004153404382 4.913571167e-11 -0.04606394293)
(-0.0004007064287 4.9135913e-11 -0.04606441384)
(-0.0003769417538 4.913623978e-11 -0.04606517856)
(-0.0003449599945 4.913667997e-11 -0.0460662077)
(-0.0003059897595 4.913721643e-11 -0.04606746172)
(-0.0002615290386 4.913782792e-11 -0.04606889242)
(-0.0002132867616 4.913849189e-11 -0.04607044481)
(-0.0001631162568 4.913918231e-11 -0.04607205925)
(-0.0001129457519 4.913987273e-11 -0.04607367368)
(-6.470347493e-05 4.914053669e-11 -0.04607522607)
(-2.024275406e-05 4.914114818e-11 -0.04607665677)
(1.872748084e-05 4.914168465e-11 -0.04607791079)
(5.070924005e-05 4.914212483e-11 -0.04607893993)
(7.447391483e-05 4.914245161e-11 -0.04607970466)
(8.910792431e-05 4.914265295e-11 -0.04608017556)
(9.404936162e-05 4.914272101e-11 -0.04608033458)
(8.910792421e-05 4.914265295e-11 -0.04608017556)
(7.447391463e-05 4.914245161e-11 -0.04607970466)
(5.070923977e-05 4.914212483e-11 -0.04607893993)
(1.872748049e-05 4.914168465e-11 -0.04607791079)
(-2.024275448e-05 4.914114818e-11 -0.04607665677)
(-6.470347539e-05 4.914053669e-11 -0.04607522607)
(-0.0001129457524 4.913987273e-11 -0.04607367368)
(-0.0001631162573 4.913918231e-11 -0.04607205925)
(-0.0002132867621 4.913849189e-11 -0.04607044481)
(-0.0002615290391 4.913782792e-11 -0.04606889242)
(-0.00030598976 4.913721643e-11 -0.04606746172)
(-0.0003449599949 4.913667997e-11 -0.0460662077)
(-0.0003769417541 4.913623978e-11 -0.04606517856)
(-0.0004007064289 4.9135913e-11 -0.04606441384)
(-0.0004153404383 4.913571167e-11 -0.04606394293)
(-0.0004281029923 5.190668003e-11 -0.04891330225)
(-0.0004231697727 5.190674756e-11 -0.04891346073)
(-0.0004085600999 5.190694727e-11 -0.04891393007)
(-0.0003848349464 5.190727188e-11 -0.04891469225)
(-0.0003529063738 5.19077086e-11 -0.04891571797)
(-0.0003140009475 5.190824073e-11 -0.04891696782)
(-0.0002696141661 5.190884788e-11 -0.04891839376)
(-0.0002214521175 5.190950621e-11 -0.04891994098)
(-0.0001713650477 5.191019142e-11 -0.04892155005)
(-0.000121277978 5.191087664e-11 -0.04892315911)
(-7.311592937e-05 5.191153583e-11 -0.04892470633)
(-2.872914804e-05 5.191214299e-11 -0.04892613228)
(1.017627817e-05 5.191267511e-11 -0.04892738213)
(4.210485074e-05 5.191311183e-11 -0.04892840784)
(6.583000413e-05 5.191343601e-11 -0.04892917002)
(8.043967681e-05 5.191363615e-11 -0.04892963936)
(8.537289636e-05 5.191370356e-11 -0.04892979784)
(8.043967671e-05 5.191363615e-11 -0.04892963936)
(6.583000394e-05 5.191343601e-11 -0.04892917002)
(4.210485046e-05 5.191311183e-11 -0.04892840784)
(1.017627782e-05 5.191267511e-11 -0.04892738213)
(-2.872914845e-05 5.191214299e-11 -0.04892613228)
(-7.311592982e-05 5.191153583e-11 -0.04892470633)
(-0.0001212779785 5.191087664e-11 -0.04892315911)
(-0.0001713650482 5.191019142e-11 -0.04892155005)
(-0.000221452118 5.190950621e-11 -0.04891994098)
(-0.0002696141666 5.190884788e-11 -0.04891839376)
(-0.0003140009479 5.190824073e-11 -0.04891696782)
(-0.0003529063741 5.19077086e-11 -0.04891571797)
(-0.0003848349467 5.190727188e-11 -0.04891469225)
(-0.0004085601001 5.190694727e-11 -0.04891393007)
(-0.0004231697728 5.190674756e-11 -0.04891346073)
(-0.0004355982948 5.463425228e-11 -0.05175799526)
(-0.0004306735823 5.46343192e-11 -0.05175815319)
(-0.0004160891036 5.463451761e-11 -0.05175862092)
(-0.0003924048635 5.463483962e-11 -0.05175938047)
(-0.0003605313509 5.463527287e-11 -0.05176040264)
(-0.000321693016 5.463580066e-11 -0.05176164818)
(-0.0002773827786 5.463640304e-11 -0.05176306921)
(-0.0002293037841 5.463705703e-11 -0.05176461109)
(-0.0001793030883 5.463773704e-11 -0.05176621461)
(-0.0001293023924 5.463841705e-11 -0.05176781812)
(-8.122339804e-05 5.463907018e-11 -0.05176936001)
(-3.69131606e-05 5.463967256e-11 -0.05177078103)
(1.925174186e-06 5.464020035e-11 -0.05177202657)
(3.379868673e-05 5.46406336e-11 -0.05177304875)
(5.74829267e-05 5.464095561e-11 -0.0517738083)
(7.206740536e-05 5.464115401e-11 -0.05177427602)
(7.69921177e-05 5.464122092e-11 -0.05177443396)
(7.206740527e-05 5.464115401e-11 -0.05177427602)
(5.748292651e-05 5.464095561e-11 -0.0517738083)
(3.379868646e-05 5.46406336e-11 -0.05177304875)
(1.925173841e-06 5.464020035e-11 -0.05177202657)
(-3.6913161e-05 5.463967256e-11 -0.05177078103)
(-8.122339849e-05 5.463907018e-11 -0.05176936001)
(-0.0001293023929 5.463841705e-11 -0.05176781812)
(-0.0001793030888 5.463773704e-11 -0.05176621461)
(-0.0002293037846 5.463705703e-11 -0.05176461109)
(-0.000277382779 5.463640304e-11 -0.05176306921)
(-0.0003216930165 5.463580066e-11 -0.05176164818)
(-0.0003605313512 5.463527287e-11 -0.05176040264)
(-0.0003924048638 5.463483962e-11 -0.05175938047)
(-0.0004160891037 5.463451761e-11 -0.05175862092)
(-0.0004306735824 5.46343192e-11 -0.05175815319)
(-0.000442757294 5.731883118e-11 -0.05459769477)
(-0.0004378413823 5.731889757e-11 -0.05459785214)
(-0.0004232829666 5.731909435e-11 -0.05459831819)
(-0.0003996410512 5.731941354e-11 -0.05459907503)
(-0.0003678244979 5.731984332e-11 -0.05460009355)
(-0.0003290555687 5.73203672e-11 -0.05460133464)
(-0.0002848245154 5.732096481e-11 -0.05460275058)
(-0.0002368314401 5.73216136e-11 -0.05460428696)
(-0.0001869200975 5.732228754e-11 -0.05460588474)
(-0.000137008755 5.732296148e-11 -0.05460748252)
(-8.901567971e-05 5.732361027e-11 -0.0546090189)
(-4.478462647e-05 5.732420788e-11 -0.05461043484)
(-6.015697369e-06 5.732473177e-11 -0.05461167593)
(2.580085591e-05 5.732516154e-11 -0.05461269445)
(4.944277118e-05 5.732548073e-11 -0.05461345129)
(6.400118678e-05 5.732567752e-11 -0.05461391734)
(6.891709846e-05 5.732574394e-11 -0.05461407471)
(6.400118669e-05 5.732567752e-11 -0.05461391734)
(4.944277099e-05 5.732548073e-11 -0.05461345129)
(2.580085565e-05 5.732516154e-11 -0.05461269445)
(-6.015697709e-06 5.732473177e-11 -0.05461167593)
(-4.478462686e-05 5.732420788e-11 -0.05461043484)
(-8.901568015e-05 5.732361027e-11 -0.0546090189)
(-0.0001370087554 5.732296148e-11 -0.05460748252)
(-0.000186920098 5.732228754e-11 -0.05460588474)
(-0.0002368314406 5.73216136e-11 -0.05460428696)
(-0.0002848245159 5.732096481e-11 -0.05460275058)
(-0.0003290555691 5.73203672e-11 -0.05460133464)
(-0.0003678244982 5.731984332e-11 -0.05460009355)
(-0.0003996410515 5.731941354e-11 -0.05459907503)
(-0.0004232829667 5.731909435e-11 -0.05459831819)
(-0.0004378413824 5.731889757e-11 -0.05459785214)
(-0.0004495687344 5.996126984e-11 -0.05743222755)
(-0.0004446619304 5.99613357e-11 -0.05743238434)
(-0.000430130487 5.996153075e-11 -0.05743284866)
(-0.000406532373 5.996184755e-11 -0.05743360269)
(-0.0003747747662 5.996227386e-11 -0.05743461744)
(-0.0003360776642 5.996279341e-11 -0.05743585393)
(-0.0002919285578 5.996338582e-11 -0.05743726463)
(-0.0002440243992 5.99640294e-11 -0.05743879531)
(-0.0001942055273 5.996469814e-11 -0.05744038717)
(-0.0001443866555 5.996536687e-11 -0.05744197903)
(-9.648249695e-05 5.996600959e-11 -0.05744350971)
(-5.233339055e-05 5.9966602e-11 -0.05744492041)
(-1.363628862e-05 5.996712155e-11 -0.0574461569)
(1.812131816e-05 5.996754785e-11 -0.05744717165)
(4.171943206e-05 5.996786466e-11 -0.05744792568)
(5.62508753e-05 5.996805971e-11 -0.05744839)
(6.115767928e-05 5.996812567e-11 -0.05744854679)
(5.625087521e-05 5.996805971e-11 -0.05744839)
(4.171943188e-05 5.996786466e-11 -0.05744792568)
(1.81213179e-05 5.996754785e-11 -0.05744717165)
(-1.363628895e-05 5.996712155e-11 -0.0574461569)
(-5.233339094e-05 5.9966602e-11 -0.05744492041)
(-9.648249738e-05 5.996600959e-11 -0.05744350971)
(-0.0001443866559 5.996536687e-11 -0.05744197903)
(-0.0001942055278 5.996469814e-11 -0.05744038717)
(-0.0002440243997 5.99640294e-11 -0.05743879531)
(-0.0002919285582 5.996338582e-11 -0.05743726463)
(-0.0003360776646 5.996279341e-11 -0.05743585393)
(-0.0003747747665 5.996227386e-11 -0.05743461744)
(-0.0004065323733 5.996184755e-11 -0.05743360269)
(-0.0004301304872 5.996153075e-11 -0.05743284866)
(-0.0004446619304 5.99613357e-11 -0.05743238434)
(-0.0004560201927 6.256277189e-11 -0.06026140958)
(-0.0004511228273 6.256283707e-11 -0.06026156577)
(-0.0004366193365 6.256303071e-11 -0.0602620283)
(-0.0004130666155 6.25633447e-11 -0.06026277943)
(-0.0003813700972 6.25637671e-11 -0.06026379028)
(-0.0003427474325 6.256428231e-11 -0.06026502201)
(-0.0002986832508 6.256486995e-11 -0.06026642728)
(-0.0002508712401 6.256550833e-11 -0.06026795207)
(-0.0002011481992 6.256617099e-11 -0.06026953781)
(-0.0001514251583 6.256683366e-11 -0.06027112354)
(-0.0001036131477 6.256747117e-11 -0.06027264834)
(-5.954896596e-05 6.256805881e-11 -0.0602740536)
(-2.092630131e-05 6.256857402e-11 -0.06027528534)
(1.077021691e-05 6.256899642e-11 -0.06027629618)
(3.432293777e-05 6.256931084e-11 -0.06027704731)
(4.88264285e-05 6.256950427e-11 -0.06027750985)
(5.372379381e-05 6.256956963e-11 -0.06027766603)
(4.882642841e-05 6.256950427e-11 -0.06027750985)
(3.432293759e-05 6.256931084e-11 -0.06027704731)
(1.077021666e-05 6.256899642e-11 -0.06027629618)
(-2.092630164e-05 6.256857402e-11 -0.06027528534)
(-5.954896634e-05 6.256805881e-11 -0.0602740536)
(-0.0001036131481 6.256747117e-11 -0.06027264834)
(-0.0001514251588 6.256683366e-11 -0.06027112354)
(-0.0002011481997 6.256617099e-11 -0.06026953781)
(-0.0002508712405 6.256550833e-11 -0.06026795207)
(-0.0002986832512 6.256486995e-11 -0.06026642728)
(-0.0003427474329 6.256428231e-11 -0.06026502201)
(-0.0003813700976 6.25637671e-11 -0.06026379028)
(-0.0004130666158 6.25633447e-11 -0.06026277943)
(-0.0004366193366 6.256303071e-11 -0.0602620283)
(-0.0004511228274 6.256283707e-11 -0.06026156577)
(-0.0004620976712 6.512484896e-11 -0.06308503995)
(-0.0004572101102 6.512491371e-11 -0.06308519551)
(-0.0004427356549 6.51251054e-11 -0.0630856562)
(-0.0004192300857 6.512541634e-11 -0.06308640432)
(-0.0003875970228 6.512583571e-11 -0.06308741112)
(-0.0003490516794 6.512634616e-11 -0.06308863792)
(-0.0003050757127 6.512692859e-11 -0.06309003756)
(-0.00025735942 6.512756046e-11 -0.06309155624)
(-0.000207735923 6.512821792e-11 -0.06309313563)
(-0.000158112426 6.512887538e-11 -0.06309471502)
(-0.0001103961334 6.512950726e-11 -0.06309623371)
(-6.642016675e-05 6.513008969e-11 -0.06309763335)
(-2.78748234e-05 6.513060013e-11 -0.06309886015)
(3.758239446e-06 6.51310195e-11 -0.06309986695)
(2.726380853e-05 6.513133088e-11 -0.06310061507)
(4.173826376e-05 6.513152257e-11 -0.06310107575)
(4.66258247e-05 6.51315873e-11 -0.06310123131)
(4.173826367e-05 6.513152257e-11 -0.06310107575)
(2.726380836e-05 6.513133088e-11 -0.06310061507)
(3.758239191e-06 6.51310195e-11 -0.06309986695)
(-2.787482372e-05 6.513060013e-11 -0.06309886015)
(-6.642016713e-05 6.513008969e-11 -0.06309763335)
(-0.0001103961339 6.512950726e-11 -0.06309623371)
(-0.0001581124265 6.512887538e-11 -0.06309471502)
(-0.0002077359235 6.512821792e-11 -0.06309313563)
(-0.0002573594205 6.512756046e-11 -0.06309155624)
(-0.0003050757131 6.512692859e-11 -0.06309003756)
(-0.0003490516798 6.512634616e-11 -0.06308863792)
(-0.0003875970231 6.512583571e-11 -0.06308741112)
(-0.000419230086 6.512541634e-11 -0.06308640432)
(-0.000442735655 6.51251054e-11 -0.0630856562)
(-0.0004572101103 6.512491371e-11 -0.06308519551)
(-0.0004677845782 6.764898455e-11 -0.06590257669)
(-0.0004629072318 6.76490488e-11 -0.06590273159)
(-0.000448463027 6.764923864e-11 -0.06590319035)
(-0.0004250065826 6.764954742e-11 -0.06590393535)
(-0.0003934396304 6.764996245e-11 -0.06590493794)
(-0.0003549748438 6.765046856e-11 -0.06590615961)
(-0.0003110907835 6.765104579e-11 -0.0659075534)
(-0.0002634742142 6.765167159e-11 -0.06590906574)
(-0.0002139544265 6.765232298e-11 -0.06591063853)
(-0.0001644346388 6.765297437e-11 -0.06591221132)
(-0.0001168180696 6.765360104e-11 -0.06591372365)
(-7.293400935e-05 6.765417827e-11 -0.06591511745)
(-3.446922281e-05 6.765468437e-11 -0.06591633912)
(-2.902270642e-06 6.76550994e-11 -0.06591734171)
(2.055417361e-05 6.765540775e-11 -0.0659180867)
(3.499837833e-05 6.765559781e-11 -0.06591854546)
(3.987572465e-05 6.765566194e-11 -0.06591870037)
(3.499837825e-05 6.765559781e-11 -0.06591854546)
(2.055417344e-05 6.765540775e-11 -0.0659180867)
(-2.902270893e-06 6.76550994e-11 -0.06591734171)
(-3.446922313e-05 6.765468437e-11 -0.06591633912)
(-7.293400973e-05 6.765417827e-11 -0.06591511745)
(-0.0001168180701 6.765360104e-11 -0.06591372365)
(-0.0001644346393 6.765297437e-11 -0.06591221132)
(-0.000213954427 6.765232298e-11 -0.06591063853)
(-0.0002634742147 6.765167159e-11 -0.06590906574)
(-0.0003110907839 6.765104579e-11 -0.0659075534)
(-0.0003549748442 6.765046856e-11 -0.06590615961)
(-0.0003934396307 6.764996245e-11 -0.06590493794)
(-0.0004250065829 6.764954742e-11 -0.06590393535)
(-0.0004484630271 6.764923864e-11 -0.06590319035)
(-0.0004629072319 6.76490488e-11 -0.06590273159)
(-0.0004730644478 7.013798646e-11 -0.06871471983)
(-0.0004681977864 7.013804999e-11 -0.06871487406)
(-0.0004537852252 7.013823832e-11 -0.06871533081)
(-0.0004303801679 7.013854384e-11 -0.06871607254)
(-0.0003988823709 7.013895541e-11 -0.06871707074)
(-0.0003605018508 7.013945631e-11 -0.06871828706)
(-0.0003167139293 7.014002833e-11 -0.06871967474)
(-0.0002692016759 7.01406485e-11 -0.06872118045)
(-0.0002197903734 7.014129381e-11 -0.06872274635)
(-0.000170379071 7.014193913e-11 -0.06872431225)
(-0.0001228668175 7.01425593e-11 -0.06872581796)
(-7.907889606e-05 7.014313132e-11 -0.06872720565)
(-4.069837608e-05 7.014363222e-11 -0.06872842197)
(-9.200579067e-06 7.014404379e-11 -0.06872942016)
(1.420447809e-05 7.014434931e-11 -0.06873016189)
(2.861703923e-05 7.014453742e-11 -0.06873061864)
(3.348370053e-05 7.0144601e-11 -0.06873077287)
(2.861703915e-05 7.014453742e-11 -0.06873061864)
(1.420447792e-05 7.014434931e-11 -0.06873016189)
(-9.200579314e-06 7.014404379e-11 -0.06872942016)
(-4.06983764e-05 7.014363222e-11 -0.06872842197)
(-7.907889644e-05 7.014313132e-11 -0.06872720565)
(-0.000122866818 7.01425593e-11 -0.06872581796)
(-0.0001703790714 7.014193913e-11 -0.06872431225)
(-0.0002197903739 7.014129381e-11 -0.06872274635)
(-0.0002692016763 7.01406485e-11 -0.06872118045)
(-0.0003167139297 7.014002833e-11 -0.06871967474)
(-0.0003605018512 7.013945631e-11 -0.06871828706)
(-0.0003988823712 7.013895541e-11 -0.06871707074)
(-0.0004303801682 7.013854384e-11 -0.06871607254)
(-0.0004537852253 7.013823832e-11 -0.06871533081)
(-0.0004681977865 7.013804999e-11 -0.06871487406)
(-0.0004779138877 7.259280928e-11 -0.07151991009)
(-0.0004730584438 7.259287225e-11 -0.0715200636)
(-0.000458679103 7.25930583e-11 -0.07152051825)
(-0.0004353279935 7.259336144e-11 -0.07152125656)
(-0.0004039027977 7.259376867e-11 -0.07152225016)
(-0.0003656107433 7.25942648e-11 -0.07152346087)
(-0.0003219237513 7.259483075e-11 -0.07152484216)
(-0.0002745210118 7.259544528e-11 -0.07152634093)
(-0.0002252236005 7.259608453e-11 -0.07152789961)
(-0.0001759261892 7.259672377e-11 -0.07152945829)
(-0.0001285234498 7.259733743e-11 -0.07153095706)
(-8.483645779e-05 7.259790338e-11 -0.07153233835)
(-4.654440345e-05 7.259839951e-11 -0.07153354907)
(-1.511920766e-05 7.259880674e-11 -0.07153454266)
(8.231901724e-06 7.259910945e-11 -0.07153528098)
(2.261124246e-05 7.259929593e-11 -0.07153573562)
(2.746668629e-05 7.259935877e-11 -0.07153588914)
(2.261124238e-05 7.259929593e-11 -0.07153573562)
(8.231901556e-06 7.259910945e-11 -0.07153528098)
(-1.511920791e-05 7.259880674e-11 -0.07153454266)
(-4.654440376e-05 7.259839951e-11 -0.07153354907)
(-8.483645815e-05 7.259790338e-11 -0.07153233835)
(-0.0001285234502 7.259733743e-11 -0.07153095706)
(-0.0001759261897 7.259672377e-11 -0.07152945829)
(-0.0002252236009 7.259608453e-11 -0.07152789961)
(-0.0002745210122 7.259544528e-11 -0.07152634093)
(-0.0003219237517 7.259483075e-11 -0.07152484216)
(-0.0003656107437 7.25942648e-11 -0.07152346087)
(-0.000403902798 7.259376867e-11 -0.07152225016)
(-0.0004353279938 7.259336144e-11 -0.07152125656)
(-0.0004586791032 7.25930583e-11 -0.07152051825)
(-0.0004730584439 7.259287225e-11 -0.0715200636)
(-0.0004823111171 7.501668473e-11 -0.07431908429)
(-0.0004774675041 7.501674694e-11 -0.07431923706)
(-0.0004631232006 7.501693169e-11 -0.07431968949)
(-0.0004398289895 7.501723071e-11 -0.07432042421)
(-0.0004084803656 7.501763403e-11 -0.07432141296)
(-0.0003702816152 7.501812496e-11 -0.07432261778)
(-0.0003267010728 7.501868527e-11 -0.07432399234)
(-0.0002794138369 7.501929286e-11 -0.07432548381)
(-0.0002302365458 7.501992517e-11 -0.07432703489)
(-0.0001810592547 7.502055747e-11 -0.07432858598)
(-0.0001337720187 7.502116593e-11 -0.07433007745)
(-9.019147634e-05 7.502172624e-11 -0.07433145201)
(-5.199272605e-05 7.502221717e-11 -0.07433265682)
(-2.064410224e-05 7.502262049e-11 -0.07433364558)
(2.650108837e-06 7.502291995e-11 -0.07433438029)
(1.699441226e-05 7.502310427e-11 -0.07433483272)
(2.18380251e-05 7.502316654e-11 -0.07433498549)
(1.699441218e-05 7.502310427e-11 -0.07433483272)
(2.650108671e-06 7.502291995e-11 -0.07433438029)
(-2.064410248e-05 7.502262049e-11 -0.07433364558)
(-5.199272636e-05 7.502221717e-11 -0.07433265682)
(-9.01914767e-05 7.502172624e-11 -0.07433145201)
(-0.0001337720191 7.502116593e-11 -0.07433007745)
(-0.0001810592551 7.502055747e-11 -0.07432858598)
(-0.0002302365462 7.501992517e-11 -0.07432703489)
(-0.0002794138373 7.501929286e-11 -0.07432548381)
(-0.0003267010732 7.501868527e-11 -0.07432399234)
(-0.0003702816156 7.501812496e-11 -0.07432261778)
(-0.0004084803659 7.501763403e-11 -0.07432141296)
(-0.0004398289897 7.501723071e-11 -0.07432042421)
(-0.0004631232008 7.501693169e-11 -0.07431968949)
(-0.0004774675042 7.501674694e-11 -0.07431923706)
(-0.0004862270605 7.741060091e-11 -0.07711060189)
(-0.00048139597 7.741066252e-11 -0.07711075387)
(-0.0004670887515 7.741084466e-11 -0.07711120396)
(-0.0004438547641 7.741114087e-11 -0.07711193488)
(-0.0004125871873 7.741153942e-11 -0.07711291852)
(-0.0003744871941 7.741202557e-11 -0.07711411711)
(-0.0003310193226 7.741257938e-11 -0.07711548456)
(-0.0002838543407 7.74131809e-11 -0.07711696832)
(-0.0002348041901 7.741380627e-11 -0.07711851139)
(-0.0001857540395 7.741443164e-11 -0.07712005446)
(-0.0001385890576 7.741503315e-11 -0.07712153822)
(-9.512118613e-05 7.741558696e-11 -0.07712290567)
(-5.702119297e-05 7.741607312e-11 -0.07712410426)
(-2.575361631e-05 7.741647167e-11 -0.0771250879)
(-2.519628909e-06 7.741676787e-11 -0.07712581882)
(1.178758948e-05 7.741695045e-11 -0.07712626891)
(1.661867989e-05 7.741701198e-11 -0.07712642089)
(1.17875894e-05 7.741695045e-11 -0.07712626891)
(-2.519629073e-06 7.741676787e-11 -0.07712581882)
(-2.575361654e-05 7.741647167e-11 -0.0771250879)
(-5.702119327e-05 7.741607312e-11 -0.07712410426)
(-9.512118649e-05 7.741558696e-11 -0.07712290567)
(-0.000138589058 7.741503315e-11 -0.07712153822)
(-0.0001857540399 7.741443164e-11 -0.07712005446)
(-0.0002348041905 7.741380627e-11 -0.07711851139)
(-0.0002838543411 7.74131809e-11 -0.07711696832)
(-0.000331019323 7.741257938e-11 -0.07711548456)
(-0.0003744871945 7.741202557e-11 -0.07711411711)
(-0.0004125871876 7.741153942e-11 -0.07711291852)
(-0.0004438547643 7.741114087e-11 -0.07711193488)
(-0.0004670887517 7.741084466e-11 -0.07711120396)
(-0.0004813959701 7.741066252e-11 -0.07711075387)
(-0.0004896332128 7.977760144e-11 -0.07989529813)
(-0.0004848154298 7.977766234e-11 -0.07989544928)
(-0.0004705476216 7.977784275e-11 -0.07989589689)
(-0.0004473776337 7.977813505e-11 -0.07989662378)
(-0.0004161961856 7.977852927e-11 -0.07989760201)
(-0.0003782011413 7.977900935e-11 -0.079898794)
(-0.000334853005 7.977955709e-11 -0.07990015392)
(-0.0002878179421 7.978015124e-11 -0.07990162951)
(-0.0002389029034 7.978076966e-11 -0.07990316408)
(-0.0001899878647 7.978138809e-11 -0.07990469865)
(-0.0001429528019 7.978198224e-11 -0.07990617424)
(-9.960466562e-05 7.978252997e-11 -0.07990753416)
(-6.160962143e-05 7.978301006e-11 -0.07990872615)
(-3.042817339e-05 7.978340428e-11 -0.07990970438)
(-7.258185563e-06 7.978369701e-11 -0.07991043127)
(7.009622638e-06 7.978387742e-11 -0.07991087888)
(1.182740549e-05 7.978393825e-11 -0.07991103002)
(7.009622556e-06 7.978387742e-11 -0.07991087888)
(-7.258185725e-06 7.978369701e-11 -0.07991043127)
(-3.042817363e-05 7.978340428e-11 -0.07990970438)
(-6.160962173e-05 7.978301006e-11 -0.07990872615)
(-9.960466598e-05 7.978252997e-11 -0.07990753416)
(-0.0001429528023 7.978198224e-11 -0.07990617424)
(-0.0001899878652 7.978138809e-11 -0.07990469865)
(-0.0002389029039 7.978076966e-11 -0.07990316408)
(-0.0002878179425 7.978015124e-11 -0.07990162951)
(-0.0003348530054 7.977955709e-11 -0.07990015392)
(-0.0003782011417 7.977900935e-11 -0.079898794)
(-0.0004161961859 7.977852927e-11 -0.07989760201)
(-0.0004473776339 7.977813505e-11 -0.07989662378)
(-0.0004705476217 7.977784275e-11 -0.07989589689)
(-0.0004848154299 7.977766234e-11 -0.07989544928)
(-0.0004924947139 8.211837623e-11 -0.08267143843)
(-0.0004876911069 8.21184364e-11 -0.08267158869)
(-0.0004734652807 8.211861443e-11 -0.08267203366)
(-0.0004503634688 8.211890326e-11 -0.08267275628)
(-0.00041927377 8.21192927e-11 -0.08267372876)
(-0.0003813905235 8.211976672e-11 -0.08267491373)
(-0.0003381699361 8.212030795e-11 -0.08267626565)
(-0.0002912732706 8.212089515e-11 -0.08267773257)
(-0.000242502161 8.212150578e-11 -0.08267925811)
(-0.0001937310514 8.21221164e-11 -0.08268078365)
(-0.000146834386 8.212270274e-11 -0.08268225056)
(-0.0001036137986 8.212324397e-11 -0.08268360249)
(-6.573055216e-05 8.212371798e-11 -0.08268478746)
(-3.464085336e-05 8.212410743e-11 -0.08268575994)
(-1.153904161e-05 8.212439669e-11 -0.08268648255)
(2.686784558e-06 8.212457472e-11 -0.08268692753)
(7.490391416e-06 8.212463484e-11 -0.08268707779)
(2.686784476e-06 8.212457472e-11 -0.08268692753)
(-1.153904177e-05 8.212439669e-11 -0.08268648255)
(-3.46408536e-05 8.212410743e-11 -0.08268575994)
(-6.573055246e-05 8.212371798e-11 -0.08268478746)
(-0.0001036137989 8.212324397e-11 -0.08268360249)
(-0.0001468343864 8.212270274e-11 -0.08268225056)
(-0.0001937310518 8.21221164e-11 -0.08268078365)
(-0.0002425021614 8.212150578e-11 -0.08267925811)
(-0.000291273271 8.212089515e-11 -0.08267773257)
(-0.0003381699364 8.212030795e-11 -0.08267626565)
(-0.0003813905239 8.211976672e-11 -0.08267491373)
(-0.0004192737703 8.21192927e-11 -0.08267372876)
(-0.0004503634691 8.211890326e-11 -0.08267275628)
(-0.0004734652808 8.211861443e-11 -0.08267203366)
(-0.000487691107 8.21184364e-11 -0.08267158869)
(-0.0004947767644 8.443546644e-11 -0.08543974919)
(-0.0004899882946 8.443552574e-11 -0.0854398985)
(-0.000475807297 8.443570149e-11 -0.08544034067)
(-0.0004527782838 8.443598728e-11 -0.08544105874)
(-0.0004217865552 8.443637109e-11 -0.08544202509)
(-0.0003840226868 8.443683903e-11 -0.0854432026)
(-0.0003409382965 8.443737289e-11 -0.08544454601)
(-0.0002941894123 8.443795142e-11 -0.08544600368)
(-0.0002455719908 8.443855424e-11 -0.08544751961)
(-0.0001969545693 8.443915706e-11 -0.08544903555)
(-0.0001502056851 8.443973645e-11 -0.08545049322)
(-0.0001071212949 8.444027031e-11 -0.08545183663)
(-6.935742656e-05 8.444073826e-11 -0.08545301414)
(-3.836569796e-05 8.444112206e-11 -0.08545398049)
(-1.533668489e-05 8.444140743e-11 -0.08545469855)
(-1.155687294e-06 8.444158317e-11 -0.08545514073)
(3.632782386e-06 8.444164245e-11 -0.08545529004)
(-1.155687375e-06 8.444158317e-11 -0.08545514073)
(-1.533668504e-05 8.444140743e-11 -0.08545469855)
(-3.836569819e-05 8.444112206e-11 -0.08545398049)
(-6.935742685e-05 8.444073826e-11 -0.08545301414)
(-0.0001071212952 8.444027031e-11 -0.08545183663)
(-0.0001502056855 8.443973645e-11 -0.08545049322)
(-0.0001969545697 8.443915706e-11 -0.08544903555)
(-0.0002455719912 8.443855424e-11 -0.08544751961)
(-0.0002941894128 8.443795142e-11 -0.08544600368)
(-0.0003409382969 8.443737289e-11 -0.08544454601)
(-0.0003840226871 8.443683903e-11 -0.0854432026)
(-0.0004217865555 8.443637109e-11 -0.08544202509)
(-0.0004527782841 8.443598728e-11 -0.08544105874)
(-0.0004758072971 8.443570149e-11 -0.08544034067)
(-0.0004899882947 8.443552574e-11 -0.0854398985)
(-0.0004964400242 8.672896732e-11 -0.08819840498)
(-0.0004916677242 8.672902576e-11 -0.08819855328)
(-0.0004775346131 8.672919913e-11 -0.08819899247)
(-0.0004545833645 8.672948037e-11 -0.08819970569)
(-0.0004236962891 8.672985897e-11 -0.08820066552)
(-0.0003860599421 8.673032041e-11 -0.08820183509)
(-0.0003431210396 8.67308469e-11 -0.08820316943)
(-0.0002965300176 8.673141719e-11 -0.08820461726)
(-0.0002480767679 8.673201133e-11 -0.08820612297)
(-0.0001996235181 8.673260547e-11 -0.08820762867)
(-0.0001530324961 8.673317663e-11 -0.0882090765)
(-0.0001100935937 8.673370312e-11 -0.08821041085)
(-7.245724678e-05 8.673416456e-11 -0.08821158041)
(-4.157017137e-05 8.673454316e-11 -0.08821254024)
(-1.861892291e-05 8.67348244e-11 -0.08821325346)
(-4.485811855e-06 8.673499755e-11 -0.08821369265)
(2.864880715e-07 8.6735056e-11 -0.08821384095)
(-4.485811935e-06 8.673499755e-11 -0.08821369265)
(-1.861892306e-05 8.67348244e-11 -0.08821325346)
(-4.15701716e-05 8.673454316e-11 -0.08821254024)
(-7.245724707e-05 8.673416456e-11 -0.08821158041)
(-0.000110093594 8.673370312e-11 -0.08821041085)
(-0.0001530324965 8.673317663e-11 -0.0882090765)
(-0.0001996235185 8.673260547e-11 -0.08820762867)
(-0.0002480767683 8.673201133e-11 -0.08820612297)
(-0.000296530018 8.673141719e-11 -0.08820461726)
(-0.00034312104 8.67308469e-11 -0.08820316943)
(-0.0003860599424 8.673032041e-11 -0.08820183509)
(-0.0004236962893 8.672985897e-11 -0.08820066552)
(-0.0004545833648 8.672948037e-11 -0.08819970569)
(-0.0004775346132 8.672919913e-11 -0.08819899247)
(-0.0004916677243 8.672902576e-11 -0.08819855328)
(-0.0004974454455 8.900066324e-11 -0.0909480356)
(-0.0004926904195 8.900072086e-11 -0.09094818282)
(-0.0004786084648 8.900089151e-11 -0.09094861884)
(-0.0004557402911 8.900116841e-11 -0.0909493269)
(-0.0004249650151 8.900154138e-11 -0.09095027978)
(-0.0003874648974 8.900199544e-11 -0.09095144089)
(-0.0003446814174 8.900251369e-11 -0.09095276558)
(-0.0002982590371 8.900307661e-11 -0.09095420294)
(-0.0002499811697 8.900366121e-11 -0.09095569776)
(-0.0002017033023 8.900424581e-11 -0.09095719257)
(-0.0001552809221 8.900480873e-11 -0.09095862993)
(-0.0001124974422 8.900532698e-11 -0.09095995462)
(-7.499732453e-05 8.900578104e-11 -0.09096111573)
(-4.422204858e-05 8.900615401e-11 -0.09096206861)
(-2.135387491e-05 8.900643135e-11 -0.09096277667)
(-7.271920343e-06 8.9006602e-11 -0.09096321269)
(-2.516894327e-06 8.900665959e-11 -0.09096335991)
(-7.271920423e-06 8.9006602e-11 -0.09096321269)
(-2.135387506e-05 8.900643135e-11 -0.09096277667)
(-4.422204881e-05 8.900615401e-11 -0.09096206861)
(-7.499732482e-05 8.900578104e-11 -0.09096111573)
(-0.0001124974425 8.900532698e-11 -0.09095995462)
(-0.0001552809225 8.900480873e-11 -0.09095862993)
(-0.0002017033027 8.900424581e-11 -0.09095719257)
(-0.0002499811701 8.900366121e-11 -0.09095569776)
(-0.0002982590375 8.900307661e-11 -0.09095420294)
(-0.0003446814178 8.900251369e-11 -0.09095276558)
(-0.0003874648977 8.900199544e-11 -0.09095144089)
(-0.0004249650153 8.900154138e-11 -0.09095027978)
(-0.0004557402913 8.900116841e-11 -0.0909493269)
(-0.000478608465 8.900089151e-11 -0.09094861884)
(-0.0004926904195 8.900072086e-11 -0.09094818282)
(-0.0004977523241 9.124984776e-11 -0.09368675158)
(-0.0004930157122 9.124990444e-11 -0.09368689767)
(-0.000478988291 9.125007217e-11 -0.09368733031)
(-0.0004562086759 9.125034452e-11 -0.09368803289)
(-0.0004255525794 9.125071141e-11 -0.09368897841)
(-0.0003881976837 9.125115854e-11 -0.09369013053)
(-0.0003455798859 9.125166811e-11 -0.09369144497)
(-0.0002993372798 9.125222192e-11 -0.09369287121)
(-0.000251246372 9.125279699e-11 -0.09369435445)
(-0.0002031554642 9.125337205e-11 -0.0936958377)
(-0.0001569128581 9.125392586e-11 -0.09369726394)
(-0.0001142950603 9.125443543e-11 -0.09369857838)
(-7.694016467e-05 9.125488256e-11 -0.0936997305)
(-4.628406826e-05 9.125524945e-11 -0.09370067602)
(-2.350445328e-05 9.125552224e-11 -0.0937013786)
(-9.477032125e-06 9.125568996e-11 -0.09370181124)
(-4.740420299e-06 9.125574665e-11 -0.09370195733)
(-9.477032203e-06 9.125568996e-11 -0.09370181124)
(-2.350445343e-05 9.125552224e-11 -0.0937013786)
(-4.628406848e-05 9.125524945e-11 -0.09370067602)
(-7.694016496e-05 9.125488256e-11 -0.0936997305)
(-0.0001142950607 9.125443543e-11 -0.09369857838)
(-0.0001569128584 9.125392586e-11 -0.09369726394)
(-0.0002031554646 9.125337205e-11 -0.0936958377)
(-0.0002512463724 9.125279699e-11 -0.09369435445)
(-0.0002993372802 9.125222192e-11 -0.09369287121)
(-0.0003455798863 9.125166811e-11 -0.09369144497)
(-0.0003881976841 9.125115854e-11 -0.09369013053)
(-0.0004255525797 9.125071141e-11 -0.09368897841)
(-0.0004562086761 9.125034452e-11 -0.09368803289)
(-0.0004789882911 9.125007217e-11 -0.09368733031)
(-0.0004930157123 9.124990444e-11 -0.09368689767)
(-0.0004973212981 9.34774119e-11 -0.0964151247)
(-0.000492604266 9.347746763e-11 -0.09641526959)
(-0.0004786348303 9.347763254e-11 -0.09641569865)
(-0.0004559493798 9.347790033e-11 -0.09641639543)
(-0.0004254200072 9.347826072e-11 -0.09641733314)
(-0.0003882195263 9.347869961e-11 -0.09641847574)
(-0.0003457778987 9.347920094e-11 -0.09641977933)
(-0.0002997264467 9.347974478e-11 -0.09642119379)
(-0.0002518343334 9.34803103e-11 -0.09642266479)
(-0.0002039422201 9.348087582e-11 -0.09642413579)
(-0.0001578907681 9.348141879e-11 -0.09642555025)
(-0.0001154491406 9.348192012e-11 -0.09642685384)
(-7.82486597e-05 9.348235901e-11 -0.09642799644)
(-4.771928711e-05 9.34827194e-11 -0.09642893415)
(-2.503383675e-05 9.348298763e-11 -0.09642963093)
(-1.106440108e-05 9.348315253e-11 -0.09643006)
(-6.347369093e-06 9.348320822e-11 -0.09643020488)
(-1.106440115e-05 9.348315253e-11 -0.09643006)
(-2.503383691e-05 9.348298763e-11 -0.09642963093)
(-4.771928733e-05 9.34827194e-11 -0.09642893415)
(-7.824865998e-05 9.348235901e-11 -0.09642799644)
(-0.0001154491409 9.348192012e-11 -0.09642685384)
(-0.0001578907685 9.348141879e-11 -0.09642555025)
(-0.0002039422205 9.348087582e-11 -0.09642413579)
(-0.0002518343338 9.34803103e-11 -0.09642266479)
(-0.0002997264471 9.347974478e-11 -0.09642119379)
(-0.0003457778991 9.347920094e-11 -0.09641977933)
(-0.0003882195266 9.347869961e-11 -0.09641847574)
(-0.0004254200075 9.347826072e-11 -0.09641733314)
(-0.0004559493801 9.347790033e-11 -0.09641639543)
(-0.0004786348304 9.347763254e-11 -0.09641569865)
(-0.0004926042661 9.347746763e-11 -0.09641526959)
(-0.0004961152817 9.568178287e-11 -0.09913125703)
(-0.0004914189702 9.568183756e-11 -0.09913140064)
(-0.0004775108982 9.568199943e-11 -0.09913182594)
(-0.0004549250984 9.568226246e-11 -0.09913251661)
(-0.0004245298325 9.568261591e-11 -0.09913344609)
(-0.0003874927626 9.568304699e-11 -0.09913457867)
(-0.0003452375689 9.568353878e-11 -0.09913587081)
(-0.0002993884076 9.568407178e-11 -0.09913727287)
(-0.0002517066706 9.568462689e-11 -0.09913873096)
(-0.0002040249336 9.5685182e-11 -0.09914018905)
(-0.0001581757724 9.568571586e-11 -0.0991415911)
(-0.0001159205787 9.568620766e-11 -0.09914288325)
(-7.888350887e-05 9.568663873e-11 -0.09914401583)
(-4.848824303e-05 9.568699218e-11 -0.0991449453)
(-2.590244333e-05 9.568725521e-11 -0.09914563597)
(-1.199437137e-05 9.568741708e-11 -0.09914606127)
(-7.298059949e-06 9.568747176e-11 -0.09914620488)
(-1.199437145e-05 9.568741708e-11 -0.09914606127)
(-2.590244349e-05 9.568725521e-11 -0.09914563597)
(-4.848824325e-05 9.568699218e-11 -0.0991449453)
(-7.888350915e-05 9.568663873e-11 -0.09914401583)
(-0.000115920579 9.568620766e-11 -0.09914288325)
(-0.0001581757728 9.568571586e-11 -0.0991415911)
(-0.000204024934 9.5685182e-11 -0.09914018905)
(-0.000251706671 9.568462689e-11 -0.09913873096)
(-0.000299388408 9.568407178e-11 -0.09913727287)
(-0.0003452375693 9.568353878e-11 -0.09913587081)
(-0.0003874927629 9.568304699e-11 -0.09913457867)
(-0.0004245298328 9.568261591e-11 -0.09913344609)
(-0.0004549250986 9.568226246e-11 -0.09913251661)
(-0.0004775108983 9.568199943e-11 -0.09913182594)
(-0.0004914189703 9.568183756e-11 -0.09913140064)
(-0.0004941002115 9.786297223e-11 -0.10183573)
(-0.000489425716 9.786302584e-11 -0.1018358723)
(-0.0004755822518 9.786318435e-11 -0.1018362937)
(-0.0004531013709 9.786344261e-11 -0.1018369779)
(-0.0004228473015 9.786378912e-11 -0.1018378988)
(-0.0003859822815 9.786421196e-11 -0.1018390208)
(-0.0003439233778 9.786469378e-11 -0.101840301)
(-0.0002982872017 9.78652168e-11 -0.10184169)
(-0.0002508269629 9.786576063e-11 -0.1018431346)
(-0.000203366724 9.786630447e-11 -0.1018445792)
(-0.000157730548 9.786682836e-11 -0.1018459682)
(-0.0001156716442 9.786731018e-11 -0.1018472484)
(-7.880662437e-05 9.786773301e-11 -0.1018483704)
(-4.855255504e-05 9.786807953e-11 -0.1018492913)
(-2.607167418e-05 9.786833692e-11 -0.1018499756)
(-1.222821001e-05 9.786849564e-11 -0.1018503969)
(-7.55371458e-06 9.786854923e-11 -0.1018505392)
(-1.222821009e-05 9.786849564e-11 -0.1018503969)
(-2.607167433e-05 9.786833692e-11 -0.1018499756)
(-4.855255525e-05 9.786807953e-11 -0.1018492913)
(-7.880662465e-05 9.786773301e-11 -0.1018483704)
(-0.0001156716446 9.786731018e-11 -0.1018472484)
(-0.0001577305483 9.786682836e-11 -0.1018459682)
(-0.0002033667244 9.786630447e-11 -0.1018445792)
(-0.0002508269633 9.786576063e-11 -0.1018431346)
(-0.0002982872021 9.78652168e-11 -0.10184169)
(-0.0003439233781 9.786469378e-11 -0.101840301)
(-0.0003859822819 9.786421196e-11 -0.1018390208)
(-0.0004228473017 9.786378912e-11 -0.1018378988)
(-0.0004531013711 9.786344261e-11 -0.1018369779)
(-0.0004755822519 9.786318435e-11 -0.1018362937)
(-0.0004894257161 9.786302584e-11 -0.1018358723)
(-0.0004912489069 1.000186382e-10 -0.1045267205)
(-0.0004865972157 1.000186908e-10 -0.1045268614)
(-0.0004728212864 1.000188461e-10 -0.1045272786)
(-0.0004504500778 1.000190985e-10 -0.1045279562)
(-0.0004203436019 1.00019438e-10 -0.1045288681)
(-0.0003836584269 1.000198518e-10 -0.1045299792)
(-0.0003418047062 1.000203236e-10 -0.1045312469)
(-0.0002963911648 1.000208362e-10 -0.1045326224)
(-0.0002491624593 1.000213688e-10 -0.1045340529)
(-0.0002019337538 1.000219014e-10 -0.1045354834)
(-0.0001565202124 1.00022414e-10 -0.1045368589)
(-0.0001146664918 1.000228858e-10 -0.1045381266)
(-7.79813168e-05 1.000232995e-10 -0.1045392378)
(-4.787484102e-05 1.000236391e-10 -0.1045401496)
(-2.550363245e-05 1.000238919e-10 -0.1045408272)
(-1.17277032e-05 1.000240472e-10 -0.1045412445)
(-7.076012156e-06 1.000240996e-10 -0.1045413854)
(-1.172770328e-05 1.000240472e-10 -0.1045412445)
(-2.55036326e-05 1.000238919e-10 -0.1045408272)
(-4.787484123e-05 1.000236391e-10 -0.1045401496)
(-7.798131707e-05 1.000232995e-10 -0.1045392378)
(-0.0001146664921 1.000228858e-10 -0.1045381266)
(-0.0001565202128 1.00022414e-10 -0.1045368589)
(-0.0002019337542 1.000219014e-10 -0.1045354834)
(-0.0002491624597 1.000213688e-10 -0.1045340529)
(-0.0002963911652 1.000208362e-10 -0.1045326224)
(-0.0003418047066 1.000203236e-10 -0.1045312469)
(-0.0003836584272 1.000198518e-10 -0.1045299792)
(-0.0004203436022 1.00019438e-10 -0.1045288681)
(-0.000450450078 1.000190985e-10 -0.1045279562)
(-0.0004728212866 1.000188461e-10 -0.1045272786)
(-0.0004865972158 1.000186908e-10 -0.1045268614)
(-0.0004875389806 1.021480874e-10 -0.107204911)
(-0.0004829109509 1.021481388e-10 -0.1072050504)
(-0.0004692050947 1.021482907e-10 -0.1072054635)
(-0.0004469476801 1.021485375e-10 -0.1072061342)
(-0.0004169943449 1.021488697e-10 -0.1072070368)
(-0.0003804957738 1.021492747e-10 -0.1072081366)
(-0.0003388549476 1.021497366e-10 -0.1072093915)
(-0.0002936724082 1.021502379e-10 -0.107210753)
(-0.0002466839376 1.021507592e-10 -0.107212169)
(-0.0001996954671 1.021512805e-10 -0.1072135849)
(-0.0001545129278 1.02151781e-10 -0.1072149465)
(-0.0001128721016 1.021522428e-10 -0.1072162013)
(-7.637353055e-05 1.021526479e-10 -0.1072173011)
(-4.642019532e-05 1.021529801e-10 -0.1072182037)
(-2.416278086e-05 1.021532268e-10 -0.1072188745)
(-1.045692468e-05 1.02153379e-10 -0.1072192875)
(-5.828895074e-06 1.021534304e-10 -0.1072194269)
(-1.045692476e-05 1.02153379e-10 -0.1072192875)
(-2.4162781e-05 1.021532268e-10 -0.1072188745)
(-4.642019554e-05 1.021529801e-10 -0.1072182037)
(-7.637353082e-05 1.021526479e-10 -0.1072173011)
(-0.0001128721019 1.021522428e-10 -0.1072162013)
(-0.0001545129281 1.02151781e-10 -0.1072149465)
(-0.0001996954675 1.021512805e-10 -0.1072135849)
(-0.000246683938 1.021507592e-10 -0.107212169)
(-0.0002936724085 1.021502379e-10 -0.107210753)
(-0.0003388549479 1.021497366e-10 -0.1072093915)
(-0.0003804957741 1.021492747e-10 -0.1072081366)
(-0.0004169943451 1.021488697e-10 -0.1072070368)
(-0.0004469476804 1.021485375e-10 -0.1072061342)
(-0.0004692050948 1.021482907e-10 -0.1072054635)
(-0.000482910951 1.021481388e-10 -0.1072050504)
(-0.0004829594521 1.042484591e-10 -0.1098686532)
(-0.0004783557449 1.042485093e-10 -0.1098687912)
(-0.0004647219195 1.042486579e-10 -0.1098691999)
(-0.0004425814783 1.04248899e-10 -0.1098698635)
(-0.0004127855621 1.042492238e-10 -0.1098707567)
(-0.0003764788085 1.042496198e-10 -0.109871845)
(-0.0003350568247 1.042500712e-10 -0.1098730866)
(-0.0002901117411 1.042505613e-10 -0.1098744339)
(-0.0002433702175 1.042510704e-10 -0.109875835)
(-0.0001966286938 1.042515796e-10 -0.1098772361)
(-0.0001516836103 1.042520697e-10 -0.1098785833)
(-0.0001102616266 1.042525211e-10 -0.109879825)
(-7.395487297e-05 1.042529171e-10 -0.1098809133)
(-4.415895683e-05 1.042532419e-10 -0.1098818065)
(-2.201851572e-05 1.04253483e-10 -0.1098824701)
(-8.384690369e-06 1.042536318e-10 -0.1098828788)
(-3.780983267e-06 1.042536819e-10 -0.1098830168)
(-8.384690442e-06 1.042536318e-10 -0.1098828788)
(-2.201851586e-05 1.04253483e-10 -0.1098824701)
(-4.415895704e-05 1.042532419e-10 -0.1098818065)
(-7.395487323e-05 1.042529171e-10 -0.1098809133)
(-0.0001102616269 1.042525211e-10 -0.109879825)
(-0.0001516836106 1.042520697e-10 -0.1098785833)
(-0.0001966286942 1.042515796e-10 -0.1098772361)
(-0.0002433702178 1.042510704e-10 -0.109875835)
(-0.0002901117415 1.042505613e-10 -0.1098744339)
(-0.000335056825 1.042500712e-10 -0.1098730866)
(-0.0003764788088 1.042496198e-10 -0.109871845)
(-0.0004127855624 1.042492238e-10 -0.1098707567)
(-0.0004425814785 1.04248899e-10 -0.1098698635)
(-0.0004647219196 1.042486579e-10 -0.1098691999)
(-0.000478355745 1.042485093e-10 -0.1098687912)
(-0.0004775051729 1.063186585e-10 -0.11251883)
(-0.000472926235 1.063187074e-10 -0.1125189665)
(-0.0004593657633 1.063188526e-10 -0.1125193708)
(-0.0004373444438 1.063190885e-10 -0.1125200273)
(-0.0004077088379 1.063194055e-10 -0.1125209109)
(-0.0003715974247 1.063197924e-10 -0.1125219875)
(-0.0003303983027 1.063202334e-10 -0.1125232158)
(-0.0002856950361 1.063207118e-10 -0.1125245486)
(-0.0002392049948 1.063212096e-10 -0.1125259347)
(-0.0001927149535 1.063217075e-10 -0.1125273207)
(-0.000148011687 1.063221859e-10 -0.1125286535)
(-0.000106812565 1.063226269e-10 -0.1125298818)
(-7.07011518e-05 1.063230138e-10 -0.1125309584)
(-4.106554595e-05 1.063233308e-10 -0.112531842)
(-1.904422654e-05 1.063235663e-10 -0.1125324985)
(-5.483754953e-06 1.063237117e-10 -0.1125329028)
(-9.048170704e-07 1.063237606e-10 -0.1125330393)
(-5.483755025e-06 1.063237117e-10 -0.1125329028)
(-1.904422668e-05 1.063235663e-10 -0.1125324985)
(-4.106554616e-05 1.063233308e-10 -0.112531842)
(-7.070115206e-05 1.063230138e-10 -0.1125309584)
(-0.0001068125653 1.063226269e-10 -0.1125298818)
(-0.0001480116873 1.063221859e-10 -0.1125286535)
(-0.0001927149539 1.063217075e-10 -0.1125273207)
(-0.0002392049952 1.063212096e-10 -0.1125259347)
(-0.0002856950365 1.063207118e-10 -0.1125245486)
(-0.000330398303 1.063202334e-10 -0.1125232158)
(-0.000371597425 1.063197924e-10 -0.1125219875)
(-0.0004077088382 1.063194055e-10 -0.1125209109)
(-0.000437344444 1.063190885e-10 -0.1125200273)
(-0.0004593657635 1.063188526e-10 -0.1125193708)
(-0.000472926235 1.063187074e-10 -0.1125189665)
(-0.0004711858707 1.08355658e-10 -0.1151540636)
(-0.0004666318791 1.083557059e-10 -0.1151541986)
(-0.0004531452856 1.083558477e-10 -0.1151545985)
(-0.0004312439394 1.08356078e-10 -0.1151552479)
(-0.0004017697898 1.083563877e-10 -0.1151561218)
(-0.0003658551134 1.08356765e-10 -0.1151571868)
(-0.0003248804463 1.08357196e-10 -0.1151584017)
(-0.0002804207254 1.08357664e-10 -0.11515972)
(-0.0002341839643 1.083581497e-10 -0.115161091)
(-0.0001879472031 1.083586354e-10 -0.1151624619)
(-0.0001434874823 1.083591025e-10 -0.1151637802)
(-0.0001025128152 1.083595336e-10 -0.1151649952)
(-6.659813886e-05 1.083599109e-10 -0.1151660601)
(-3.712398932e-05 1.083602205e-10 -0.1151669341)
(-1.522264319e-05 1.083604513e-10 -0.1151675835)
(-1.736049744e-06 1.083605929e-10 -0.1151679833)
(2.81794185e-06 1.083606407e-10 -0.1151681184)
(-1.736049815e-06 1.083605929e-10 -0.1151679833)
(-1.522264333e-05 1.083604513e-10 -0.1151675835)
(-3.712398952e-05 1.083602205e-10 -0.1151669341)
(-6.659813912e-05 1.083599109e-10 -0.1151660601)
(-0.0001025128155 1.083595336e-10 -0.1151649952)
(-0.0001434874826 1.083591025e-10 -0.1151637802)
(-0.0001879472035 1.083586354e-10 -0.1151624619)
(-0.0002341839646 1.083581497e-10 -0.115161091)
(-0.0002804207258 1.08357664e-10 -0.11515972)
(-0.0003248804466 1.08357196e-10 -0.1151584017)
(-0.0003658551137 1.08356765e-10 -0.1151571868)
(-0.00040176979 1.083563877e-10 -0.1151561218)
(-0.0004312439396 1.08356078e-10 -0.1151552479)
(-0.0004531452857 1.083558477e-10 -0.1151545985)
(-0.0004666318791 1.083557059e-10 -0.1151541986)
(-0.0004640165882 1.103583298e-10 -0.1177755195)
(-0.0004594874491 1.103583765e-10 -0.117775653)
(-0.0004460744563 1.103585151e-10 -0.1177760486)
(-0.0004242926328 1.103587399e-10 -0.1177766909)
(-0.000394979333 1.103590422e-10 -0.1177775553)
(-0.0003592606546 1.103594108e-10 -0.1177786086)
(-0.0003185095994 1.103598315e-10 -0.1177798104)
(-0.0002742925094 1.103602886e-10 -0.1177811143)
(-0.0002283080771 1.103607631e-10 -0.1177824703)
(-0.0001823236448 1.103612375e-10 -0.1177838264)
(-0.0001381065549 1.103616937e-10 -0.1177851303)
(-9.735549972e-05 1.103621144e-10 -0.117786332)
(-6.163682127e-05 1.10362483e-10 -0.1177873853)
(-3.23235216e-05 1.103627853e-10 -0.1177882498)
(-1.054169814e-05 1.103630102e-10 -0.1177888921)
(2.871294642e-06 1.103631485e-10 -0.1177892876)
(7.400433645e-06 1.103631954e-10 -0.1177894212)
(2.871294573e-06 1.103631485e-10 -0.1177892876)
(-1.054169828e-05 1.103630102e-10 -0.1177888921)
(-3.23235218e-05 1.103627853e-10 -0.1177882498)
(-6.163682152e-05 1.10362483e-10 -0.1177873853)
(-9.735550002e-05 1.103621144e-10 -0.117786332)
(-0.0001381065552 1.103616937e-10 -0.1177851303)
(-0.0001823236451 1.103612375e-10 -0.1177838264)
(-0.0002283080775 1.103607631e-10 -0.1177824703)
(-0.0002742925098 1.103602886e-10 -0.1177811143)
(-0.0003185095997 1.103598315e-10 -0.1177798104)
(-0.0003592606548 1.103594108e-10 -0.1177786086)
(-0.0003949793333 1.103590422e-10 -0.1177775553)
(-0.000424292633 1.103587399e-10 -0.1177766909)
(-0.0004460744564 1.103585151e-10 -0.1177760486)
(-0.0004594874492 1.103583765e-10 -0.117775653)
(-0.0004560288594 1.123238561e-10 -0.1203821548)
(-0.0004515241745 1.123239018e-10 -0.1203822869)
(-0.0004381836022 1.12324037e-10 -0.1203826782)
(-0.0004165193849 1.123242567e-10 -0.1203833136)
(-0.0003873643561 1.123245524e-10 -0.1203841687)
(-0.0003518385329 1.123249124e-10 -0.1203852107)
(-0.0003113075043 1.123253231e-10 -0.1203863994)
(-0.000267329155 1.123257693e-10 -0.1203876893)
(-0.0002215930057 1.123262325e-10 -0.1203890307)
(-0.0001758568565 1.123266957e-10 -0.1203903722)
(-0.0001318785072 1.123271419e-10 -0.120391662)
(-9.134747862e-05 1.123275526e-10 -0.1203928508)
(-5.582165549e-05 1.123279126e-10 -0.1203938928)
(-2.666662668e-05 1.123282084e-10 -0.1203947479)
(-5.002409486e-06 1.123284276e-10 -0.1203953833)
(8.338162726e-06 1.12328563e-10 -0.1203957746)
(1.284284762e-05 1.123286086e-10 -0.1203959067)
(8.338162657e-06 1.12328563e-10 -0.1203957746)
(-5.00240962e-06 1.123284276e-10 -0.1203953833)
(-2.666662687e-05 1.123282084e-10 -0.1203947479)
(-5.582165573e-05 1.123279126e-10 -0.1203938928)
(-9.134747891e-05 1.123275526e-10 -0.1203928508)
(-0.0001318785076 1.123271419e-10 -0.120391662)
(-0.0001758568568 1.123266957e-10 -0.1203903722)
(-0.0002215930061 1.123262325e-10 -0.1203890307)
(-0.0002673291553 1.123257693e-10 -0.1203876893)
(-0.0003113075046 1.123253231e-10 -0.1203863994)
(-0.0003518385332 1.123249124e-10 -0.1203852107)
(-0.0003873643563 1.123245524e-10 -0.1203841687)
(-0.0004165193851 1.123242567e-10 -0.1203833136)
(-0.0004381836023 1.12324037e-10 -0.1203826782)
(-0.0004515241745 1.123239018e-10 -0.1203822869)
(-0.0004472570634 1.142514248e-10 -0.1229754574)
(-0.000442776153 1.142514693e-10 -0.1229755882)
(-0.0004295059889 1.142516017e-10 -0.1229759753)
(-0.00040795611 1.142518163e-10 -0.122976604)
(-0.000378954954 1.142521052e-10 -0.1229774501)
(-0.0003436166272 1.142524569e-10 -0.1229784811)
(-0.0003032995112 1.142528585e-10 -0.1229796573)
(-0.0002595532686 1.142532943e-10 -0.1229809336)
(-0.0002140585033 1.142537471e-10 -0.1229822609)
(-0.0001685637379 1.142541999e-10 -0.1229835882)
(-0.0001248174954 1.142546357e-10 -0.1229848645)
(-8.450037937e-05 1.142550373e-10 -0.1229860407)
(-4.916205262e-05 1.14255389e-10 -0.1229870717)
(-2.016089673e-05 1.142556778e-10 -0.1229879178)
(1.388982158e-06 1.142558925e-10 -0.1229885465)
(1.465914618e-05 1.142560247e-10 -0.1229889337)
(1.914005647e-05 1.142560694e-10 -0.1229890644)
(1.465914611e-05 1.142560247e-10 -0.1229889337)
(1.388982027e-06 1.142558925e-10 -0.1229885465)
(-2.016089693e-05 1.142556778e-10 -0.1229879178)
(-4.916205286e-05 1.14255389e-10 -0.1229870717)
(-8.450037966e-05 1.142550373e-10 -0.1229860407)
(-0.0001248174957 1.142546357e-10 -0.1229848645)
(-0.0001685637383 1.142541999e-10 -0.1229835882)
(-0.0002140585036 1.142537471e-10 -0.1229822609)
(-0.000259553269 1.142532943e-10 -0.1229809336)
(-0.0003032995115 1.142528585e-10 -0.1229796573)
(-0.0003436166275 1.142524569e-10 -0.1229784811)
(-0.0003789549543 1.142521052e-10 -0.1229774501)
(-0.0004079561102 1.142518163e-10 -0.122976604)
(-0.0004295059891 1.142516017e-10 -0.1229759753)
(-0.0004427761531 1.142514693e-10 -0.1229755882)
(-0.0004377516589 1.161387443e-10 -0.1255547305)
(-0.0004332935554 1.16138788e-10 -0.1255548599)
(-0.0004200909337 1.161389173e-10 -0.1255552431)
(-0.000398650739 1.16139127e-10 -0.1255558654)
(-0.0003697971928 1.161394093e-10 -0.1255567029)
(-0.0003346387306 1.161397536e-10 -0.1255577234)
(-0.0002945268202 1.161401465e-10 -0.1255588877)
(-0.0002510032367 1.161405729e-10 -0.125560151)
(-0.0002057400301 1.161410161e-10 -0.1255614648)
(-0.0001604768235 1.161414593e-10 -0.1255627786)
(-0.00011695324 1.161418847e-10 -0.1255640419)
(-7.68413296e-05 1.161422777e-10 -0.1255652062)
(-4.168286745e-05 1.16142622e-10 -0.1255662267)
(-1.28293213e-05 1.161429043e-10 -0.1255670642)
(8.610873268e-06 1.161431144e-10 -0.1255676866)
(2.181349496e-05 1.161432439e-10 -0.1255680698)
(2.627159838e-05 1.161432875e-10 -0.1255681992)
(2.18134949e-05 1.161432439e-10 -0.1255680698)
(8.61087314e-06 1.161431144e-10 -0.1255676866)
(-1.282932149e-05 1.161429043e-10 -0.1255670642)
(-4.168286768e-05 1.16142622e-10 -0.1255662267)
(-7.684132988e-05 1.161422777e-10 -0.1255652062)
(-0.0001169532403 1.161418847e-10 -0.1255640419)
(-0.0001604768238 1.161414593e-10 -0.1255627786)
(-0.0002057400304 1.161410161e-10 -0.1255614648)
(-0.0002510032371 1.161405729e-10 -0.125560151)
(-0.0002945268205 1.161401465e-10 -0.1255588877)
(-0.0003346387309 1.161397536e-10 -0.1255577234)
(-0.0003697971931 1.161394093e-10 -0.1255567029)
(-0.0003986507392 1.16139127e-10 -0.1255558654)
(-0.0004200909338 1.161389173e-10 -0.1255552431)
(-0.0004332935555 1.16138788e-10 -0.1255548599)
(-0.0004275619204 1.179855724e-10 -0.1281217667)
(-0.0004231254151 1.179856152e-10 -0.1281218948)
(-0.000409986756 1.179857418e-10 -0.1281222744)
(-0.0003886504325 1.179859474e-10 -0.1281228907)
(-0.0003599366728 1.179862241e-10 -0.1281237201)
(-0.0003249485425 1.179865611e-10 -0.1281247307)
(-0.0002850309619 1.179869457e-10 -0.1281258837)
(-0.0002417182368 1.179873629e-10 -0.1281271348)
(-0.0001966743164 1.179877966e-10 -0.1281284359)
(-0.0001516303961 1.179882303e-10 -0.128129737)
(-0.000108317671 1.179886484e-10 -0.1281309881)
(-6.840009038e-05 1.17989033e-10 -0.1281321411)
(-3.341196013e-05 1.1798937e-10 -0.1281331517)
(-4.698200526e-06 1.179896467e-10 -0.1281339811)
(1.663812292e-05 1.179898523e-10 -0.1281345974)
(2.977678198e-05 1.179899789e-10 -0.1281349769)
(3.421328726e-05 1.179900217e-10 -0.1281351051)
(2.977678192e-05 1.179899789e-10 -0.1281349769)
(1.663812279e-05 1.179898523e-10 -0.1281345974)
(-4.698200708e-06 1.179896467e-10 -0.1281339811)
(-3.341196037e-05 1.1798937e-10 -0.1281331517)
(-6.840009065e-05 1.17989033e-10 -0.1281321411)
(-0.0001083176713 1.179886484e-10 -0.1281309881)
(-0.0001516303964 1.179882303e-10 -0.128129737)
(-0.0001966743167 1.179877966e-10 -0.1281284359)
(-0.0002417182371 1.179873629e-10 -0.1281271348)
(-0.0002850309622 1.179869457e-10 -0.1281258837)
(-0.0003249485428 1.179865611e-10 -0.1281247307)
(-0.000359936673 1.179862241e-10 -0.1281237201)
(-0.0003886504326 1.179859474e-10 -0.1281228907)
(-0.0004099867561 1.179857418e-10 -0.1281222744)
(-0.0004231254151 1.179856152e-10 -0.1281218948)
(-0.0004167514292 1.197903368e-10 -0.1306761688)
(-0.0004123350871 1.197903787e-10 -0.1306762958)
(-0.000399256141 1.19790503e-10 -0.1306766719)
(-0.0003780167875 1.197907043e-10 -0.1306772826)
(-0.0003494335271 1.197909757e-10 -0.1306781045)
(-0.000314604412 1.197913062e-10 -0.1306791059)
(-0.0002748682502 1.197916835e-10 -0.1306802485)
(-0.0002317523742 1.197920929e-10 -0.1306814882)
(-0.0001869131709 1.197925188e-10 -0.1306827775)
(-0.0001420739677 1.197929447e-10 -0.1306840668)
(-9.895809172e-05 1.197933532e-10 -0.1306853065)
(-5.922192988e-05 1.197937305e-10 -0.1306864491)
(-2.439281486e-05 1.19794061e-10 -0.1306874505)
(4.19044549e-06 1.197943324e-10 -0.1306882724)
(2.54297989e-05 1.197945341e-10 -0.1306888831)
(3.850874495e-05 1.197946582e-10 -0.1306892592)
(4.292508704e-05 1.197947002e-10 -0.1306893862)
(3.850874488e-05 1.197946582e-10 -0.1306892592)
(2.542979877e-05 1.197945341e-10 -0.1306888831)
(4.190445312e-06 1.197943324e-10 -0.1306882724)
(-2.439281509e-05 1.19794061e-10 -0.1306874505)
(-5.922193015e-05 1.197937305e-10 -0.1306864491)
(-9.895809202e-05 1.197933532e-10 -0.1306853065)
(-0.000142073968 1.197929447e-10 -0.1306840668)
(-0.0001869131713 1.197925188e-10 -0.1306827775)
(-0.0002317523745 1.197920929e-10 -0.1306814882)
(-0.0002748682505 1.197916835e-10 -0.1306802485)
(-0.0003146044123 1.197913062e-10 -0.1306791059)
(-0.0003494335273 1.197909757e-10 -0.1306781045)
(-0.0003780167877 1.197907043e-10 -0.1306772826)
(-0.0003992561411 1.19790503e-10 -0.1306766719)
(-0.0004123350871 1.197903787e-10 -0.1306762958)
(-0.0004053781311 1.215534827e-10 -0.1332199671)
(-0.0004009803495 1.215535239e-10 -0.1332200931)
(-0.0003879563705 1.215536458e-10 -0.133220466)
(-0.00036680628 1.215538438e-10 -0.1332210716)
(-0.0003383431469 1.215541105e-10 -0.1332218865)
(-0.0003036604087 1.215544354e-10 -0.1332228796)
(-0.0002640912466 1.215548057e-10 -0.1332240125)
(-0.0002211565743 1.215552077e-10 -0.1332252419)
(-0.0001765058174 1.215556258e-10 -0.1332265203)
(-0.0001318550606 1.215560439e-10 -0.1332277988)
(-8.892038835e-05 1.215564459e-10 -0.1332290281)
(-4.935122627e-05 1.215568163e-10 -0.1332301611)
(-1.466848809e-05 1.215571411e-10 -0.1332311541)
(1.379464498e-05 1.215574078e-10 -0.1332319691)
(3.494473544e-05 1.215576058e-10 -0.1332325747)
(4.796871441e-05 1.215577278e-10 -0.1332329476)
(5.236649588e-05 1.215577689e-10 -0.1332330735)
(4.796871434e-05 1.215577278e-10 -0.1332329476)
(3.494473532e-05 1.215576058e-10 -0.1332325747)
(1.37946448e-05 1.215574078e-10 -0.1332319691)
(-1.466848831e-05 1.215571411e-10 -0.1332311541)
(-4.935122653e-05 1.215568163e-10 -0.1332301611)
(-8.892038864e-05 1.215564459e-10 -0.1332290281)
(-0.0001318550609 1.215560439e-10 -0.1332277988)
(-0.0001765058178 1.215556258e-10 -0.1332265203)
(-0.0002211565746 1.215552077e-10 -0.1332252419)
(-0.0002640912468 1.215548057e-10 -0.1332240125)
(-0.0003036604089 1.215544354e-10 -0.1332228796)
(-0.0003383431471 1.215541105e-10 -0.1332218865)
(-0.0003668062802 1.215538438e-10 -0.1332210716)
(-0.0003879563706 1.215536458e-10 -0.133220466)
(-0.0004009803496 1.215535239e-10 -0.1332200931)
(-0.0003935123751 1.232742097e-10 -0.1357529789)
(-0.0003891314069 1.232742502e-10 -0.1357531038)
(-0.0003761572203 1.232743703e-10 -0.1357534739)
(-0.0003550879896 1.232745655e-10 -0.1357540749)
(-0.000326733675 1.232748274e-10 -0.1357548836)
(-0.0002921835338 1.23275147e-10 -0.1357558691)
(-0.0002527656501 1.232755118e-10 -0.1357569934)
(-0.0002099951231 1.232759077e-10 -0.1357582133)
(-0.0001655150724 1.232763188e-10 -0.135759482)
(-0.0001210350216 1.2327673e-10 -0.1357607507)
(-7.826449467e-05 1.232771259e-10 -0.1357619706)
(-3.884661105e-05 1.232774906e-10 -0.135763095)
(-4.296469836e-06 1.232778103e-10 -0.1357640804)
(2.405784468e-05 1.232780722e-10 -0.1357648892)
(4.512707538e-05 1.232782669e-10 -0.1357654901)
(5.810126185e-05 1.232783871e-10 -0.1357658602)
(6.248222998e-05 1.232784275e-10 -0.1357659851)
(5.810126179e-05 1.232783871e-10 -0.1357658602)
(4.512707526e-05 1.232782669e-10 -0.1357654901)
(2.40578445e-05 1.232780722e-10 -0.1357648892)
(-4.296470053e-06 1.232778103e-10 -0.1357640804)
(-3.88466113e-05 1.232774906e-10 -0.135763095)
(-7.826449496e-05 1.232771259e-10 -0.1357619706)
(-0.0001210350219 1.2327673e-10 -0.1357607507)
(-0.0001655150727 1.232763188e-10 -0.135759482)
(-0.0002099951234 1.232759077e-10 -0.1357582133)
(-0.0002527656504 1.232755118e-10 -0.1357569934)
(-0.000292183534 1.23275147e-10 -0.1357558691)
(-0.0003267336752 1.232748274e-10 -0.1357548836)
(-0.0003550879898 1.232745655e-10 -0.1357540749)
(-0.0003761572205 1.232743703e-10 -0.1357534739)
(-0.0003891314069 1.232742502e-10 -0.1357531038)
(-0.0003812153324 1.249536435e-10 -0.1382773832)
(-0.0003768493383 1.249536834e-10 -0.1382775073)
(-0.0003639194977 1.249538016e-10 -0.1382778749)
(-0.0003429222817 1.249539942e-10 -0.1382784717)
(-0.0003146648824 1.249542527e-10 -0.138279275)
(-0.0002802328337 1.249545675e-10 -0.1382802537)
(-0.0002409496806 1.24954927e-10 -0.1382813703)
(-0.0001983253436 1.249553169e-10 -0.1382825819)
(-0.000153997326 1.249557229e-10 -0.138283842)
(-0.0001096693083 1.249561288e-10 -0.138285102)
(-6.70449713e-05 1.249565187e-10 -0.1382863136)
(-2.776181826e-05 1.249568782e-10 -0.1382874302)
(6.67023034e-06 1.24957193e-10 -0.138288409)
(3.492762962e-05 1.249574515e-10 -0.1382892122)
(5.592484555e-05 1.249576436e-10 -0.138289809)
(6.885468617e-05 1.249577619e-10 -0.1382901766)
(7.322068013e-05 1.249578018e-10 -0.1382903007)
(6.885468611e-05 1.249577619e-10 -0.1382901766)
(5.592484543e-05 1.249576436e-10 -0.138289809)
(3.492762945e-05 1.249574515e-10 -0.1382892122)
(6.670230128e-06 1.24957193e-10 -0.138288409)
(-2.776181851e-05 1.249568782e-10 -0.1382874302)
(-6.704497158e-05 1.249565187e-10 -0.1382863136)
(-0.0001096693086 1.249561288e-10 -0.138285102)
(-0.0001539973263 1.249557229e-10 -0.138283842)
(-0.0001983253439 1.249553169e-10 -0.1382825819)
(-0.0002409496809 1.24954927e-10 -0.1382813703)
(-0.000280232834 1.249545675e-10 -0.1382802537)
(-0.0003146648826 1.249542527e-10 -0.138279275)
(-0.0003429222818 1.249539942e-10 -0.1382784717)
(-0.0003639194978 1.249538016e-10 -0.1382778749)
(-0.0003768493384 1.249536834e-10 -0.1382775073)
(-0.0003685596037 1.265917078e-10 -0.1407931231)
(-0.0003642066688 1.265917473e-10 -0.1407932465)
(-0.0003513155027 1.265918642e-10 -0.1407936118)
(-0.0003303810916 1.265920537e-10 -0.1407942051)
(-0.0003022082131 1.265923091e-10 -0.1407950035)
(-0.0002678791544 1.265926205e-10 -0.1407959764)
(-0.0002287135014 1.265929757e-10 -0.1407970864)
(-0.0001862166583 1.265933608e-10 -0.1407982907)
(-0.0001420212304 1.265937615e-10 -0.1407995432)
(-9.782580254e-05 1.265941622e-10 -0.1408007957)
(-5.532895942e-05 1.265945473e-10 -0.1408020001)
(-1.616330644e-05 1.265949025e-10 -0.14080311)
(1.816575226e-05 1.265952139e-10 -0.1408040829)
(4.633863067e-05 1.265954694e-10 -0.1408048814)
(6.727304171e-05 1.265956593e-10 -0.1408054746)
(8.016420781e-05 1.265957762e-10 -0.14080584)
(8.451714262e-05 1.265958156e-10 -0.1408059633)
(8.016420775e-05 1.265957762e-10 -0.14080584)
(6.72730416e-05 1.265956593e-10 -0.1408054746)
(4.633863051e-05 1.265954694e-10 -0.1408048814)
(1.816575206e-05 1.265952139e-10 -0.1408040829)
(-1.616330669e-05 1.265949025e-10 -0.14080311)
(-5.532895969e-05 1.265945473e-10 -0.1408020001)
(-9.782580283e-05 1.265941622e-10 -0.1408007957)
(-0.0001420212307 1.265937615e-10 -0.1407995432)
(-0.0001862166585 1.265933608e-10 -0.1407982907)
(-0.0002287135017 1.265929757e-10 -0.1407970864)
(-0.0002678791546 1.265926205e-10 -0.1407959764)
(-0.0003022082133 1.265923091e-10 -0.1407950035)
(-0.0003303810918 1.265920537e-10 -0.1407942051)
(-0.0003513155028 1.265918642e-10 -0.1407936118)
(-0.0003642066689 1.265917473e-10 -0.1407932465)
(-0.0003556067018 1.281901433e-10 -0.1433024522)
(-0.00035126487 1.281901823e-10 -0.1433025749)
(-0.0003384065853 1.281902978e-10 -0.1433029384)
(-0.0003175255717 1.281904856e-10 -0.1433035287)
(-0.0002894245538 1.281907384e-10 -0.143304323)
(-0.0002551830582 1.281910468e-10 -0.1433052909)
(-0.0002161173051 1.28191398e-10 -0.1433063952)
(-0.0001737288587 1.281917801e-10 -0.1433075935)
(-0.0001296461601 1.281921765e-10 -0.1433088396)
(-8.556346159e-05 1.281925729e-10 -0.1433100857)
(-4.31750152e-05 1.281929541e-10 -0.1433112839)
(-4.109262095e-06 1.281933054e-10 -0.1433123882)
(3.013223345e-05 1.281936137e-10 -0.1433133561)
(5.823325127e-05 1.281938665e-10 -0.1433141505)
(7.911426489e-05 1.281940543e-10 -0.1433147407)
(9.197254948e-05 1.2819417e-10 -0.1433151042)
(9.631438126e-05 1.281942091e-10 -0.1433152269)
(9.197254942e-05 1.2819417e-10 -0.1433151042)
(7.911426478e-05 1.281940543e-10 -0.1433147407)
(5.823325111e-05 1.281938665e-10 -0.1433141505)
(3.013223325e-05 1.281936137e-10 -0.1433133561)
(-4.109262331e-06 1.281933054e-10 -0.1433123882)
(-4.317501547e-05 1.281929541e-10 -0.1433112839)
(-8.556346187e-05 1.281925729e-10 -0.1433100857)
(-0.0001296461604 1.281921765e-10 -0.1433088396)
(-0.0001737288589 1.281917801e-10 -0.1433075935)
(-0.0002161173053 1.28191398e-10 -0.1433063952)
(-0.0002551830584 1.281910468e-10 -0.1433052909)
(-0.000289424554 1.281907384e-10 -0.143304323)
(-0.0003175255718 1.281904856e-10 -0.1433035287)
(-0.0003384065854 1.281902978e-10 -0.1433029384)
(-0.00035126487 1.281901823e-10 -0.1433025749)
(-0.0003424297112 1.29749538e-10 -0.1458053768)
(-0.0003380969886 1.297495769e-10 -0.145805499)
(-0.0003252656806 1.297496912e-10 -0.1458058609)
(-0.0003044284752 1.297498775e-10 -0.1458064487)
(-0.0002763864133 1.297501286e-10 -0.1458072397)
(-0.0002422167563 1.297504339e-10 -0.1458082036)
(-0.000203232963 1.297507826e-10 -0.1458093033)
(-0.0001609334475 1.297511603e-10 -0.1458104965)
(-0.0001169432344 1.297515541e-10 -0.1458117373)
(-7.295302131e-05 1.297519479e-10 -0.1458129782)
(-3.065350581e-05 1.297523256e-10 -0.1458141714)
(8.330287412e-06 1.297526743e-10 -0.1458152711)
(4.249994436e-05 1.297529796e-10 -0.145816235)
(7.054200629e-05 1.297532307e-10 -0.145817026)
(9.137921158e-05 1.29753417e-10 -0.1458176138)
(0.0001042105195 1.297535318e-10 -0.1458179757)
(0.0001085432421 1.297535705e-10 -0.1458180979)
(0.0001042105195 1.297535318e-10 -0.1458179757)
(9.137921147e-05 1.29753417e-10 -0.1458176138)
(7.054200614e-05 1.297532307e-10 -0.145817026)
(4.249994416e-05 1.297529796e-10 -0.145816235)
(8.330287181e-06 1.297526743e-10 -0.1458152711)
(-3.065350607e-05 1.297523256e-10 -0.1458141714)
(-7.295302158e-05 1.297519479e-10 -0.1458129782)
(-0.0001169432347 1.297515541e-10 -0.1458117373)
(-0.0001609334478 1.297511603e-10 -0.1458104965)
(-0.0002032329633 1.297507826e-10 -0.1458093033)
(-0.0002422167565 1.297504339e-10 -0.1458082036)
(-0.0002763864135 1.297501286e-10 -0.1458072397)
(-0.0003044284754 1.297498775e-10 -0.1458064487)
(-0.0003252656807 1.297496912e-10 -0.1458058609)
(-0.0003380969886 1.297495769e-10 -0.145805499)
(-0.0003290899725 1.312722251e-10 -0.1483041842)
(-0.0003247643451 1.312722636e-10 -0.148304306)
(-0.0003119540496 1.312723777e-10 -0.1483046668)
(-0.0002911509672 1.312725627e-10 -0.1483052526)
(-0.0002631548267 1.312728121e-10 -0.148306041)
(-0.0002290411258 1.312731156e-10 -0.1483070018)
(-0.0001901211722 1.312734622e-10 -0.1483080978)
(-0.0001478909261 1.312738373e-10 -0.1483092871)
(-0.0001039727511 1.312742285e-10 -0.1483105239)
(-6.005457617e-05 1.312746196e-10 -0.1483117607)
(-1.782433013e-05 1.312749956e-10 -0.14831295)
(2.109562344e-05 1.312753422e-10 -0.1483140461)
(5.520932434e-05 1.312756457e-10 -0.1483150068)
(8.320546474e-05 1.312758951e-10 -0.1483157952)
(0.0001040085471 1.312760805e-10 -0.1483163811)
(0.0001168188426 1.312761945e-10 -0.1483167418)
(0.00012114447 1.312762329e-10 -0.1483168637)
(0.0001168188425 1.312761945e-10 -0.1483167418)
(0.000104008547 1.312760805e-10 -0.1483163811)
(8.320546459e-05 1.312758951e-10 -0.1483157952)
(5.520932415e-05 1.312756457e-10 -0.1483150068)
(2.109562322e-05 1.312753422e-10 -0.1483140461)
(-1.782433038e-05 1.312749956e-10 -0.14831295)
(-6.005457644e-05 1.312746196e-10 -0.1483117607)
(-0.0001039727514 1.312742285e-10 -0.1483105239)
(-0.0001478909264 1.312738373e-10 -0.1483092871)
(-0.0001901211724 1.312734622e-10 -0.1483080978)
(-0.000229041126 1.312731156e-10 -0.1483070018)
(-0.0002631548269 1.312728121e-10 -0.148306041)
(-0.0002911509673 1.312725627e-10 -0.1483052526)
(-0.0003119540497 1.312723777e-10 -0.1483046668)
(-0.0003247643451 1.312722636e-10 -0.148304306)
(-0.0003156606393 1.327594919e-10 -0.1507989135)
(-0.0003113400739 1.327595301e-10 -0.150799035)
(-0.0002985447698 1.327596438e-10 -0.150799395)
(-0.0002777660324 1.327598283e-10 -0.1507999794)
(-0.0002498026547 1.327600764e-10 -0.150800766)
(-0.0002157288757 1.327603786e-10 -0.1508017245)
(-0.0001768544686 1.327607239e-10 -0.150802818)
(-0.000134673643 1.327610981e-10 -0.1508040045)
(-9.08068637e-05 1.327614876e-10 -0.1508052384)
(-4.694008444e-05 1.32761877e-10 -0.1508064723)
(-4.759258795e-06 1.327622513e-10 -0.1508076588)
(3.411514829e-05 1.327625965e-10 -0.1508087523)
(6.818892727e-05 1.327628988e-10 -0.1508097108)
(9.61523049e-05 1.327631468e-10 -0.1508104974)
(0.0001169310423 1.327633314e-10 -0.1508110818)
(0.0001297263463 1.32763445e-10 -0.1508114418)
(0.0001340469116 1.327634833e-10 -0.1508115633)
(0.0001297263463 1.32763445e-10 -0.1508114418)
(0.0001169310422 1.327633314e-10 -0.1508110818)
(9.615230475e-05 1.327631468e-10 -0.1508104974)
(6.818892708e-05 1.327628988e-10 -0.1508097108)
(3.411514807e-05 1.327625965e-10 -0.1508087523)
(-4.759259039e-06 1.327622513e-10 -0.1508076588)
(-4.69400847e-05 1.32761877e-10 -0.1508064723)
(-9.080686396e-05 1.327614876e-10 -0.1508052384)
(-0.0001346736432 1.327610981e-10 -0.1508040045)
(-0.0001768544689 1.327607239e-10 -0.150802818)
(-0.000215728876 1.327603786e-10 -0.1508017245)
(-0.0002498026549 1.327600764e-10 -0.150800766)
(-0.0002777660326 1.327598283e-10 -0.1507999794)
(-0.0002985447699 1.327596438e-10 -0.150799395)
(-0.000311340074 1.327595301e-10 -0.150799035)
(-0.0003022018062 1.342143935e-10 -0.1532918641)
(-0.0002978842743 1.342144318e-10 -0.1532919854)
(-0.0002850979537 1.342145451e-10 -0.1532923448)
(-0.0002643338049 1.342147292e-10 -0.1532929285)
(-0.00023639006 1.342149768e-10 -0.153293714)
(-0.000202340204 1.342152786e-10 -0.1532946711)
(-0.0001634930903 1.34215623e-10 -0.1532957631)
(-0.0001213418794 1.342159968e-10 -0.1532969479)
(-7.750589867e-05 1.342163854e-10 -0.1532981801)
(-3.366991792e-05 1.34216774e-10 -0.1532994123)
(8.481292908e-06 1.342171469e-10 -0.1533005971)
(4.732840659e-05 1.342174913e-10 -0.1533016891)
(8.137826264e-05 1.342177931e-10 -0.1533026462)
(0.0001093220074 1.342180408e-10 -0.1533034317)
(0.0001300861562 1.342182249e-10 -0.1533040153)
(0.0001428724768 1.342183382e-10 -0.1533043747)
(0.0001471900086 1.342183764e-10 -0.1533044961)
(0.0001428724767 1.342183382e-10 -0.1533043747)
(0.0001300861561 1.342182249e-10 -0.1533040153)
(0.0001093220073 1.342180408e-10 -0.1533034317)
(8.137826246e-05 1.342177931e-10 -0.1533026462)
(4.732840637e-05 1.342174913e-10 -0.1533016891)
(8.481292669e-06 1.342171469e-10 -0.1533005971)
(-3.366991817e-05 1.34216774e-10 -0.1532994123)
(-7.750589893e-05 1.342163854e-10 -0.1532981801)
(-0.0001213418797 1.342159968e-10 -0.1532969479)
(-0.0001634930905 1.34215623e-10 -0.1532957631)
(-0.0002023402042 1.342152786e-10 -0.1532946711)
(-0.0002363900602 1.342149768e-10 -0.153293714)
(-0.000264333805 1.342147292e-10 -0.1532929285)
(-0.0002850979538 1.342145451e-10 -0.1532923448)
(-0.0002978842744 1.342144318e-10 -0.1532919854)
(-0.0002887818154 1.356391788e-10 -0.1557830653)
(-0.000284465342 1.35639217e-10 -0.1557831866)
(-0.0002716821562 1.356393301e-10 -0.1557835459)
(-0.0002509230982 1.356395139e-10 -0.1557841292)
(-0.0002229862044 1.356397616e-10 -0.1557849143)
(-0.0001889446964 1.35640063e-10 -0.155785871)
(-0.0001501071069 1.356404073e-10 -0.1557869624)
(-0.0001079662303 1.356407807e-10 -0.1557881466)
(-6.414099691e-05 1.356411693e-10 -0.1557893782)
(-2.031576351e-05 1.356415579e-10 -0.1557906098)
(2.182511304e-05 1.356419304e-10 -0.1557917941)
(6.06627025e-05 1.356422748e-10 -0.1557928855)
(9.470421049e-05 1.356425762e-10 -0.1557938421)
(0.0001226411042 1.356428238e-10 -0.1557946272)
(0.0001434001622 1.356430077e-10 -0.1557952106)
(0.000156183348 1.35643121e-10 -0.1557955699)
(0.0001604998213 1.356431593e-10 -0.1557956912)
(0.0001561833479 1.35643121e-10 -0.1557955699)
(0.0001434001621 1.356430077e-10 -0.1557952106)
(0.0001226411041 1.356428238e-10 -0.1557946272)
(9.470421031e-05 1.356425762e-10 -0.1557938421)
(6.066270229e-05 1.356422748e-10 -0.1557928855)
(2.18251128e-05 1.356419304e-10 -0.1557917941)
(-2.031576376e-05 1.356415579e-10 -0.1557906098)
(-6.414099716e-05 1.356411693e-10 -0.1557893782)
(-0.0001079662306 1.356407807e-10 -0.1557881466)
(-0.0001501071071 1.356404073e-10 -0.1557869624)
(-0.0001889446966 1.35640063e-10 -0.155785871)
(-0.0002229862046 1.356397616e-10 -0.1557849143)
(-0.0002509230983 1.356395139e-10 -0.1557841292)
(-0.0002716821563 1.356393301e-10 -0.1557835459)
(-0.0002844653421 1.35639217e-10 -0.1557831866)
(-0.0002754445694 1.370381818e-10 -0.1582747233)
(-0.0002711273884 1.370382201e-10 -0.1582748446)
(-0.000258342107 1.370383332e-10 -0.158275204)
(-0.0002375796458 1.370385173e-10 -0.1582757875)
(-0.000209638172 1.370387649e-10 -0.1582765729)
(-0.0001755910833 1.370390663e-10 -0.1582775298)
(-0.0001367471269 1.370394102e-10 -0.1582786216)
(-9.459934179e-05 1.370397832e-10 -0.1582798063)
(-5.076692375e-05 1.370401717e-10 -0.1582810383)
(-6.934505716e-06 1.370405603e-10 -0.1582822702)
(3.521327933e-05 1.370409333e-10 -0.1582834549)
(7.405723576e-05 1.370412772e-10 -0.1582845467)
(0.0001081043245 1.370415786e-10 -0.1582855036)
(0.0001360457981 1.370418262e-10 -0.158286289)
(0.0001568082593 1.370420099e-10 -0.1582868725)
(0.0001695935407 1.370421234e-10 -0.1582872319)
(0.0001739107217 1.370421616e-10 -0.1582873532)
(0.0001695935407 1.370421234e-10 -0.1582872319)
(0.0001568082592 1.370420099e-10 -0.1582868725)
(0.000136045798 1.370418262e-10 -0.158286289)
(0.0001081043243 1.370415786e-10 -0.1582855036)
(7.405723556e-05 1.370412772e-10 -0.1582845467)
(3.52132791e-05 1.370409333e-10 -0.1582834549)
(-6.934505961e-06 1.370405603e-10 -0.1582822702)
(-5.0766924e-05 1.370401717e-10 -0.1582810383)
(-9.459934204e-05 1.370397832e-10 -0.1582798063)
(-0.0001367471271 1.370394102e-10 -0.1582786216)
(-0.0001755910835 1.370390663e-10 -0.1582775298)
(-0.0002096381722 1.370387649e-10 -0.1582765729)
(-0.0002375796459 1.370385173e-10 -0.1582757875)
(-0.0002583421071 1.370383332e-10 -0.158275204)
(-0.0002711273885 1.370382201e-10 -0.1582748446)
(-0.0002622095748 1.384159039e-10 -0.1607665486)
(-0.0002578905637 1.38415942e-10 -0.1607666701)
(-0.0002450998625 1.384160551e-10 -0.1607670297)
(-0.0002243285998 1.384162385e-10 -0.1607676138)
(-0.0001963752814 1.384164853e-10 -0.1607683998)
(-0.0001623137597 1.384167863e-10 -0.1607693576)
(-0.0001234533369 1.384171293e-10 -0.1607704503)
(-8.128768491e-05 1.384175014e-10 -0.1607716359)
(-3.743668582e-05 1.384178891e-10 -0.160772869)
(6.41431326e-06 1.384182768e-10 -0.160774102)
(4.857996522e-05 1.384186489e-10 -0.1607752876)
(8.744038803e-05 1.38418992e-10 -0.1607763803)
(0.0001215019097 1.38419293e-10 -0.1607773381)
(0.000149455228 1.384195397e-10 -0.1607781241)
(0.0001702264907 1.384197236e-10 -0.1607787082)
(0.0001830171919 1.384198365e-10 -0.1607790679)
(0.0001873362029 1.384198747e-10 -0.1607791893)
(0.0001830171918 1.384198365e-10 -0.1607790679)
(0.0001702264906 1.384197236e-10 -0.1607787082)
(0.0001494552279 1.384195397e-10 -0.1607781241)
(0.0001215019095 1.38419293e-10 -0.1607773381)
(8.744038782e-05 1.38418992e-10 -0.1607763803)
(4.857996499e-05 1.384186489e-10 -0.1607752876)
(6.414313018e-06 1.384182768e-10 -0.160774102)
(-3.743668607e-05 1.384178891e-10 -0.160772869)
(-8.128768515e-05 1.384175014e-10 -0.1607716359)
(-0.0001234533371 1.384171293e-10 -0.1607704503)
(-0.0001623137599 1.384167863e-10 -0.1607693576)
(-0.0001963752815 1.384164853e-10 -0.1607683998)
(-0.0002243285999 1.384162385e-10 -0.1607676138)
(-0.0002450998626 1.384160551e-10 -0.1607670297)
(-0.0002578905638 1.38415942e-10 -0.1607666701)
(-0.000248979241 1.397803913e-10 -0.1632597808)
(-0.0002446591546 1.397804296e-10 -0.1632599023)
(-0.0002318652688 1.397805433e-10 -0.1632602622)
(-0.0002110888347 1.397807274e-10 -0.1632608465)
(-0.0001831285567 1.397809754e-10 -0.1632616329)
(-0.0001490585547 1.397812777e-10 -0.1632625912)
(-0.0001101884568 1.397816229e-10 -0.1632636844)
(-6.801230679e-05 1.397819967e-10 -0.1632648707)
(-2.415039008e-05 1.397823862e-10 -0.1632661043)
(1.971152661e-05 1.397827756e-10 -0.163267338)
(6.188767659e-05 1.397831495e-10 -0.1632685242)
(0.0001007577745 1.397834947e-10 -0.1632696175)
(0.0001348277765 1.39783797e-10 -0.1632705757)
(0.0001627880544 1.39784045e-10 -0.1632713621)
(0.0001835644885 1.397842295e-10 -0.1632719465)
(0.0001963583742 1.39784343e-10 -0.1632723063)
(0.0002006784605 1.397843814e-10 -0.1632724278)
(0.0001963583742 1.39784343e-10 -0.1632723063)
(0.0001835644884 1.397842295e-10 -0.1632719465)
(0.0001627880543 1.39784045e-10 -0.1632713621)
(0.0001348277763 1.39783797e-10 -0.1632705757)
(0.0001007577743 1.397834947e-10 -0.1632696175)
(6.188767636e-05 1.397831495e-10 -0.1632685242)
(1.971152637e-05 1.397827756e-10 -0.163267338)
(-2.415039033e-05 1.397823862e-10 -0.1632661043)
(-6.801230703e-05 1.397819967e-10 -0.1632648707)
(-0.000110188457 1.397816229e-10 -0.1632636844)
(-0.0001490585549 1.397812777e-10 -0.1632625912)
(-0.0001831285569 1.397809754e-10 -0.1632616329)
(-0.0002110888348 1.397807274e-10 -0.1632608465)
(-0.0002318652689 1.397805433e-10 -0.1632602622)
(-0.0002446591546 1.397804296e-10 -0.1632599023)
)
;

boundaryField
{
    left
    {
        type            calculated;
    }
    right
    {
        type            calculated;
    }
    beam
    {
        type            empty;
    }
}


// ************************************************************************* //
