/*--------------------------------*- C++ -*----------------------------------*\
| =========                 |                                                 |
| \\      /  F ield         | OpenFOAM: The Open Source CFD Toolbox           |
|  \\    /   O peration     | Version:  2312                                  |
|   \\  /    A nd           | Website:  www.openfoam.com                      |
|    \\/     M anipulation  |                                                 |
\*---------------------------------------------------------------------------*/
FoamFile
{
    version     2.0;
    format      ascii;
    arch        "LSB;label=32;scalar=64";
    class       pointVectorField;
    location    "2";
    object      pointW;
}
// * * * * * * * * * * * * * * * * * * * * * * * * * * * * * * * * * * * * * //

dimensions      [0 1 0 0 0 0 0];

internalField   nonuniform List<vector> 
1952
(
(2.37785 2.375 0.85)
(2.37785 2.375 0.85)
(2.37785 2.375 0.85)
(2.37785 2.375 0.85)
(2.37785 2.375 0.85)
(2.37785 2.375 0.85)
(2.37785 2.375 0.85)
(2.37785 2.375 0.85)
(2.37785 2.375 0.85)
(2.37785 2.375 0.85)
(2.37785 2.375 0.85)
(2.37785 2.375 0.85)
(2.37785 2.375 0.85)
(2.37785 2.375 0.85)
(2.37785 2.375 0.85)
(2.37785 2.375 0.85)
(2.37785 2.375 0.85)
(2.37785 2.375 0.85)
(2.37785 2.375 0.85)
(2.37785 2.375 0.85)
(2.37785 2.375 0.85)
(2.37785 2.375 0.85)
(2.37785 2.375 0.85)
(2.37785 2.375 0.85)
(2.37785 2.375 0.85)
(2.37785 2.375 0.85)
(2.37785 2.375 0.85)
(2.37785 2.375 0.85)
(2.37785 2.375 0.85)
(2.37785 2.375 0.85)
(2.37785 2.375 0.85)
(2.37785 2.375 0.85)
(2.38357 2.375 0.849998)
(2.38357 2.375 0.849998)
(2.38357 2.375 0.849998)
(2.38357 2.375 0.849998)
(2.38357 2.375 0.849998)
(2.38357 2.375 0.849998)
(2.38357 2.375 0.849998)
(2.38357 2.375 0.849998)
(2.38357 2.375 0.849998)
(2.38358 2.375 0.849998)
(2.38358 2.375 0.849998)
(2.38358 2.375 0.849998)
(2.38358 2.375 0.849998)
(2.38358 2.375 0.849998)
(2.38358 2.375 0.849998)
(2.38358 2.375 0.849998)
(2.38358 2.375 0.849998)
(2.38358 2.375 0.849998)
(2.38358 2.375 0.849998)
(2.38358 2.375 0.849998)
(2.38358 2.375 0.849998)
(2.38358 2.375 0.849998)
(2.38358 2.375 0.849998)
(2.38358 2.375 0.849998)
(2.38357 2.375 0.849998)
(2.38357 2.375 0.849998)
(2.38357 2.375 0.849998)
(2.38357 2.375 0.849998)
(2.38357 2.375 0.849998)
(2.38357 2.375 0.849998)
(2.38357 2.375 0.849998)
(2.38357 2.375 0.849998)
(2.3893 2.375 0.849996)
(2.3893 2.375 0.849996)
(2.3893 2.375 0.849996)
(2.3893 2.375 0.849996)
(2.3893 2.375 0.849996)
(2.3893 2.375 0.849996)
(2.3893 2.375 0.849996)
(2.3893 2.375 0.849996)
(2.3893 2.375 0.849996)
(2.3893 2.375 0.849996)
(2.3893 2.375 0.849996)
(2.3893 2.375 0.849996)
(2.3893 2.375 0.849996)
(2.3893 2.375 0.849996)
(2.3893 2.375 0.849996)
(2.3893 2.375 0.849996)
(2.3893 2.375 0.849996)
(2.3893 2.375 0.849996)
(2.3893 2.375 0.849996)
(2.3893 2.375 0.849996)
(2.3893 2.375 0.849996)
(2.3893 2.375 0.849996)
(2.3893 2.375 0.849996)
(2.3893 2.375 0.849996)
(2.3893 2.375 0.849996)
(2.3893 2.375 0.849996)
(2.3893 2.375 0.849996)
(2.3893 2.375 0.849996)
(2.3893 2.375 0.849996)
(2.3893 2.375 0.849996)
(2.3893 2.375 0.849996)
(2.3893 2.375 0.849996)
(2.39502 2.375 0.849994)
(2.39502 2.375 0.849994)
(2.39502 2.375 0.849994)
(2.39502 2.375 0.849994)
(2.39502 2.375 0.849994)
(2.39502 2.375 0.849994)
(2.39502 2.375 0.849994)
(2.39502 2.375 0.849994)
(2.39502 2.375 0.849994)
(2.39503 2.375 0.849994)
(2.39503 2.375 0.849994)
(2.39503 2.375 0.849994)
(2.39503 2.375 0.849994)
(2.39503 2.375 0.849994)
(2.39503 2.375 0.849994)
(2.39503 2.375 0.849994)
(2.39503 2.375 0.849994)
(2.39503 2.375 0.849994)
(2.39503 2.375 0.849994)
(2.39503 2.375 0.849994)
(2.39503 2.375 0.849994)
(2.39503 2.375 0.849994)
(2.39503 2.375 0.849994)
(2.39503 2.375 0.849994)
(2.39502 2.375 0.849994)
(2.39502 2.375 0.849994)
(2.39502 2.375 0.849994)
(2.39502 2.375 0.849994)
(2.39502 2.375 0.849994)
(2.39502 2.375 0.849994)
(2.39502 2.375 0.849994)
(2.39502 2.375 0.849994)
(2.40075 2.375 0.849992)
(2.40075 2.375 0.849992)
(2.40075 2.375 0.849992)
(2.40075 2.375 0.849992)
(2.40075 2.375 0.849992)
(2.40075 2.375 0.849992)
(2.40075 2.375 0.849992)
(2.40075 2.375 0.849992)
(2.40075 2.375 0.849992)
(2.40075 2.375 0.849992)
(2.40075 2.375 0.849992)
(2.40075 2.375 0.849992)
(2.40075 2.375 0.849992)
(2.40075 2.375 0.849992)
(2.40075 2.375 0.849992)
(2.40075 2.375 0.849992)
(2.40075 2.375 0.849992)
(2.40075 2.375 0.849992)
(2.40075 2.375 0.849992)
(2.40075 2.375 0.849992)
(2.40075 2.375 0.849992)
(2.40075 2.375 0.849992)
(2.40075 2.375 0.849992)
(2.40075 2.375 0.849992)
(2.40075 2.375 0.849992)
(2.40075 2.375 0.849992)
(2.40075 2.375 0.849992)
(2.40075 2.375 0.849992)
(2.40075 2.375 0.849992)
(2.40075 2.375 0.849992)
(2.40075 2.375 0.849992)
(2.40075 2.375 0.849992)
(2.40647 2.375 0.84999)
(2.40647 2.375 0.84999)
(2.40647 2.375 0.84999)
(2.40647 2.375 0.84999)
(2.40647 2.375 0.84999)
(2.40647 2.375 0.84999)
(2.40647 2.375 0.84999)
(2.40647 2.375 0.84999)
(2.40647 2.375 0.84999)
(2.40648 2.375 0.84999)
(2.40648 2.375 0.84999)
(2.40648 2.375 0.84999)
(2.40648 2.375 0.84999)
(2.40648 2.375 0.84999)
(2.40648 2.375 0.84999)
(2.40648 2.375 0.84999)
(2.40648 2.375 0.84999)
(2.40648 2.375 0.84999)
(2.40648 2.375 0.84999)
(2.40648 2.375 0.84999)
(2.40648 2.375 0.84999)
(2.40648 2.375 0.84999)
(2.40648 2.375 0.84999)
(2.40648 2.375 0.84999)
(2.40647 2.375 0.84999)
(2.40647 2.375 0.84999)
(2.40647 2.375 0.84999)
(2.40647 2.375 0.84999)
(2.40647 2.375 0.84999)
(2.40647 2.375 0.84999)
(2.40647 2.375 0.84999)
(2.40647 2.375 0.84999)
(2.4122 2.375 0.849988)
(2.4122 2.375 0.849988)
(2.4122 2.375 0.849988)
(2.4122 2.375 0.849988)
(2.4122 2.375 0.849988)
(2.4122 2.375 0.849988)
(2.4122 2.375 0.849988)
(2.4122 2.375 0.849988)
(2.4122 2.375 0.849988)
(2.4122 2.375 0.849988)
(2.4122 2.375 0.849988)
(2.4122 2.375 0.849988)
(2.4122 2.375 0.849988)
(2.4122 2.375 0.849988)
(2.4122 2.375 0.849988)
(2.4122 2.375 0.849988)
(2.4122 2.375 0.849988)
(2.4122 2.375 0.849988)
(2.4122 2.375 0.849988)
(2.4122 2.375 0.849988)
(2.4122 2.375 0.849988)
(2.4122 2.375 0.849988)
(2.4122 2.375 0.849988)
(2.4122 2.375 0.849988)
(2.4122 2.375 0.849988)
(2.4122 2.375 0.849988)
(2.4122 2.375 0.849988)
(2.4122 2.375 0.849988)
(2.4122 2.375 0.849988)
(2.4122 2.375 0.849988)
(2.4122 2.375 0.849988)
(2.4122 2.375 0.849988)
(2.41792 2.375 0.849987)
(2.41792 2.375 0.849987)
(2.41792 2.375 0.849987)
(2.41792 2.375 0.849987)
(2.41792 2.375 0.849987)
(2.41792 2.375 0.849987)
(2.41792 2.375 0.849987)
(2.41792 2.375 0.849987)
(2.41792 2.375 0.849987)
(2.41793 2.375 0.849987)
(2.41793 2.375 0.849987)
(2.41793 2.375 0.849987)
(2.41793 2.375 0.849987)
(2.41793 2.375 0.849987)
(2.41793 2.375 0.849987)
(2.41793 2.375 0.849987)
(2.41793 2.375 0.849987)
(2.41793 2.375 0.849987)
(2.41793 2.375 0.849987)
(2.41793 2.375 0.849987)
(2.41793 2.375 0.849987)
(2.41793 2.375 0.849987)
(2.41793 2.375 0.849987)
(2.41793 2.375 0.849987)
(2.41792 2.375 0.849987)
(2.41792 2.375 0.849987)
(2.41792 2.375 0.849987)
(2.41792 2.375 0.849987)
(2.41792 2.375 0.849987)
(2.41792 2.375 0.849987)
(2.41792 2.375 0.849987)
(2.41792 2.375 0.849987)
(2.42365 2.375 0.849985)
(2.42365 2.375 0.849985)
(2.42365 2.375 0.849985)
(2.42365 2.375 0.849985)
(2.42365 2.375 0.849985)
(2.42365 2.375 0.849985)
(2.42365 2.375 0.849985)
(2.42365 2.375 0.849985)
(2.42365 2.375 0.849985)
(2.42365 2.375 0.849985)
(2.42365 2.375 0.849985)
(2.42365 2.375 0.849985)
(2.42365 2.375 0.849985)
(2.42365 2.375 0.849985)
(2.42365 2.375 0.849985)
(2.42365 2.375 0.849985)
(2.42365 2.375 0.849985)
(2.42365 2.375 0.849985)
(2.42365 2.375 0.849985)
(2.42365 2.375 0.849985)
(2.42365 2.375 0.849985)
(2.42365 2.375 0.849985)
(2.42365 2.375 0.849985)
(2.42365 2.375 0.849985)
(2.42365 2.375 0.849985)
(2.42365 2.375 0.849985)
(2.42365 2.375 0.849985)
(2.42365 2.375 0.849985)
(2.42365 2.375 0.849985)
(2.42365 2.375 0.849985)
(2.42365 2.375 0.849985)
(2.42365 2.375 0.849985)
(2.42937 2.375 0.849984)
(2.42937 2.375 0.849984)
(2.42937 2.375 0.849984)
(2.42937 2.375 0.849984)
(2.42937 2.375 0.849984)
(2.42937 2.375 0.849984)
(2.42937 2.375 0.849984)
(2.42937 2.375 0.849984)
(2.42937 2.375 0.849984)
(2.42938 2.375 0.849984)
(2.42938 2.375 0.849984)
(2.42938 2.375 0.849984)
(2.42938 2.375 0.849984)
(2.42938 2.375 0.849984)
(2.42938 2.375 0.849984)
(2.42938 2.375 0.849984)
(2.42938 2.375 0.849984)
(2.42938 2.375 0.849984)
(2.42938 2.375 0.849984)
(2.42938 2.375 0.849984)
(2.42938 2.375 0.849984)
(2.42938 2.375 0.849984)
(2.42938 2.375 0.849984)
(2.42938 2.375 0.849984)
(2.42937 2.375 0.849984)
(2.42937 2.375 0.849984)
(2.42937 2.375 0.849984)
(2.42937 2.375 0.849984)
(2.42937 2.375 0.849984)
(2.42937 2.375 0.849984)
(2.42937 2.375 0.849984)
(2.42937 2.375 0.849984)
(2.4351 2.375 0.849982)
(2.4351 2.375 0.849982)
(2.4351 2.375 0.849982)
(2.4351 2.375 0.849982)
(2.4351 2.375 0.849982)
(2.4351 2.375 0.849982)
(2.4351 2.375 0.849982)
(2.4351 2.375 0.849982)
(2.4351 2.375 0.849982)
(2.4351 2.375 0.849982)
(2.4351 2.375 0.849982)
(2.4351 2.375 0.849982)
(2.4351 2.375 0.849982)
(2.4351 2.375 0.849982)
(2.4351 2.375 0.849982)
(2.4351 2.375 0.849982)
(2.4351 2.375 0.849982)
(2.4351 2.375 0.849982)
(2.4351 2.375 0.849982)
(2.4351 2.375 0.849982)
(2.4351 2.375 0.849982)
(2.4351 2.375 0.849982)
(2.4351 2.375 0.849982)
(2.4351 2.375 0.849982)
(2.4351 2.375 0.849982)
(2.4351 2.375 0.849982)
(2.4351 2.375 0.849982)
(2.4351 2.375 0.849982)
(2.4351 2.375 0.849982)
(2.4351 2.375 0.849982)
(2.4351 2.375 0.849982)
(2.4351 2.375 0.849982)
(2.44082 2.375 0.849981)
(2.44082 2.375 0.849981)
(2.44082 2.375 0.849981)
(2.44082 2.375 0.849981)
(2.44082 2.375 0.849981)
(2.44082 2.375 0.849981)
(2.44082 2.375 0.849981)
(2.44082 2.375 0.849981)
(2.44082 2.375 0.849981)
(2.44083 2.375 0.849981)
(2.44083 2.375 0.849981)
(2.44083 2.375 0.849981)
(2.44083 2.375 0.849981)
(2.44083 2.375 0.849981)
(2.44083 2.375 0.849981)
(2.44083 2.375 0.849981)
(2.44083 2.375 0.849981)
(2.44083 2.375 0.849981)
(2.44083 2.375 0.849981)
(2.44083 2.375 0.849981)
(2.44083 2.375 0.849981)
(2.44083 2.375 0.849981)
(2.44083 2.375 0.849981)
(2.44083 2.375 0.849981)
(2.44082 2.375 0.849981)
(2.44082 2.375 0.849981)
(2.44082 2.375 0.849981)
(2.44082 2.375 0.849981)
(2.44082 2.375 0.849981)
(2.44082 2.375 0.849981)
(2.44082 2.375 0.849981)
(2.44082 2.375 0.849981)
(2.44655 2.375 0.849979)
(2.44655 2.375 0.849979)
(2.44655 2.375 0.849979)
(2.44655 2.375 0.849979)
(2.44655 2.375 0.849979)
(2.44655 2.375 0.849979)
(2.44655 2.375 0.849979)
(2.44655 2.375 0.849979)
(2.44655 2.375 0.849979)
(2.44655 2.375 0.849979)
(2.44655 2.375 0.849979)
(2.44655 2.375 0.849979)
(2.44655 2.375 0.849979)
(2.44655 2.375 0.849979)
(2.44655 2.375 0.849979)
(2.44655 2.375 0.849979)
(2.44655 2.375 0.849979)
(2.44655 2.375 0.849979)
(2.44655 2.375 0.849979)
(2.44655 2.375 0.849979)
(2.44655 2.375 0.849979)
(2.44655 2.375 0.849979)
(2.44655 2.375 0.849979)
(2.44655 2.375 0.849979)
(2.44655 2.375 0.849979)
(2.44655 2.375 0.849979)
(2.44655 2.375 0.849979)
(2.44655 2.375 0.849979)
(2.44655 2.375 0.849979)
(2.44655 2.375 0.849979)
(2.44655 2.375 0.849979)
(2.44655 2.375 0.849979)
(2.45227 2.375 0.849978)
(2.45227 2.375 0.849978)
(2.45227 2.375 0.849978)
(2.45227 2.375 0.849978)
(2.45227 2.375 0.849978)
(2.45227 2.375 0.849978)
(2.45227 2.375 0.849978)
(2.45227 2.375 0.849978)
(2.45227 2.375 0.849978)
(2.45228 2.375 0.849978)
(2.45228 2.375 0.849978)
(2.45228 2.375 0.849978)
(2.45228 2.375 0.849978)
(2.45228 2.375 0.849978)
(2.45228 2.375 0.849978)
(2.45228 2.375 0.849978)
(2.45228 2.375 0.849978)
(2.45228 2.375 0.849978)
(2.45228 2.375 0.849978)
(2.45228 2.375 0.849978)
(2.45228 2.375 0.849978)
(2.45228 2.375 0.849978)
(2.45228 2.375 0.849978)
(2.45228 2.375 0.849978)
(2.45227 2.375 0.849978)
(2.45227 2.375 0.849978)
(2.45227 2.375 0.849978)
(2.45227 2.375 0.849978)
(2.45227 2.375 0.849978)
(2.45227 2.375 0.849978)
(2.45227 2.375 0.849978)
(2.45227 2.375 0.849978)
(2.458 2.375 0.849977)
(2.458 2.375 0.849977)
(2.458 2.375 0.849977)
(2.458 2.375 0.849977)
(2.458 2.375 0.849977)
(2.458 2.375 0.849977)
(2.458 2.375 0.849977)
(2.458 2.375 0.849977)
(2.458 2.375 0.849977)
(2.458 2.375 0.849977)
(2.458 2.375 0.849977)
(2.458 2.375 0.849977)
(2.458 2.375 0.849977)
(2.458 2.375 0.849977)
(2.458 2.375 0.849977)
(2.458 2.375 0.849977)
(2.458 2.375 0.849977)
(2.458 2.375 0.849977)
(2.458 2.375 0.849977)
(2.458 2.375 0.849977)
(2.458 2.375 0.849977)
(2.458 2.375 0.849977)
(2.458 2.375 0.849977)
(2.458 2.375 0.849977)
(2.458 2.375 0.849977)
(2.458 2.375 0.849977)
(2.458 2.375 0.849977)
(2.458 2.375 0.849977)
(2.458 2.375 0.849977)
(2.458 2.375 0.849977)
(2.458 2.375 0.849977)
(2.458 2.375 0.849977)
(2.46372 2.375 0.849976)
(2.46372 2.375 0.849976)
(2.46372 2.375 0.849976)
(2.46372 2.375 0.849976)
(2.46372 2.375 0.849976)
(2.46372 2.375 0.849976)
(2.46372 2.375 0.849976)
(2.46372 2.375 0.849976)
(2.46372 2.375 0.849976)
(2.46373 2.375 0.849976)
(2.46373 2.375 0.849976)
(2.46373 2.375 0.849976)
(2.46373 2.375 0.849976)
(2.46373 2.375 0.849976)
(2.46373 2.375 0.849976)
(2.46373 2.375 0.849976)
(2.46373 2.375 0.849976)
(2.46373 2.375 0.849976)
(2.46373 2.375 0.849976)
(2.46373 2.375 0.849976)
(2.46373 2.375 0.849976)
(2.46373 2.375 0.849976)
(2.46373 2.375 0.849976)
(2.46373 2.375 0.849976)
(2.46372 2.375 0.849976)
(2.46372 2.375 0.849976)
(2.46372 2.375 0.849976)
(2.46372 2.375 0.849976)
(2.46372 2.375 0.849976)
(2.46372 2.375 0.849976)
(2.46372 2.375 0.849976)
(2.46372 2.375 0.849976)
(2.46945 2.375 0.849975)
(2.46945 2.375 0.849975)
(2.46945 2.375 0.849975)
(2.46945 2.375 0.849975)
(2.46945 2.375 0.849975)
(2.46945 2.375 0.849975)
(2.46945 2.375 0.849975)
(2.46945 2.375 0.849975)
(2.46945 2.375 0.849975)
(2.46945 2.375 0.849975)
(2.46945 2.375 0.849975)
(2.46945 2.375 0.849975)
(2.46945 2.375 0.849975)
(2.46945 2.375 0.849975)
(2.46945 2.375 0.849975)
(2.46945 2.375 0.849975)
(2.46945 2.375 0.849975)
(2.46945 2.375 0.849975)
(2.46945 2.375 0.849975)
(2.46945 2.375 0.849975)
(2.46945 2.375 0.849975)
(2.46945 2.375 0.849975)
(2.46945 2.375 0.849975)
(2.46945 2.375 0.849975)
(2.46945 2.375 0.849975)
(2.46945 2.375 0.849975)
(2.46945 2.375 0.849975)
(2.46945 2.375 0.849975)
(2.46945 2.375 0.849975)
(2.46945 2.375 0.849975)
(2.46945 2.375 0.849975)
(2.46945 2.375 0.849975)
(2.47517 2.375 0.849974)
(2.47517 2.375 0.849974)
(2.47517 2.375 0.849974)
(2.47517 2.375 0.849974)
(2.47517 2.375 0.849974)
(2.47517 2.375 0.849974)
(2.47517 2.375 0.849974)
(2.47517 2.375 0.849974)
(2.47517 2.375 0.849974)
(2.47518 2.375 0.849974)
(2.47518 2.375 0.849974)
(2.47518 2.375 0.849974)
(2.47518 2.375 0.849974)
(2.47518 2.375 0.849974)
(2.47518 2.375 0.849974)
(2.47518 2.375 0.849974)
(2.47518 2.375 0.849974)
(2.47518 2.375 0.849974)
(2.47518 2.375 0.849974)
(2.47518 2.375 0.849974)
(2.47518 2.375 0.849974)
(2.47518 2.375 0.849974)
(2.47518 2.375 0.849974)
(2.47518 2.375 0.849974)
(2.47517 2.375 0.849974)
(2.47517 2.375 0.849974)
(2.47517 2.375 0.849974)
(2.47517 2.375 0.849974)
(2.47517 2.375 0.849974)
(2.47517 2.375 0.849974)
(2.47517 2.375 0.849974)
(2.47517 2.375 0.849974)
(2.4809 2.375 0.849973)
(2.4809 2.375 0.849973)
(2.4809 2.375 0.849973)
(2.4809 2.375 0.849973)
(2.4809 2.375 0.849973)
(2.4809 2.375 0.849973)
(2.4809 2.375 0.849973)
(2.4809 2.375 0.849973)
(2.4809 2.375 0.849973)
(2.4809 2.375 0.849973)
(2.4809 2.375 0.849973)
(2.4809 2.375 0.849973)
(2.4809 2.375 0.849973)
(2.4809 2.375 0.849973)
(2.4809 2.375 0.849973)
(2.4809 2.375 0.849973)
(2.4809 2.375 0.849973)
(2.4809 2.375 0.849973)
(2.4809 2.375 0.849973)
(2.4809 2.375 0.849973)
(2.4809 2.375 0.849973)
(2.4809 2.375 0.849973)
(2.4809 2.375 0.849973)
(2.4809 2.375 0.849973)
(2.4809 2.375 0.849973)
(2.4809 2.375 0.849973)
(2.4809 2.375 0.849973)
(2.4809 2.375 0.849973)
(2.4809 2.375 0.849973)
(2.4809 2.375 0.849973)
(2.4809 2.375 0.849973)
(2.4809 2.375 0.849973)
(2.48662 2.375 0.849972)
(2.48662 2.375 0.849972)
(2.48662 2.375 0.849972)
(2.48662 2.375 0.849972)
(2.48662 2.375 0.849972)
(2.48662 2.375 0.849972)
(2.48662 2.375 0.849972)
(2.48662 2.375 0.849972)
(2.48662 2.375 0.849972)
(2.48663 2.375 0.849972)
(2.48663 2.375 0.849972)
(2.48663 2.375 0.849972)
(2.48663 2.375 0.849972)
(2.48663 2.375 0.849972)
(2.48663 2.375 0.849972)
(2.48663 2.375 0.849972)
(2.48663 2.375 0.849972)
(2.48663 2.375 0.849972)
(2.48663 2.375 0.849972)
(2.48663 2.375 0.849972)
(2.48663 2.375 0.849972)
(2.48663 2.375 0.849972)
(2.48663 2.375 0.849972)
(2.48663 2.375 0.849972)
(2.48662 2.375 0.849972)
(2.48662 2.375 0.849972)
(2.48662 2.375 0.849972)
(2.48662 2.375 0.849972)
(2.48662 2.375 0.849972)
(2.48662 2.375 0.849972)
(2.48662 2.375 0.849972)
(2.48662 2.375 0.849972)
(2.49235 2.375 0.849971)
(2.49235 2.375 0.849971)
(2.49235 2.375 0.849971)
(2.49235 2.375 0.849971)
(2.49235 2.375 0.849971)
(2.49235 2.375 0.849971)
(2.49235 2.375 0.849971)
(2.49235 2.375 0.849971)
(2.49235 2.375 0.849971)
(2.49235 2.375 0.849971)
(2.49235 2.375 0.849971)
(2.49235 2.375 0.849971)
(2.49235 2.375 0.849971)
(2.49235 2.375 0.849971)
(2.49235 2.375 0.849971)
(2.49235 2.375 0.849971)
(2.49235 2.375 0.849971)
(2.49235 2.375 0.849971)
(2.49235 2.375 0.849971)
(2.49235 2.375 0.849971)
(2.49235 2.375 0.849971)
(2.49235 2.375 0.849971)
(2.49235 2.375 0.849971)
(2.49235 2.375 0.849971)
(2.49235 2.375 0.849971)
(2.49235 2.375 0.849971)
(2.49235 2.375 0.849971)
(2.49235 2.375 0.849971)
(2.49235 2.375 0.849971)
(2.49235 2.375 0.849971)
(2.49235 2.375 0.849971)
(2.49235 2.375 0.849971)
(2.49807 2.375 0.849971)
(2.49807 2.375 0.849971)
(2.49807 2.375 0.849971)
(2.49807 2.375 0.849971)
(2.49807 2.375 0.849971)
(2.49807 2.375 0.849971)
(2.49807 2.375 0.849971)
(2.49807 2.375 0.849971)
(2.49807 2.375 0.849971)
(2.49808 2.375 0.849971)
(2.49808 2.375 0.849971)
(2.49808 2.375 0.849971)
(2.49808 2.375 0.849971)
(2.49808 2.375 0.849971)
(2.49808 2.375 0.849971)
(2.49808 2.375 0.849971)
(2.49808 2.375 0.849971)
(2.49808 2.375 0.849971)
(2.49808 2.375 0.849971)
(2.49808 2.375 0.849971)
(2.49808 2.375 0.849971)
(2.49808 2.375 0.849971)
(2.49808 2.375 0.849971)
(2.49808 2.375 0.849971)
(2.49807 2.375 0.849971)
(2.49807 2.375 0.849971)
(2.49807 2.375 0.849971)
(2.49807 2.375 0.849971)
(2.49807 2.375 0.849971)
(2.49807 2.375 0.849971)
(2.49807 2.375 0.849971)
(2.49807 2.375 0.849971)
(2.5038 2.375 0.84997)
(2.5038 2.375 0.84997)
(2.5038 2.375 0.84997)
(2.5038 2.375 0.84997)
(2.5038 2.375 0.84997)
(2.5038 2.375 0.84997)
(2.5038 2.375 0.84997)
(2.5038 2.375 0.84997)
(2.5038 2.375 0.84997)
(2.5038 2.375 0.84997)
(2.5038 2.375 0.84997)
(2.5038 2.375 0.84997)
(2.5038 2.375 0.84997)
(2.5038 2.375 0.84997)
(2.5038 2.375 0.84997)
(2.5038 2.375 0.84997)
(2.5038 2.375 0.84997)
(2.5038 2.375 0.84997)
(2.5038 2.375 0.84997)
(2.5038 2.375 0.84997)
(2.5038 2.375 0.84997)
(2.5038 2.375 0.84997)
(2.5038 2.375 0.84997)
(2.5038 2.375 0.84997)
(2.5038 2.375 0.84997)
(2.5038 2.375 0.84997)
(2.5038 2.375 0.84997)
(2.5038 2.375 0.84997)
(2.5038 2.375 0.84997)
(2.5038 2.375 0.84997)
(2.5038 2.375 0.84997)
(2.5038 2.375 0.84997)
(2.50952 2.375 0.84997)
(2.50952 2.375 0.84997)
(2.50952 2.375 0.84997)
(2.50952 2.375 0.84997)
(2.50952 2.375 0.84997)
(2.50952 2.375 0.84997)
(2.50952 2.375 0.84997)
(2.50952 2.375 0.84997)
(2.50952 2.375 0.84997)
(2.50952 2.375 0.84997)
(2.50952 2.375 0.84997)
(2.50952 2.375 0.84997)
(2.50952 2.375 0.84997)
(2.50952 2.375 0.84997)
(2.50952 2.375 0.84997)
(2.50952 2.375 0.84997)
(2.50952 2.375 0.84997)
(2.50952 2.375 0.84997)
(2.50952 2.375 0.84997)
(2.50952 2.375 0.84997)
(2.50952 2.375 0.84997)
(2.50952 2.375 0.84997)
(2.50952 2.375 0.84997)
(2.50952 2.375 0.84997)
(2.50952 2.375 0.84997)
(2.50952 2.375 0.84997)
(2.50952 2.375 0.84997)
(2.50952 2.375 0.84997)
(2.50952 2.375 0.84997)
(2.50952 2.375 0.84997)
(2.50952 2.375 0.84997)
(2.50952 2.375 0.84997)
(2.51525 2.375 0.849969)
(2.51525 2.375 0.849969)
(2.51525 2.375 0.849969)
(2.51525 2.375 0.849969)
(2.51525 2.375 0.849969)
(2.51525 2.375 0.849969)
(2.51525 2.375 0.849969)
(2.51525 2.375 0.849969)
(2.51525 2.375 0.849969)
(2.51525 2.375 0.849969)
(2.51525 2.375 0.849969)
(2.51525 2.375 0.849969)
(2.51525 2.375 0.849969)
(2.51525 2.375 0.849969)
(2.51525 2.375 0.849969)
(2.51525 2.375 0.849969)
(2.51525 2.375 0.849969)
(2.51525 2.375 0.849969)
(2.51525 2.375 0.849969)
(2.51525 2.375 0.849969)
(2.51525 2.375 0.849969)
(2.51525 2.375 0.849969)
(2.51525 2.375 0.849969)
(2.51525 2.375 0.849969)
(2.51525 2.375 0.849969)
(2.51525 2.375 0.849969)
(2.51525 2.375 0.849969)
(2.51525 2.375 0.849969)
(2.51525 2.375 0.849969)
(2.51525 2.375 0.849969)
(2.51525 2.375 0.849969)
(2.51525 2.375 0.849969)
(2.52097 2.375 0.849969)
(2.52097 2.375 0.849969)
(2.52097 2.375 0.849969)
(2.52097 2.375 0.849969)
(2.52097 2.375 0.849969)
(2.52097 2.375 0.849969)
(2.52097 2.375 0.849969)
(2.52097 2.375 0.849969)
(2.52097 2.375 0.849969)
(2.52097 2.375 0.849969)
(2.52097 2.375 0.849969)
(2.52097 2.375 0.849969)
(2.52097 2.375 0.849969)
(2.52097 2.375 0.849969)
(2.52097 2.375 0.849969)
(2.52097 2.375 0.849969)
(2.52097 2.375 0.849969)
(2.52097 2.375 0.849969)
(2.52097 2.375 0.849969)
(2.52097 2.375 0.849969)
(2.52097 2.375 0.849969)
(2.52097 2.375 0.849969)
(2.52097 2.375 0.849969)
(2.52097 2.375 0.849969)
(2.52097 2.375 0.849969)
(2.52097 2.375 0.849969)
(2.52097 2.375 0.849969)
(2.52097 2.375 0.849969)
(2.52097 2.375 0.849969)
(2.52097 2.375 0.849969)
(2.52097 2.375 0.849969)
(2.52097 2.375 0.849969)
(2.5267 2.375 0.849968)
(2.5267 2.375 0.849968)
(2.5267 2.375 0.849968)
(2.5267 2.375 0.849968)
(2.5267 2.375 0.849968)
(2.5267 2.375 0.849968)
(2.5267 2.375 0.849968)
(2.5267 2.375 0.849968)
(2.5267 2.375 0.849968)
(2.5267 2.375 0.849968)
(2.5267 2.375 0.849968)
(2.5267 2.375 0.849968)
(2.5267 2.375 0.849968)
(2.5267 2.375 0.849968)
(2.5267 2.375 0.849968)
(2.5267 2.375 0.849968)
(2.5267 2.375 0.849968)
(2.5267 2.375 0.849968)
(2.5267 2.375 0.849968)
(2.5267 2.375 0.849968)
(2.5267 2.375 0.849968)
(2.5267 2.375 0.849968)
(2.5267 2.375 0.849968)
(2.5267 2.375 0.849968)
(2.5267 2.375 0.849968)
(2.5267 2.375 0.849968)
(2.5267 2.375 0.849968)
(2.5267 2.375 0.849968)
(2.5267 2.375 0.849968)
(2.5267 2.375 0.849968)
(2.5267 2.375 0.849968)
(2.5267 2.375 0.849968)
(2.53242 2.375 0.849968)
(2.53242 2.375 0.849968)
(2.53242 2.375 0.849968)
(2.53242 2.375 0.849968)
(2.53242 2.375 0.849968)
(2.53242 2.375 0.849968)
(2.53242 2.375 0.849968)
(2.53242 2.375 0.849968)
(2.53242 2.375 0.849968)
(2.53242 2.375 0.849968)
(2.53242 2.375 0.849968)
(2.53242 2.375 0.849968)
(2.53242 2.375 0.849968)
(2.53242 2.375 0.849968)
(2.53242 2.375 0.849968)
(2.53242 2.375 0.849968)
(2.53242 2.375 0.849968)
(2.53242 2.375 0.849968)
(2.53242 2.375 0.849968)
(2.53242 2.375 0.849968)
(2.53242 2.375 0.849968)
(2.53242 2.375 0.849968)
(2.53242 2.375 0.849968)
(2.53242 2.375 0.849968)
(2.53242 2.375 0.849968)
(2.53242 2.375 0.849968)
(2.53242 2.375 0.849968)
(2.53242 2.375 0.849968)
(2.53242 2.375 0.849968)
(2.53242 2.375 0.849968)
(2.53242 2.375 0.849968)
(2.53242 2.375 0.849968)
(2.53815 2.375 0.849968)
(2.53815 2.375 0.849968)
(2.53815 2.375 0.849968)
(2.53815 2.375 0.849968)
(2.53815 2.375 0.849968)
(2.53815 2.375 0.849968)
(2.53815 2.375 0.849968)
(2.53815 2.375 0.849968)
(2.53815 2.375 0.849968)
(2.53815 2.375 0.849968)
(2.53815 2.375 0.849968)
(2.53815 2.375 0.849968)
(2.53815 2.375 0.849968)
(2.53815 2.375 0.849968)
(2.53815 2.375 0.849968)
(2.53815 2.375 0.849968)
(2.53815 2.375 0.849968)
(2.53815 2.375 0.849968)
(2.53815 2.375 0.849968)
(2.53815 2.375 0.849968)
(2.53815 2.375 0.849968)
(2.53815 2.375 0.849968)
(2.53815 2.375 0.849968)
(2.53815 2.375 0.849968)
(2.53815 2.375 0.849968)
(2.53815 2.375 0.849968)
(2.53815 2.375 0.849968)
(2.53815 2.375 0.849968)
(2.53815 2.375 0.849968)
(2.53815 2.375 0.849968)
(2.53815 2.375 0.849968)
(2.53815 2.375 0.849968)
(2.54387 2.375 0.849968)
(2.54387 2.375 0.849968)
(2.54387 2.375 0.849968)
(2.54387 2.375 0.849968)
(2.54387 2.375 0.849968)
(2.54387 2.375 0.849968)
(2.54387 2.375 0.849968)
(2.54387 2.375 0.849968)
(2.54387 2.375 0.849968)
(2.54387 2.375 0.849968)
(2.54387 2.375 0.849968)
(2.54387 2.375 0.849968)
(2.54387 2.375 0.849968)
(2.54387 2.375 0.849968)
(2.54387 2.375 0.849968)
(2.54387 2.375 0.849968)
(2.54387 2.375 0.849968)
(2.54387 2.375 0.849968)
(2.54387 2.375 0.849968)
(2.54387 2.375 0.849968)
(2.54387 2.375 0.849968)
(2.54387 2.375 0.849968)
(2.54387 2.375 0.849968)
(2.54387 2.375 0.849968)
(2.54387 2.375 0.849968)
(2.54387 2.375 0.849968)
(2.54387 2.375 0.849968)
(2.54387 2.375 0.849968)
(2.54387 2.375 0.849968)
(2.54387 2.375 0.849968)
(2.54387 2.375 0.849968)
(2.54387 2.375 0.849968)
(2.5496 2.375 0.849968)
(2.5496 2.375 0.849968)
(2.5496 2.375 0.849968)
(2.5496 2.375 0.849968)
(2.5496 2.375 0.849968)
(2.5496 2.375 0.849968)
(2.5496 2.375 0.849968)
(2.5496 2.375 0.849968)
(2.5496 2.375 0.849968)
(2.5496 2.375 0.849968)
(2.5496 2.375 0.849968)
(2.5496 2.375 0.849968)
(2.5496 2.375 0.849968)
(2.5496 2.375 0.849968)
(2.5496 2.375 0.849968)
(2.5496 2.375 0.849968)
(2.5496 2.375 0.849968)
(2.5496 2.375 0.849968)
(2.5496 2.375 0.849968)
(2.5496 2.375 0.849968)
(2.5496 2.375 0.849968)
(2.5496 2.375 0.849968)
(2.5496 2.375 0.849968)
(2.5496 2.375 0.849968)
(2.5496 2.375 0.849968)
(2.5496 2.375 0.849968)
(2.5496 2.375 0.849968)
(2.5496 2.375 0.849968)
(2.5496 2.375 0.849968)
(2.5496 2.375 0.849968)
(2.5496 2.375 0.849968)
(2.5496 2.375 0.849968)
(2.55532 2.375 0.849968)
(2.55532 2.375 0.849968)
(2.55532 2.375 0.849968)
(2.55532 2.375 0.849968)
(2.55532 2.375 0.849968)
(2.55532 2.375 0.849968)
(2.55532 2.375 0.849968)
(2.55532 2.375 0.849968)
(2.55532 2.375 0.849968)
(2.55532 2.375 0.849968)
(2.55532 2.375 0.849968)
(2.55532 2.375 0.849968)
(2.55532 2.375 0.849968)
(2.55532 2.375 0.849968)
(2.55532 2.375 0.849968)
(2.55532 2.375 0.849968)
(2.55532 2.375 0.849968)
(2.55532 2.375 0.849968)
(2.55532 2.375 0.849968)
(2.55532 2.375 0.849968)
(2.55532 2.375 0.849968)
(2.55532 2.375 0.849968)
(2.55532 2.375 0.849968)
(2.55532 2.375 0.849968)
(2.55532 2.375 0.849968)
(2.55532 2.375 0.849968)
(2.55532 2.375 0.849968)
(2.55532 2.375 0.849968)
(2.55532 2.375 0.849968)
(2.55532 2.375 0.849968)
(2.55532 2.375 0.849968)
(2.55532 2.375 0.849968)
(2.56105 2.375 0.849968)
(2.56105 2.375 0.849968)
(2.56105 2.375 0.849968)
(2.56105 2.375 0.849968)
(2.56105 2.375 0.849968)
(2.56105 2.375 0.849968)
(2.56105 2.375 0.849968)
(2.56105 2.375 0.849968)
(2.56105 2.375 0.849968)
(2.56105 2.375 0.849968)
(2.56105 2.375 0.849968)
(2.56105 2.375 0.849968)
(2.56105 2.375 0.849968)
(2.56105 2.375 0.849968)
(2.56105 2.375 0.849968)
(2.56105 2.375 0.849968)
(2.56105 2.375 0.849968)
(2.56105 2.375 0.849968)
(2.56105 2.375 0.849968)
(2.56105 2.375 0.849968)
(2.56105 2.375 0.849968)
(2.56105 2.375 0.849968)
(2.56105 2.375 0.849968)
(2.56105 2.375 0.849968)
(2.56105 2.375 0.849968)
(2.56105 2.375 0.849968)
(2.56105 2.375 0.849968)
(2.56105 2.375 0.849968)
(2.56105 2.375 0.849968)
(2.56105 2.375 0.849968)
(2.56105 2.375 0.849968)
(2.56105 2.375 0.849968)
(2.56677 2.375 0.849968)
(2.56677 2.375 0.849968)
(2.56677 2.375 0.849968)
(2.56677 2.375 0.849968)
(2.56677 2.375 0.849968)
(2.56677 2.375 0.849968)
(2.56677 2.375 0.849968)
(2.56677 2.375 0.849968)
(2.56677 2.375 0.849968)
(2.56677 2.375 0.849968)
(2.56677 2.375 0.849968)
(2.56677 2.375 0.849968)
(2.56677 2.375 0.849968)
(2.56677 2.375 0.849968)
(2.56677 2.375 0.849968)
(2.56677 2.375 0.849968)
(2.56677 2.375 0.849968)
(2.56677 2.375 0.849968)
(2.56677 2.375 0.849968)
(2.56677 2.375 0.849968)
(2.56677 2.375 0.849968)
(2.56677 2.375 0.849968)
(2.56677 2.375 0.849968)
(2.56677 2.375 0.849968)
(2.56677 2.375 0.849968)
(2.56677 2.375 0.849968)
(2.56677 2.375 0.849968)
(2.56677 2.375 0.849968)
(2.56677 2.375 0.849968)
(2.56677 2.375 0.849968)
(2.56677 2.375 0.849968)
(2.56677 2.375 0.849968)
(2.5725 2.375 0.849968)
(2.5725 2.375 0.849968)
(2.5725 2.375 0.849968)
(2.5725 2.375 0.849968)
(2.5725 2.375 0.849968)
(2.5725 2.375 0.849968)
(2.5725 2.375 0.849968)
(2.5725 2.375 0.849968)
(2.5725 2.375 0.849968)
(2.5725 2.375 0.849968)
(2.5725 2.375 0.849968)
(2.5725 2.375 0.849968)
(2.5725 2.375 0.849968)
(2.5725 2.375 0.849968)
(2.5725 2.375 0.849968)
(2.5725 2.375 0.849968)
(2.5725 2.375 0.849968)
(2.5725 2.375 0.849968)
(2.5725 2.375 0.849968)
(2.5725 2.375 0.849968)
(2.5725 2.375 0.849968)
(2.5725 2.375 0.849968)
(2.5725 2.375 0.849968)
(2.5725 2.375 0.849968)
(2.5725 2.375 0.849968)
(2.5725 2.375 0.849968)
(2.5725 2.375 0.849968)
(2.5725 2.375 0.849968)
(2.5725 2.375 0.849968)
(2.5725 2.375 0.849968)
(2.5725 2.375 0.849968)
(2.5725 2.375 0.849968)
(2.57822 2.375 0.849969)
(2.57822 2.375 0.849969)
(2.57822 2.375 0.849969)
(2.57822 2.375 0.849969)
(2.57822 2.375 0.849969)
(2.57822 2.375 0.849969)
(2.57822 2.375 0.849969)
(2.57822 2.375 0.849969)
(2.57822 2.375 0.849969)
(2.57822 2.375 0.849969)
(2.57822 2.375 0.849969)
(2.57822 2.375 0.849969)
(2.57822 2.375 0.849969)
(2.57822 2.375 0.849969)
(2.57822 2.375 0.849969)
(2.57822 2.375 0.849969)
(2.57822 2.375 0.849969)
(2.57822 2.375 0.849969)
(2.57822 2.375 0.849969)
(2.57822 2.375 0.849969)
(2.57822 2.375 0.849969)
(2.57822 2.375 0.849969)
(2.57822 2.375 0.849969)
(2.57822 2.375 0.849969)
(2.57822 2.375 0.849969)
(2.57822 2.375 0.849969)
(2.57822 2.375 0.849969)
(2.57822 2.375 0.849969)
(2.57822 2.375 0.849969)
(2.57822 2.375 0.849969)
(2.57822 2.375 0.849969)
(2.57822 2.375 0.849969)
(2.58395 2.375 0.849969)
(2.58395 2.375 0.849969)
(2.58395 2.375 0.849969)
(2.58395 2.375 0.849969)
(2.58395 2.375 0.849969)
(2.58395 2.375 0.849969)
(2.58395 2.375 0.849969)
(2.58395 2.375 0.849969)
(2.58395 2.375 0.849969)
(2.58395 2.375 0.849969)
(2.58395 2.375 0.849969)
(2.58395 2.375 0.849969)
(2.58395 2.375 0.849969)
(2.58395 2.375 0.849969)
(2.58395 2.375 0.849969)
(2.58395 2.375 0.849969)
(2.58395 2.375 0.849969)
(2.58395 2.375 0.849969)
(2.58395 2.375 0.849969)
(2.58395 2.375 0.849969)
(2.58395 2.375 0.849969)
(2.58395 2.375 0.849969)
(2.58395 2.375 0.849969)
(2.58395 2.375 0.849969)
(2.58395 2.375 0.849969)
(2.58395 2.375 0.849969)
(2.58395 2.375 0.849969)
(2.58395 2.375 0.849969)
(2.58395 2.375 0.849969)
(2.58395 2.375 0.849969)
(2.58395 2.375 0.849969)
(2.58395 2.375 0.849969)
(2.58967 2.375 0.84997)
(2.58967 2.375 0.84997)
(2.58967 2.375 0.84997)
(2.58967 2.375 0.84997)
(2.58967 2.375 0.84997)
(2.58967 2.375 0.84997)
(2.58967 2.375 0.84997)
(2.58967 2.375 0.84997)
(2.58967 2.375 0.84997)
(2.58967 2.375 0.84997)
(2.58967 2.375 0.84997)
(2.58967 2.375 0.84997)
(2.58967 2.375 0.84997)
(2.58967 2.375 0.84997)
(2.58967 2.375 0.84997)
(2.58967 2.375 0.84997)
(2.58967 2.375 0.84997)
(2.58967 2.375 0.84997)
(2.58967 2.375 0.84997)
(2.58967 2.375 0.84997)
(2.58967 2.375 0.84997)
(2.58967 2.375 0.84997)
(2.58967 2.375 0.84997)
(2.58967 2.375 0.84997)
(2.58967 2.375 0.84997)
(2.58967 2.375 0.84997)
(2.58967 2.375 0.84997)
(2.58967 2.375 0.84997)
(2.58967 2.375 0.84997)
(2.58967 2.375 0.84997)
(2.58967 2.375 0.84997)
(2.58967 2.375 0.84997)
(2.5954 2.375 0.84997)
(2.5954 2.375 0.84997)
(2.5954 2.375 0.84997)
(2.5954 2.375 0.84997)
(2.5954 2.375 0.84997)
(2.5954 2.375 0.84997)
(2.5954 2.375 0.84997)
(2.5954 2.375 0.84997)
(2.5954 2.375 0.84997)
(2.5954 2.375 0.84997)
(2.5954 2.375 0.84997)
(2.5954 2.375 0.84997)
(2.5954 2.375 0.84997)
(2.5954 2.375 0.84997)
(2.5954 2.375 0.84997)
(2.5954 2.375 0.84997)
(2.5954 2.375 0.84997)
(2.5954 2.375 0.84997)
(2.5954 2.375 0.84997)
(2.5954 2.375 0.84997)
(2.5954 2.375 0.84997)
(2.5954 2.375 0.84997)
(2.5954 2.375 0.84997)
(2.5954 2.375 0.84997)
(2.5954 2.375 0.84997)
(2.5954 2.375 0.84997)
(2.5954 2.375 0.84997)
(2.5954 2.375 0.84997)
(2.5954 2.375 0.84997)
(2.5954 2.375 0.84997)
(2.5954 2.375 0.84997)
(2.5954 2.375 0.84997)
(2.60112 2.375 0.849971)
(2.60112 2.375 0.849971)
(2.60112 2.375 0.849971)
(2.60112 2.375 0.849971)
(2.60112 2.375 0.849971)
(2.60112 2.375 0.849971)
(2.60112 2.375 0.849971)
(2.60112 2.375 0.849971)
(2.60112 2.375 0.849971)
(2.60112 2.375 0.849971)
(2.60112 2.375 0.849971)
(2.60112 2.375 0.849971)
(2.60112 2.375 0.849971)
(2.60112 2.375 0.849971)
(2.60112 2.375 0.849971)
(2.60112 2.375 0.849971)
(2.60112 2.375 0.849971)
(2.60112 2.375 0.849971)
(2.60112 2.375 0.849971)
(2.60112 2.375 0.849971)
(2.60112 2.375 0.849971)
(2.60112 2.375 0.849971)
(2.60112 2.375 0.849971)
(2.60112 2.375 0.849971)
(2.60112 2.375 0.849971)
(2.60112 2.375 0.849971)
(2.60112 2.375 0.849971)
(2.60112 2.375 0.849971)
(2.60112 2.375 0.849971)
(2.60112 2.375 0.849971)
(2.60112 2.375 0.849971)
(2.60112 2.375 0.849971)
(2.60685 2.375 0.849971)
(2.60685 2.375 0.849971)
(2.60685 2.375 0.849971)
(2.60685 2.375 0.849971)
(2.60685 2.375 0.849971)
(2.60685 2.375 0.849971)
(2.60685 2.375 0.849971)
(2.60685 2.375 0.849971)
(2.60685 2.375 0.849971)
(2.60685 2.375 0.849971)
(2.60685 2.375 0.849971)
(2.60685 2.375 0.849971)
(2.60685 2.375 0.849971)
(2.60685 2.375 0.849971)
(2.60685 2.375 0.849971)
(2.60685 2.375 0.849971)
(2.60685 2.375 0.849971)
(2.60685 2.375 0.849971)
(2.60685 2.375 0.849971)
(2.60685 2.375 0.849971)
(2.60685 2.375 0.849971)
(2.60685 2.375 0.849971)
(2.60685 2.375 0.849971)
(2.60685 2.375 0.849971)
(2.60685 2.375 0.849971)
(2.60685 2.375 0.849971)
(2.60685 2.375 0.849971)
(2.60685 2.375 0.849971)
(2.60685 2.375 0.849971)
(2.60685 2.375 0.849971)
(2.60685 2.375 0.849971)
(2.60685 2.375 0.849971)
(2.61257 2.375 0.849972)
(2.61257 2.375 0.849972)
(2.61257 2.375 0.849972)
(2.61257 2.375 0.849972)
(2.61257 2.375 0.849972)
(2.61257 2.375 0.849972)
(2.61257 2.375 0.849972)
(2.61257 2.375 0.849972)
(2.61257 2.375 0.849972)
(2.61257 2.375 0.849972)
(2.61257 2.375 0.849972)
(2.61257 2.375 0.849972)
(2.61257 2.375 0.849972)
(2.61257 2.375 0.849972)
(2.61257 2.375 0.849972)
(2.61257 2.375 0.849972)
(2.61257 2.375 0.849972)
(2.61257 2.375 0.849972)
(2.61257 2.375 0.849972)
(2.61257 2.375 0.849972)
(2.61257 2.375 0.849972)
(2.61257 2.375 0.849972)
(2.61257 2.375 0.849972)
(2.61257 2.375 0.849972)
(2.61257 2.375 0.849972)
(2.61257 2.375 0.849972)
(2.61257 2.375 0.849972)
(2.61257 2.375 0.849972)
(2.61257 2.375 0.849972)
(2.61257 2.375 0.849972)
(2.61257 2.375 0.849972)
(2.61257 2.375 0.849972)
(2.6183 2.375 0.849973)
(2.6183 2.375 0.849973)
(2.6183 2.375 0.849973)
(2.6183 2.375 0.849973)
(2.6183 2.375 0.849973)
(2.6183 2.375 0.849973)
(2.6183 2.375 0.849973)
(2.6183 2.375 0.849973)
(2.6183 2.375 0.849973)
(2.6183 2.375 0.849973)
(2.6183 2.375 0.849973)
(2.6183 2.375 0.849973)
(2.6183 2.375 0.849973)
(2.6183 2.375 0.849973)
(2.6183 2.375 0.849973)
(2.6183 2.375 0.849973)
(2.6183 2.375 0.849973)
(2.6183 2.375 0.849973)
(2.6183 2.375 0.849973)
(2.6183 2.375 0.849973)
(2.6183 2.375 0.849973)
(2.6183 2.375 0.849973)
(2.6183 2.375 0.849973)
(2.6183 2.375 0.849973)
(2.6183 2.375 0.849973)
(2.6183 2.375 0.849973)
(2.6183 2.375 0.849973)
(2.6183 2.375 0.849973)
(2.6183 2.375 0.849973)
(2.6183 2.375 0.849973)
(2.6183 2.375 0.849973)
(2.6183 2.375 0.849973)
(2.62402 2.375 0.849974)
(2.62402 2.375 0.849974)
(2.62402 2.375 0.849974)
(2.62402 2.375 0.849974)
(2.62402 2.375 0.849974)
(2.62402 2.375 0.849974)
(2.62402 2.375 0.849974)
(2.62402 2.375 0.849974)
(2.62402 2.375 0.849974)
(2.62402 2.375 0.849974)
(2.62402 2.375 0.849974)
(2.62402 2.375 0.849974)
(2.62402 2.375 0.849974)
(2.62402 2.375 0.849974)
(2.62402 2.375 0.849974)
(2.62402 2.375 0.849974)
(2.62402 2.375 0.849974)
(2.62402 2.375 0.849974)
(2.62402 2.375 0.849974)
(2.62402 2.375 0.849974)
(2.62402 2.375 0.849974)
(2.62402 2.375 0.849974)
(2.62402 2.375 0.849974)
(2.62402 2.375 0.849974)
(2.62402 2.375 0.849974)
(2.62402 2.375 0.849974)
(2.62402 2.375 0.849974)
(2.62402 2.375 0.849974)
(2.62402 2.375 0.849974)
(2.62402 2.375 0.849974)
(2.62402 2.375 0.849974)
(2.62402 2.375 0.849974)
(2.62975 2.375 0.849975)
(2.62975 2.375 0.849975)
(2.62975 2.375 0.849975)
(2.62975 2.375 0.849975)
(2.62975 2.375 0.849975)
(2.62975 2.375 0.849975)
(2.62975 2.375 0.849975)
(2.62975 2.375 0.849975)
(2.62975 2.375 0.849975)
(2.62975 2.375 0.849975)
(2.62975 2.375 0.849975)
(2.62975 2.375 0.849975)
(2.62975 2.375 0.849975)
(2.62975 2.375 0.849975)
(2.62975 2.375 0.849975)
(2.62975 2.375 0.849975)
(2.62975 2.375 0.849975)
(2.62975 2.375 0.849975)
(2.62975 2.375 0.849975)
(2.62975 2.375 0.849975)
(2.62975 2.375 0.849975)
(2.62975 2.375 0.849975)
(2.62975 2.375 0.849975)
(2.62975 2.375 0.849975)
(2.62975 2.375 0.849975)
(2.62975 2.375 0.849975)
(2.62975 2.375 0.849975)
(2.62975 2.375 0.849975)
(2.62975 2.375 0.849975)
(2.62975 2.375 0.849975)
(2.62975 2.375 0.849975)
(2.62975 2.375 0.849975)
(2.63547 2.375 0.849976)
(2.63547 2.375 0.849976)
(2.63547 2.375 0.849976)
(2.63547 2.375 0.849976)
(2.63547 2.375 0.849976)
(2.63547 2.375 0.849976)
(2.63547 2.375 0.849976)
(2.63547 2.375 0.849976)
(2.63547 2.375 0.849976)
(2.63547 2.375 0.849976)
(2.63547 2.375 0.849976)
(2.63547 2.375 0.849976)
(2.63547 2.375 0.849976)
(2.63547 2.375 0.849976)
(2.63547 2.375 0.849976)
(2.63547 2.375 0.849976)
(2.63547 2.375 0.849976)
(2.63547 2.375 0.849976)
(2.63547 2.375 0.849976)
(2.63547 2.375 0.849976)
(2.63547 2.375 0.849976)
(2.63547 2.375 0.849976)
(2.63547 2.375 0.849976)
(2.63547 2.375 0.849976)
(2.63547 2.375 0.849976)
(2.63547 2.375 0.849976)
(2.63547 2.375 0.849976)
(2.63547 2.375 0.849976)
(2.63547 2.375 0.849976)
(2.63547 2.375 0.849976)
(2.63547 2.375 0.849976)
(2.63547 2.375 0.849976)
(2.6412 2.375 0.849977)
(2.6412 2.375 0.849977)
(2.6412 2.375 0.849977)
(2.6412 2.375 0.849977)
(2.6412 2.375 0.849977)
(2.6412 2.375 0.849977)
(2.6412 2.375 0.849977)
(2.6412 2.375 0.849977)
(2.6412 2.375 0.849977)
(2.6412 2.375 0.849977)
(2.6412 2.375 0.849977)
(2.6412 2.375 0.849977)
(2.6412 2.375 0.849977)
(2.6412 2.375 0.849977)
(2.6412 2.375 0.849977)
(2.6412 2.375 0.849977)
(2.6412 2.375 0.849977)
(2.6412 2.375 0.849977)
(2.6412 2.375 0.849977)
(2.6412 2.375 0.849977)
(2.6412 2.375 0.849977)
(2.6412 2.375 0.849977)
(2.6412 2.375 0.849977)
(2.6412 2.375 0.849977)
(2.6412 2.375 0.849977)
(2.6412 2.375 0.849977)
(2.6412 2.375 0.849977)
(2.6412 2.375 0.849977)
(2.6412 2.375 0.849977)
(2.6412 2.375 0.849977)
(2.6412 2.375 0.849977)
(2.6412 2.375 0.849977)
(2.64692 2.375 0.849978)
(2.64692 2.375 0.849978)
(2.64692 2.375 0.849978)
(2.64692 2.375 0.849978)
(2.64692 2.375 0.849978)
(2.64692 2.375 0.849978)
(2.64692 2.375 0.849978)
(2.64692 2.375 0.849978)
(2.64692 2.375 0.849978)
(2.64692 2.375 0.849978)
(2.64692 2.375 0.849978)
(2.64692 2.375 0.849978)
(2.64692 2.375 0.849978)
(2.64692 2.375 0.849978)
(2.64692 2.375 0.849978)
(2.64692 2.375 0.849978)
(2.64692 2.375 0.849978)
(2.64692 2.375 0.849978)
(2.64692 2.375 0.849978)
(2.64692 2.375 0.849978)
(2.64692 2.375 0.849978)
(2.64692 2.375 0.849978)
(2.64692 2.375 0.849978)
(2.64692 2.375 0.849978)
(2.64692 2.375 0.849978)
(2.64692 2.375 0.849978)
(2.64692 2.375 0.849978)
(2.64692 2.375 0.849978)
(2.64692 2.375 0.849978)
(2.64692 2.375 0.849978)
(2.64692 2.375 0.849978)
(2.64692 2.375 0.849978)
(2.65265 2.375 0.849979)
(2.65265 2.375 0.849979)
(2.65265 2.375 0.849979)
(2.65265 2.375 0.849979)
(2.65265 2.375 0.849979)
(2.65265 2.375 0.849979)
(2.65265 2.375 0.849979)
(2.65265 2.375 0.849979)
(2.65265 2.375 0.849979)
(2.65265 2.375 0.849979)
(2.65265 2.375 0.849979)
(2.65265 2.375 0.849979)
(2.65265 2.375 0.849979)
(2.65265 2.375 0.849979)
(2.65265 2.375 0.849979)
(2.65265 2.375 0.849979)
(2.65265 2.375 0.849979)
(2.65265 2.375 0.849979)
(2.65265 2.375 0.849979)
(2.65265 2.375 0.849979)
(2.65265 2.375 0.849979)
(2.65265 2.375 0.849979)
(2.65265 2.375 0.849979)
(2.65265 2.375 0.849979)
(2.65265 2.375 0.849979)
(2.65265 2.375 0.849979)
(2.65265 2.375 0.849979)
(2.65265 2.375 0.849979)
(2.65265 2.375 0.849979)
(2.65265 2.375 0.849979)
(2.65265 2.375 0.849979)
(2.65265 2.375 0.849979)
(2.65837 2.375 0.849981)
(2.65837 2.375 0.849981)
(2.65837 2.375 0.849981)
(2.65837 2.375 0.849981)
(2.65837 2.375 0.849981)
(2.65837 2.375 0.849981)
(2.65837 2.375 0.849981)
(2.65837 2.375 0.849981)
(2.65837 2.375 0.849981)
(2.65837 2.375 0.849981)
(2.65837 2.375 0.849981)
(2.65837 2.375 0.849981)
(2.65837 2.375 0.849981)
(2.65837 2.375 0.849981)
(2.65837 2.375 0.849981)
(2.65837 2.375 0.849981)
(2.65837 2.375 0.849981)
(2.65837 2.375 0.849981)
(2.65837 2.375 0.849981)
(2.65837 2.375 0.849981)
(2.65837 2.375 0.849981)
(2.65837 2.375 0.849981)
(2.65837 2.375 0.849981)
(2.65837 2.375 0.849981)
(2.65837 2.375 0.849981)
(2.65837 2.375 0.849981)
(2.65837 2.375 0.849981)
(2.65837 2.375 0.849981)
(2.65837 2.375 0.849981)
(2.65837 2.375 0.849981)
(2.65837 2.375 0.849981)
(2.65837 2.375 0.849981)
(2.6641 2.375 0.849982)
(2.6641 2.375 0.849982)
(2.6641 2.375 0.849982)
(2.6641 2.375 0.849982)
(2.6641 2.375 0.849982)
(2.6641 2.375 0.849982)
(2.6641 2.375 0.849982)
(2.6641 2.375 0.849982)
(2.6641 2.375 0.849982)
(2.6641 2.375 0.849982)
(2.6641 2.375 0.849982)
(2.6641 2.375 0.849982)
(2.6641 2.375 0.849982)
(2.6641 2.375 0.849982)
(2.6641 2.375 0.849982)
(2.6641 2.375 0.849982)
(2.6641 2.375 0.849982)
(2.6641 2.375 0.849982)
(2.6641 2.375 0.849982)
(2.6641 2.375 0.849982)
(2.6641 2.375 0.849982)
(2.6641 2.375 0.849982)
(2.6641 2.375 0.849982)
(2.6641 2.375 0.849982)
(2.6641 2.375 0.849982)
(2.6641 2.375 0.849982)
(2.6641 2.375 0.849982)
(2.6641 2.375 0.849982)
(2.6641 2.375 0.849982)
(2.6641 2.375 0.849982)
(2.6641 2.375 0.849982)
(2.6641 2.375 0.849982)
(2.66982 2.375 0.849984)
(2.66982 2.375 0.849984)
(2.66982 2.375 0.849984)
(2.66982 2.375 0.849984)
(2.66982 2.375 0.849984)
(2.66982 2.375 0.849984)
(2.66982 2.375 0.849984)
(2.66982 2.375 0.849984)
(2.66982 2.375 0.849984)
(2.66982 2.375 0.849984)
(2.66982 2.375 0.849984)
(2.66982 2.375 0.849984)
(2.66982 2.375 0.849984)
(2.66982 2.375 0.849984)
(2.66982 2.375 0.849984)
(2.66982 2.375 0.849984)
(2.66982 2.375 0.849984)
(2.66982 2.375 0.849984)
(2.66982 2.375 0.849984)
(2.66982 2.375 0.849984)
(2.66982 2.375 0.849984)
(2.66982 2.375 0.849984)
(2.66982 2.375 0.849984)
(2.66982 2.375 0.849984)
(2.66982 2.375 0.849984)
(2.66982 2.375 0.849984)
(2.66982 2.375 0.849984)
(2.66982 2.375 0.849984)
(2.66982 2.375 0.849984)
(2.66982 2.375 0.849984)
(2.66982 2.375 0.849984)
(2.66982 2.375 0.849984)
(2.67555 2.375 0.849985)
(2.67555 2.375 0.849985)
(2.67555 2.375 0.849985)
(2.67555 2.375 0.849985)
(2.67555 2.375 0.849985)
(2.67555 2.375 0.849985)
(2.67555 2.375 0.849985)
(2.67555 2.375 0.849985)
(2.67555 2.375 0.849985)
(2.67555 2.375 0.849985)
(2.67555 2.375 0.849985)
(2.67555 2.375 0.849985)
(2.67555 2.375 0.849985)
(2.67555 2.375 0.849985)
(2.67555 2.375 0.849985)
(2.67555 2.375 0.849985)
(2.67555 2.375 0.849985)
(2.67555 2.375 0.849985)
(2.67555 2.375 0.849985)
(2.67555 2.375 0.849985)
(2.67555 2.375 0.849985)
(2.67555 2.375 0.849985)
(2.67555 2.375 0.849985)
(2.67555 2.375 0.849985)
(2.67555 2.375 0.849985)
(2.67555 2.375 0.849985)
(2.67555 2.375 0.849985)
(2.67555 2.375 0.849985)
(2.67555 2.375 0.849985)
(2.67555 2.375 0.849985)
(2.67555 2.375 0.849985)
(2.67555 2.375 0.849985)
(2.68127 2.375 0.849987)
(2.68127 2.375 0.849987)
(2.68127 2.375 0.849987)
(2.68127 2.375 0.849987)
(2.68127 2.375 0.849987)
(2.68127 2.375 0.849987)
(2.68127 2.375 0.849987)
(2.68127 2.375 0.849987)
(2.68127 2.375 0.849987)
(2.68127 2.375 0.849987)
(2.68127 2.375 0.849987)
(2.68127 2.375 0.849987)
(2.68127 2.375 0.849987)
(2.68127 2.375 0.849987)
(2.68127 2.375 0.849987)
(2.68127 2.375 0.849987)
(2.68127 2.375 0.849987)
(2.68127 2.375 0.849987)
(2.68127 2.375 0.849987)
(2.68127 2.375 0.849987)
(2.68127 2.375 0.849987)
(2.68127 2.375 0.849987)
(2.68127 2.375 0.849987)
(2.68127 2.375 0.849987)
(2.68127 2.375 0.849987)
(2.68127 2.375 0.849987)
(2.68127 2.375 0.849987)
(2.68127 2.375 0.849987)
(2.68127 2.375 0.849987)
(2.68127 2.375 0.849987)
(2.68127 2.375 0.849987)
(2.68127 2.375 0.849987)
(2.687 2.375 0.849988)
(2.687 2.375 0.849988)
(2.687 2.375 0.849988)
(2.687 2.375 0.849988)
(2.687 2.375 0.849988)
(2.687 2.375 0.849988)
(2.687 2.375 0.849988)
(2.687 2.375 0.849988)
(2.687 2.375 0.849988)
(2.687 2.375 0.849988)
(2.687 2.375 0.849988)
(2.687 2.375 0.849988)
(2.687 2.375 0.849988)
(2.687 2.375 0.849988)
(2.687 2.375 0.849988)
(2.687 2.375 0.849988)
(2.687 2.375 0.849988)
(2.687 2.375 0.849988)
(2.687 2.375 0.849988)
(2.687 2.375 0.849988)
(2.687 2.375 0.849988)
(2.687 2.375 0.849988)
(2.687 2.375 0.849988)
(2.687 2.375 0.849988)
(2.687 2.375 0.849988)
(2.687 2.375 0.849988)
(2.687 2.375 0.849988)
(2.687 2.375 0.849988)
(2.687 2.375 0.849988)
(2.687 2.375 0.849988)
(2.687 2.375 0.849988)
(2.687 2.375 0.849988)
(2.69272 2.375 0.84999)
(2.69272 2.375 0.84999)
(2.69272 2.375 0.84999)
(2.69272 2.375 0.84999)
(2.69272 2.375 0.84999)
(2.69272 2.375 0.84999)
(2.69272 2.375 0.84999)
(2.69272 2.375 0.84999)
(2.69272 2.375 0.84999)
(2.69272 2.375 0.84999)
(2.69272 2.375 0.84999)
(2.69272 2.375 0.84999)
(2.69272 2.375 0.84999)
(2.69272 2.375 0.84999)
(2.69272 2.375 0.84999)
(2.69272 2.375 0.84999)
(2.69272 2.375 0.84999)
(2.69272 2.375 0.84999)
(2.69272 2.375 0.84999)
(2.69272 2.375 0.84999)
(2.69272 2.375 0.84999)
(2.69272 2.375 0.84999)
(2.69272 2.375 0.84999)
(2.69272 2.375 0.84999)
(2.69272 2.375 0.84999)
(2.69272 2.375 0.84999)
(2.69272 2.375 0.84999)
(2.69272 2.375 0.84999)
(2.69272 2.375 0.84999)
(2.69272 2.375 0.84999)
(2.69272 2.375 0.84999)
(2.69272 2.375 0.84999)
(2.69845 2.375 0.849992)
(2.69845 2.375 0.849992)
(2.69845 2.375 0.849992)
(2.69845 2.375 0.849992)
(2.69845 2.375 0.849992)
(2.69845 2.375 0.849992)
(2.69845 2.375 0.849992)
(2.69845 2.375 0.849992)
(2.69845 2.375 0.849992)
(2.69845 2.375 0.849992)
(2.69845 2.375 0.849992)
(2.69845 2.375 0.849992)
(2.69845 2.375 0.849992)
(2.69845 2.375 0.849992)
(2.69845 2.375 0.849992)
(2.69845 2.375 0.849992)
(2.69845 2.375 0.849992)
(2.69845 2.375 0.849992)
(2.69845 2.375 0.849992)
(2.69845 2.375 0.849992)
(2.69845 2.375 0.849992)
(2.69845 2.375 0.849992)
(2.69845 2.375 0.849992)
(2.69845 2.375 0.849992)
(2.69845 2.375 0.849992)
(2.69845 2.375 0.849992)
(2.69845 2.375 0.849992)
(2.69845 2.375 0.849992)
(2.69845 2.375 0.849992)
(2.69845 2.375 0.849992)
(2.69845 2.375 0.849992)
(2.69845 2.375 0.849992)
(2.70417 2.375 0.849994)
(2.70417 2.375 0.849994)
(2.70417 2.375 0.849994)
(2.70417 2.375 0.849994)
(2.70417 2.375 0.849994)
(2.70417 2.375 0.849994)
(2.70417 2.375 0.849994)
(2.70417 2.375 0.849994)
(2.70417 2.375 0.849994)
(2.70417 2.375 0.849994)
(2.70417 2.375 0.849994)
(2.70417 2.375 0.849994)
(2.70417 2.375 0.849994)
(2.70417 2.375 0.849994)
(2.70417 2.375 0.849994)
(2.70417 2.375 0.849994)
(2.70417 2.375 0.849994)
(2.70417 2.375 0.849994)
(2.70417 2.375 0.849994)
(2.70417 2.375 0.849994)
(2.70417 2.375 0.849994)
(2.70417 2.375 0.849994)
(2.70417 2.375 0.849994)
(2.70417 2.375 0.849994)
(2.70417 2.375 0.849994)
(2.70417 2.375 0.849994)
(2.70417 2.375 0.849994)
(2.70417 2.375 0.849994)
(2.70417 2.375 0.849994)
(2.70417 2.375 0.849994)
(2.70417 2.375 0.849994)
(2.70417 2.375 0.849994)
(2.7099 2.375 0.849996)
(2.7099 2.375 0.849996)
(2.7099 2.375 0.849996)
(2.7099 2.375 0.849996)
(2.7099 2.375 0.849996)
(2.7099 2.375 0.849996)
(2.7099 2.375 0.849996)
(2.7099 2.375 0.849996)
(2.7099 2.375 0.849996)
(2.7099 2.375 0.849996)
(2.7099 2.375 0.849996)
(2.7099 2.375 0.849996)
(2.7099 2.375 0.849996)
(2.7099 2.375 0.849996)
(2.7099 2.375 0.849996)
(2.7099 2.375 0.849996)
(2.7099 2.375 0.849996)
(2.7099 2.375 0.849996)
(2.7099 2.375 0.849996)
(2.7099 2.375 0.849996)
(2.7099 2.375 0.849996)
(2.7099 2.375 0.849996)
(2.7099 2.375 0.849996)
(2.7099 2.375 0.849996)
(2.7099 2.375 0.849996)
(2.7099 2.375 0.849996)
(2.7099 2.375 0.849996)
(2.7099 2.375 0.849996)
(2.7099 2.375 0.849996)
(2.7099 2.375 0.849996)
(2.7099 2.375 0.849996)
(2.7099 2.375 0.849996)
(2.71562 2.375 0.849998)
(2.71562 2.375 0.849998)
(2.71562 2.375 0.849998)
(2.71562 2.375 0.849998)
(2.71562 2.375 0.849998)
(2.71562 2.375 0.849998)
(2.71562 2.375 0.849998)
(2.71562 2.375 0.849998)
(2.71562 2.375 0.849998)
(2.71562 2.375 0.849998)
(2.71562 2.375 0.849998)
(2.71562 2.375 0.849998)
(2.71562 2.375 0.849998)
(2.71562 2.375 0.849998)
(2.71562 2.375 0.849998)
(2.71562 2.375 0.849998)
(2.71562 2.375 0.849998)
(2.71562 2.375 0.849998)
(2.71562 2.375 0.849998)
(2.71562 2.375 0.849998)
(2.71562 2.375 0.849998)
(2.71562 2.375 0.849998)
(2.71562 2.375 0.849998)
(2.71562 2.375 0.849998)
(2.71562 2.375 0.849998)
(2.71562 2.375 0.849998)
(2.71562 2.375 0.849998)
(2.71562 2.375 0.849998)
(2.71562 2.375 0.849998)
(2.71562 2.375 0.849998)
(2.71562 2.375 0.849998)
(2.71562 2.375 0.849998)
(2.72135 2.375 0.85)
(2.72135 2.375 0.85)
(2.72135 2.375 0.85)
(2.72135 2.375 0.85)
(2.72135 2.375 0.85)
(2.72135 2.375 0.85)
(2.72135 2.375 0.85)
(2.72135 2.375 0.85)
(2.72135 2.375 0.85)
(2.72135 2.375 0.85)
(2.72135 2.375 0.85)
(2.72135 2.375 0.85)
(2.72135 2.375 0.85)
(2.72135 2.375 0.85)
(2.72135 2.375 0.85)
(2.72135 2.375 0.85)
(2.72135 2.375 0.85)
(2.72135 2.375 0.85)
(2.72135 2.375 0.85)
(2.72135 2.375 0.85)
(2.72135 2.375 0.85)
(2.72135 2.375 0.85)
(2.72135 2.375 0.85)
(2.72135 2.375 0.85)
(2.72135 2.375 0.85)
(2.72135 2.375 0.85)
(2.72135 2.375 0.85)
(2.72135 2.375 0.85)
(2.72135 2.375 0.85)
(2.72135 2.375 0.85)
(2.72135 2.375 0.85)
(2.72135 2.375 0.85)
)
;

boundaryField
{
    left
    {
        type            calculated;
    }
    right
    {
        type            calculated;
    }
    beam
    {
        type            empty;
    }
}


// ************************************************************************* //
