
14
(
(0 23 0)
(7.08879 21.8803 0)
(13.4874 18.6304 0)
(18.5728 13.5665 0)
(21.85 7.18175 0)
(26.725 -7.65012 0)
(35.4247 -19.6929 0)
(49.4837 -24.4946 0)
(63.7326 -20.2895 0)
(72.932 -8.624 0)
(76.452 0.736 0)
(87.6391 15.0769 0)
(105 20.5 0)
(253.305 20.5 0)
)


14
(
(1 0 0)
(0.951319 -0.308208 0)
(0.810015 -0.586409 0)
(0.589847 -0.807515 0)
(0.31225 -0.95 0)
(0.31225 -0.95 0)
(0.803792 -0.594911 0)
(0.999778 -0.0210717 0)
(0.828144 0.560515 0)
(0.352 0.936 0)
(0.352 0.936 0)
(0.822192 0.56921 0)
(1 0 0)
(1 0 0)
)

