/*--------------------------------*- C++ -*----------------------------------*\
| =========                 |                                                 |
| \\      /  F ield         | OpenFOAM: The Open Source CFD Toolbox           |
|  \\    /   O peration     | Version:  2312                                  |
|   \\  /    A nd           | Website:  www.openfoam.com                      |
|    \\/     M anipulation  |                                                 |
\*---------------------------------------------------------------------------*/
FoamFile
{
    version     2.0;
    format      ascii;
    arch        "LSB;label=32;scalar=64";
    class       pointVectorField;
    location    "0.12/beam";
    object      pointW;
}
// * * * * * * * * * * * * * * * * * * * * * * * * * * * * * * * * * * * * * //

dimensions      [0 1 0 0 0 0 0];

internalField   nonuniform List<vector> 
1952
(
(4.471450754e-06 9.624151171e-17 2.495568476e-09)
(4.385531828e-06 9.443400922e-17 2.447616109e-09)
(4.131083923e-06 8.890457814e-17 2.305605767e-09)
(3.717877159e-06 8.023096076e-17 2.074990267e-09)
(3.161796364e-06 6.808789643e-17 1.764635118e-09)
(2.484203896e-06 5.334274689e-17 1.386462898e-09)
(1.711145953e-06 3.686287386e-17 9.550102944e-10)
(8.723364456e-07 1.908195824e-17 4.868609836e-10)
(1.155982522e-16 0 -9.611234893e-17)
(-8.723364454e-07 -1.908195824e-17 -4.868611721e-10)
(-1.711145953e-06 -3.686287386e-17 -9.55010472e-10)
(-2.484203895e-06 -5.334274689e-17 -1.386463058e-09)
(-3.161796364e-06 -6.808789643e-17 -1.764635254e-09)
(-3.717877158e-06 -8.023096076e-17 -2.074990374e-09)
(-4.131083923e-06 -8.890457814e-17 -2.30560584e-09)
(-4.385531828e-06 -9.443400922e-17 -2.447616146e-09)
(-4.471450754e-06 -9.624151171e-17 -2.495568476e-09)
(-4.385531828e-06 -9.443400922e-17 -2.447616109e-09)
(-4.131083923e-06 -8.890457814e-17 -2.305605767e-09)
(-3.717877159e-06 -8.023096076e-17 -2.074990267e-09)
(-3.161796364e-06 -6.808789643e-17 -1.764635118e-09)
(-2.484203896e-06 -5.334274689e-17 -1.386462898e-09)
(-1.711145953e-06 -3.686287386e-17 -9.550102944e-10)
(-8.723364456e-07 -1.908195824e-17 -4.868609836e-10)
(-1.155986763e-16 0 9.611234869e-17)
(8.723364454e-07 1.908195824e-17 4.868611721e-10)
(1.711145953e-06 3.686287386e-17 9.55010472e-10)
(2.484203895e-06 5.334274689e-17 1.386463058e-09)
(3.161796364e-06 6.808789643e-17 1.764635254e-09)
(3.717877158e-06 8.023096076e-17 2.074990374e-09)
(4.131083923e-06 8.890457814e-17 2.30560584e-09)
(4.385531828e-06 9.443400922e-17 2.447616146e-09)
(2.155989182e-05 2.335075641e-15 4.874885284e-05)
(2.147665374e-05 2.333203075e-15 4.874880784e-05)
(2.123014513e-05 2.327782064e-15 4.874867455e-05)
(2.082983127e-05 2.318891607e-15 4.874845811e-05)
(2.029110134e-05 2.306748542e-15 4.874816682e-05)
(1.963465115e-05 2.292003393e-15 4.874781188e-05)
(1.88857142e-05 2.27552352e-15 4.874740694e-05)
(1.807307727e-05 2.257742604e-15 4.874696756e-05)
(1.722795952e-05 2.238660646e-15 4.874651061e-05)
(1.638284176e-05 2.219578688e-15 4.874605366e-05)
(1.557020483e-05 2.201797772e-15 4.874561428e-05)
(1.482126788e-05 2.185317899e-15 4.874520934e-05)
(1.416481769e-05 2.170572749e-15 4.87448544e-05)
(1.362608776e-05 2.158429685e-15 4.874456311e-05)
(1.32257739e-05 2.149972908e-15 4.874434667e-05)
(1.297926529e-05 2.144335057e-15 4.874421338e-05)
(1.289602721e-05 2.142600069e-15 4.874416838e-05)
(1.297926529e-05 2.144335057e-15 4.874421338e-05)
(1.32257739e-05 2.149972908e-15 4.874434667e-05)
(1.362608776e-05 2.158429685e-15 4.874456311e-05)
(1.416481769e-05 2.170572749e-15 4.87448544e-05)
(1.482126788e-05 2.185317899e-15 4.874520934e-05)
(1.557020483e-05 2.201797772e-15 4.874561428e-05)
(1.638284176e-05 2.219578688e-15 4.874605366e-05)
(1.722795952e-05 2.238660646e-15 4.874651061e-05)
(1.807307727e-05 2.257742604e-15 4.874696756e-05)
(1.88857142e-05 2.27552352e-15 4.874740694e-05)
(1.963465115e-05 2.292003393e-15 4.874781188e-05)
(2.029110134e-05 2.306748542e-15 4.874816682e-05)
(2.082983127e-05 2.318891607e-15 4.874845811e-05)
(2.123014513e-05 2.327782064e-15 4.874867455e-05)
(2.147665374e-05 2.333203075e-15 4.874880784e-05)
(3.837207791e-05 3.413267939e-15 9.44025953e-05)
(3.829689127e-05 3.411333716e-15 9.440255858e-05)
(3.807422691e-05 3.405912705e-15 9.440244986e-05)
(3.771263455e-05 3.397022247e-15 9.440227329e-05)
(3.72260148e-05 3.385312863e-15 9.440203568e-05)
(3.663306162e-05 3.370567714e-15 9.440174614e-05)
(3.595656773e-05 3.354087841e-15 9.440141582e-05)
(3.522253542e-05 3.335873244e-15 9.440105739e-05)
(3.445916409e-05 3.316791286e-15 9.440068464e-05)
(3.369579275e-05 3.297709328e-15 9.440031189e-05)
(3.296176044e-05 3.280362093e-15 9.439995347e-05)
(3.228526655e-05 3.26388222e-15 9.439962314e-05)
(3.169231337e-05 3.249137071e-15 9.439933361e-05)
(3.120569363e-05 3.237427687e-15 9.439909599e-05)
(3.084410126e-05 3.228103548e-15 9.439891943e-05)
(3.06214369e-05 3.222682537e-15 9.439881071e-05)
(3.054625026e-05 3.220812016e-15 9.439877399e-05)
(3.06214369e-05 3.222682537e-15 9.439881071e-05)
(3.084410126e-05 3.228103548e-15 9.439891943e-05)
(3.120569363e-05 3.237427687e-15 9.439909599e-05)
(3.169231337e-05 3.249137071e-15 9.439933361e-05)
(3.228526655e-05 3.26388222e-15 9.439962314e-05)
(3.296176044e-05 3.280362093e-15 9.439995347e-05)
(3.369579275e-05 3.297709328e-15 9.440031189e-05)
(3.445916409e-05 3.316791286e-15 9.440068464e-05)
(3.522253542e-05 3.335873244e-15 9.440105739e-05)
(3.595656773e-05 3.354087841e-15 9.440141582e-05)
(3.663306162e-05 3.370567714e-15 9.440174614e-05)
(3.72260148e-05 3.385312863e-15 9.440203568e-05)
(3.771263455e-05 3.397022247e-15 9.440227329e-05)
(3.807422691e-05 3.405912705e-15 9.440244986e-05)
(3.829689127e-05 3.411333716e-15 9.440255858e-05)
(5.49092787e-05 4.17286934e-15 0.0001338615228)
(5.484753971e-05 4.170925758e-15 0.0001338614981)
(5.466470044e-05 4.165721587e-15 0.0001338614248)
(5.43677814e-05 4.156397448e-15 0.0001338613058)
(5.396819702e-05 4.144688065e-15 0.0001338611457)
(5.348129768e-05 4.129942915e-15 0.0001338609506)
(5.292579947e-05 4.113463042e-15 0.000133860728)
(5.232305399e-05 4.095682127e-15 0.0001338604865)
(5.169621698e-05 4.076600169e-15 0.0001338602353)
(5.106937996e-05 4.05751821e-15 0.0001338599842)
(5.046663449e-05 4.039737295e-15 0.0001338597426)
(4.991113628e-05 4.023257422e-15 0.0001338595201)
(4.942423694e-05 4.008512272e-15 0.000133859325)
(4.902465255e-05 3.996802889e-15 0.0001338591648)
(4.872773352e-05 3.987912431e-15 0.0001338590459)
(4.854489424e-05 3.98227458e-15 0.0001338589726)
(4.848315526e-05 3.980436394e-15 0.0001338589479)
(4.854489424e-05 3.98227458e-15 0.0001338589726)
(4.872773352e-05 3.987912431e-15 0.0001338590459)
(4.902465255e-05 3.996802889e-15 0.0001338591648)
(4.942423694e-05 4.008512272e-15 0.000133859325)
(4.991113628e-05 4.023257422e-15 0.0001338595201)
(5.046663449e-05 4.039737295e-15 0.0001338597426)
(5.106937996e-05 4.05751821e-15 0.0001338599842)
(5.169621698e-05 4.076600169e-15 0.0001338602353)
(5.232305399e-05 4.095682127e-15 0.0001338604865)
(5.292579947e-05 4.113463042e-15 0.000133860728)
(5.348129768e-05 4.129942915e-15 0.0001338609506)
(5.396819702e-05 4.144688065e-15 0.0001338611457)
(5.43677814e-05 4.156397448e-15 0.0001338613058)
(5.466470044e-05 4.165721587e-15 0.0001338614248)
(5.484753971e-05 4.170925758e-15 0.0001338614981)
(7.117077031e-05 4.461406306e-15 0.0001640048287)
(7.112791435e-05 4.459540376e-15 0.0001640048169)
(7.10009969e-05 4.454119365e-15 0.0001640047816)
(7.079489128e-05 4.445228907e-15 0.0001640047244)
(7.051752074e-05 4.433519524e-15 0.0001640046474)
(7.017954074e-05 4.418774374e-15 0.0001640045536)
(6.9793943e-05 4.402294501e-15 0.0001640044466)
(6.937554869e-05 4.383646224e-15 0.0001640043305)
(6.894043129e-05 4.364564266e-15 0.0001640042097)
(6.850531389e-05 4.345482307e-15 0.000164004089)
(6.808691958e-05 4.328568753e-15 0.0001640039728)
(6.770132184e-05 4.31208888e-15 0.0001640038658)
(6.736334184e-05 4.297343731e-15 0.000164003772)
(6.70859713e-05 4.285634347e-15 0.000164003695)
(6.687986567e-05 4.276310209e-15 0.0001640036378)
(6.675294823e-05 4.270889198e-15 0.0001640036026)
(6.671009227e-05 4.268984626e-15 0.0001640035907)
(6.675294823e-05 4.270889198e-15 0.0001640036026)
(6.687986567e-05 4.276310209e-15 0.0001640036378)
(6.70859713e-05 4.285634347e-15 0.000164003695)
(6.736334184e-05 4.297343731e-15 0.000164003772)
(6.770132184e-05 4.31208888e-15 0.0001640038658)
(6.808691958e-05 4.328568753e-15 0.0001640039728)
(6.850531389e-05 4.345482307e-15 0.000164004089)
(6.894043129e-05 4.364564266e-15 0.0001640042097)
(6.937554869e-05 4.383646224e-15 0.0001640043305)
(6.9793943e-05 4.402294501e-15 0.0001640044466)
(7.017954074e-05 4.418774374e-15 0.0001640045536)
(7.051752074e-05 4.433519524e-15 0.0001640046474)
(7.079489128e-05 4.445228907e-15 0.0001640047244)
(7.10009969e-05 4.454119365e-15 0.0001640047816)
(7.112791435e-05 4.459540376e-15 0.0001640048169)
(8.71534342e-05 4.134853016e-15 0.0001816867998)
(8.71349441e-05 4.132978682e-15 0.0001816867976)
(8.708018588e-05 4.12734083e-15 0.0001816867911)
(8.699126211e-05 4.118667213e-15 0.0001816867807)
(8.687159128e-05 4.106957829e-15 0.0001816867666)
(8.672577065e-05 4.09221268e-15 0.0001816867495)
(8.655940545e-05 4.075732807e-15 0.0001816867299)
(8.637889026e-05 4.05751821e-15 0.0001816867087)
(8.619115994e-05 4.038436252e-15 0.0001816866866)
(8.600342961e-05 4.019354294e-15 0.0001816866645)
(8.582291442e-05 4.002007059e-15 0.0001816866433)
(8.565654922e-05 3.985527186e-15 0.0001816866237)
(8.551072859e-05 3.970782037e-15 0.0001816866065)
(8.539105776e-05 3.959072653e-15 0.0001816865925)
(8.530213399e-05 3.949531674e-15 0.000181686582)
(8.524737577e-05 3.944327504e-15 0.0001816865756)
(8.522888567e-05 3.942410567e-15 0.0001816865734)
(8.524737577e-05 3.944327504e-15 0.0001816865756)
(8.530213399e-05 3.949531674e-15 0.000181686582)
(8.539105776e-05 3.959072653e-15 0.0001816865925)
(8.551072859e-05 3.970782037e-15 0.0001816866065)
(8.565654922e-05 3.985527186e-15 0.0001816866237)
(8.582291442e-05 4.002007059e-15 0.0001816866433)
(8.600342961e-05 4.019354294e-15 0.0001816866645)
(8.619115994e-05 4.038436252e-15 0.0001816866866)
(8.637889026e-05 4.05751821e-15 0.0001816867087)
(8.655940545e-05 4.075732807e-15 0.0001816867299)
(8.672577065e-05 4.09221268e-15 0.0001816867495)
(8.687159128e-05 4.106957829e-15 0.0001816867666)
(8.699126211e-05 4.118667213e-15 0.0001816867807)
(8.708018588e-05 4.12734083e-15 0.0001816867911)
(8.71349441e-05 4.132978682e-15 0.0001816867976)
(0.0001028514205 3.060854237e-15 0.0001837339882)
(0.000102862828 3.05907643e-15 0.0001837339874)
(0.0001028966114 3.053546999e-15 0.000183733985)
(0.0001029514734 3.044873381e-15 0.0001837339812)
(0.000103025305 3.032730317e-15 0.000183733976)
(0.0001031152698 3.017985167e-15 0.0001837339697)
(0.0001032179097 3.001505294e-15 0.0001837339624)
(0.0001033292795 2.983724379e-15 0.0001837339546)
(0.0001034451008 2.96464242e-15 0.0001837339465)
(0.000103560922 2.945560462e-15 0.0001837339384)
(0.0001036722919 2.927779547e-15 0.0001837339305)
(0.0001037749318 2.911299674e-15 0.0001837339233)
(0.0001038648966 2.896554524e-15 0.000183733917)
(0.0001039387282 2.88441146e-15 0.0001837339118)
(0.0001039935902 2.875737842e-15 0.000183733908)
(0.0001040273735 2.870208411e-15 0.0001837339056)
(0.0001040387811 2.868333427e-15 0.0001837339048)
(0.0001040273735 2.870208411e-15 0.0001837339056)
(0.0001039935902 2.875737842e-15 0.000183733908)
(0.0001039387282 2.88441146e-15 0.0001837339118)
(0.0001038648966 2.896554524e-15 0.000183733917)
(0.0001037749318 2.911299674e-15 0.0001837339233)
(0.0001036722919 2.927779547e-15 0.0001837339305)
(0.000103560922 2.945560462e-15 0.0001837339384)
(0.0001034451008 2.96464242e-15 0.0001837339465)
(0.0001033292795 2.983724379e-15 0.0001837339546)
(0.0001032179097 3.001505294e-15 0.0001837339624)
(0.0001031152698 3.017985167e-15 0.0001837339697)
(0.000103025305 3.032730317e-15 0.000183733976)
(0.0001029514734 3.044873381e-15 0.0001837339812)
(0.0001028966114 3.053546999e-15 0.000183733985)
(0.000102862828 3.05907643e-15 0.0001837339874)
(0.0001182558641 1.122240338e-15 0.0001669467617)
(0.0001183027433 1.120414525e-15 0.0001669467475)
(0.0001184415753 1.114776674e-15 0.0001669467053)
(0.0001186670295 1.106319897e-15 0.0001669466367)
(0.0001189704387 1.094176832e-15 0.0001669465445)
(0.0001193401473 1.079431683e-15 0.000166946432)
(0.0001197619437 1.06295181e-15 0.0001669463038)
(0.0001202196156 1.045170894e-15 0.0001669461646)
(0.0001206955805 1.026088936e-15 0.0001669460199)
(0.0001211715453 1.007006978e-15 0.0001669458752)
(0.0001216292172 9.892260622e-16 0.000166945736)
(0.0001220510137 9.727461892e-16 0.0001669456077)
(0.0001224207222 9.580010396e-16 0.0001669454953)
(0.0001227241314 9.458579753e-16 0.0001669454031)
(0.0001229495856 9.369675175e-16 0.0001669453345)
(0.0001230884177 9.313296662e-16 0.0001669452923)
(0.0001231352968 9.295541828e-16 0.000166945278)
(0.0001230884177 9.313296662e-16 0.0001669452923)
(0.0001229495856 9.369675175e-16 0.0001669453345)
(0.0001227241314 9.458579753e-16 0.0001669454031)
(0.0001224207222 9.580010396e-16 0.0001669454953)
(0.0001220510137 9.727461892e-16 0.0001669456077)
(0.0001216292172 9.892260622e-16 0.000166945736)
(0.0001211715453 1.007006978e-15 0.0001669458752)
(0.0001206955805 1.026088936e-15 0.0001669460199)
(0.0001202196156 1.045170894e-15 0.0001669461646)
(0.0001197619437 1.06295181e-15 0.0001669463038)
(0.0001193401473 1.079431683e-15 0.000166946432)
(0.0001189704388 1.094176832e-15 0.0001669465445)
(0.0001186670295 1.106319897e-15 0.0001669466367)
(0.0001184415753 1.114776674e-15 0.0001669467053)
(0.0001183027433 1.120414525e-15 0.0001669467475)
(0.0001333546433 -1.779160932e-15 0.0001281059363)
(0.0001334425939 -1.780910489e-15 0.000128105886)
(0.0001337030585 -1.78654834e-15 0.0001281057371)
(0.0001341260361 -1.795438798e-15 0.0001281054952)
(0.000134695266 -1.807581862e-15 0.0001281051698)
(0.000135388881 -1.821893331e-15 0.0001281047733)
(0.0001361802188 -1.838806885e-15 0.0001281043208)
(0.0001370388629 -1.856154119e-15 0.0001281038299)
(0.0001379318268 -1.875236078e-15 0.0001281033194)
(0.0001388247906 -1.894318036e-15 0.0001281028089)
(0.0001396834348 -1.912532632e-15 0.000128102318)
(0.0001404747726 -1.929446186e-15 0.0001281018656)
(0.0001411683875 -1.943757655e-15 0.000128101469)
(0.0001417376175 -1.955900719e-15 0.0001281011436)
(0.000142160595 -1.964791177e-15 0.0001281009018)
(0.0001424210597 -1.970212188e-15 0.0001281007529)
(0.0001425090102 -1.972132086e-15 0.0001281007026)
(0.0001424210597 -1.970212188e-15 0.0001281007529)
(0.000142160595 -1.964791177e-15 0.0001281009018)
(0.0001417376175 -1.955900719e-15 0.0001281011436)
(0.0001411683875 -1.943757655e-15 0.000128101469)
(0.0001404747726 -1.929446186e-15 0.0001281018656)
(0.0001396834348 -1.912532632e-15 0.000128102318)
(0.0001388247906 -1.894318036e-15 0.0001281028089)
(0.0001379318268 -1.875236078e-15 0.0001281033194)
(0.0001370388629 -1.856154119e-15 0.0001281038299)
(0.0001361802188 -1.838806885e-15 0.0001281043208)
(0.000135388881 -1.821893331e-15 0.0001281047733)
(0.000134695266 -1.807581862e-15 0.0001281051698)
(0.0001341260361 -1.795438798e-15 0.0001281054952)
(0.0001337030585 -1.78654834e-15 0.0001281057371)
(0.0001334425939 -1.780910489e-15 0.000128105886)
(0.0001481321706 -5.71840801e-15 6.39849228e-05)
(0.0001482667924 -5.720142242e-15 6.398480494e-05)
(0.0001486654734 -5.725888513e-15 6.398445589e-05)
(0.0001493129051 -5.734562131e-15 6.398388906e-05)
(0.0001501841986 -5.746271514e-15 6.398312624e-05)
(0.0001512458823 -5.761016664e-15 6.398219674e-05)
(0.0001524571457 -5.777930218e-15 6.398113627e-05)
(0.0001537714318 -5.795711133e-15 6.397998561e-05)
(0.0001551382495 -5.814793091e-15 6.397878896e-05)
(0.0001565050672 -5.83387505e-15 6.397759231e-05)
(0.0001578193533 -5.851655965e-15 6.397644165e-05)
(0.0001590306168 -5.868569519e-15 6.397538119e-05)
(0.0001600923005 -5.883314669e-15 6.397445168e-05)
(0.0001609635939 -5.895024052e-15 6.397368886e-05)
(0.0001616110257 -5.904565031e-15 6.397312203e-05)
(0.0001620097066 -5.909877622e-15 6.397277299e-05)
(0.0001621443284 -5.911817481e-15 6.397265513e-05)
(0.0001620097066 -5.909877622e-15 6.397277299e-05)
(0.0001616110257 -5.904565031e-15 6.397312203e-05)
(0.0001609635939 -5.895024052e-15 6.397368886e-05)
(0.0001600923005 -5.883314669e-15 6.397445168e-05)
(0.0001590306168 -5.868569519e-15 6.397538119e-05)
(0.0001578193533 -5.851655965e-15 6.397644165e-05)
(0.0001565050672 -5.83387505e-15 6.397759231e-05)
(0.0001551382495 -5.814793091e-15 6.397878896e-05)
(0.0001537714318 -5.795711133e-15 6.397998561e-05)
(0.0001524571457 -5.777930218e-15 6.398113627e-05)
(0.0001512458823 -5.761016664e-15 6.398219674e-05)
(0.0001501841986 -5.746271514e-15 6.398312624e-05)
(0.0001493129051 -5.734562131e-15 6.398388906e-05)
(0.0001486654734 -5.725888513e-15 6.398445589e-05)
(0.0001482667924 -5.720142242e-15 6.398480494e-05)
(0.0001625692255 -1.074316433e-14 -2.86324536e-05)
(0.0001627560824 -1.074498563e-14 -2.86326807e-05)
(0.000163309457 -1.07507319e-14 -2.863335328e-05)
(0.0001642081011 -1.075962236e-14 -2.863444549e-05)
(0.0001654174683 -1.077176542e-14 -2.863591535e-05)
(0.0001668910997 -1.078651057e-14 -2.86377064e-05)
(0.0001685723499 -1.080299045e-14 -2.863974979e-05)
(0.000170396597 -1.082120504e-14 -2.864196698e-05)
(0.0001722937586 -1.0840287e-14 -2.864427279e-05)
(0.0001741909202 -1.085936896e-14 -2.86465786e-05)
(0.0001760151672 -1.087758356e-14 -2.864879579e-05)
(0.0001776964174 -1.089406343e-14 -2.865083918e-05)
(0.0001791700488 -1.090880858e-14 -2.865263023e-05)
(0.0001803794161 -1.092095164e-14 -2.865410009e-05)
(0.0001812780602 -1.09298421e-14 -2.865519231e-05)
(0.0001818314347 -1.093537153e-14 -2.865586488e-05)
(0.0001820182916 -1.093719863e-14 -2.865609198e-05)
(0.0001818314347 -1.093537153e-14 -2.865586488e-05)
(0.0001812780602 -1.09298421e-14 -2.865519231e-05)
(0.0001803794161 -1.092095164e-14 -2.865410009e-05)
(0.0001791700488 -1.090880858e-14 -2.865263023e-05)
(0.0001776964174 -1.089406343e-14 -2.865083918e-05)
(0.0001760151672 -1.087758356e-14 -2.864879579e-05)
(0.0001741909202 -1.085936896e-14 -2.86465786e-05)
(0.0001722937586 -1.0840287e-14 -2.864427279e-05)
(0.000170396597 -1.082120504e-14 -2.864196698e-05)
(0.0001685723499 -1.080299045e-14 -2.863974979e-05)
(0.0001668910997 -1.078651057e-14 -2.86377064e-05)
(0.0001654174683 -1.077176542e-14 -2.863591535e-05)
(0.0001642081011 -1.075962236e-14 -2.863444549e-05)
(0.000163309457 -1.07507319e-14 -2.863335328e-05)
(0.0001627560824 -1.074498563e-14 -2.86326807e-05)
(0.0001766428347 -1.686933878e-14 -0.0001529285878)
(0.0001768874094 -1.687127001e-14 -0.0001529289769)
(0.0001776117146 -1.687690786e-14 -0.0001529301292)
(0.0001787879387 -1.688579832e-14 -0.0001529320005)
(0.0001803708646 -1.689794138e-14 -0.0001529345188)
(0.0001822996826 -1.691268653e-14 -0.0001529375874)
(0.0001845002503 -1.692960008e-14 -0.0001529410884)
(0.0001868879848 -1.6947381e-14 -0.0001529448871)
(0.0001893711562 -1.696646296e-14 -0.0001529488376)
(0.0001918543276 -1.698554492e-14 -0.0001529527882)
(0.0001942420621 -1.700419319e-14 -0.0001529565869)
(0.0001964426298 -1.702110675e-14 -0.0001529600878)
(0.0001983714478 -1.70358519e-14 -0.0001529631564)
(0.0001999543737 -1.704799496e-14 -0.0001529656747)
(0.0002011305979 -1.705688542e-14 -0.000152967546)
(0.000201854903 -1.706230643e-14 -0.0001529686983)
(0.0002020994777 -1.706421406e-14 -0.0001529690874)
(0.000201854903 -1.706230643e-14 -0.0001529686983)
(0.0002011305979 -1.705688542e-14 -0.000152967546)
(0.0001999543737 -1.704799496e-14 -0.0001529656747)
(0.0001983714478 -1.70358519e-14 -0.0001529631564)
(0.0001964426298 -1.702110675e-14 -0.0001529600878)
(0.0001942420621 -1.700419319e-14 -0.0001529565869)
(0.0001918543276 -1.698554492e-14 -0.0001529527882)
(0.0001893711562 -1.696646296e-14 -0.0001529488376)
(0.0001868879848 -1.6947381e-14 -0.0001529448871)
(0.0001845002503 -1.692960008e-14 -0.0001529410884)
(0.0001822996826 -1.691268653e-14 -0.0001529375874)
(0.0001803708646 -1.689794138e-14 -0.0001529345188)
(0.0001787879387 -1.688579832e-14 -0.0001529320005)
(0.0001776117146 -1.687690786e-14 -0.0001529301292)
(0.0001768874094 -1.687127001e-14 -0.0001529289769)
(0.000190326213 -2.407674947e-14 -0.0003120236477)
(0.0001906338535 -2.407861237e-14 -0.0003120242633)
(0.0001915449272 -2.408446706e-14 -0.0003120260866)
(0.0001930244515 -2.409314068e-14 -0.0003120290475)
(0.0001950155491 -2.410528374e-14 -0.0003120330321)
(0.0001974417304 -2.412002889e-14 -0.0003120378875)
(0.0002002097344 -2.413737613e-14 -0.0003120434269)
(0.0002032131678 -2.415515704e-14 -0.0003120494374)
(0.0002063366475 -2.4174239e-14 -0.0003120556882)
(0.0002094601271 -2.419332096e-14 -0.000312061939)
(0.0002124635606 -2.421196924e-14 -0.0003120679496)
(0.0002152315646 -2.422931647e-14 -0.000312073489)
(0.0002176577458 -2.424406162e-14 -0.0003120783443)
(0.0002196488435 -2.425620468e-14 -0.000312082329)
(0.0002211283677 -2.426531198e-14 -0.0003120852898)
(0.0002220394415 -2.427073299e-14 -0.0003120871131)
(0.000222347082 -2.427270531e-14 -0.0003120877288)
(0.0002220394415 -2.427073299e-14 -0.0003120871131)
(0.0002211283677 -2.426531198e-14 -0.0003120852898)
(0.0002196488435 -2.425620468e-14 -0.000312082329)
(0.0002176577458 -2.424406162e-14 -0.0003120783443)
(0.0002152315646 -2.422931647e-14 -0.000312073489)
(0.0002124635606 -2.421196924e-14 -0.0003120679496)
(0.0002094601271 -2.419332096e-14 -0.000312061939)
(0.0002063366475 -2.4174239e-14 -0.0003120556882)
(0.0002032131678 -2.415515704e-14 -0.0003120494374)
(0.0002002097344 -2.413737613e-14 -0.0003120434269)
(0.0001974417304 -2.412002889e-14 -0.0003120378875)
(0.0001950155491 -2.410528374e-14 -0.0003120330321)
(0.0001930244515 -2.409314068e-14 -0.0003120290475)
(0.0001915449272 -2.408446706e-14 -0.0003120260866)
(0.0001906338535 -2.407861237e-14 -0.0003120242633)
(0.00020358879 -3.230510992e-14 -0.0005089428016)
(0.0002039646493 -3.230705634e-14 -0.0005089437206)
(0.0002050777524 -3.231269419e-14 -0.0005089464421)
(0.0002068853591 -3.232180149e-14 -0.0005089508618)
(0.0002093179798 -3.233394455e-14 -0.0005089568097)
(0.0002122821633 -3.234912338e-14 -0.0005089640573)
(0.0002156639682 -3.236603693e-14 -0.0005089723259)
(0.0002193334088 -3.238468521e-14 -0.0005089812979)
(0.0002231495156 -3.240376717e-14 -0.0005089906284)
(0.0002269656225 -3.242284913e-14 -0.000508999959)
(0.000230635063 -3.244149741e-14 -0.0005090089309)
(0.000234016868 -3.245841096e-14 -0.0005090171996)
(0.0002369810514 -3.247358979e-14 -0.0005090244471)
(0.0002394136721 -3.248573285e-14 -0.000509030395)
(0.0002412212788 -3.249484015e-14 -0.0005090348147)
(0.0002423343819 -3.2500478e-14 -0.0005090375363)
(0.0002427102412 -3.250240001e-14 -0.0005090384553)
(0.0002423343819 -3.2500478e-14 -0.0005090375363)
(0.0002412212788 -3.249484015e-14 -0.0005090348147)
(0.0002394136721 -3.248573285e-14 -0.000509030395)
(0.0002369810514 -3.247358979e-14 -0.0005090244471)
(0.000234016868 -3.245841096e-14 -0.0005090171996)
(0.000230635063 -3.244149741e-14 -0.0005090089309)
(0.0002269656225 -3.242284913e-14 -0.000508999959)
(0.0002231495156 -3.240376717e-14 -0.0005089906284)
(0.0002193334088 -3.238468521e-14 -0.0005089812979)
(0.0002156639682 -3.236603693e-14 -0.0005089723259)
(0.0002122821633 -3.234912338e-14 -0.0005089640573)
(0.0002093179798 -3.233394455e-14 -0.0005089568097)
(0.0002068853591 -3.232180149e-14 -0.0005089508618)
(0.0002050777524 -3.231269419e-14 -0.0005089464421)
(0.0002039646494 -3.230705634e-14 -0.0005089437206)
(0.0002163963366 -4.145058793e-14 -0.0007465801799)
(0.000216845308 -4.145241008e-14 -0.0007465814912)
(0.0002181749316 -4.145793951e-14 -0.0007465853746)
(0.0002203341534 -4.146726365e-14 -0.000746591681)
(0.0002232399669 -4.14798404e-14 -0.000746600168)
(0.0002267807425 -4.149501923e-14 -0.0007466105095)
(0.0002308203753 -4.151193278e-14 -0.000746622308)
(0.0002352035944 -4.153101474e-14 -0.00074663511)
(0.0002397620093 -4.15500967e-14 -0.0007466484238)
(0.0002443204242 -4.156917865e-14 -0.0007466617375)
(0.0002487036433 -4.158826061e-14 -0.0007466745395)
(0.000252743276 -4.160517417e-14 -0.000746686338)
(0.0002562840517 -4.1620353e-14 -0.0007466966795)
(0.0002591898651 -4.163292974e-14 -0.0007467051665)
(0.0002613490869 -4.16418202e-14 -0.0007467114729)
(0.0002626787106 -4.164756647e-14 -0.0007467153563)
(0.000263127682 -4.164946757e-14 -0.0007467166676)
(0.0002626787106 -4.164756647e-14 -0.0007467153563)
(0.0002613490869 -4.16418202e-14 -0.0007467114729)
(0.0002591898651 -4.163292974e-14 -0.0007467051665)
(0.0002562840517 -4.1620353e-14 -0.0007466966795)
(0.0002527432761 -4.160517417e-14 -0.000746686338)
(0.0002487036433 -4.158826061e-14 -0.0007466745395)
(0.0002443204242 -4.156917865e-14 -0.0007466617375)
(0.0002397620093 -4.15500967e-14 -0.0007466484238)
(0.0002352035944 -4.153101474e-14 -0.00074663511)
(0.0002308203753 -4.151193278e-14 -0.000746622308)
(0.0002267807425 -4.149501923e-14 -0.0007466105095)
(0.0002232399669 -4.14798404e-14 -0.000746600168)
(0.0002203341534 -4.146726365e-14 -0.000746591681)
(0.0002181749316 -4.145793951e-14 -0.0007465853746)
(0.000216845308 -4.145241008e-14 -0.0007465814912)
(0.0002287112203 -5.136317215e-14 -0.001027660878)
(0.00022923787 -5.13650537e-14 -0.001027662683)
(0.0002307975372 -5.137079997e-14 -0.001027668026)
(0.0002333303347 -5.138034095e-14 -0.001027676704)
(0.0002367388947 -5.139248402e-14 -0.001027688382)
(0.0002408922743 -5.140766285e-14 -0.001027702611)
(0.0002456308202 -5.142501008e-14 -0.001027718846)
(0.0002507723978 -5.144409204e-14 -0.001027736461)
(0.0002561194826 -5.146404136e-14 -0.00102775478)
(0.0002614665673 -5.148399068e-14 -0.0010277731)
(0.0002666081449 -5.150220528e-14 -0.001027790715)
(0.0002713466909 -5.151955251e-14 -0.001027806949)
(0.0002755000704 -5.153473134e-14 -0.001027821179)
(0.0002789086304 -5.154687441e-14 -0.001027832857)
(0.0002814414279 -5.155641539e-14 -0.001027841534)
(0.0002830010951 -5.156194482e-14 -0.001027846878)
(0.0002835277449 -5.156388288e-14 -0.001027848682)
(0.0002830010951 -5.156194482e-14 -0.001027846878)
(0.0002814414279 -5.155641539e-14 -0.001027841534)
(0.0002789086304 -5.154687441e-14 -0.001027832857)
(0.0002755000704 -5.153473134e-14 -0.001027821179)
(0.0002713466909 -5.151955251e-14 -0.001027806949)
(0.0002666081449 -5.150220528e-14 -0.001027790715)
(0.0002614665673 -5.148399068e-14 -0.0010277731)
(0.0002561194826 -5.146404136e-14 -0.00102775478)
(0.0002507723978 -5.144409204e-14 -0.001027736461)
(0.0002456308202 -5.142501008e-14 -0.001027718846)
(0.0002408922743 -5.140766285e-14 -0.001027702611)
(0.0002367388947 -5.139248402e-14 -0.001027688382)
(0.0002333303347 -5.138034095e-14 -0.001027676704)
(0.0002307975372 -5.137079997e-14 -0.001027668026)
(0.00022923787 -5.13650537e-14 -0.001027662683)
(0.0002404927935 -6.184513873e-14 -0.00135470252)
(0.0002411012946 -6.184712031e-14 -0.001354704928)
(0.0002429033636 -6.185286658e-14 -0.001354712062)
(0.0002458298058 -6.186240756e-14 -0.001354723646)
(0.0002497681206 -6.18749843e-14 -0.001354739236)
(0.000254567014 -6.189016313e-14 -0.001354758233)
(0.0002600420198 -6.190794405e-14 -0.001354779906)
(0.0002659826959 -6.192702601e-14 -0.001354803422)
(0.0002721608189 -6.194697533e-14 -0.001354827879)
(0.0002783389419 -6.196692465e-14 -0.001354852335)
(0.0002842796181 -6.198513924e-14 -0.001354875851)
(0.0002897546238 -6.200292016e-14 -0.001354897524)
(0.0002945535173 -6.201809899e-14 -0.001354916521)
(0.0002984918321 -6.203067573e-14 -0.001354932111)
(0.0003014182743 -6.204021671e-14 -0.001354943695)
(0.0003032203433 -6.204596299e-14 -0.001354950829)
(0.0003038288444 -6.204789109e-14 -0.001354953238)
(0.0003032203433 -6.204596299e-14 -0.001354950829)
(0.0003014182743 -6.204021671e-14 -0.001354943695)
(0.0002984918321 -6.203067573e-14 -0.001354932111)
(0.0002945535173 -6.201809899e-14 -0.001354916521)
(0.0002897546238 -6.200292016e-14 -0.001354897524)
(0.0002842796181 -6.198513924e-14 -0.001354875851)
(0.000278338942 -6.196692465e-14 -0.001354852335)
(0.0002721608189 -6.194697533e-14 -0.001354827879)
(0.0002659826959 -6.192702601e-14 -0.001354803422)
(0.0002600420198 -6.190794405e-14 -0.001354779906)
(0.000254567014 -6.189016313e-14 -0.001354758233)
(0.0002497681206 -6.18749843e-14 -0.001354739236)
(0.0002458298058 -6.186240756e-14 -0.001354723646)
(0.0002429033636 -6.185286658e-14 -0.001354712062)
(0.0002411012946 -6.184712031e-14 -0.001354704928)
(0.0002516979292 -7.265094615e-14 -0.00172997805)
(0.0002523919985 -7.265292968e-14 -0.001729981184)
(0.0002544474768 -7.265867595e-14 -0.001729990465)
(0.0002577854392 -7.266843377e-14 -0.001730005537)
(0.0002622775651 -7.268101052e-14 -0.00173002582)
(0.0002677512852 -7.269662303e-14 -0.001730050535)
(0.0002739961935 -7.271440394e-14 -0.001730078732)
(0.0002807722554 -7.27334859e-14 -0.001730109327)
(0.0002878191543 -7.275343522e-14 -0.001730141146)
(0.0002948660531 -7.277338454e-14 -0.001730172964)
(0.000301642115 -7.27924665e-14 -0.00173020356)
(0.0003078870233 -7.281024741e-14 -0.001730231757)
(0.0003133607435 -7.282585993e-14 -0.001730256472)
(0.0003178528694 -7.283843667e-14 -0.001730276755)
(0.0003211908318 -7.284819449e-14 -0.001730291826)
(0.0003232463101 -7.285394076e-14 -0.001730301107)
(0.0003239403794 -7.285590076e-14 -0.001730304241)
(0.0003232463101 -7.285394076e-14 -0.001730301107)
(0.0003211908318 -7.284819449e-14 -0.001730291826)
(0.0003178528694 -7.283843667e-14 -0.001730276755)
(0.0003133607435 -7.282585993e-14 -0.001730256472)
(0.0003078870233 -7.281024741e-14 -0.001730231757)
(0.000301642115 -7.27924665e-14 -0.00173020356)
(0.0002948660531 -7.277338454e-14 -0.001730172964)
(0.0002878191543 -7.275343522e-14 -0.001730141146)
(0.0002807722554 -7.27334859e-14 -0.001730109327)
(0.0002739961936 -7.271440394e-14 -0.001730078732)
(0.0002677512852 -7.269662303e-14 -0.001730050535)
(0.0002622775651 -7.268101052e-14 -0.00173002582)
(0.0002577854392 -7.266843377e-14 -0.001730005537)
(0.0002544474768 -7.265867595e-14 -0.001729990465)
(0.0002523919985 -7.265292968e-14 -0.001729981184)
(0.0002622816869 -8.348876635e-14 -0.002155481523)
(0.0002630645292 -8.349083144e-14 -0.00215548551)
(0.0002653829076 -8.349657771e-14 -0.002155497317)
(0.0002691478026 -8.350611869e-14 -0.002155516491)
(0.0002742144811 -8.351912911e-14 -0.002155542294)
(0.0002803883018 -8.353474162e-14 -0.002155573736)
(0.0002874319474 -8.355295622e-14 -0.002155609607)
(0.0002950746822 -8.357203818e-14 -0.00215564853)
(0.0003030228945 -8.35919875e-14 -0.002155689009)
(0.0003109711069 -8.361193682e-14 -0.002155729487)
(0.0003186138417 -8.363188614e-14 -0.00215576841)
(0.0003256574873 -8.365010074e-14 -0.002155804281)
(0.000331831308 -8.366571325e-14 -0.002155835723)
(0.0003368979864 -8.367872367e-14 -0.002155861527)
(0.0003406628814 -8.368826465e-14 -0.0021558807)
(0.0003429812599 -8.369401092e-14 -0.002155892507)
(0.0003437641022 -8.369601528e-14 -0.002155896494)
(0.0003429812599 -8.369401092e-14 -0.002155892507)
(0.0003406628814 -8.368826465e-14 -0.0021558807)
(0.0003368979865 -8.367872367e-14 -0.002155861527)
(0.000331831308 -8.366571325e-14 -0.002155835723)
(0.0003256574873 -8.365010074e-14 -0.002155804281)
(0.0003186138417 -8.363188614e-14 -0.00215576841)
(0.0003109711069 -8.361193682e-14 -0.002155729487)
(0.0003030228945 -8.35919875e-14 -0.002155689009)
(0.0002950746822 -8.357203818e-14 -0.00215564853)
(0.0002874319474 -8.355295622e-14 -0.002155609607)
(0.0002803883018 -8.353474162e-14 -0.002155573736)
(0.0002742144811 -8.351912911e-14 -0.002155542294)
(0.0002691478026 -8.350611869e-14 -0.002155516491)
(0.0002653829076 -8.349657771e-14 -0.002155497317)
(0.0002630645292 -8.349083144e-14 -0.00215548551)
(0.0002721980918 -9.40238783e-14 -0.002632898622)
(0.0002730723533 -9.402591553e-14 -0.002632903594)
(0.0002756614687 -9.403198706e-14 -0.00263291832)
(0.0002798660229 -9.404152804e-14 -0.002632942233)
(0.000285524381 -9.405453846e-14 -0.002632974416)
(0.0002924191719 -9.407058466e-14 -0.00263301363)
(0.0003002853645 -9.408879925e-14 -0.002633058369)
(0.0003088206073 -9.410788121e-14 -0.002633106914)
(0.0003176970008 -9.412869789e-14 -0.002633157398)
(0.0003265733943 -9.414951457e-14 -0.002633207883)
(0.000335108637 -9.416859653e-14 -0.002633256428)
(0.0003429748297 -9.418681113e-14 -0.002633301167)
(0.0003498696206 -9.420285732e-14 -0.002633340381)
(0.0003555279787 -9.421586775e-14 -0.002633372564)
(0.0003597325328 -9.422540873e-14 -0.002633396477)
(0.0003623216483 -9.423148026e-14 -0.002633411203)
(0.0003631959098 -9.423342786e-14 -0.002633416175)
(0.0003623216483 -9.423148026e-14 -0.002633411203)
(0.0003597325328 -9.422540873e-14 -0.002633396477)
(0.0003555279787 -9.421586775e-14 -0.002633372564)
(0.0003498696206 -9.420285732e-14 -0.002633340381)
(0.0003429748297 -9.418681113e-14 -0.002633301167)
(0.000335108637 -9.416859653e-14 -0.002633256428)
(0.0003265733943 -9.414951457e-14 -0.002633207883)
(0.0003176970008 -9.412869789e-14 -0.002633157398)
(0.0003088206073 -9.410788121e-14 -0.002633106914)
(0.0003002853645 -9.408879925e-14 -0.002633058369)
(0.0002924191719 -9.407058466e-14 -0.00263301363)
(0.000285524381 -9.405453846e-14 -0.002632974416)
(0.0002798660229 -9.404152804e-14 -0.002632942233)
(0.0002756614687 -9.403198706e-14 -0.00263291832)
(0.0002730723533 -9.402591553e-14 -0.002632903594)
(0.0002814009797 -1.038841287e-13 -0.003163583617)
(0.0002823687145 -1.038861922e-13 -0.003163589709)
(0.0002852346501 -1.038921553e-13 -0.003163607752)
(0.0002898887421 -1.0390213e-13 -0.003163637053)
(0.0002961520742 -1.039151404e-13 -0.003163676485)
(0.0003037840347 -1.039311866e-13 -0.003163724533)
(0.0003124912562 -1.039498349e-13 -0.003163779351)
(0.0003219390605 -1.039689168e-13 -0.003163838832)
(0.0003317644903 -1.039897335e-13 -0.003163900689)
(0.0003415899202 -1.040105502e-13 -0.003163962547)
(0.0003510377245 -1.040304995e-13 -0.003164022027)
(0.000359744946 -1.040491478e-13 -0.003164076845)
(0.0003673769065 -1.04065194e-13 -0.003164124894)
(0.0003736402386 -1.040782044e-13 -0.003164164326)
(0.0003782943306 -1.040877454e-13 -0.003164193626)
(0.0003811602661 -1.040939253e-13 -0.003164211669)
(0.000382128001 -1.040958852e-13 -0.003164217762)
(0.0003811602661 -1.040939253e-13 -0.003164211669)
(0.0003782943306 -1.040877454e-13 -0.003164193626)
(0.0003736402386 -1.040782044e-13 -0.003164164326)
(0.0003673769065 -1.04065194e-13 -0.003164124894)
(0.000359744946 -1.040491478e-13 -0.003164076845)
(0.0003510377245 -1.040304995e-13 -0.003164022027)
(0.0003415899202 -1.040105502e-13 -0.003163962547)
(0.0003317644903 -1.039897335e-13 -0.003163900689)
(0.0003219390605 -1.039689168e-13 -0.003163838832)
(0.0003124912562 -1.039498349e-13 -0.003163779351)
(0.0003037840347 -1.039311866e-13 -0.003163724533)
(0.0002961520742 -1.039151404e-13 -0.003163676485)
(0.0002898887421 -1.0390213e-13 -0.003163637053)
(0.0002852346501 -1.038921553e-13 -0.003163607752)
(0.0002823687145 -1.038861922e-13 -0.003163589709)
(0.0002898448594 -1.126674003e-13 -0.003748544267)
(0.0002909075107 -1.126695308e-13 -0.003748551613)
(0.0002940545405 -1.126757108e-13 -0.003748573369)
(0.0002991651111 -1.126854686e-13 -0.0037486087)
(0.0003060427579 -1.126989127e-13 -0.003748656246)
(0.0003144232697 -1.127149589e-13 -0.003748714183)
(0.0003239845052 -1.127336072e-13 -0.003748780282)
(0.0003343589608 -1.127535565e-13 -0.003748852003)
(0.00034514808 -1.127743732e-13 -0.00374892659)
(0.0003559371991 -1.127951899e-13 -0.003749001178)
(0.0003663116547 -1.128151392e-13 -0.003749072899)
(0.0003758728903 -1.128337875e-13 -0.003749138998)
(0.000384253402 -1.128498336e-13 -0.003749196934)
(0.0003911310488 -1.128632778e-13 -0.003749244481)
(0.0003962416194 -1.128730356e-13 -0.003749279812)
(0.0003993886492 -1.128792155e-13 -0.003749301568)
(0.0004004513006 -1.128811602e-13 -0.003749308914)
(0.0003993886492 -1.128792155e-13 -0.003749301568)
(0.0003962416194 -1.128730356e-13 -0.003749279812)
(0.0003911310488 -1.128632778e-13 -0.003749244481)
(0.000384253402 -1.128498336e-13 -0.003749196934)
(0.0003758728903 -1.128337875e-13 -0.003749138998)
(0.0003663116547 -1.128151392e-13 -0.003749072899)
(0.0003559371991 -1.127951899e-13 -0.003749001178)
(0.00034514808 -1.127743732e-13 -0.00374892659)
(0.0003343589608 -1.127535565e-13 -0.003748852003)
(0.0003239845052 -1.127336072e-13 -0.003748780282)
(0.0003144232697 -1.127149589e-13 -0.003748714183)
(0.0003060427579 -1.126989127e-13 -0.003748656246)
(0.0002991651111 -1.126854686e-13 -0.0037486087)
(0.0002940545405 -1.126757108e-13 -0.003748573369)
(0.0002909075107 -1.126695308e-13 -0.003748551613)
(0.0002974857193 -1.199509619e-13 -0.004388435937)
(0.0002986441178 -1.199530926e-13 -0.004388444667)
(0.0003020747017 -1.199591641e-13 -0.00438847052)
(0.0003076457456 -1.199691388e-13 -0.004388512505)
(0.0003151430829 -1.199825829e-13 -0.004388569006)
(0.0003242786967 -1.199990628e-13 -0.004388637854)
(0.0003347014199 -1.20017711e-13 -0.004388716402)
(0.000346010636 -1.200376604e-13 -0.00438880163)
(0.0003577718777 -1.20058477e-13 -0.004388890265)
(0.0003695331194 -1.200792937e-13 -0.0043889789)
(0.0003808423355 -1.201001104e-13 -0.004389064129)
(0.0003912650588 -1.201187587e-13 -0.004389142676)
(0.0004004006725 -1.201352386e-13 -0.004389211524)
(0.0004078980099 -1.201486827e-13 -0.004389268025)
(0.0004134690538 -1.201582236e-13 -0.00438931001)
(0.0004168996376 -1.201642952e-13 -0.004389335863)
(0.0004180580362 -1.201664074e-13 -0.004389344593)
(0.0004168996376 -1.201642952e-13 -0.004389335863)
(0.0004134690538 -1.201582236e-13 -0.00438931001)
(0.0004078980099 -1.201486827e-13 -0.004389268025)
(0.0004004006725 -1.201352386e-13 -0.004389211524)
(0.0003912650588 -1.201187587e-13 -0.004389142676)
(0.0003808423355 -1.201001104e-13 -0.004389064129)
(0.0003695331194 -1.200792937e-13 -0.0043889789)
(0.0003577718777 -1.20058477e-13 -0.004388890265)
(0.000346010636 -1.200376604e-13 -0.00438880163)
(0.0003347014199 -1.20017711e-13 -0.004388716402)
(0.0003242786967 -1.199990628e-13 -0.004388637854)
(0.0003151430829 -1.199825829e-13 -0.004388569006)
(0.0003076457456 -1.199691388e-13 -0.004388512505)
(0.0003020747017 -1.199591641e-13 -0.00438847052)
(0.0002986441178 -1.199530926e-13 -0.004388444667)
(0.0003042809856 -1.25301969e-13 -0.005083484295)
(0.0003055353552 -1.25304064e-13 -0.005083494532)
(0.0003092501563 -1.253101355e-13 -0.005083524847)
(0.0003152827504 -1.253198934e-13 -0.005083574076)
(0.0003234012277 -1.253333375e-13 -0.005083640328)
(0.0003332937093 -1.253498173e-13 -0.005083721057)
(0.000344579935 -1.253684656e-13 -0.00508381316)
(0.0003568260977 -1.253892823e-13 -0.005083913097)
(0.0003695617356 -1.25410099e-13 -0.005084017027)
(0.0003822973734 -1.254309157e-13 -0.005084120958)
(0.0003945435362 -1.254517323e-13 -0.005084220895)
(0.0004058297618 -1.254703806e-13 -0.005084312997)
(0.0004157222435 -1.254868605e-13 -0.005084393726)
(0.0004238407208 -1.255003046e-13 -0.005084459978)
(0.0004298733149 -1.255104961e-13 -0.005084509208)
(0.000433588116 -1.255165676e-13 -0.005084539523)
(0.0004348424856 -1.2551867e-13 -0.00508454976)
(0.000433588116 -1.255165676e-13 -0.005084539523)
(0.0004298733149 -1.255104961e-13 -0.005084509208)
(0.0004238407208 -1.255003046e-13 -0.005084459978)
(0.0004157222435 -1.254868605e-13 -0.005084393726)
(0.0004058297618 -1.254703806e-13 -0.005084312997)
(0.0003945435362 -1.254517323e-13 -0.005084220895)
(0.0003822973734 -1.254309157e-13 -0.005084120958)
(0.0003695617356 -1.25410099e-13 -0.005084017027)
(0.0003568260977 -1.253892823e-13 -0.005083913097)
(0.000344579935 -1.253684656e-13 -0.00508381316)
(0.0003332937093 -1.253498173e-13 -0.005083721057)
(0.0003234012277 -1.253333375e-13 -0.005083640328)
(0.0003152827504 -1.253198934e-13 -0.005083574076)
(0.0003092501563 -1.253101355e-13 -0.005083524847)
(0.0003055353552 -1.25304064e-13 -0.005083494532)
(0.0003101935837 -1.28291916e-13 -0.005833908481)
(0.0003115436206 -1.282940768e-13 -0.005833920339)
(0.0003155417392 -1.283001483e-13 -0.005833955455)
(0.0003220344225 -1.283105566e-13 -0.005834012481)
(0.0003307720735 -1.283240007e-13 -0.005834089224)
(0.0003414190273 -1.283404806e-13 -0.005834182738)
(0.000353566022 -1.283591289e-13 -0.005834289426)
(0.0003667461656 -1.283799456e-13 -0.005834405189)
(0.0003804531152 -1.284007622e-13 -0.005834525579)
(0.0003941600648 -1.284215789e-13 -0.005834645969)
(0.0004073402084 -1.284423956e-13 -0.005834761731)
(0.0004194872031 -1.284610439e-13 -0.00583486842)
(0.0004301341569 -1.284775238e-13 -0.005834961933)
(0.0004388718079 -1.284909679e-13 -0.005835038677)
(0.0004453644912 -1.285009425e-13 -0.005835095703)
(0.0004493626098 -1.285072309e-13 -0.005835130819)
(0.0004507126467 -1.285093385e-13 -0.005835142676)
(0.0004493626098 -1.285072309e-13 -0.005835130819)
(0.0004453644912 -1.285009425e-13 -0.005835095703)
(0.0004388718079 -1.284909679e-13 -0.005835038677)
(0.0004301341569 -1.284775238e-13 -0.005834961933)
(0.0004194872031 -1.284610439e-13 -0.00583486842)
(0.0004073402084 -1.284423956e-13 -0.005834761731)
(0.0003941600648 -1.284215789e-13 -0.005834645969)
(0.0003804531152 -1.284007622e-13 -0.005834525579)
(0.0003667461656 -1.283799456e-13 -0.005834405189)
(0.000353566022 -1.283591289e-13 -0.005834289426)
(0.0003414190273 -1.283404806e-13 -0.005834182738)
(0.0003307720735 -1.283240007e-13 -0.005834089224)
(0.0003220344225 -1.283105566e-13 -0.005834012481)
(0.0003155417392 -1.283001483e-13 -0.005833955455)
(0.0003115436206 -1.282940768e-13 -0.005833920339)
(0.0003151844671 -1.285045912e-13 -0.006639036827)
(0.0003166293185 -1.285065804e-13 -0.006639050409)
(0.0003209082293 -1.285130856e-13 -0.006639090631)
(0.0003278569006 -1.285226266e-13 -0.006639155949)
(0.0003372082061 -1.285365044e-13 -0.006639243852)
(0.0003486029067 -1.285529842e-13 -0.006639350963)
(0.0003616029978 -1.285716325e-13 -0.006639473165)
(0.0003757087969 -1.285924492e-13 -0.00663960576)
(0.0003903784001 -1.286132659e-13 -0.006639743655)
(0.0004050480033 -1.286340826e-13 -0.006639881551)
(0.0004191538024 -1.286548992e-13 -0.006640014146)
(0.0004321538935 -1.286735475e-13 -0.006640136348)
(0.0004435485941 -1.286900274e-13 -0.006640243459)
(0.0004528998996 -1.287039052e-13 -0.006640331362)
(0.0004598485709 -1.287138798e-13 -0.00664039668)
(0.0004641274817 -1.287199514e-13 -0.006640436902)
(0.0004655723331 -1.287221103e-13 -0.006640450484)
(0.0004641274817 -1.287199514e-13 -0.006640436902)
(0.0004598485709 -1.287138798e-13 -0.00664039668)
(0.0004528998996 -1.287039052e-13 -0.006640331362)
(0.0004435485941 -1.286900274e-13 -0.006640243459)
(0.0004321538935 -1.286735475e-13 -0.006640136348)
(0.0004191538024 -1.286548992e-13 -0.006640014146)
(0.0004050480033 -1.286340826e-13 -0.006639881551)
(0.0003903784001 -1.286132659e-13 -0.006639743655)
(0.0003757087969 -1.285924492e-13 -0.00663960576)
(0.0003616029978 -1.285716325e-13 -0.006639473165)
(0.0003486029067 -1.285529842e-13 -0.006639350963)
(0.0003372082061 -1.285365044e-13 -0.006639243852)
(0.0003278569006 -1.285226266e-13 -0.006639155949)
(0.0003209082293 -1.285130856e-13 -0.006639090631)
(0.0003166293185 -1.285065804e-13 -0.006639050409)
(0.0003192222296 -1.255520132e-13 -0.007498629389)
(0.0003207606517 -1.25554081e-13 -0.007498644787)
(0.0003253166707 -1.255601526e-13 -0.007498690388)
(0.0003327153477 -1.255705609e-13 -0.007498764441)
(0.0003426722569 -1.25584005e-13 -0.007498864099)
(0.0003548048943 -1.256004849e-13 -0.007498985534)
(0.0003686468896 -1.256191332e-13 -0.007499124078)
(0.0003836662 -1.256399498e-13 -0.007499274406)
(0.0003992858273 -1.256607665e-13 -0.007499430742)
(0.0004149054546 -1.256815832e-13 -0.007499587078)
(0.000429924765 -1.257023999e-13 -0.007499737406)
(0.0004437667602 -1.257210482e-13 -0.007499875949)
(0.0004558993976 -1.25737528e-13 -0.007499997384)
(0.0004658563068 -1.257509721e-13 -0.007500097043)
(0.0004732549839 -1.257605131e-13 -0.007500171096)
(0.0004778110029 -1.257668015e-13 -0.007500216697)
(0.0004793494249 -1.257689313e-13 -0.007500232095)
(0.0004778110029 -1.257668015e-13 -0.007500216697)
(0.0004732549839 -1.257605131e-13 -0.007500171096)
(0.0004658563068 -1.257509721e-13 -0.007500097043)
(0.0004558993976 -1.25737528e-13 -0.007499997384)
(0.0004437667602 -1.257210482e-13 -0.007499875949)
(0.000429924765 -1.257023999e-13 -0.007499737406)
(0.0004149054546 -1.256815832e-13 -0.007499587078)
(0.0003992858273 -1.256607665e-13 -0.007499430742)
(0.0003836662 -1.256399498e-13 -0.007499274406)
(0.0003686468896 -1.256191332e-13 -0.007499124078)
(0.0003548048943 -1.256004849e-13 -0.007498985534)
(0.0003426722569 -1.25584005e-13 -0.007498864099)
(0.0003327153477 -1.255705609e-13 -0.007498764441)
(0.0003253166707 -1.255601526e-13 -0.007498690388)
(0.0003207606517 -1.25554081e-13 -0.007498644787)
(0.0003222737131 -1.190849663e-13 -0.008411469575)
(0.0003239040727 -1.190870319e-13 -0.008411486868)
(0.0003287323638 -1.190933203e-13 -0.008411538083)
(0.000336573193 -1.191030781e-13 -0.008411621252)
(0.0003471251368 -1.191165222e-13 -0.008411733179)
(0.0003599828324 -1.191330021e-13 -0.008411869564)
(0.0003746520387 -1.191516504e-13 -0.008412025163)
(0.0003905689177 -1.191720334e-13 -0.008412193997)
(0.0004071219891 -1.1919285e-13 -0.00841236958)
(0.0004236750605 -1.192136667e-13 -0.008412545162)
(0.0004395919395 -1.192340497e-13 -0.008412713996)
(0.0004542611458 -1.19252698e-13 -0.008412869595)
(0.0004671188414 -1.192691779e-13 -0.00841300598)
(0.0004776707852 -1.19282622e-13 -0.008413117907)
(0.0004855116144 -1.192923798e-13 -0.008413201076)
(0.0004903399055 -1.192984513e-13 -0.008413252291)
(0.0004919702651 -1.193005331e-13 -0.008413269584)
(0.0004903399055 -1.192984513e-13 -0.008413252291)
(0.0004855116144 -1.192923798e-13 -0.008413201076)
(0.0004776707852 -1.19282622e-13 -0.008413117907)
(0.0004671188414 -1.192691779e-13 -0.00841300598)
(0.0004542611458 -1.19252698e-13 -0.008412869595)
(0.0004395919395 -1.192340497e-13 -0.008412713996)
(0.0004236750605 -1.192136667e-13 -0.008412545162)
(0.0004071219891 -1.1919285e-13 -0.00841236958)
(0.0003905689177 -1.191720334e-13 -0.008412193997)
(0.0003746520387 -1.191516504e-13 -0.008412025163)
(0.0003599828324 -1.191330021e-13 -0.008411869564)
(0.0003471251368 -1.191165222e-13 -0.008411733179)
(0.000336573193 -1.191030781e-13 -0.008411621252)
(0.0003287323638 -1.190933203e-13 -0.008411538083)
(0.0003239040727 -1.190870319e-13 -0.008411486868)
(0.0003243105177 -1.087946984e-13 -0.009376969568)
(0.0003260309754 -1.087967607e-13 -0.009376988826)
(0.0003311260908 -1.088027238e-13 -0.009377045858)
(0.0003394002253 -1.088126984e-13 -0.009377138475)
(0.0003505352978 -1.088261425e-13 -0.009377263116)
(0.0003641035442 -1.088421887e-13 -0.009377414993)
(0.0003795834103 -1.08860837e-13 -0.009377588268)
(0.0003963798988 -1.088807863e-13 -0.00937777628)
(0.0004138477373 -1.08901603e-13 -0.009377971807)
(0.0004313155759 -1.089224197e-13 -0.009378167335)
(0.0004481120644 -1.08942369e-13 -0.009378355347)
(0.0004635919304 -1.089610173e-13 -0.009378528622)
(0.0004771601769 -1.089770635e-13 -0.009378680499)
(0.0004882952493 -1.089905076e-13 -0.00937880514)
(0.0004965693838 -1.090000486e-13 -0.009378897757)
(0.0005016644993 -1.090060117e-13 -0.009378954789)
(0.000503384957 -1.090081306e-13 -0.009378974047)
(0.0005016644993 -1.090060117e-13 -0.009378954789)
(0.0004965693838 -1.090000486e-13 -0.009378897757)
(0.0004882952493 -1.089905076e-13 -0.00937880514)
(0.0004771601769 -1.089770635e-13 -0.009378680499)
(0.0004635919304 -1.089610173e-13 -0.009378528622)
(0.0004481120644 -1.08942369e-13 -0.009378355347)
(0.0004313155759 -1.089224197e-13 -0.009378167335)
(0.0004138477373 -1.08901603e-13 -0.009377971807)
(0.0003963798988 -1.088807863e-13 -0.00937777628)
(0.0003795834103 -1.08860837e-13 -0.009377588268)
(0.0003641035442 -1.088421887e-13 -0.009377414993)
(0.0003505352978 -1.088261425e-13 -0.009377263116)
(0.0003394002253 -1.088126984e-13 -0.009377138475)
(0.0003311260908 -1.088027238e-13 -0.009377045858)
(0.0003260309754 -1.087967607e-13 -0.009376988826)
(0.0003253025624 -9.4428255e-14 -0.01039358104)
(0.0003271110958 -9.443032294e-14 -0.01039360233)
(0.0003324670465 -9.443617763e-14 -0.01039366535)
(0.0003411647602 -9.444615229e-14 -0.01039376769)
(0.0003528698725 -9.445916271e-14 -0.01039390542)
(0.0003671327207 -9.447520891e-14 -0.01039407325)
(0.0003834050504 -9.44934235e-14 -0.01039426472)
(0.0004010614046 -9.451293914e-14 -0.01039447248)
(0.0004194234775 -9.453375582e-14 -0.01039468854)
(0.0004377855503 -9.455457251e-14 -0.0103949046)
(0.0004554419045 -9.457408814e-14 -0.01039511236)
(0.0004717142343 -9.459230274e-14 -0.01039530383)
(0.0004859770824 -9.460834893e-14 -0.01039547166)
(0.0004976821947 -9.462135936e-14 -0.01039560939)
(0.0005063799085 -9.463046666e-14 -0.01039571174)
(0.0005117358591 -9.463675503e-14 -0.01039577476)
(0.0005135443925 -9.463875446e-14 -0.01039579604)
(0.0005117358591 -9.463675503e-14 -0.01039577476)
(0.0005063799085 -9.463046666e-14 -0.01039571174)
(0.0004976821947 -9.462135936e-14 -0.01039560939)
(0.0004859770824 -9.460834893e-14 -0.01039547166)
(0.0004717142342 -9.459230274e-14 -0.01039530383)
(0.0004554419045 -9.457408814e-14 -0.01039511236)
(0.0004377855503 -9.455457251e-14 -0.0103949046)
(0.0004194234775 -9.453375582e-14 -0.01039468854)
(0.0004010614046 -9.451293914e-14 -0.01039447248)
(0.0003834050504 -9.44934235e-14 -0.01039426472)
(0.0003671327207 -9.447520891e-14 -0.01039407325)
(0.0003528698725 -9.445916271e-14 -0.01039390542)
(0.0003411647602 -9.444615229e-14 -0.01039376769)
(0.0003324670465 -9.443617763e-14 -0.01039366535)
(0.0003271110958 -9.443032294e-14 -0.01039360233)
(0.0003252206206 -7.576648355e-14 -0.01146059941)
(0.0003271152122 -7.576849304e-14 -0.01146062276)
(0.0003327260232 -7.577445615e-14 -0.01146069193)
(0.0003418376136 -7.578399713e-14 -0.01146080424)
(0.0003540997082 -7.579657388e-14 -0.0114609554)
(0.0003690412474 -7.581262007e-14 -0.01146113958)
(0.0003860878883 -7.583040099e-14 -0.01146134971)
(0.0004045844119 -7.584991663e-14 -0.01146157771)
(0.0004238202354 -7.586986595e-14 -0.01146181483)
(0.0004430560589 -7.588981527e-14 -0.01146205195)
(0.0004615525825 -7.59093309e-14 -0.01146227995)
(0.0004785992234 -7.592711182e-14 -0.01146249008)
(0.0004935407626 -7.594315801e-14 -0.01146267426)
(0.0005058028572 -7.595573476e-14 -0.01146282541)
(0.0005149144476 -7.596527574e-14 -0.01146293773)
(0.0005205252586 -7.597123885e-14 -0.0114630069)
(0.0005224198502 -7.597324855e-14 -0.01146303025)
(0.0005205252586 -7.597123885e-14 -0.0114630069)
(0.0005149144476 -7.596527574e-14 -0.01146293773)
(0.0005058028572 -7.595573476e-14 -0.01146282541)
(0.0004935407626 -7.594315801e-14 -0.01146267426)
(0.0004785992234 -7.592711182e-14 -0.01146249008)
(0.0004615525825 -7.59093309e-14 -0.01146227995)
(0.0004430560589 -7.588981527e-14 -0.01146205195)
(0.0004238202354 -7.586986595e-14 -0.01146181483)
(0.0004045844119 -7.584991663e-14 -0.01146157771)
(0.0003860878883 -7.583040099e-14 -0.01146134971)
(0.0003690412474 -7.581262007e-14 -0.01146113958)
(0.0003540997082 -7.579657388e-14 -0.0114609554)
(0.0003418376136 -7.578399713e-14 -0.01146080424)
(0.0003327260232 -7.577445615e-14 -0.01146069193)
(0.0003271152122 -7.576849304e-14 -0.01146062276)
(0.0003240334925 -5.264136532e-14 -0.01257638836)
(0.0003260121525 -5.264332806e-14 -0.01257641384)
(0.0003318719313 -5.26488575e-14 -0.01257648928)
(0.000341387829 -5.265839848e-14 -0.01257661178)
(0.0003541940277 -5.267097522e-14 -0.01257677665)
(0.0003697985656 -5.268615405e-14 -0.01257697754)
(0.0003876016146 -5.270393497e-14 -0.01257720674)
(0.0004069188817 -5.272258324e-14 -0.01257745543)
(0.0004270082536 -5.274253256e-14 -0.01257771406)
(0.0004470976255 -5.276248188e-14 -0.01257797269)
(0.0004664148927 -5.278113016e-14 -0.01257822138)
(0.0004842179417 -5.279891108e-14 -0.01257845058)
(0.0004998224795 -5.281408991e-14 -0.01257865147)
(0.0005126286783 -5.282666665e-14 -0.01257881633)
(0.000522144576 -5.283577395e-14 -0.01257893884)
(0.0005280043547 -5.284173706e-14 -0.01257901428)
(0.0005299830148 -5.284359911e-14 -0.01257903975)
(0.0005280043547 -5.284173706e-14 -0.01257901428)
(0.000522144576 -5.283577395e-14 -0.01257893884)
(0.0005126286783 -5.282666665e-14 -0.01257881633)
(0.0004998224795 -5.281408991e-14 -0.01257865147)
(0.0004842179417 -5.279891108e-14 -0.01257845058)
(0.0004664148927 -5.278113016e-14 -0.01257822138)
(0.0004470976255 -5.276248188e-14 -0.01257797269)
(0.0004270082536 -5.274253256e-14 -0.01257771406)
(0.0004069188817 -5.272258324e-14 -0.01257745543)
(0.0003876016146 -5.270393497e-14 -0.01257720674)
(0.0003697985656 -5.268615405e-14 -0.01257697754)
(0.0003541940277 -5.267097522e-14 -0.01257677665)
(0.000341387829 -5.265839848e-14 -0.01257661178)
(0.0003318719313 -5.26488575e-14 -0.01257648928)
(0.0003260121525 -5.264332806e-14 -0.01257641384)
(0.0003217069543 -2.488565923e-14 -0.01374036075)
(0.0003237678856 -2.488753561e-14 -0.01374038839)
(0.0003298713099 -2.489328188e-14 -0.01374047023)
(0.0003397828719 -2.490238918e-14 -0.01374060314)
(0.0003531215433 -2.491453224e-14 -0.013740782)
(0.0003693749069 -2.492971107e-14 -0.01374099995)
(0.0003879181942 -2.494662463e-14 -0.01374124861)
(0.0004080386597 -2.49652729e-14 -0.01374151841)
(0.0004289633335 -2.498435486e-14 -0.013741799)
(0.0004498880074 -2.500343682e-14 -0.01374207959)
(0.0004700084729 -2.50220851e-14 -0.01374234939)
(0.0004885517602 -2.503899865e-14 -0.01374259805)
(0.0005048051237 -2.505417748e-14 -0.013742816)
(0.0005181437952 -2.506632055e-14 -0.01374299486)
(0.0005280553572 -2.507499416e-14 -0.01374312777)
(0.0005341587815 -2.508074044e-14 -0.01374320961)
(0.0005362197128 -2.508256584e-14 -0.01374323725)
(0.0005341587815 -2.508074044e-14 -0.01374320961)
(0.0005280553572 -2.507499416e-14 -0.01374312777)
(0.0005181437952 -2.506632055e-14 -0.01374299486)
(0.0005048051237 -2.505417748e-14 -0.013742816)
(0.0004885517601 -2.503899865e-14 -0.01374259805)
(0.0004700084729 -2.50220851e-14 -0.01374234939)
(0.0004498880074 -2.500343682e-14 -0.01374207959)
(0.0004289633335 -2.498435486e-14 -0.013741799)
(0.0004080386597 -2.49652729e-14 -0.01374151841)
(0.0003879181942 -2.494662463e-14 -0.01374124861)
(0.0003693749069 -2.492971107e-14 -0.01374099995)
(0.0003531215433 -2.491453224e-14 -0.013740782)
(0.0003397828719 -2.490238918e-14 -0.01374060314)
(0.0003298713099 -2.489328188e-14 -0.01374047023)
(0.0003237678856 -2.488753561e-14 -0.01374038839)
(0.0003182055052 7.652543345e-15 -0.01495100817)
(0.0003203470945 7.65078105e-15 -0.01495103801)
(0.0003266893862 7.645143199e-15 -0.01495112639)
(0.0003369888533 7.636252741e-15 -0.0149512699)
(0.0003508495554 7.624543358e-15 -0.01495146304)
(0.0003677390209 7.609798208e-15 -0.01495169839)
(0.0003870080299 7.593318335e-15 -0.01495196689)
(0.0004079159426 7.57553742e-15 -0.01495225823)
(0.0004296595376 7.557322823e-15 -0.01495256122)
(0.0004514031327 7.539108227e-15 -0.0149528642)
(0.0004723110454 7.520459949e-15 -0.01495315554)
(0.0004915800544 7.503980076e-15 -0.01495342405)
(0.0005084695198 7.489234927e-15 -0.01495365939)
(0.0005223302219 7.477525543e-15 -0.01495385254)
(0.000532629689 7.469068766e-15 -0.01495399605)
(0.0005389719808 7.463647755e-15 -0.01495408443)
(0.00054111357 7.461763936e-15 -0.01495411427)
(0.0005389719808 7.463647755e-15 -0.01495408443)
(0.000532629689 7.469068766e-15 -0.01495399605)
(0.0005223302219 7.477525543e-15 -0.01495385254)
(0.0005084695198 7.489234927e-15 -0.01495365939)
(0.0004915800544 7.503980076e-15 -0.01495342405)
(0.0004723110454 7.520459949e-15 -0.01495315554)
(0.0004514031327 7.539108227e-15 -0.0149528642)
(0.0004296595376 7.557322823e-15 -0.01495256122)
(0.0004079159426 7.57553742e-15 -0.01495225823)
(0.0003870080299 7.593318335e-15 -0.01495196689)
(0.0003677390208 7.609798208e-15 -0.01495169839)
(0.0003508495554 7.624543358e-15 -0.01495146304)
(0.0003369888533 7.636252741e-15 -0.0149512699)
(0.0003266893862 7.645143199e-15 -0.01495112639)
(0.0003203470945 7.65078105e-15 -0.01495103801)
(0.0003134883124 4.519606787e-14 -0.01620803221)
(0.00031570924 4.519420862e-14 -0.01620806431)
(0.0003222864912 4.518932971e-14 -0.01620815936)
(0.0003329675172 4.518043925e-14 -0.01620831371)
(0.0003473417093 4.516916355e-14 -0.01620852143)
(0.0003648568697 4.515528576e-14 -0.01620877454)
(0.0003848397273 4.513923957e-14 -0.01620906331)
(0.0004065222043 4.512189233e-14 -0.01620937664)
(0.0004290713227 4.510367774e-14 -0.01620970249)
(0.000451620441 4.508546314e-14 -0.01621002835)
(0.000473302918 4.506898327e-14 -0.01621034168)
(0.0004932857756 4.505293708e-14 -0.01621063045)
(0.000510800936 4.503905929e-14 -0.01621088356)
(0.0005251751282 4.502778359e-14 -0.01621109128)
(0.0005358561541 4.501932681e-14 -0.01621124563)
(0.0005424334053 4.501401422e-14 -0.01621134068)
(0.0005446543329 4.501224102e-14 -0.01621137277)
(0.0005424334053 4.501401422e-14 -0.01621134068)
(0.0005358561541 4.501932681e-14 -0.01621124563)
(0.0005251751282 4.502778359e-14 -0.01621109128)
(0.000510800936 4.503905929e-14 -0.01621088356)
(0.0004932857756 4.505293708e-14 -0.01621063045)
(0.000473302918 4.506898327e-14 -0.01621034168)
(0.000451620441 4.508546314e-14 -0.01621002835)
(0.0004290713226 4.510367774e-14 -0.01620970249)
(0.0004065222043 4.512189233e-14 -0.01620937664)
(0.0003848397273 4.513923957e-14 -0.01620906331)
(0.0003648568697 4.515528576e-14 -0.01620877454)
(0.0003473417093 4.516916355e-14 -0.01620852143)
(0.0003329675171 4.518043925e-14 -0.01620831371)
(0.0003222864912 4.518932971e-14 -0.01620815936)
(0.00031570924 4.519420862e-14 -0.01620806431)
(0.0003075165921 8.802290496e-14 -0.0175101682)
(0.0003098157591 8.802117021e-14 -0.0175102026)
(0.0003166247155 8.801618288e-14 -0.01751030446)
(0.0003276820155 8.800815979e-14 -0.01751046988)
(0.0003425625855 8.799688409e-14 -0.01751069249)
(0.0003606947747 8.798387366e-14 -0.01751096376)
(0.0003813815939 8.796869483e-14 -0.01751127323)
(0.0004038279069 8.795221496e-14 -0.01751160904)
(0.0004271713917 8.793486772e-14 -0.01751195826)
(0.0004505148765 8.791752049e-14 -0.01751230748)
(0.0004729611896 8.790104061e-14 -0.01751264328)
(0.0004936480087 8.788586178e-14 -0.01751295276)
(0.0005117801979 8.787285136e-14 -0.01751322402)
(0.0005266607679 8.786157565e-14 -0.01751344664)
(0.000537718068 8.785355256e-14 -0.01751361206)
(0.0005445270243 8.784856523e-14 -0.01751371392)
(0.0005468261913 8.784689791e-14 -0.01751374832)
(0.0005445270243 8.784856523e-14 -0.01751371392)
(0.0005377180679 8.785355256e-14 -0.01751361206)
(0.0005266607679 8.786157565e-14 -0.01751344664)
(0.0005117801979 8.787285136e-14 -0.01751322402)
(0.0004936480087 8.788586178e-14 -0.01751295276)
(0.0004729611895 8.790104061e-14 -0.01751264328)
(0.0004505148765 8.791752049e-14 -0.01751230748)
(0.0004271713917 8.793486772e-14 -0.01751195826)
(0.0004038279069 8.795221496e-14 -0.01751160904)
(0.0003813815939 8.796869483e-14 -0.01751127323)
(0.0003606947747 8.798387366e-14 -0.01751096376)
(0.0003425625855 8.799688409e-14 -0.01751069249)
(0.0003276820155 8.800815979e-14 -0.01751046988)
(0.0003166247155 8.801618288e-14 -0.01751030446)
(0.0003098157591 8.802117021e-14 -0.0175102026)
(0.000300246987 1.365857832e-13 -0.01885744269)
(0.0003026235434 1.365841034e-13 -0.01885747944)
(0.0003096616876 1.365793329e-13 -0.01885758828)
(0.0003210911736 1.365717435e-13 -0.01885776502)
(0.00033647262 1.365613352e-13 -0.01885800288)
(0.0003552151343 1.365487584e-13 -0.01885829271)
(0.0003765982668 1.365344469e-13 -0.01885862338)
(0.0003998001174 1.365184008e-13 -0.01885898217)
(0.0004239293382 1.365019209e-13 -0.01885935531)
(0.000448058559 1.36485441e-13 -0.01885972844)
(0.0004712604095 1.364702622e-13 -0.01886008724)
(0.000492643542 1.364559507e-13 -0.0188604179)
(0.0005113860563 1.36443374e-13 -0.01886070774)
(0.0005267675027 1.364329656e-13 -0.0188609456)
(0.0005381969888 1.364249425e-13 -0.01886112234)
(0.000545235133 1.36420172e-13 -0.01886123118)
(0.0005476116894 1.364185388e-13 -0.01886126793)
(0.000545235133 1.36420172e-13 -0.01886123118)
(0.0005381969888 1.364249425e-13 -0.01886112234)
(0.0005267675027 1.364329656e-13 -0.0188609456)
(0.0005113860563 1.36443374e-13 -0.01886070774)
(0.000492643542 1.364559507e-13 -0.0188604179)
(0.0004712604095 1.364702622e-13 -0.01886008724)
(0.000448058559 1.36485441e-13 -0.01885972844)
(0.0004239293382 1.365019209e-13 -0.01885935531)
(0.0003998001174 1.365184008e-13 -0.01885898217)
(0.0003765982668 1.365344469e-13 -0.01885862338)
(0.0003552151343 1.365487584e-13 -0.01885829271)
(0.00033647262 1.365613352e-13 -0.01885800288)
(0.0003210911736 1.365717435e-13 -0.01885776502)
(0.0003096616876 1.365793329e-13 -0.01885758828)
(0.0003026235434 1.365841034e-13 -0.01885747944)
(0.0002916453325 1.914908515e-13 -0.02024878363)
(0.0002940985192 1.914894025e-13 -0.02024882279)
(0.0003013636034 1.914848488e-13 -0.02024893876)
(0.0003131616251 1.914774762e-13 -0.02024912709)
(0.0003290390354 1.914675016e-13 -0.02024938054)
(0.0003483858888 1.914557922e-13 -0.02024968937)
(0.0003704585052 1.914419144e-13 -0.02025004171)
(0.000394408483 1.914276029e-13 -0.02025042402)
(0.0004193157335 1.914119904e-13 -0.02025082162)
(0.0004442229839 1.913963779e-13 -0.02025121921)
(0.0004681729617 1.913820664e-13 -0.02025160152)
(0.0004902455782 1.913681887e-13 -0.02025195386)
(0.0005095924315 1.913564793e-13 -0.02025226269)
(0.0005254698418 1.913465046e-13 -0.02025251614)
(0.0005372678635 1.913395657e-13 -0.02025270447)
(0.0005445329477 1.913350121e-13 -0.02025282044)
(0.0005469861345 1.9133341e-13 -0.0202528596)
(0.0005445329477 1.913350121e-13 -0.02025282044)
(0.0005372678635 1.913395657e-13 -0.02025270447)
(0.0005254698418 1.913465046e-13 -0.02025251614)
(0.0005095924315 1.913564793e-13 -0.02025226269)
(0.0004902455781 1.913681887e-13 -0.02025195386)
(0.0004681729617 1.913820664e-13 -0.02025160152)
(0.0004442229839 1.913963779e-13 -0.02025121921)
(0.0004193157335 1.914119904e-13 -0.02025082162)
(0.000394408483 1.914276029e-13 -0.02025042402)
(0.0003704585052 1.914419144e-13 -0.02025004171)
(0.0003483858888 1.914557922e-13 -0.02024968937)
(0.0003290390354 1.914675016e-13 -0.02024938054)
(0.0003131616251 1.914774762e-13 -0.02024912709)
(0.0003013636034 1.914848488e-13 -0.02024893876)
(0.0002940985192 1.914894025e-13 -0.02024882279)
(0.0002816772892 2.536454135e-13 -0.02168439138)
(0.0002842063784 2.536440025e-13 -0.021684433)
(0.0002916962465 2.536397741e-13 -0.02168455627)
(0.0003038593028 2.536326184e-13 -0.02168475643)
(0.000320227965 2.536235111e-13 -0.02168502581)
(0.0003401734161 2.536126691e-13 -0.02168535406)
(0.0003629289662 2.536000923e-13 -0.02168572854)
(0.0003876199638 2.535862145e-13 -0.02168613488)
(0.0004132978524 2.535723367e-13 -0.02168655747)
(0.000438975741 2.53558459e-13 -0.02168698005)
(0.0004636667386 2.535437138e-13 -0.02168738639)
(0.0004864222887 2.535311371e-13 -0.02168776088)
(0.0005063677398 2.53520295e-13 -0.02168808912)
(0.0005227364021 2.535111877e-13 -0.0216883585)
(0.0005348994583 2.535044657e-13 -0.02168855867)
(0.0005423893264 2.535004541e-13 -0.02168868193)
(0.0005449184156 2.534989497e-13 -0.02168872355)
(0.0005423893264 2.535004541e-13 -0.02168868193)
(0.0005348994583 2.535044657e-13 -0.02168855867)
(0.0005227364021 2.535111877e-13 -0.0216883585)
(0.0005063677398 2.53520295e-13 -0.02168808912)
(0.0004864222887 2.535311371e-13 -0.02168776088)
(0.0004636667386 2.535437138e-13 -0.02168738639)
(0.000438975741 2.53558459e-13 -0.02168698005)
(0.0004132978524 2.535723367e-13 -0.02168655747)
(0.0003876199638 2.535862145e-13 -0.02168613488)
(0.0003629289662 2.536000923e-13 -0.02168572854)
(0.0003401734161 2.536126691e-13 -0.02168535406)
(0.000320227965 2.536235111e-13 -0.02168502581)
(0.0003038593027 2.536326184e-13 -0.02168475643)
(0.0002916962465 2.536397741e-13 -0.02168455627)
(0.0002842063784 2.536440025e-13 -0.021684433)
(0.000270328392 3.242154257e-13 -0.02316314052)
(0.0002729324537 3.242141798e-13 -0.02316318465)
(0.0002806443522 3.242102767e-13 -0.02316331533)
(0.0002931679713 3.242042051e-13 -0.02316352754)
(0.0003100218678 3.241955315e-13 -0.02316381313)
(0.0003305585838 3.241855569e-13 -0.02316416113)
(0.0003539887017 3.241738475e-13 -0.02316455816)
(0.0003794116417 3.241617044e-13 -0.02316498895)
(0.0004058507281 3.24148694e-13 -0.02316543697)
(0.0004322898145 3.241356836e-13 -0.02316588498)
(0.0004577127544 3.241226731e-13 -0.02316631578)
(0.0004811428723 3.241109638e-13 -0.02316671281)
(0.0005016795883 3.241009891e-13 -0.0231670608)
(0.0005185334848 3.240923155e-13 -0.02316734639)
(0.0005310571039 3.24086244e-13 -0.02316755861)
(0.0005387690024 3.240825577e-13 -0.02316768929)
(0.0005413730641 3.240812624e-13 -0.02316773341)
(0.0005387690024 3.240825577e-13 -0.02316768929)
(0.0005310571039 3.24086244e-13 -0.02316755861)
(0.0005185334848 3.240923155e-13 -0.02316734639)
(0.0005016795883 3.241009891e-13 -0.0231670608)
(0.0004811428723 3.241109638e-13 -0.02316671281)
(0.0004577127544 3.241226731e-13 -0.02316631578)
(0.0004322898145 3.241356836e-13 -0.02316588498)
(0.0004058507281 3.24148694e-13 -0.02316543697)
(0.0003794116416 3.241617044e-13 -0.02316498895)
(0.0003539887017 3.241738475e-13 -0.02316455816)
(0.0003305585838 3.241855569e-13 -0.02316416113)
(0.0003100218678 3.241955315e-13 -0.02316381313)
(0.0002931679713 3.242042051e-13 -0.02316352754)
(0.0002806443522 3.242102767e-13 -0.02316331533)
(0.0002729324537 3.242141798e-13 -0.02316318465)
(0.0002575907154 4.047918305e-13 -0.02468507254)
(0.0002602685017 4.047906758e-13 -0.0246851192)
(0.0002681987347 4.047870979e-13 -0.02468525738)
(0.0002810769147 4.047816769e-13 -0.02468548179)
(0.0002984079683 4.047743044e-13 -0.02468578378)
(0.000319526107 4.047651971e-13 -0.02468615177)
(0.0003436195639 4.047547887e-13 -0.02468657161)
(0.0003697622623 4.047439467e-13 -0.02468702715)
(0.0003969498758 4.047318036e-13 -0.0246875009)
(0.0004241374892 4.047196606e-13 -0.02468797464)
(0.0004502801876 4.047088185e-13 -0.02468843019)
(0.0004743736445 4.046984102e-13 -0.02468885002)
(0.0004954917832 4.046893029e-13 -0.02468921801)
(0.0005128228368 4.046819303e-13 -0.02468952)
(0.0005257010168 4.046760756e-13 -0.02468974441)
(0.0005336312498 4.046727146e-13 -0.02468988259)
(0.0005363090361 4.046714594e-13 -0.02468992925)
(0.0005336312498 4.046727146e-13 -0.02468988259)
(0.0005257010168 4.046760756e-13 -0.02468974441)
(0.0005128228368 4.046819303e-13 -0.02468952)
(0.0004954917832 4.046893029e-13 -0.02468921801)
(0.0004743736445 4.046984102e-13 -0.02468885002)
(0.0004502801876 4.047088185e-13 -0.02468843019)
(0.0004241374892 4.047196606e-13 -0.02468797464)
(0.0003969498757 4.047318036e-13 -0.0246875009)
(0.0003697622623 4.047439467e-13 -0.02468702715)
(0.0003436195639 4.047547887e-13 -0.02468657161)
(0.000319526107 4.047651971e-13 -0.02468615177)
(0.0002984079683 4.047743044e-13 -0.02468578378)
(0.0002810769147 4.047816769e-13 -0.02468548179)
(0.0002681987347 4.047870979e-13 -0.02468525738)
(0.0002602685017 4.047906758e-13 -0.0246851192)
(0.0002434877697 4.973030718e-13 -0.02624861788)
(0.0002462374618 4.973021777e-13 -0.02624866708)
(0.000254380643 4.972992504e-13 -0.02624881279)
(0.000267604637 4.972944799e-13 -0.02624904941)
(0.0002854010763 4.972879747e-13 -0.02624936785)
(0.0003070862943 4.972797348e-13 -0.02624975587)
(0.0003318267257 4.972706275e-13 -0.02625019856)
(0.0003586714264 4.972610865e-13 -0.0262506789)
(0.0003865891009 4.972506781e-13 -0.02625117845)
(0.0004145067754 4.972402698e-13 -0.02625167799)
(0.0004413514761 4.972307288e-13 -0.02625215833)
(0.0004660919075 4.972216215e-13 -0.02625260102)
(0.0004877771255 4.972133816e-13 -0.02625298904)
(0.0005055735648 4.972068764e-13 -0.02625330748)
(0.0005187975589 4.972021059e-13 -0.0262535441)
(0.0005269407401 4.971991785e-13 -0.02625368981)
(0.0005296904322 4.971981323e-13 -0.02625373901)
(0.0005269407401 4.971991785e-13 -0.02625368981)
(0.0005187975589 4.972021059e-13 -0.0262535441)
(0.0005055735648 4.972068764e-13 -0.02625330748)
(0.0004877771255 4.972133816e-13 -0.02625298904)
(0.0004660919075 4.972216215e-13 -0.02625260102)
(0.0004413514761 4.972307288e-13 -0.02625215833)
(0.0004145067754 4.972402698e-13 -0.02625167799)
(0.0003865891009 4.972506781e-13 -0.02625117845)
(0.0003586714264 4.972610865e-13 -0.0262506789)
(0.0003318267257 4.972706275e-13 -0.02625019856)
(0.0003070862943 4.972797348e-13 -0.02624975587)
(0.0002854010763 4.972879747e-13 -0.02624936785)
(0.000267604637 4.972944799e-13 -0.02624904941)
(0.000254380643 4.972992504e-13 -0.02624881279)
(0.0002462374617 4.973021777e-13 -0.02624866708)
(0.0002280548438 6.041903834e-13 -0.02785324415)
(0.0002308739556 6.0418955e-13 -0.02785329587)
(0.0002392227225 6.041870563e-13 -0.02785344903)
(0.000252780574 6.041829363e-13 -0.02785369775)
(0.0002710263085 6.041777321e-13 -0.02785403248)
(0.000293258999 6.041707933e-13 -0.02785444035)
(0.000318624036 6.041634207e-13 -0.02785490568)
(0.0003461464674 6.041556144e-13 -0.02785541059)
(0.0003747689612 6.041469408e-13 -0.02785593568)
(0.000403391455 6.041382672e-13 -0.02785646078)
(0.0004309138864 6.041295936e-13 -0.02785696569)
(0.0004562789234 6.04122221e-13 -0.02785743102)
(0.0004785116139 6.041152821e-13 -0.02785783889)
(0.0004967573483 6.041100779e-13 -0.02785817361)
(0.0005103151999 6.04105958e-13 -0.02785842234)
(0.0005186639668 6.041034643e-13 -0.0278585755)
(0.0005214830785 6.041026355e-13 -0.02785862722)
(0.0005186639667 6.041034643e-13 -0.0278585755)
(0.0005103151999 6.04105958e-13 -0.02785842234)
(0.0004967573483 6.041100779e-13 -0.02785817361)
(0.0004785116139 6.041152821e-13 -0.02785783889)
(0.0004562789233 6.04122221e-13 -0.02785743102)
(0.0004309138864 6.041295936e-13 -0.02785696569)
(0.000403391455 6.041382672e-13 -0.02785646078)
(0.0003747689612 6.041469408e-13 -0.02785593568)
(0.0003461464673 6.041556144e-13 -0.02785541059)
(0.000318624036 6.041634207e-13 -0.02785490568)
(0.000293258999 6.041707933e-13 -0.02785444035)
(0.0002710263084 6.041777321e-13 -0.02785403248)
(0.000252780574 6.041829363e-13 -0.02785369775)
(0.0002392227225 6.041870563e-13 -0.02785344903)
(0.0002308739556 6.0418955e-13 -0.02785329587)
(0.0002113660137 7.282445703e-13 -0.02949655309)
(0.0002142512156 7.282439625e-13 -0.02949660727)
(0.0002227957075 7.282419025e-13 -0.0294967677)
(0.0002366714037 7.282386499e-13 -0.02949702822)
(0.0002553448836 7.282343131e-13 -0.02949737883)
(0.0002780987881 7.28229109e-13 -0.02949780606)
(0.0003040584725 7.282230374e-13 -0.02949829347)
(0.0003322261283 7.282169659e-13 -0.02949882234)
(0.0003615196361 7.28210027e-13 -0.02949937235)
(0.0003908131438 7.282030881e-13 -0.02949992236)
(0.0004189807996 7.281970166e-13 -0.02950045123)
(0.000444940484 7.28190945e-13 -0.02950093865)
(0.0004676943885 7.281857409e-13 -0.02950136587)
(0.0004863678684 7.281814041e-13 -0.02950171648)
(0.0005002435646 7.281785851e-13 -0.02950197701)
(0.0005087880565 7.281765252e-13 -0.02950213744)
(0.0005116732583 7.281758036e-13 -0.02950219161)
(0.0005087880565 7.281765252e-13 -0.02950213744)
(0.0005002435646 7.281785851e-13 -0.02950197701)
(0.0004863678684 7.281814041e-13 -0.02950171648)
(0.0004676943885 7.281857409e-13 -0.02950136587)
(0.000444940484 7.28190945e-13 -0.02950093865)
(0.0004189807996 7.281970166e-13 -0.02950045123)
(0.0003908131437 7.282030881e-13 -0.02949992236)
(0.000361519636 7.28210027e-13 -0.02949937235)
(0.0003322261283 7.282169659e-13 -0.02949882234)
(0.0003040584725 7.282230374e-13 -0.02949829347)
(0.0002780987881 7.28229109e-13 -0.02949780606)
(0.0002553448835 7.282343131e-13 -0.02949737883)
(0.0002366714037 7.282386499e-13 -0.02949702822)
(0.0002227957075 7.282419025e-13 -0.0294967677)
(0.0002142512156 7.282439625e-13 -0.02949660727)
(0.0001935054185 8.727861435e-13 -0.03117713408)
(0.0001964525612 8.727855678e-13 -0.03117719061)
(0.0002051804901 8.727842667e-13 -0.031177358)
(0.0002193540762 8.727818815e-13 -0.03117762984)
(0.0002384284469 8.727788457e-13 -0.03117799567)
(0.0002616708427 8.727753763e-13 -0.03117844144)
(0.0002881878415 8.727710395e-13 -0.03117895001)
(0.0003169602135 8.72766269e-13 -0.03117950185)
(0.0003468826077 8.727619322e-13 -0.03118007573)
(0.0003768050019 8.727575954e-13 -0.03118064962)
(0.0004055773739 8.727528249e-13 -0.03118120145)
(0.0004320943727 8.727484881e-13 -0.03118171003)
(0.0004553367685 8.727450186e-13 -0.0311821558)
(0.0004744111392 8.727419828e-13 -0.03118252163)
(0.0004885847252 8.727400313e-13 -0.03118279347)
(0.0004973126542 8.727385134e-13 -0.03118296086)
(0.0005002597968 8.727380782e-13 -0.03118301738)
(0.0004973126541 8.727385134e-13 -0.03118296086)
(0.0004885847252 8.727400313e-13 -0.03118279347)
(0.0004744111391 8.727419828e-13 -0.03118252163)
(0.0004553367684 8.727450186e-13 -0.0311821558)
(0.0004320943726 8.727484881e-13 -0.03118171003)
(0.0004055773738 8.727528249e-13 -0.03118120145)
(0.0003768050018 8.727575954e-13 -0.03118064962)
(0.0003468826076 8.727619322e-13 -0.03118007573)
(0.0003169602135 8.72766269e-13 -0.03117950185)
(0.0002881878414 8.727710395e-13 -0.03117895001)
(0.0002616708427 8.727753763e-13 -0.03117844144)
(0.0002384284468 8.727788457e-13 -0.03117799567)
(0.0002193540762 8.727818815e-13 -0.03117762984)
(0.0002051804901 8.727842667e-13 -0.031177358)
(0.0001964525612 8.727855678e-13 -0.03117719061)
(0.0001745934597 1.041392466e-12 -0.03289160309)
(0.0001775975744 1.041392233e-12 -0.03289166182)
(0.0001864942251 1.041391366e-12 -0.03289183575)
(0.0002009418043 1.041390498e-12 -0.0328921182)
(0.0002203849064 1.041388763e-12 -0.03289249832)
(0.0002440766068 1.041387029e-12 -0.0328929615)
(0.0002711062124 1.041384427e-12 -0.03289348993)
(0.0003004347904 1.041382258e-12 -0.03289406331)
(0.0003309356219 1.041379656e-12 -0.03289465961)
(0.0003614364534 1.041377054e-12 -0.03289525591)
(0.0003907650313 1.041374886e-12 -0.03289582929)
(0.0004177946369 1.041372284e-12 -0.03289635773)
(0.0004414863373 1.041370549e-12 -0.0328968209)
(0.0004609294394 1.041368814e-12 -0.03289720102)
(0.0004753770186 1.041367513e-12 -0.03289748347)
(0.0004842736694 1.041366863e-12 -0.03289765741)
(0.000487277784 1.041366592e-12 -0.03289771614)
(0.0004842736694 1.041366863e-12 -0.03289765741)
(0.0004753770186 1.041367513e-12 -0.03289748347)
(0.0004609294394 1.041368814e-12 -0.03289720102)
(0.0004414863373 1.041370549e-12 -0.0328968209)
(0.0004177946369 1.041372284e-12 -0.03289635773)
(0.0003907650313 1.041374886e-12 -0.03289582929)
(0.0003614364533 1.041377054e-12 -0.03289525591)
(0.0003309356218 1.041379656e-12 -0.03289465961)
(0.0003004347903 1.041382258e-12 -0.03289406331)
(0.0002711062124 1.041384427e-12 -0.03289348993)
(0.0002440766068 1.041387029e-12 -0.0328929615)
(0.0002203849064 1.041388763e-12 -0.03289249832)
(0.0002009418043 1.041390498e-12 -0.0328921182)
(0.0001864942251 1.041391366e-12 -0.03289183575)
(0.0001775975743 1.041392233e-12 -0.03289166182)
(0.0001547478016 1.238089748e-12 -0.03463769835)
(0.0001578033149 1.238089709e-12 -0.03463775911)
(0.0001668521821 1.238089709e-12 -0.03463793905)
(0.0001815469508 1.238089058e-12 -0.03463823125)
(0.000201322713 1.238089058e-12 -0.0346386245)
(0.0002254197644 1.238089058e-12 -0.03463910366)
(0.0002529118305 1.238088625e-12 -0.03463965034)
(0.0002827422032 1.238088625e-12 -0.03464024352)
(0.0003137648859 1.238088625e-12 -0.03464086041)
(0.0003447875686 1.238088625e-12 -0.03464147729)
(0.0003746179412 1.238087757e-12 -0.03464207047)
(0.0004021100074 1.238087324e-12 -0.03464261715)
(0.0004262070588 1.238087324e-12 -0.03464309632)
(0.0004459828209 1.238087324e-12 -0.03464348956)
(0.0004606775897 1.23808754e-12 -0.03464378176)
(0.0004697264568 1.238087107e-12 -0.0346439617)
(0.0004727819701 1.238087192e-12 -0.03464402246)
(0.0004697264568 1.238087107e-12 -0.0346439617)
(0.0004606775896 1.23808754e-12 -0.03464378176)
(0.0004459828209 1.238087324e-12 -0.03464348956)
(0.0004262070587 1.238087324e-12 -0.03464309632)
(0.0004021100073 1.238087324e-12 -0.03464261715)
(0.0003746179412 1.238087757e-12 -0.03464207047)
(0.0003447875686 1.238088625e-12 -0.03464147729)
(0.0003137648858 1.238088625e-12 -0.03464086041)
(0.0002827422031 1.238088625e-12 -0.03464024352)
(0.0002529118305 1.238088625e-12 -0.03463965034)
(0.0002254197644 1.238089058e-12 -0.03463910366)
(0.000201322713 1.238089058e-12 -0.0346386245)
(0.0001815469508 1.238089058e-12 -0.03463823125)
(0.0001668521821 1.238089709e-12 -0.03463793905)
(0.0001578033149 1.238089709e-12 -0.03463775911)
(0.0001341079781 1.466938022e-12 -0.03641130756)
(0.0001372089235 1.466938225e-12 -0.03641137014)
(0.0001463923373 1.466938767e-12 -0.03641155547)
(0.0001613056011 1.466939417e-12 -0.03641185643)
(0.000181375407 1.466941152e-12 -0.03641226146)
(0.0002058307549 1.466942453e-12 -0.03641275499)
(0.0002337315977 1.466944621e-12 -0.03641331805)
(0.0002640055151 1.466947223e-12 -0.03641392901)
(0.0002954894708 1.466948958e-12 -0.03641456438)
(0.0003269734266 1.466950693e-12 -0.03641519976)
(0.0003572473439 1.466952428e-12 -0.03641581071)
(0.0003851481867 1.466954596e-12 -0.03641637377)
(0.0004096035347 1.466955897e-12 -0.0364168673)
(0.0004296733406 1.466957632e-12 -0.03641727233)
(0.0004445866043 1.466958716e-12 -0.03641757329)
(0.0004537700181 1.466959258e-12 -0.03641775862)
(0.0004568709635 1.466959413e-12 -0.0364178212)
(0.0004537700181 1.466959258e-12 -0.03641775862)
(0.0004445866043 1.466958716e-12 -0.03641757329)
(0.0004296733405 1.466957632e-12 -0.03641727233)
(0.0004096035346 1.466955897e-12 -0.0364168673)
(0.0003851481867 1.466954596e-12 -0.03641637377)
(0.0003572473439 1.466952428e-12 -0.03641581071)
(0.0003269734265 1.466950693e-12 -0.03641519976)
(0.0002954894708 1.466948958e-12 -0.03641456438)
(0.000264005515 1.466947223e-12 -0.03641392901)
(0.0002337315977 1.466944621e-12 -0.03641331805)
(0.0002058307549 1.466942453e-12 -0.03641275499)
(0.0001813754069 1.466941152e-12 -0.03641226146)
(0.000161305601 1.466939417e-12 -0.03641185643)
(0.0001463923373 1.466938767e-12 -0.03641155547)
(0.0001372089235 1.466938225e-12 -0.03641137014)
(0.0001127888231 1.732256386e-12 -0.03820978943)
(0.0001159292202 1.732256808e-12 -0.03820985362)
(0.0001252294698 1.732258e-12 -0.03821004369)
(0.0001403324671 1.732259735e-12 -0.03821035237)
(0.0001606576106 1.732262771e-12 -0.03821076777)
(0.0001854240911 1.73226624e-12 -0.03821127394)
(0.0002136799017 1.732270143e-12 -0.03821185143)
(0.0002443389781 1.732274914e-12 -0.03821247804)
(0.0002762234877 1.732279251e-12 -0.03821312969)
(0.0003081079972 1.732283587e-12 -0.03821378134)
(0.0003387670736 1.732287491e-12 -0.03821440795)
(0.0003670228842 1.732291394e-12 -0.03821498543)
(0.0003917893647 1.732294863e-12 -0.03821549161)
(0.0004121145081 1.732297899e-12 -0.03821590701)
(0.0004272175055 1.732300067e-12 -0.03821621568)
(0.0004365177551 1.732301477e-12 -0.03821640576)
(0.0004396581521 1.732301831e-12 -0.03821646994)
(0.000436517755 1.732301477e-12 -0.03821640576)
(0.0004272175055 1.732300067e-12 -0.03821621568)
(0.0004121145081 1.732297899e-12 -0.03821590701)
(0.0003917893646 1.732294863e-12 -0.03821549161)
(0.0003670228842 1.732291394e-12 -0.03821498543)
(0.0003387670736 1.732287491e-12 -0.03821440795)
(0.0003081079972 1.732283587e-12 -0.03821378134)
(0.0002762234876 1.732279251e-12 -0.03821312969)
(0.000244338978 1.732274914e-12 -0.03821247804)
(0.0002136799016 1.732270143e-12 -0.03821185143)
(0.000185424091 1.73226624e-12 -0.03821127394)
(0.0001606576106 1.732262771e-12 -0.03821076777)
(0.0001403324671 1.732259735e-12 -0.03821035237)
(0.0001252294698 1.732258e-12 -0.03821004369)
(0.0001159292202 1.732256808e-12 -0.03820985362)
(9.090683769e-05 2.038038892e-12 -0.04002897701)
(9.408102536e-05 2.03803955e-12 -0.04002904258)
(0.0001034813454 2.03804161e-12 -0.04002923677)
(0.0001187468506 2.03804508e-12 -0.04002955213)
(0.000139290692 2.038049417e-12 -0.04002997652)
(0.0001643236591 2.038054621e-12 -0.04003049365)
(0.0001928835014 2.038060259e-12 -0.04003108364)
(0.0002238724687 2.038066764e-12 -0.04003172381)
(0.0002561000547 2.038073703e-12 -0.04003238956)
(0.0002883276407 2.038080642e-12 -0.04003305532)
(0.000319316608 2.038087147e-12 -0.04003369549)
(0.0003478764503 2.038092785e-12 -0.04003428548)
(0.0003729094174 2.038097989e-12 -0.04003480261)
(0.0003934532588 2.038102326e-12 -0.040035227)
(0.000408718764 2.038105362e-12 -0.04003554235)
(0.000418119084 2.038107422e-12 -0.04003573654)
(0.0004212932717 2.038108034e-12 -0.04003580212)
(0.000418119084 2.038107422e-12 -0.04003573654)
(0.000408718764 2.038105362e-12 -0.04003554235)
(0.0003934532588 2.038102326e-12 -0.040035227)
(0.0003729094173 2.038097989e-12 -0.04003480261)
(0.0003478764502 2.038092785e-12 -0.04003428548)
(0.0003193166079 2.038087147e-12 -0.04003369549)
(0.0002883276406 2.038080642e-12 -0.04003305532)
(0.0002561000546 2.038073703e-12 -0.04003238956)
(0.0002238724686 2.038066764e-12 -0.04003172381)
(0.0001928835014 2.038060259e-12 -0.04003108364)
(0.0001643236591 2.038054621e-12 -0.04003049365)
(0.000139290692 2.038049417e-12 -0.04002997652)
(0.0001187468505 2.03804508e-12 -0.04002955213)
(0.0001034813454 2.03804161e-12 -0.04002923677)
(9.408102535e-05 2.03803955e-12 -0.04002904258)
(6.853307266e-05 2.388248432e-12 -0.04186663177)
(7.173609717e-05 2.388249321e-12 -0.04186669854)
(8.122181715e-05 2.388251923e-12 -0.04186689628)
(9.66260063e-05 2.388256259e-12 -0.04186721739)
(0.0001173564843 2.388261897e-12 -0.04186764953)
(0.0001426168708 2.388268836e-12 -0.04186817611)
(0.0001714361733 2.388276642e-12 -0.04186877687)
(0.000202706669 2.38828575e-12 -0.04186942873)
(0.0002352270359 2.388294423e-12 -0.04187010664)
(0.0002677474029 2.388303097e-12 -0.04187078455)
(0.0002990178985 2.388312204e-12 -0.04187143641)
(0.0003278372011 2.388320011e-12 -0.04187203717)
(0.0003530975875 2.388326949e-12 -0.04187256374)
(0.0003738280655 2.388332587e-12 -0.04187299589)
(0.0003892322547 2.388337358e-12 -0.041873317)
(0.0003987179746 2.388339743e-12 -0.04187351474)
(0.0004019209991 2.388340681e-12 -0.04187358151)
(0.0003987179746 2.388339743e-12 -0.04187351474)
(0.0003892322546 2.388337358e-12 -0.041873317)
(0.0003738280655 2.388332587e-12 -0.04187299589)
(0.0003530975875 2.388326949e-12 -0.04187256374)
(0.000327837201 2.388320011e-12 -0.04187203717)
(0.0002990178985 2.388312204e-12 -0.04187143641)
(0.0002677474028 2.388303097e-12 -0.04187078455)
(0.0002352270359 2.388294423e-12 -0.04187010664)
(0.0002027066689 2.38828575e-12 -0.04186942873)
(0.0001714361733 2.388276642e-12 -0.04186877687)
(0.0001426168707 2.388268836e-12 -0.04186817611)
(0.0001173564843 2.388261897e-12 -0.04186764953)
(9.662600626e-05 2.388256259e-12 -0.04186721739)
(8.122181712e-05 2.388251923e-12 -0.04186689628)
(7.173609715e-05 2.388249321e-12 -0.04186669854)
(4.572759643e-05 2.786046435e-12 -0.04371934365)
(4.89554635e-05 2.786047651e-12 -0.04371941146)
(5.851475442e-05 2.786050687e-12 -0.04371961227)
(7.403841798e-05 2.786056108e-12 -0.04371993839)
(9.492968091e-05 2.786063047e-12 -0.04372037726)
(0.0001203859861 2.786071721e-12 -0.04372091204)
(0.0001494288103 2.786081695e-12 -0.04372152216)
(0.0001809418389 2.786092537e-12 -0.04372218417)
(0.0002137144328 2.786103813e-12 -0.04372287265)
(0.0002464870267 2.786115089e-12 -0.04372356112)
(0.0002780000553 2.786125931e-12 -0.04372422314)
(0.0003070428794 2.786135905e-12 -0.04372483326)
(0.0003324991846 2.786144579e-12 -0.04372536803)
(0.0003533904476 2.786151518e-12 -0.04372580691)
(0.0003689141111 2.786156939e-12 -0.04372613302)
(0.000378473402 2.786160191e-12 -0.04372633384)
(0.0003817012691 2.786161279e-12 -0.04372640165)
(0.000378473402 2.786160191e-12 -0.04372633384)
(0.0003689141111 2.786156939e-12 -0.04372613302)
(0.0003533904475 2.786151518e-12 -0.04372580691)
(0.0003324991846 2.786144579e-12 -0.04372536803)
(0.0003070428794 2.786135905e-12 -0.04372483326)
(0.0002780000552 2.786125931e-12 -0.04372422314)
(0.0002464870266 2.786115089e-12 -0.04372356112)
(0.0002137144327 2.786103813e-12 -0.04372287265)
(0.0001809418388 2.786092537e-12 -0.04372218417)
(0.0001494288102 2.786081695e-12 -0.04372152216)
(0.0001203859861 2.786071721e-12 -0.04372091204)
(9.492968086e-05 2.786063047e-12 -0.04372037726)
(7.403841793e-05 2.786056108e-12 -0.04371993839)
(5.85147544e-05 2.786050687e-12 -0.04371961227)
(4.895546348e-05 2.786047651e-12 -0.04371941146)
(2.249930274e-05 3.234201616e-12 -0.04558597308)
(2.574915585e-05 3.234202836e-12 -0.04558604182)
(3.537355819e-05 3.234206739e-12 -0.04558624538)
(5.100295841e-05 3.234212811e-12 -0.04558657596)
(7.203651847e-05 3.234221484e-12 -0.04558702084)
(9.766621478e-05 3.234231893e-12 -0.04558756292)
(0.000126906859 3.234243602e-12 -0.04558818139)
(0.000158634533 3.23425748e-12 -0.04558885245)
(0.0001916303516 3.23427049e-12 -0.04558955034)
(0.0002246261701 3.234283501e-12 -0.04559024823)
(0.0002563538441 3.234296511e-12 -0.0455909193)
(0.0002855944883 3.234308221e-12 -0.04559153776)
(0.0003112241846 3.234318629e-12 -0.04559207985)
(0.0003322577447 3.234327303e-12 -0.04559252473)
(0.0003478871449 3.234333808e-12 -0.0455928553)
(0.0003575115472 3.234337711e-12 -0.04559305887)
(0.0003607614003 3.23433903e-12 -0.04559312761)
(0.0003575115472 3.234337711e-12 -0.04559305887)
(0.0003478871448 3.234333808e-12 -0.0455928553)
(0.0003322577446 3.234327303e-12 -0.04559252473)
(0.0003112241846 3.234318629e-12 -0.04559207985)
(0.0002855944882 3.234308221e-12 -0.04559153776)
(0.000256353844 3.234296511e-12 -0.0455909193)
(0.0002246261701 3.234283501e-12 -0.04559024823)
(0.0001916303515 3.23427049e-12 -0.04558955034)
(0.0001586345329 3.23425748e-12 -0.04558885245)
(0.0001269068589 3.234243602e-12 -0.04558818139)
(9.766621471e-05 3.234231893e-12 -0.04558756292)
(7.203651841e-05 3.234221484e-12 -0.04558702084)
(5.100295837e-05 3.234212811e-12 -0.04558657596)
(3.537355816e-05 3.234206739e-12 -0.04558624538)
(2.574915583e-05 3.234202836e-12 -0.04558604182)
(-1.147256007e-06 3.734130294e-12 -0.04746434767)
(2.122833426e-06 3.734131927e-12 -0.04746441727)
(1.18071654e-05 3.734136481e-12 -0.04746462338)
(2.753388742e-05 3.734143637e-12 -0.04746495808)
(4.869842014e-05 3.734153611e-12 -0.04746540852)
(7.448770851e-05 3.734165754e-12 -0.04746595738)
(0.0001039104296 3.734179632e-12 -0.04746658358)
(0.0001358356668 3.734195245e-12 -0.04746726303)
(0.0001690369451 3.734210857e-12 -0.04746796964)
(0.0002022382234 3.73422647e-12 -0.04746867625)
(0.0002341634606 3.734241215e-12 -0.04746935571)
(0.0002635861817 3.734255093e-12 -0.0474699819)
(0.00028937547 3.734267236e-12 -0.04747053077)
(0.0003105400027 3.73427721e-12 -0.0474709812)
(0.0003262667248 3.7342848e-12 -0.04747131591)
(0.0003359510567 3.73428957e-12 -0.04747152202)
(0.0003392211461 3.734291045e-12 -0.04747159161)
(0.0003359510567 3.73428957e-12 -0.04747152202)
(0.0003262667247 3.7342848e-12 -0.04747131591)
(0.0003105400027 3.73427721e-12 -0.0474709812)
(0.00028937547 3.734267236e-12 -0.04747053077)
(0.0002635861816 3.734255093e-12 -0.0474699819)
(0.0002341634605 3.734241215e-12 -0.04746935571)
(0.0002022382233 3.73422647e-12 -0.04746867625)
(0.000169036945 3.734210857e-12 -0.04746796964)
(0.0001358356667 3.734195245e-12 -0.04746726303)
(0.0001039104295 3.734179632e-12 -0.04746658358)
(7.448770843e-05 3.734165754e-12 -0.04746595738)
(4.869842007e-05 3.734153611e-12 -0.04746540852)
(2.753388737e-05 3.734143637e-12 -0.04746495808)
(1.180716536e-05 3.734136481e-12 -0.04746462338)
(2.122833407e-06 3.734131927e-12 -0.04746441727)
(-2.524309595e-05 4.286469035e-12 -0.04935457676)
(-2.195357999e-05 4.286470809e-12 -0.04935464719)
(-1.221171661e-05 4.286476122e-12 -0.04935485575)
(3.608432677e-06 4.286484796e-12 -0.04935519445)
(2.489869688e-05 4.286496505e-12 -0.04935565026)
(5.084119089e-05 4.286510383e-12 -0.04935620567)
(8.043870262e-05 4.286526429e-12 -0.04935683933)
(0.0001125535971 4.286543343e-12 -0.04935752688)
(0.0001459521132 4.286561557e-12 -0.04935824192)
(0.0001793506294 4.286579772e-12 -0.04935895695)
(0.0002114655239 4.286597553e-12 -0.0493596445)
(0.0002410630356 4.286613599e-12 -0.04936027816)
(0.0002670055296 4.286627477e-12 -0.04936083357)
(0.0002882957938 4.286639186e-12 -0.04936128938)
(0.000304115943 4.28664786e-12 -0.04936162808)
(0.0003138578064 4.286652955e-12 -0.04936183664)
(0.0003171473223 4.286654844e-12 -0.04936190707)
(0.0003138578064 4.286652955e-12 -0.04936183664)
(0.000304115943 4.28664786e-12 -0.04936162808)
(0.0002882957937 4.286639186e-12 -0.04936128938)
(0.0002670055295 4.286627477e-12 -0.04936083357)
(0.0002410630355 4.286613599e-12 -0.04936027816)
(0.0002114655238 4.286597553e-12 -0.0493596445)
(0.0001793506293 4.286579772e-12 -0.04935895695)
(0.0001459521131 4.286561557e-12 -0.04935824192)
(0.000112553597 4.286543343e-12 -0.04935752688)
(8.043870252e-05 4.286526429e-12 -0.04935683933)
(5.08411908e-05 4.286510383e-12 -0.04935620567)
(2.489869681e-05 4.286496505e-12 -0.04935565026)
(3.608432619e-06 4.286484796e-12 -0.04935519445)
(-1.221171665e-05 4.286476122e-12 -0.04935485575)
(-2.195358001e-05 4.286470809e-12 -0.04935464719)
(-4.97974582e-05 4.889935389e-12 -0.05125550343)
(-4.648875555e-05 4.889937413e-12 -0.05125557468)
(-3.6690071e-05 4.889943702e-12 -0.05125578569)
(-2.077764784e-05 4.889953026e-12 -0.05125612835)
(6.367956544e-07 4.88996647e-12 -0.05125658949)
(2.673060393e-05 4.889982516e-12 -0.0512571514)
(5.650074846e-05 4.890001164e-12 -0.05125779248)
(8.880295883e-05 4.89002068e-12 -0.05125848808)
(0.0001223962778 4.890041497e-12 -0.05125921148)
(0.0001559895968 4.890062313e-12 -0.05125993489)
(0.0001882918072 4.890082696e-12 -0.05126063049)
(0.0002180619517 4.890101345e-12 -0.05126127156)
(0.00024415576 4.890117391e-12 -0.05126183347)
(0.0002655702035 4.890130835e-12 -0.05126229462)
(0.0002814826266 4.890140593e-12 -0.05126263728)
(0.0002912813111 4.890146664e-12 -0.05126284828)
(0.0002945900138 4.890148716e-12 -0.05126291953)
(0.0002912813111 4.890146664e-12 -0.05126284828)
(0.0002814826266 4.890140593e-12 -0.05126263728)
(0.0002655702034 4.890130835e-12 -0.05126229462)
(0.0002441557599 4.890117391e-12 -0.05126183347)
(0.0002180619516 4.890101345e-12 -0.05126127156)
(0.0001882918071 4.890082696e-12 -0.05126063049)
(0.0001559895967 4.890062313e-12 -0.05125993489)
(0.0001223962777 4.890041497e-12 -0.05125921148)
(8.880295872e-05 4.89002068e-12 -0.05125848808)
(5.650074836e-05 4.890001164e-12 -0.05125779248)
(2.673060383e-05 4.889982516e-12 -0.0512571514)
(6.36795574e-07 4.88996647e-12 -0.05125658949)
(-2.077764791e-05 4.889953026e-12 -0.05125612835)
(-3.669007104e-05 4.889943702e-12 -0.05125578569)
(-4.648875557e-05 4.889937413e-12 -0.05125557468)
(-7.482404786e-05 5.542093415e-12 -0.05316787642)
(-7.149630217e-05 5.542095862e-12 -0.05316794849)
(-6.164122184e-05 5.542102584e-12 -0.05316816194)
(-4.563721566e-05 5.542114077e-12 -0.05316850855)
(-2.409952256e-05 5.542129256e-12 -0.05316897502)
(2.144467125e-06 5.54214747e-12 -0.05316954342)
(3.208595201e-05 5.54216872e-12 -0.0531701919)
(6.45740759e-05 5.542191706e-12 -0.05317089554)
(9.836073931e-05 5.542215124e-12 -0.0531716273)
(0.0001321474027 5.542238543e-12 -0.05317235906)
(0.0001646355266 5.542261528e-12 -0.05317306269)
(0.0001945770115 5.542282779e-12 -0.05317371117)
(0.0002208210011 5.542300993e-12 -0.05317427957)
(0.0002423586942 5.542316172e-12 -0.05317474604)
(0.0002583627004 5.542327665e-12 -0.05317509266)
(0.0002682177807 5.542334603e-12 -0.0531753061)
(0.0002715455264 5.542336865e-12 -0.05317537817)
(0.0002682177807 5.542334603e-12 -0.0531753061)
(0.0002583627003 5.542327665e-12 -0.05317509266)
(0.0002423586942 5.542316172e-12 -0.05317474604)
(0.0002208210011 5.542300993e-12 -0.05317427957)
(0.0001945770114 5.542282779e-12 -0.05317371117)
(0.0001646355265 5.542261528e-12 -0.05317306269)
(0.0001321474026 5.542238543e-12 -0.05317235906)
(9.836073919e-05 5.542215124e-12 -0.0531716273)
(6.457407578e-05 5.542191706e-12 -0.05317089554)
(3.20859519e-05 5.54216872e-12 -0.0531701919)
(2.144467024e-06 5.54214747e-12 -0.05316954342)
(-2.409952265e-05 5.542129256e-12 -0.05316897502)
(-4.563721572e-05 5.542114077e-12 -0.05316850855)
(-6.164122189e-05 5.542102584e-12 -0.05316816194)
(-7.149630219e-05 5.542095862e-12 -0.05316794849)
(-0.0001002770142 6.238030213e-12 -0.05509059873)
(-9.693089813e-05 6.238032768e-12 -0.0550906716)
(-8.702141427e-05 6.238040683e-12 -0.05509088741)
(-7.092906029e-05 6.238053043e-12 -0.05509123787)
(-4.927247148e-05 6.23807039e-12 -0.05509170951)
(-2.288360567e-05 6.238091207e-12 -0.0550922842)
(7.223166839e-06 6.238115059e-12 -0.05509293986)
(3.989063669e-05 6.23814108e-12 -0.05509365129)
(7.386381447e-05 6.238167968e-12 -0.05509439116)
(0.0001078369923 6.238194857e-12 -0.05509513102)
(0.0001405044621 6.23822001e-12 -0.05509584245)
(0.0001706112346 6.238243862e-12 -0.05509649811)
(0.0001970001004 6.238264679e-12 -0.05509707281)
(0.0002186566892 6.238282026e-12 -0.05509754444)
(0.0002347490431 6.23829482e-12 -0.0550978949)
(0.000244658527 6.238302735e-12 -0.05509811071)
(0.000248004643 6.238305373e-12 -0.05509818358)
(0.0002446585269 6.238302735e-12 -0.05509811071)
(0.0002347490431 6.23829482e-12 -0.0550978949)
(0.0002186566891 6.238282026e-12 -0.05509754444)
(0.0001970001003 6.238264679e-12 -0.05509707281)
(0.0001706112345 6.238243862e-12 -0.05509649811)
(0.000140504462 6.23822001e-12 -0.05509584245)
(0.0001078369921 6.238194857e-12 -0.05509513102)
(7.386381434e-05 6.238167968e-12 -0.05509439116)
(3.989063656e-05 6.23814108e-12 -0.05509365129)
(7.223166719e-06 6.238115059e-12 -0.05509293986)
(-2.288360577e-05 6.238091207e-12 -0.0550922842)
(-4.927247158e-05 6.23807039e-12 -0.05509170951)
(-7.092906036e-05 6.238053043e-12 -0.05509123787)
(-8.702141432e-05 6.238040683e-12 -0.05509088741)
(-9.693089815e-05 6.238032768e-12 -0.0550906716)
(-0.0001260726896 6.971255484e-12 -0.05702379654)
(-0.0001227101203 6.971258423e-12 -0.05702387013)
(-0.0001127519102 6.971267097e-12 -0.05702408807)
(-9.658042812e-05 6.971281191e-12 -0.05702444198)
(-7.481735113e-05 6.971300273e-12 -0.05702491827)
(-4.829872792e-05 6.971323258e-12 -0.05702549863)
(-1.80439166e-05 6.971349713e-12 -0.05702616076)
(1.478418334e-05 6.971379203e-12 -0.05702687921)
(4.892441153e-05 6.971408693e-12 -0.05702762637)
(8.306463973e-05 6.971438184e-12 -0.05702837353)
(0.0001158927397 6.971466807e-12 -0.05702909198)
(0.000146147551 6.971493261e-12 -0.05702975411)
(0.0001726661742 6.971516246e-12 -0.05703033447)
(0.0001944292511 6.971535328e-12 -0.05703081076)
(0.0002106007332 6.971549423e-12 -0.05703116467)
(0.0002205589433 6.971558313e-12 -0.05703138261)
(0.0002239215125 6.971561292e-12 -0.0570314562)
(0.0002205589432 6.971558313e-12 -0.05703138261)
(0.0002106007332 6.971549423e-12 -0.05703116467)
(0.0001944292511 6.971535328e-12 -0.05703081076)
(0.0001726661741 6.971516246e-12 -0.05703033447)
(0.0001461475509 6.971493261e-12 -0.05702975411)
(0.0001158927395 6.971466807e-12 -0.05702909198)
(8.30646396e-05 6.971438184e-12 -0.05702837353)
(4.89244114e-05 6.971408693e-12 -0.05702762637)
(1.47841832e-05 6.971379203e-12 -0.05702687921)
(-1.804391673e-05 6.971349713e-12 -0.05702616076)
(-4.829872803e-05 6.971323258e-12 -0.05702549863)
(-7.481735123e-05 6.971300273e-12 -0.05702491827)
(-9.65804282e-05 6.971281191e-12 -0.05702444198)
(-0.0001127519103 6.971267097e-12 -0.05702408807)
(-0.0001227101203 6.971258423e-12 -0.05702387013)
(-0.0001520124453 7.732082338e-12 -0.05896486961)
(-0.000148637522 7.73208548e-12 -0.05896494374)
(-0.0001386427258 7.732094912e-12 -0.05896516328)
(-0.0001224118301 7.732110091e-12 -0.0589655198)
(-0.0001005687963 7.732130908e-12 -0.0589659996)
(-7.395274441e-05 7.732155628e-12 -0.05896658424)
(-4.358677781e-05 7.732184251e-12 -0.05896725124)
(-1.063806841e-05 7.732215909e-12 -0.05896797498)
(2.362758997e-05 7.732248002e-12 -0.05896872764)
(5.789324835e-05 7.732280094e-12 -0.05896948031)
(9.084195774e-05 7.732310885e-12 -0.05897020405)
(0.0001212079243 7.732339508e-12 -0.05897087105)
(0.0001478239762 7.732364228e-12 -0.05897145569)
(0.00016966701 7.732385045e-12 -0.05897193548)
(0.0001858979057 7.732400224e-12 -0.05897229201)
(0.0001958927019 7.732409656e-12 -0.05897251155)
(0.0001992676251 7.732412906e-12 -0.05897258568)
(0.0001958927018 7.732409656e-12 -0.05897251155)
(0.0001858979056 7.732400224e-12 -0.05897229201)
(0.0001696670099 7.732385045e-12 -0.05897193548)
(0.0001478239761 7.732364228e-12 -0.05897145569)
(0.0001212079242 7.732339508e-12 -0.05897087105)
(9.084195761e-05 7.732310885e-12 -0.05897020405)
(5.789324821e-05 7.732280094e-12 -0.05896948031)
(2.362758983e-05 7.732248002e-12 -0.05896872764)
(-1.063806855e-05 7.732215909e-12 -0.05896797498)
(-4.358677794e-05 7.732184251e-12 -0.05896725124)
(-7.395274453e-05 7.732155628e-12 -0.05896658424)
(-0.0001005687964 7.732130908e-12 -0.0589659996)
(-0.0001224118302 7.732110091e-12 -0.0589655198)
(-0.0001386427259 7.732094912e-12 -0.05896516328)
(-0.0001486375221 7.73208548e-12 -0.05896494374)
(-0.0001777828212 8.507352645e-12 -0.06091135143)
(-0.0001744030808 8.507355844e-12 -0.06091142577)
(-0.0001643940187 8.507365385e-12 -0.06091164594)
(-0.0001481399563 8.507380998e-12 -0.06091200348)
(-0.0001262657454 8.507401814e-12 -0.06091248465)
(-9.961170383e-05 8.507427401e-12 -0.06091307096)
(-6.920239519e-05 8.507456458e-12 -0.06091373987)
(-3.620665733e-05 8.507488117e-12 -0.06091446567)
(-1.89209078e-06 8.507521077e-12 -0.06091522049)
(3.242247577e-05 8.507554036e-12 -0.06091597531)
(6.541821362e-05 8.507584828e-12 -0.06091670111)
(9.582752225e-05 8.507613884e-12 -0.06091737002)
(0.0001224815638 8.507639471e-12 -0.06091795633)
(0.0001443557747 8.507660288e-12 -0.0609184375)
(0.0001606098371 8.507675901e-12 -0.06091879504)
(0.0001706188991 8.507685658e-12 -0.06091901521)
(0.0001739986395 8.507688865e-12 -0.06091908955)
(0.0001706188991 8.507685658e-12 -0.06091901521)
(0.000160609837 8.507675901e-12 -0.06091879504)
(0.0001443557746 8.507660288e-12 -0.0609184375)
(0.0001224815637 8.507639471e-12 -0.06091795633)
(9.582752213e-05 8.507613884e-12 -0.06091737002)
(6.541821349e-05 8.507584828e-12 -0.06091670111)
(3.242247563e-05 8.507554036e-12 -0.06091597531)
(-1.892090921e-06 8.507521077e-12 -0.06091522049)
(-3.620665747e-05 8.507488117e-12 -0.06091446567)
(-6.920239532e-05 8.507456458e-12 -0.06091373987)
(-9.961170395e-05 8.507427401e-12 -0.06091307096)
(-0.0001262657455 8.507401814e-12 -0.06091248465)
(-0.0001481399564 8.507380998e-12 -0.06091200348)
(-0.0001643940188 8.507365385e-12 -0.06091164594)
(-0.0001744030808 8.507355844e-12 -0.06091142577)
)
;

boundaryField
{
    left
    {
        type            calculated;
    }
    right
    {
        type            calculated;
    }
    beam
    {
        type            empty;
    }
}


// ************************************************************************* //
