/*--------------------------------*- C++ -*----------------------------------*\
| =========                 |                                                 |
| \\      /  F ield         | OpenFOAM: The Open Source CFD Toolbox           |
|  \\    /   O peration     | Version:  2312                                  |
|   \\  /    A nd           | Website:  www.openfoam.com                      |
|    \\/     M anipulation  |                                                 |
\*---------------------------------------------------------------------------*/
FoamFile
{
    version     2.0;
    format      ascii;
    arch        "LSB;label=32;scalar=64";
    class       pointVectorField;
    location    "0.25/beam";
    object      pointW;
}
// * * * * * * * * * * * * * * * * * * * * * * * * * * * * * * * * * * * * * //

dimensions      [0 1 0 0 0 0 0];

internalField   nonuniform List<vector> 
1952
(
(-0.0004344634833 -9.678976531e-15 2.366481405e-05)
(-0.0004261152674 -9.492948962e-15 2.321009465e-05)
(-0.0004013921229 -8.942282678e-15 2.186344841e-05)
(-0.0003612433524 -8.047815886e-15 1.967658294e-05)
(-0.0003072123875 -6.843917794e-15 1.673356751e-05)
(-0.0002413748774 -5.377209095e-15 1.314746075e-05)
(-0.0001662615719 -3.704068302e-15 9.05611021e-06)
(-8.475958955e-05 -1.888246504e-15 4.616774497e-06)
(1.437082314e-14 0 8.166389305e-15)
(8.475958958e-05 1.888246504e-15 -4.616774481e-06)
(0.000166261572 3.704068302e-15 -9.056110195e-06)
(0.0002413748774 5.377209095e-15 -1.314746073e-05)
(0.0003072123875 6.843917794e-15 -1.673356749e-05)
(0.0003612433524 8.047815886e-15 -1.967658293e-05)
(0.0004013921229 8.942282678e-15 -2.18634484e-05)
(0.0004261152674 9.492948962e-15 -2.321009465e-05)
(0.0004344634833 9.678976531e-15 -2.366481405e-05)
(0.0004261152674 9.492948962e-15 -2.321009465e-05)
(0.0004013921229 8.942282678e-15 -2.186344841e-05)
(0.0003612433524 8.047815886e-15 -1.967658294e-05)
(0.0003072123875 6.843917794e-15 -1.673356751e-05)
(0.0002413748774 5.377209095e-15 -1.314746075e-05)
(0.0001662615719 3.704068302e-15 -9.05611021e-06)
(8.475958955e-05 1.888246504e-15 -4.616774497e-06)
(-1.437078193e-14 0 -8.16639155e-15)
(-8.475958958e-05 -1.888246504e-15 4.616774481e-06)
(-0.000166261572 -3.704068302e-15 9.056110195e-06)
(-0.0002413748774 -5.377209095e-15 1.314746073e-05)
(-0.0003072123875 -6.843917794e-15 1.673356749e-05)
(-0.0003612433524 -8.047815886e-15 1.967658293e-05)
(-0.0004013921229 -8.942282678e-15 2.18634484e-05)
(-0.0004261152674 -9.492948962e-15 2.321009465e-05)
(-0.0004362651704 1.399122578e-13 -0.004813730627)
(-0.0004279169392 1.400982195e-13 -0.004814185348)
(-0.0004031937492 1.406489942e-13 -0.004815531999)
(-0.0003630449049 1.41543461e-13 -0.004817718873)
(-0.0003090138407 1.427473591e-13 -0.004820661899)
(-0.0002431762096 1.442140678e-13 -0.004824248019)
(-0.000168062766 1.458872086e-13 -0.004828339384)
(-8.656063386e-05 1.477030304e-13 -0.004832778737)
(-1.800888499e-06 1.495912769e-13 -0.004837395528)
(8.295885687e-05 1.514795234e-13 -0.00484201232)
(0.000164460989 1.532953452e-13 -0.004846451672)
(0.0002395744326 1.54968486e-13 -0.004850543037)
(0.0003054120637 1.564351947e-13 -0.004854129157)
(0.0003594431279 1.576390928e-13 -0.004857072184)
(0.0003995919722 1.585335595e-13 -0.004859259057)
(0.0004243151622 1.590841174e-13 -0.004860605709)
(0.0004326633933 1.592702153e-13 -0.00486106043)
(0.0004243151622 1.590841174e-13 -0.004860605709)
(0.0003995919722 1.585335595e-13 -0.004859259057)
(0.0003594431279 1.576390928e-13 -0.004857072184)
(0.0003054120637 1.564351947e-13 -0.004854129158)
(0.0002395744325 1.54968486e-13 -0.004850543037)
(0.000164460989 1.532953452e-13 -0.004846451672)
(8.295885684e-05 1.514795234e-13 -0.00484201232)
(-1.800888528e-06 1.495912769e-13 -0.004837395528)
(-8.656063389e-05 1.477030304e-13 -0.004832778737)
(-0.0001680627661 1.458872086e-13 -0.004828339385)
(-0.0002431762096 1.442140678e-13 -0.004824248019)
(-0.0003090138407 1.427473591e-13 -0.004820661899)
(-0.000363044905 1.41543461e-13 -0.004817718873)
(-0.0004031937492 1.406489942e-13 -0.004815531999)
(-0.0004279169392 1.400982195e-13 -0.004814185348)
(-0.0004380702444 2.861144754e-13 -0.009651143365)
(-0.0004297219683 2.863003888e-13 -0.009651598091)
(-0.0004049986454 2.868512719e-13 -0.009652944757)
(-0.0003648495851 2.877455219e-13 -0.009655131654)
(-0.0003108182302 2.889494199e-13 -0.009658074713)
(-0.0002449802449 2.904161286e-13 -0.009661660871)
(-0.0001698663973 2.920892694e-13 -0.009665752281)
(-8.836382673e-05 2.939046576e-13 -0.009670191681)
(-3.603625407e-06 2.957929041e-13 -0.009674808523)
(8.115657591e-05 2.976811506e-13 -0.009679425364)
(0.0001626591465 2.99497406e-13 -0.009683864764)
(0.0002377729941 3.011705468e-13 -0.009687956174)
(0.0003036109794 3.026372555e-13 -0.009691542333)
(0.0003576423343 3.038411536e-13 -0.009694485391)
(0.0003977913946 3.047358373e-13 -0.009696672288)
(0.0004225147175 3.052865035e-13 -0.009698018954)
(0.0004308629936 3.054724457e-13 -0.00969847368)
(0.0004225147175 3.052865035e-13 -0.009698018954)
(0.0003977913945 3.047358373e-13 -0.009696672288)
(0.0003576423343 3.038411536e-13 -0.009694485391)
(0.0003036109794 3.026372555e-13 -0.009691542333)
(0.0002377729941 3.011705468e-13 -0.009687956174)
(0.0001626591465 2.99497406e-13 -0.009683864764)
(8.115657589e-05 2.976811506e-13 -0.009679425364)
(-3.603625435e-06 2.957929041e-13 -0.009674808523)
(-8.836382675e-05 2.939046576e-13 -0.009670191681)
(-0.0001698663974 2.920892694e-13 -0.009665752281)
(-0.000244980245 2.904161286e-13 -0.009661660871)
(-0.0003108182302 2.889494199e-13 -0.009658074713)
(-0.0003648495851 2.877455219e-13 -0.009655131654)
(-0.0004049986454 2.868512719e-13 -0.009652944757)
(-0.0004297219684 2.863003888e-13 -0.009651598091)
(-0.0004398802458 4.275591334e-13 -0.01448858961)
(-0.0004315318986 4.277450789e-13 -0.01448904434)
(-0.0004068083648 4.282958536e-13 -0.01449039103)
(-0.0003666589621 4.291905373e-13 -0.01449257797)
(-0.0003126271465 4.303944354e-13 -0.01449552107)
(-0.0002467885998 4.318611441e-13 -0.01449910729)
(-0.0001716741117 4.335342849e-13 -0.01450319877)
(-9.017084609e-05 4.35349673e-13 -0.01450763825)
(-5.409921996e-06 4.372379195e-13 -0.01451225517)
(7.935100209e-05 4.39126166e-13 -0.01451687209)
(0.0001608542677 4.409424215e-13 -0.01452131157)
(0.0002359687558 4.426155623e-13 -0.01452540305)
(0.0003018073025 4.44082271e-13 -0.01452898927)
(0.0003558391181 4.45286169e-13 -0.01453193238)
(0.0003959885208 4.46180419e-13 -0.01453411931)
(0.0004207120545 4.467311937e-13 -0.014535466)
(0.0004290604018 4.469171228e-13 -0.01453592073)
(0.0004207120545 4.467311937e-13 -0.014535466)
(0.0003959885208 4.46180419e-13 -0.01453411931)
(0.0003558391181 4.45286169e-13 -0.01453193238)
(0.0003018073025 4.44082271e-13 -0.01452898927)
(0.0002359687558 4.426155623e-13 -0.01452540305)
(0.0001608542677 4.409424215e-13 -0.01452131157)
(7.935100207e-05 4.39126166e-13 -0.01451687209)
(-5.409922023e-06 4.372379195e-13 -0.01451225517)
(-9.017084611e-05 4.35349673e-13 -0.01450763825)
(-0.0001716741117 4.335342849e-13 -0.01450319877)
(-0.0002467885998 4.318611441e-13 -0.01449910729)
(-0.0003126271465 4.303944354e-13 -0.01449552107)
(-0.0003666589622 4.291905373e-13 -0.01449257797)
(-0.0004068083648 4.282958536e-13 -0.01449039103)
(-0.0004315318986 4.277450789e-13 -0.01448904434)
(-0.0004416963471 5.619179768e-13 -0.01932608312)
(-0.0004333479076 5.621038574e-13 -0.01932653786)
(-0.0004086241006 5.626547405e-13 -0.01932788458)
(-0.0003684742542 5.635492073e-13 -0.01933007156)
(-0.0003144418414 5.647531054e-13 -0.01933301474)
(-0.000248602567 5.662198141e-13 -0.01933660104)
(-0.0001734872487 5.678929549e-13 -0.01934069261)
(-9.198308233e-05 5.69708343e-13 -0.01934513218)
(-7.221221444e-06 5.715965895e-13 -0.0193497492)
(7.754063944e-05 5.73484836e-13 -0.01935436623)
(0.0001590448058 5.753010915e-13 -0.0193588058)
(0.0002341601241 5.769742323e-13 -0.01936289737)
(0.0002999993985 5.78440941e-13 -0.01936648367)
(0.0003540318113 5.796448391e-13 -0.01936942684)
(0.0003941816577 5.805393059e-13 -0.01937161383)
(0.0004189054647 5.810899721e-13 -0.01937296055)
(0.0004272539042 5.812759877e-13 -0.01937341529)
(0.0004189054647 5.810899721e-13 -0.01937296055)
(0.0003941816577 5.805393059e-13 -0.01937161383)
(0.0003540318113 5.796448391e-13 -0.01936942684)
(0.0002999993985 5.78440941e-13 -0.01936648367)
(0.0002341601241 5.769742323e-13 -0.01936289737)
(0.0001590448058 5.753010915e-13 -0.0193588058)
(7.754063942e-05 5.73484836e-13 -0.01935436623)
(-7.221221469e-06 5.715965895e-13 -0.0193497492)
(-9.198308236e-05 5.69708343e-13 -0.01934513218)
(-0.0001734872488 5.678929549e-13 -0.01934069261)
(-0.000248602567 5.662198141e-13 -0.01933660104)
(-0.0003144418414 5.647531054e-13 -0.01933301474)
(-0.0003684742542 5.635492073e-13 -0.01933007156)
(-0.0004086241006 5.626547405e-13 -0.01932788458)
(-0.0004333479076 5.621038574e-13 -0.01932653786)
(-0.0004435192663 6.869214894e-13 -0.02416363421)
(-0.0004351707201 6.87107489e-13 -0.02416408896)
(-0.0004104465972 6.876580468e-13 -0.02416543572)
(-0.000370296238 6.885529473e-13 -0.02416762275)
(-0.0003162631349 6.897568454e-13 -0.024170566)
(-0.0002504230195 6.912235541e-13 -0.0241741524)
(-0.0001753067416 6.928966949e-13 -0.02417824407)
(-9.380153402e-05 6.947125167e-13 -0.02418268376)
(-9.038590328e-06 6.966007632e-13 -0.0241873009)
(7.572435337e-05 6.984890097e-13 -0.02419191804)
(0.000157229561 7.003048315e-13 -0.02419635773)
(0.0002323458388 7.019779723e-13 -0.02420044941)
(0.0002981859543 7.03444681e-13 -0.0242040358)
(0.0003522190573 7.046485791e-13 -0.02420697905)
(0.0003923694166 7.055426122e-13 -0.02420916609)
(0.0004170935394 7.060936037e-13 -0.02421051284)
(0.0004254420856 7.062795199e-13 -0.02421096759)
(0.0004170935394 7.060936037e-13 -0.02421051284)
(0.0003923694166 7.055426122e-13 -0.02420916609)
(0.0003522190573 7.046485791e-13 -0.02420697905)
(0.0002981859542 7.03444681e-13 -0.0242040358)
(0.0002323458388 7.019779723e-13 -0.02420044941)
(0.0001572295609 7.003048315e-13 -0.02419635773)
(7.572435334e-05 6.984890097e-13 -0.02419191804)
(-9.038590351e-06 6.966007632e-13 -0.0241873009)
(-9.380153405e-05 6.947125167e-13 -0.02418268376)
(-0.0001753067416 6.928966949e-13 -0.02417824407)
(-0.0002504230195 6.912235541e-13 -0.0241741524)
(-0.0003162631349 6.897568454e-13 -0.024170566)
(-0.000370296238 6.885529473e-13 -0.02416762275)
(-0.0004104465973 6.876580468e-13 -0.02416543572)
(-0.0004351707201 6.87107489e-13 -0.02416408896)
(-0.0004453492201 8.003753812e-13 -0.02900124905)
(-0.0004370005605 8.005613316e-13 -0.02900170382)
(-0.0004122761018 8.011122148e-13 -0.02900305061)
(-0.0003721251971 8.020064647e-13 -0.02900523771)
(-0.00031809136 8.032103628e-13 -0.02900818104)
(-0.0002522503503 8.046770715e-13 -0.02901176753)
(-0.000177133052 8.063502123e-13 -0.02901585932)
(-9.562673728e-05 8.081660341e-13 -0.02902029913)
(-1.086264218e-05 8.100542806e-13 -0.02902491639)
(7.390145292e-05 8.119425271e-13 -0.02902953366)
(0.0001554077677 8.137583489e-13 -0.02903397347)
(0.0002305250659 8.154314897e-13 -0.02903806526)
(0.0002963660757 8.168981984e-13 -0.02904165175)
(0.0003503999127 8.181020965e-13 -0.02904459508)
(0.0003905508174 8.189967801e-13 -0.02904678217)
(0.0004152752761 8.195474464e-13 -0.02904812896)
(0.0004236239357 8.197334245e-13 -0.02904858373)
(0.0004152752761 8.195474464e-13 -0.02904812896)
(0.0003905508174 8.189967801e-13 -0.02904678217)
(0.0003503999127 8.181020965e-13 -0.02904459508)
(0.0002963660757 8.168981984e-13 -0.02904165175)
(0.0002305250659 8.154314897e-13 -0.02903806526)
(0.0001554077676 8.137583489e-13 -0.02903397347)
(7.39014529e-05 8.119425271e-13 -0.02902953366)
(-1.08626422e-05 8.100542806e-13 -0.02902491639)
(-9.56267373e-05 8.081660341e-13 -0.02902029913)
(-0.000177133052 8.063502123e-13 -0.02901585932)
(-0.0002522503503 8.046770715e-13 -0.02901176753)
(-0.0003180913601 8.032103628e-13 -0.02900818104)
(-0.0003721251971 8.020064647e-13 -0.02900523771)
(-0.0004122761018 8.011122148e-13 -0.02900305061)
(-0.0004370005605 8.005613316e-13 -0.02900170382)
(-0.0004471859238 9.001745273e-13 -0.03383892935)
(-0.0004388371519 9.003604069e-13 -0.03383938413)
(-0.0004141123606 9.0091129e-13 -0.03384073096)
(-0.0003739609158 9.018059736e-13 -0.03384291812)
(-0.0003199263518 9.030098717e-13 -0.03384586152)
(-0.0002540844563 9.044765804e-13 -0.03384944811)
(-0.0001789661475 9.061497212e-13 -0.03385354001)
(-9.745873632e-05 9.07965543e-13 -0.03385797994)
(-1.269350092e-05 9.098537895e-13 -0.03386259733)
(7.207173447e-05 9.11742036e-13 -0.03386721472)
(0.0001535791457 9.135578578e-13 -0.03387165465)
(0.0002286974544 9.152309986e-13 -0.03387574655)
(0.00029453935 9.166977073e-13 -0.03387933313)
(0.0003485739139 9.179016054e-13 -0.03388227654)
(0.0003887253587 9.187958554e-13 -0.0338844637)
(0.00041345015 9.193465217e-13 -0.03388581053)
(0.0004217989219 9.195325722e-13 -0.03388626531)
(0.00041345015 9.193465217e-13 -0.03388581053)
(0.0003887253587 9.187958554e-13 -0.0338844637)
(0.0003485739139 9.179016054e-13 -0.03388227654)
(0.00029453935 9.166977073e-13 -0.03387933313)
(0.0002286974544 9.152309986e-13 -0.03387574655)
(0.0001535791457 9.135578578e-13 -0.03387165465)
(7.207173446e-05 9.11742036e-13 -0.03386721472)
(-1.269350094e-05 9.098537895e-13 -0.03386259733)
(-9.745873634e-05 9.07965543e-13 -0.03385797994)
(-0.0001789661476 9.061497212e-13 -0.03385354001)
(-0.0002540844563 9.044765804e-13 -0.03384944811)
(-0.0003199263518 9.030098717e-13 -0.03384586152)
(-0.0003739609158 9.018059736e-13 -0.03384291812)
(-0.0004141123606 9.0091129e-13 -0.03384073096)
(-0.0004388371519 9.003604069e-13 -0.03383938413)
(-0.0004490286434 9.843138343e-13 -0.0386766724)
(-0.0004406797676 9.844998081e-13 -0.03867712719)
(-0.0004159546685 9.850505828e-13 -0.03867847405)
(-0.0003758027238 9.859452664e-13 -0.03868066126)
(-0.0003217674872 9.871491645e-13 -0.03868360474)
(-0.0002559247721 9.886158732e-13 -0.03868719142)
(-0.0001808055282 9.90289014e-13 -0.03869128342)
(-9.929710233e-05 9.921048358e-13 -0.03869572346)
(-1.453081172e-05 9.939930823e-13 -0.03870034097)
(7.023547888e-05 9.958813288e-13 -0.03870495847)
(0.0001517439047 9.976971506e-13 -0.03870939851)
(0.0002268631486 9.993702914e-13 -0.03871349051)
(0.0002927058638 1.000837e-12 -0.03871707719)
(0.0003467411004 1.002040898e-12 -0.03872002067)
(0.000386893045 1.002935148e-12 -0.03872220788)
(0.0004116181441 1.003485923e-12 -0.03872355474)
(0.0004199670199 1.003671866e-12 -0.03872400954)
(0.0004116181441 1.003485923e-12 -0.03872355474)
(0.000386893045 1.002935148e-12 -0.03872220788)
(0.0003467411004 1.002040898e-12 -0.03872002067)
(0.0002927058638 1.000837e-12 -0.03871707719)
(0.0002268631486 9.993702914e-13 -0.03871349051)
(0.0001517439047 9.976971506e-13 -0.03870939851)
(7.023547887e-05 9.958813288e-13 -0.03870495847)
(-1.453081174e-05 9.939930823e-13 -0.03870034097)
(-9.929710234e-05 9.921048358e-13 -0.03869572346)
(-0.0001808055282 9.90289014e-13 -0.03869128342)
(-0.0002559247721 9.886158732e-13 -0.03868719142)
(-0.0003217674872 9.871491645e-13 -0.03868360474)
(-0.0003758027238 9.859452664e-13 -0.03868066126)
(-0.0004159546685 9.850505828e-13 -0.03867847405)
(-0.0004406797676 9.844998081e-13 -0.03867712719)
(-0.0004508763088 1.050895655e-12 -0.0435144717)
(-0.0004425273432 1.051081639e-12 -0.0435149265)
(-0.0004178019783 1.051632306e-12 -0.04351627339)
(-0.000377649602 1.052526989e-12 -0.04351846065)
(-0.0003236137845 1.053730887e-12 -0.04352140419)
(-0.0002577703615 1.055197596e-12 -0.04352499094)
(-0.0001826503101 1.056870737e-12 -0.04352908303)
(-0.0001011410079 1.058686992e-12 -0.04353352317)
(-1.637380605e-05 1.060575239e-12 -0.04353814078)
(6.839339584e-05 1.062463485e-12 -0.04354275838)
(0.000149902698 1.064278873e-12 -0.04354719852)
(0.0002250227494 1.065952014e-12 -0.04355129061)
(0.0002908661724 1.067418723e-12 -0.04355487736)
(0.0003449019899 1.068622621e-12 -0.0435578209)
(0.0003850543662 1.069516871e-12 -0.04356000816)
(0.0004097797311 1.070067754e-12 -0.04356135505)
(0.0004181286967 1.070253656e-12 -0.04356180985)
(0.0004097797311 1.070067754e-12 -0.04356135505)
(0.0003850543662 1.069516871e-12 -0.04356000816)
(0.0003449019899 1.068622621e-12 -0.0435578209)
(0.0002908661724 1.067418723e-12 -0.04355487736)
(0.0002250227494 1.065952014e-12 -0.04355129061)
(0.0001499026979 1.064278873e-12 -0.04354719852)
(6.839339582e-05 1.062463485e-12 -0.04354275838)
(-1.637380607e-05 1.060575239e-12 -0.04353814078)
(-0.000101141008 1.058686992e-12 -0.04353352317)
(-0.0001826503101 1.056870737e-12 -0.04352908303)
(-0.0002577703615 1.055197596e-12 -0.04352499094)
(-0.0003236137845 1.053730887e-12 -0.04352140419)
(-0.000377649602 1.052526989e-12 -0.04351846065)
(-0.0004178019783 1.051632306e-12 -0.04351627339)
(-0.0004425273432 1.051081639e-12 -0.0435149265)
(-0.0004527276871 1.098133376e-12 -0.04835231808)
(-0.0004443786493 1.098319352e-12 -0.04835277289)
(-0.0004196530705 1.098870127e-12 -0.0483541198)
(-0.0003795003469 1.099764377e-12 -0.0483563071)
(-0.0003254640621 1.100968275e-12 -0.04835925069)
(-0.0002596200695 1.102434984e-12 -0.04836283751)
(-0.0001844993683 1.104108124e-12 -0.04836692967)
(-0.0001029893611 1.10592438e-12 -0.04837136988)
(-1.822142603e-05 1.107812626e-12 -0.04837598757)
(6.654650907e-05 1.109700873e-12 -0.04838060526)
(0.0001480565162 1.111516261e-12 -0.04838504547)
(0.0002231772174 1.113189402e-12 -0.04838913763)
(0.00028902121 1.11465611e-12 -0.04839272444)
(0.0003430574949 1.115860009e-12 -0.04839566804)
(0.0003832102185 1.116754692e-12 -0.04839785534)
(0.0004079357973 1.11730525e-12 -0.04839920225)
(0.0004162848351 1.117491326e-12 -0.04839965706)
(0.0004079357973 1.11730525e-12 -0.04839920225)
(0.0003832102185 1.116754692e-12 -0.04839785534)
(0.0003430574949 1.115860009e-12 -0.04839566804)
(0.00028902121 1.11465611e-12 -0.04839272444)
(0.0002231772174 1.113189402e-12 -0.04838913763)
(0.0001480565162 1.111516261e-12 -0.04838504547)
(6.654650906e-05 1.109700873e-12 -0.04838060526)
(-1.822142604e-05 1.107812626e-12 -0.04837598757)
(-0.0001029893611 1.10592438e-12 -0.04837136988)
(-0.0001844993683 1.104108124e-12 -0.04836692967)
(-0.0002596200695 1.102434984e-12 -0.04836283751)
(-0.0003254640621 1.100968275e-12 -0.04835925069)
(-0.000379500347 1.099764377e-12 -0.0483563071)
(-0.0004196530705 1.098870127e-12 -0.0483541198)
(-0.0004443786493 1.098319352e-12 -0.04835277289)
(-0.0004545816155 1.124350988e-12 -0.05319020139)
(-0.000446232523 1.124536987e-12 -0.0531906562)
(-0.0004215067823 1.125087653e-12 -0.05319200313)
(-0.0003813537957 1.12598212e-12 -0.05319419046)
(-0.0003273171568 1.127186018e-12 -0.05319713409)
(-0.000261472733 1.128652727e-12 -0.05320072096)
(-0.0001863515397 1.130325868e-12 -0.05320481317)
(-0.0001048409986 1.132141256e-12 -0.05320925344)
(-2.007250828e-05 1.134029502e-12 -0.05321387119)
(6.469598208e-05 1.135917749e-12 -0.05321848893)
(0.0001462065231 1.137734004e-12 -0.05322292921)
(0.0002213277164 1.139407145e-12 -0.05322702142)
(0.0002871721403 1.140873854e-12 -0.05323060828)
(0.0003412087791 1.142077752e-12 -0.05323355192)
(0.0003813617657 1.142972219e-12 -0.05323573924)
(0.0004060875064 1.143522885e-12 -0.05323708617)
(0.0004144365989 1.143708869e-12 -0.05323754099)
(0.0004060875064 1.143522885e-12 -0.05323708617)
(0.0003813617657 1.142972219e-12 -0.05323573924)
(0.0003412087791 1.142077752e-12 -0.05323355192)
(0.0002871721403 1.140873854e-12 -0.05323060828)
(0.0002213277164 1.139407145e-12 -0.05322702142)
(0.0001462065231 1.137734004e-12 -0.05322292921)
(6.469598207e-05 1.135917749e-12 -0.05321848893)
(-2.007250828e-05 1.134029502e-12 -0.05321387119)
(-0.0001048409986 1.132141256e-12 -0.05320925344)
(-0.0001863515397 1.130325868e-12 -0.05320481317)
(-0.000261472733 1.128652727e-12 -0.05320072096)
(-0.0003273171568 1.127186018e-12 -0.05319713409)
(-0.0003813537957 1.12598212e-12 -0.05319419046)
(-0.0004215067823 1.125087653e-12 -0.05319200313)
(-0.000446232523 1.124536987e-12 -0.0531906562)
(-0.0004564372945 1.127978632e-12 -0.05802811269)
(-0.0004480881605 1.128164619e-12 -0.05802856751)
(-0.0004233622969 1.128715394e-12 -0.05802991446)
(-0.0003832091107 1.129609861e-12 -0.05803210181)
(-0.0003291722033 1.130813759e-12 -0.05803504547)
(-0.0002633274522 1.132280467e-12 -0.05803863237)
(-0.0001882058856 1.133953608e-12 -0.05804272462)
(-0.0001066949394 1.13576943e-12 -0.05804716494)
(-2.192602775e-05 1.137657676e-12 -0.05805178273)
(6.284288391e-05 1.139545923e-12 -0.05805640053)
(0.0001443538301 1.141361745e-12 -0.05806084084)
(0.0002194753967 1.143034885e-12 -0.0580649331)
(0.0002853201478 1.144501594e-12 -0.05806851999)
(0.0003393570552 1.145705492e-12 -0.05807146366)
(0.0003795102414 1.146599525e-12 -0.05807365101)
(0.000404236105 1.147150517e-12 -0.05807499795)
(0.000412585239 1.147336424e-12 -0.05807545277)
(0.000404236105 1.147150517e-12 -0.05807499795)
(0.0003795102414 1.146599525e-12 -0.05807365101)
(0.0003393570552 1.145705492e-12 -0.05807146366)
(0.0002853201478 1.144501594e-12 -0.05806851999)
(0.0002194753967 1.143034885e-12 -0.0580649331)
(0.0001443538301 1.141361745e-12 -0.05806084084)
(6.284288391e-05 1.139545923e-12 -0.05805640053)
(-2.192602775e-05 1.137657676e-12 -0.05805178273)
(-0.0001066949394 1.13576943e-12 -0.05804716494)
(-0.0001882058856 1.133953608e-12 -0.05804272462)
(-0.0002633274522 1.132280467e-12 -0.05803863237)
(-0.0003291722033 1.130813759e-12 -0.05803504547)
(-0.0003832091107 1.129609861e-12 -0.05803210181)
(-0.0004233622969 1.128715394e-12 -0.05802991446)
(-0.0004480881605 1.128164619e-12 -0.05802856751)
(-0.0004582946273 1.107544116e-12 -0.06286604704)
(-0.0004499454555 1.107730119e-12 -0.06286650186)
(-0.0004252194801 1.108281002e-12 -0.06286784882)
(-0.0003850661125 1.109175252e-12 -0.06287003619)
(-0.0003310289608 1.11037915e-12 -0.06287297988)
(-0.0002651839121 1.111845858e-12 -0.06287656681)
(-0.0001900620058 1.113518999e-12 -0.0628806591)
(-0.0001085506912 1.115334387e-12 -0.06288509946)
(-2.378139636e-05 1.117222634e-12 -0.06288971729)
(6.098789849e-05 1.11911088e-12 -0.06289433513)
(0.0001424992131 1.120927136e-12 -0.06289877548)
(0.0002176211193 1.122600277e-12 -0.06290286777)
(0.0002834661681 1.124066985e-12 -0.06290645471)
(0.0003375033197 1.125270883e-12 -0.0629093984)
(0.0003776566874 1.126165133e-12 -0.06291158576)
(0.0004023826628 1.1267158e-12 -0.06291293272)
(0.0004107318346 1.1269018e-12 -0.06291338754)
(0.0004023826628 1.1267158e-12 -0.06291293272)
(0.0003776566874 1.126165133e-12 -0.06291158576)
(0.0003375033197 1.125270883e-12 -0.0629093984)
(0.0002834661681 1.124066985e-12 -0.06290645471)
(0.0002176211193 1.122600277e-12 -0.06290286777)
(0.0001424992131 1.120927136e-12 -0.06289877548)
(6.098789849e-05 1.11911088e-12 -0.06289433513)
(-2.378139635e-05 1.117222634e-12 -0.06288971729)
(-0.0001085506912 1.115334387e-12 -0.06288509946)
(-0.0001900620058 1.113518999e-12 -0.0628806591)
(-0.000265183912 1.111845858e-12 -0.06287656681)
(-0.0003310289608 1.11037915e-12 -0.06287297988)
(-0.0003850661125 1.109175252e-12 -0.06287003619)
(-0.0004252194801 1.108281002e-12 -0.06286784882)
(-0.0004499454555 1.107730119e-12 -0.06286650186)
(-0.0004601546026 1.061660668e-12 -0.06770400658)
(-0.0004518053816 1.061846574e-12 -0.06770446141)
(-0.0004270792604 1.062397566e-12 -0.06770580838)
(-0.0003869256559 1.063291816e-12 -0.06770799577)
(-0.0003328881855 1.064495714e-12 -0.0677109395)
(-0.0002670427484 1.065962422e-12 -0.06771452647)
(-0.0001919203991 1.067635563e-12 -0.06771861881)
(-0.0001104086037 1.069450951e-12 -0.06772305922)
(-2.563880888e-05 1.071339198e-12 -0.06772767711)
(5.913098594e-05 1.073227444e-12 -0.067732295)
(0.0001406427813 1.0750437e-12 -0.06773673541)
(0.0002157651306 1.076716841e-12 -0.06774082775)
(0.0002816105677 1.078183549e-12 -0.06774441472)
(0.0003356480381 1.079387447e-12 -0.06774735845)
(0.0003758016426 1.080281697e-12 -0.06774954584)
(0.0004005277639 1.080832255e-12 -0.06775089281)
(0.0004088769848 1.081018222e-12 -0.06775134764)
(0.0004005277639 1.080832255e-12 -0.06775089281)
(0.0003758016426 1.080281697e-12 -0.06774954584)
(0.0003356480381 1.079387447e-12 -0.06774735845)
(0.0002816105677 1.078183549e-12 -0.06774441472)
(0.0002157651306 1.076716841e-12 -0.06774082775)
(0.0001406427814 1.0750437e-12 -0.06773673541)
(5.913098595e-05 1.073227444e-12 -0.067732295)
(-2.563880888e-05 1.071339198e-12 -0.06772767711)
(-0.0001104086037 1.069450951e-12 -0.06772305922)
(-0.0001919203991 1.067635563e-12 -0.06771861881)
(-0.0002670427484 1.065962422e-12 -0.06771452647)
(-0.0003328881855 1.064495714e-12 -0.0677109395)
(-0.0003869256559 1.063291816e-12 -0.06770799577)
(-0.0004270792604 1.062397566e-12 -0.06770580838)
(-0.0004518053816 1.061846574e-12 -0.06770446141)
(-0.0004620196959 9.890113346e-13 -0.07254200407)
(-0.0004536703927 9.891973308e-13 -0.0725424589)
(-0.000428944028 9.897482139e-13 -0.0725438059)
(-0.0003887900282 9.906424639e-13 -0.07254599334)
(-0.0003347520257 9.918459283e-13 -0.07254893712)
(-0.0002689059403 9.93312637e-13 -0.07255252417)
(-0.0001937828513 9.949857778e-13 -0.07255661659)
(-0.0001122702533 9.968015996e-13 -0.07256105709)
(-2.749962383e-05 9.986898461e-13 -0.07256567507)
(5.727100566e-05 1.000578093e-12 -0.07257029305)
(0.0001387836036 1.002393914e-12 -0.07257473354)
(0.0002139066926 1.004067055e-12 -0.07257882596)
(0.000279752778 1.005533764e-12 -0.07258241301)
(0.0003337907805 1.006737228e-12 -0.07258535679)
(0.0003739447804 1.007631912e-12 -0.07258754423)
(0.0003986711451 1.008182795e-12 -0.07258889123)
(0.0004070204482 1.008368732e-12 -0.07258934607)
(0.0003986711451 1.008182795e-12 -0.07258889123)
(0.0003739447804 1.007631912e-12 -0.07258754423)
(0.0003337907805 1.006737228e-12 -0.07258535679)
(0.000279752778 1.005533764e-12 -0.07258241301)
(0.0002139066926 1.004067055e-12 -0.07257882596)
(0.0001387836037 1.002393914e-12 -0.07257473354)
(5.727100567e-05 1.000578093e-12 -0.07257029305)
(-2.749962382e-05 9.986898461e-13 -0.07256567507)
(-0.0001122702533 9.968015996e-13 -0.07256105709)
(-0.0001937828513 9.949857778e-13 -0.07255661659)
(-0.0002689059403 9.93312637e-13 -0.07255252417)
(-0.0003347520257 9.918459283e-13 -0.07254893712)
(-0.0003887900281 9.906424639e-13 -0.07254599334)
(-0.000428944028 9.897482139e-13 -0.0725438059)
(-0.0004536703927 9.891973308e-13 -0.0725424589)
(-0.000463894277 8.883306938e-13 -0.07738006652)
(-0.0004555448308 8.885166908e-13 -0.07738052137)
(-0.0004308180426 8.890674655e-13 -0.07738186841)
(-0.0003906633549 8.899617154e-13 -0.07738405593)
(-0.0003366244268 8.911651798e-13 -0.07738699981)
(-0.0002707772135 8.926318885e-13 -0.07739058698)
(-0.0001956528378 8.94305463e-13 -0.07739467954)
(-0.0001141388436 8.961208511e-13 -0.07739912019)
(-2.936676205e-05 8.980090976e-13 -0.07740373833)
(5.540531948e-05 8.998973441e-13 -0.07740835647)
(0.0001369193137 9.017127323e-13 -0.07741279712)
(0.0002120436895 9.033863067e-13 -0.07741688968)
(0.0002778909028 9.048530154e-13 -0.07742047685)
(0.0003319298308 9.060564798e-13 -0.07742342073)
(0.0003720845185 9.069511635e-13 -0.07742560824)
(0.0003968113067 9.075019382e-13 -0.07742695529)
(0.0004051607529 9.076878991e-13 -0.07742741014)
(0.0003968113067 9.075019382e-13 -0.07742695529)
(0.0003720845185 9.069511635e-13 -0.07742560824)
(0.0003319298308 9.060564798e-13 -0.07742342073)
(0.0002778909028 9.048530154e-13 -0.07742047685)
(0.0002120436895 9.033863067e-13 -0.07741688968)
(0.0001369193137 9.017127323e-13 -0.07741279712)
(5.54053195e-05 8.998973441e-13 -0.07740835647)
(-2.936676203e-05 8.980090976e-13 -0.07740373833)
(-0.0001141388436 8.961208511e-13 -0.07739912019)
(-0.0001956528378 8.94305463e-13 -0.07739467954)
(-0.0002707772135 8.926318885e-13 -0.07739058698)
(-0.0003366244268 8.911651798e-13 -0.07738699981)
(-0.0003906633549 8.899617154e-13 -0.07738405593)
(-0.0004308180426 8.890674655e-13 -0.07738186841)
(-0.0004555448308 8.885166908e-13 -0.07738052137)
(-0.0004657849924 7.583844751e-13 -0.0822182388)
(-0.0004574353085 7.585703983e-13 -0.08221869368)
(-0.000432707816 7.591210646e-13 -0.0822200408)
(-0.0003925519848 7.600153146e-13 -0.08222222844)
(-0.0003385115178 7.61218779e-13 -0.08222517249)
(-0.0002726624293 7.626854877e-13 -0.08222875987)
(-0.0001975359141 7.643590622e-13 -0.08223285266)
(-0.0001160195985 7.661744503e-13 -0.08223729356)
(-3.124510273e-05 7.680626968e-13 -0.08224191197)
(5.352939299e-05 7.699509433e-13 -0.08224653037)
(0.0001350457086 7.717663314e-13 -0.08225097127)
(0.0002101722238 7.734399059e-13 -0.08225506407)
(0.0002760213123 7.749066146e-13 -0.08225865144)
(0.0003300617794 7.76110079e-13 -0.08226159549)
(0.0003702176106 7.770047626e-13 -0.08226378313)
(0.000394945103 7.775554289e-13 -0.08226513025)
(0.000403294787 7.777414348e-13 -0.08226558513)
(0.000394945103 7.775554289e-13 -0.08226513025)
(0.0003702176106 7.770047626e-13 -0.08226378313)
(0.0003300617794 7.76110079e-13 -0.08226159549)
(0.0002760213124 7.749066146e-13 -0.08225865144)
(0.0002101722238 7.734399059e-13 -0.08225506407)
(0.0001350457086 7.717663314e-13 -0.08225097127)
(5.352939301e-05 7.699509433e-13 -0.08224653037)
(-3.124510271e-05 7.680626968e-13 -0.08224191197)
(-0.0001160195984 7.661744503e-13 -0.08223729356)
(-0.0001975359141 7.643590622e-13 -0.08223285266)
(-0.0002726624292 7.626854877e-13 -0.08222875987)
(-0.0003385115178 7.61218779e-13 -0.08222517249)
(-0.0003925519848 7.600153146e-13 -0.08222222844)
(-0.000432707816 7.591210646e-13 -0.0822200408)
(-0.0004574353085 7.585703983e-13 -0.08221869368)
(-0.0004677010981 5.979480795e-13 -0.08705658703)
(-0.0004593510422 5.981341724e-13 -0.08705704195)
(-0.0004346224482 5.986847303e-13 -0.08705838919)
(-0.0003944648281 5.995789802e-13 -0.08706057703)
(-0.0003404219537 6.007828783e-13 -0.08706352134)
(-0.0002745699317 6.02249587e-13 -0.08706710904)
(-0.0001994400697 6.039227278e-13 -0.0870712022)
(-0.0001179201227 6.057385496e-13 -0.0870756435)
(-3.314185044e-05 6.076267961e-13 -0.08708026231)
(5.163642184e-05 6.095150426e-13 -0.08708488113)
(0.0001331563689 6.11329997e-13 -0.08708932243)
(0.0002082862308 6.130031378e-13 -0.08709341559)
(0.0002741382528 6.144698465e-13 -0.08709700328)
(0.0003281811273 6.156737446e-13 -0.0870999476)
(0.0003683387473 6.165679946e-13 -0.08710213543)
(0.0003930673413 6.171187693e-13 -0.08710348267)
(0.0004014173973 6.173047145e-13 -0.08710393759)
(0.0003930673413 6.171187693e-13 -0.08710348267)
(0.0003683387474 6.165679946e-13 -0.08710213543)
(0.0003281811273 6.156737446e-13 -0.0870999476)
(0.0002741382528 6.144698465e-13 -0.08709700328)
(0.0002082862308 6.130031378e-13 -0.08709341559)
(0.0001331563689 6.11329997e-13 -0.08708932243)
(5.163642186e-05 6.095150426e-13 -0.08708488113)
(-3.314185041e-05 6.076267961e-13 -0.08708026231)
(-0.0001179201227 6.057385496e-13 -0.0870756435)
(-0.0001994400697 6.039227278e-13 -0.0870712022)
(-0.0002745699317 6.02249587e-13 -0.08706710904)
(-0.0003404219537 6.007828783e-13 -0.08706352134)
(-0.0003944648281 5.995789802e-13 -0.08706057703)
(-0.0004346224482 5.986847303e-13 -0.08705838919)
(-0.0004593510422 5.981341724e-13 -0.08705704195)
(-0.0004696547063 4.057853227e-13 -0.09189520137)
(-0.0004613041005 4.05971372e-13 -0.09189565635)
(-0.0004365738782 4.065220383e-13 -0.09189700377)
(-0.0003964136138 4.074162882e-13 -0.09189919189)
(-0.0003423671808 4.086197526e-13 -0.0919021366)
(-0.0002765108226 4.100864613e-13 -0.09190572476)
(-0.0002013760135 4.117596021e-13 -0.09190981846)
(-0.0001198506986 4.135754239e-13 -0.09191426035)
(-3.506684388e-05 4.154636704e-13 -0.09191887978)
(4.971701084e-05 4.173519169e-13 -0.0919234992)
(0.0001312423258 4.191668714e-13 -0.09192794109)
(0.0002063771348 4.208400121e-13 -0.09193203479)
(0.000272233493 4.223067208e-13 -0.09193562296)
(0.0003262799261 4.235101853e-13 -0.09193856766)
(0.0003664401904 4.244048689e-13 -0.09194075579)
(0.0003911704128 4.249555352e-13 -0.0919421032)
(0.0003995210185 4.251415168e-13 -0.09194255819)
(0.0003911704128 4.249555352e-13 -0.0919421032)
(0.0003664401905 4.244048689e-13 -0.09194075579)
(0.0003262799261 4.235101853e-13 -0.09193856766)
(0.0002722334931 4.223067208e-13 -0.09193562296)
(0.0002063771349 4.208400121e-13 -0.09193203479)
(0.0001312423258 4.191668714e-13 -0.09192794109)
(4.971701088e-05 4.173519169e-13 -0.0919234992)
(-3.506684384e-05 4.154636704e-13 -0.09191887978)
(-0.0001198506986 4.135754239e-13 -0.09191426035)
(-0.0002013760135 4.117596021e-13 -0.09190981846)
(-0.0002765108226 4.100864613e-13 -0.09190572476)
(-0.0003423671808 4.086197526e-13 -0.0919021366)
(-0.0003964136138 4.074162882e-13 -0.09189919189)
(-0.0004365738782 4.065220383e-13 -0.09189700377)
(-0.0004613041005 4.05971372e-13 -0.09189565635)
(-0.0004716609148 1.806283524e-13 -0.09673419802)
(-0.0004633095351 1.808142394e-13 -0.09673465308)
(-0.0004385770207 1.813649057e-13 -0.09673600075)
(-0.0003984130342 1.822591557e-13 -0.09673818928)
(-0.000344361592 1.834630538e-13 -0.09674113453)
(-0.0002784991301 1.849293288e-13 -0.09674472337)
(-0.0002033573573 1.866024696e-13 -0.09674881783)
(-0.0001218244864 1.884178577e-13 -0.09675326054)
(-3.703277375e-05 1.903061042e-13 -0.09675788083)
(4.775893895e-05 1.921943507e-13 -0.09676250111)
(0.0001292918098 1.940097388e-13 -0.09676694382)
(0.0002044335826 1.956828796e-13 -0.09677103829)
(0.0002702960445 1.971491546e-13 -0.09677462712)
(0.0003243474867 1.983530527e-13 -0.09677757237)
(0.0003645114732 1.992473027e-13 -0.0967797609)
(0.0003892439876 1.99797969e-13 -0.09678110857)
(0.0003975953673 1.999839409e-13 -0.09678156364)
(0.0003892439876 1.99797969e-13 -0.09678110857)
(0.0003645114732 1.992473027e-13 -0.0967797609)
(0.0003243474867 1.983530527e-13 -0.09677757237)
(0.0002702960445 1.971491546e-13 -0.09677462712)
(0.0002044335826 1.956828796e-13 -0.09677103829)
(0.0001292918099 1.940097388e-13 -0.09676694382)
(4.775893899e-05 1.921943507e-13 -0.09676250111)
(-3.703277371e-05 1.903061042e-13 -0.09675788083)
(-0.0001218244864 1.884178577e-13 -0.09675326054)
(-0.0002033573573 1.866024696e-13 -0.09674881783)
(-0.00027849913 1.849293288e-13 -0.09674472337)
(-0.000344361592 1.834630538e-13 -0.09674113453)
(-0.0003984130342 1.822591557e-13 -0.09673818928)
(-0.0004385770207 1.813649057e-13 -0.09673600075)
(-0.000463309535 1.808142394e-13 -0.09673465308)
(-0.0004737377796 -7.883983816e-14 -0.1015737201)
(-0.0004653853552 -7.86539887e-14 -0.1015741752)
(-0.0004406497473 -7.810332242e-14 -0.1015755233)
(-0.000400480737 -7.720907247e-14 -0.1015777123)
(-0.000346422534 -7.600560806e-14 -0.1015806583)
(-0.0002805518339 -7.453889936e-14 -0.1015842481)
(-0.0002054006623 -7.286575857e-14 -0.1015883435)
(-0.0001238575932 -7.105080413e-14 -0.1015927874)
(-3.905527466e-05 -6.916255763e-14 -0.1015974088)
(4.57470439e-05 -6.727431112e-14 -0.1016020303)
(0.000127290113 -6.545935669e-14 -0.1016064741)
(0.0002024412846 -6.378621589e-14 -0.1016105696)
(0.0002683119847 -6.231950719e-14 -0.1016141593)
(0.0003223701877 -6.111604278e-14 -0.1016171053)
(0.000362539198 -6.022179283e-14 -0.1016192944)
(0.000387274806 -5.967112655e-14 -0.1016206424)
(0.0003956272303 -5.948508104e-14 -0.1016210976)
(0.000387274806 -5.967112655e-14 -0.1016206424)
(0.000362539198 -6.022179283e-14 -0.1016192944)
(0.0003223701877 -6.111604278e-14 -0.1016171053)
(0.0002683119847 -6.231950719e-14 -0.1016141593)
(0.0002024412846 -6.378621589e-14 -0.1016105696)
(0.0001272901131 -6.545935669e-14 -0.1016064741)
(4.574704394e-05 -6.727431112e-14 -0.1016020303)
(-3.905527461e-05 -6.916255763e-14 -0.1015974088)
(-0.0001238575932 -7.105080413e-14 -0.1015927874)
(-0.0002054006623 -7.286575857e-14 -0.1015883435)
(-0.0002805518339 -7.453889936e-14 -0.1015842481)
(-0.000346422534 -7.600560806e-14 -0.1015806583)
(-0.000400480737 -7.720907247e-14 -0.1015777123)
(-0.0004406497473 -7.810332242e-14 -0.1015755233)
(-0.0004653853552 -7.86539887e-14 -0.1015741752)
(-0.0004759060953 -3.739987962e-13 -0.1064139368)
(-0.0004675523117 -3.738128513e-13 -0.1064143922)
(-0.0004428126786 -3.73262185e-13 -0.1064157406)
(-0.0004026371316 -3.723679351e-13 -0.1064179304)
(-0.0003485701317 -3.711644707e-13 -0.1064208774)
(-0.0002826887125 -3.696981957e-13 -0.1064244683)
(-0.0002075253116 -3.680250549e-13 -0.1064285651)
(-0.000125968973 -3.662105341e-13 -0.1064330104)
(-4.115285459e-05 -3.643222876e-13 -0.1064376333)
(4.366326382e-05 -3.624340411e-13 -0.1064422563)
(0.0001252196024 -3.60618653e-13 -0.1064467015)
(0.0002003830033 -3.589455122e-13 -0.1064507984)
(0.0002662644226 -3.574792372e-13 -0.1064543893)
(0.0003203314225 -3.562757728e-13 -0.1064573362)
(0.0003605069694 -3.553819565e-13 -0.106459526)
(0.0003852466026 -3.548310734e-13 -0.1064608745)
(0.0003936003861 -3.546451689e-13 -0.1064613298)
(0.0003852466026 -3.548310734e-13 -0.1064608745)
(0.0003605069695 -3.553819565e-13 -0.106459526)
(0.0003203314225 -3.562757728e-13 -0.1064573362)
(0.0002662644226 -3.574792372e-13 -0.1064543893)
(0.0002003830034 -3.589455122e-13 -0.1064507984)
(0.0001252196025 -3.60618653e-13 -0.1064467015)
(4.366326388e-05 -3.624340411e-13 -0.1064422563)
(-4.115285454e-05 -3.643222876e-13 -0.1064376333)
(-0.000125968973 -3.662105341e-13 -0.1064330104)
(-0.0002075253116 -3.680250549e-13 -0.1064285651)
(-0.0002826887125 -3.696981957e-13 -0.1064244683)
(-0.0003485701317 -3.711644707e-13 -0.1064208774)
(-0.0004026371316 -3.723679351e-13 -0.1064179304)
(-0.0004428126786 -3.73262185e-13 -0.1064157406)
(-0.0004675523117 -3.738128513e-13 -0.1064143922)
(-0.0004781886939 -7.062589602e-13 -0.1112544946)
(-0.0004698331988 -7.060730039e-13 -0.1112549502)
(-0.0004450884967 -7.055222292e-13 -0.1112562992)
(-0.0004049047181 -7.046281961e-13 -0.1112584899)
(-0.0003508266403 -7.034251653e-13 -0.111261438)
(-0.0002849317226 -7.019588903e-13 -0.1112650304)
(-0.0002097529213 -7.002857495e-13 -0.1112691289)
(-0.0001281798725 -6.984699277e-13 -0.111273576)
(-4.334637598e-05 -6.965825486e-13 -0.1112782009)
(4.148712054e-05 -6.946951694e-13 -0.1112828257)
(0.0001230601694 -6.92880215e-13 -0.1112872728)
(0.0001982389706 -6.912070742e-13 -0.1112913713)
(0.0002641338884 -6.897407992e-13 -0.1112949637)
(0.0003182119662 -6.885377685e-13 -0.1112979119)
(0.0003583957448 -6.876433017e-13 -0.1113001026)
(0.0003831404469 -6.870927438e-13 -0.1113014516)
(0.000391495942 -6.869068432e-13 -0.1113019071)
(0.0003831404469 -6.870927438e-13 -0.1113014516)
(0.0003583957448 -6.876433017e-13 -0.1113001026)
(0.0003182119662 -6.885377685e-13 -0.1112979119)
(0.0002641338884 -6.897407992e-13 -0.1112949637)
(0.0001982389707 -6.912070742e-13 -0.1112913713)
(0.0001230601694 -6.92880215e-13 -0.1112872728)
(4.14871206e-05 -6.946951694e-13 -0.1112828257)
(-4.334637592e-05 -6.965825486e-13 -0.1112782009)
(-0.0001281798724 -6.984699277e-13 -0.111273576)
(-0.0002097529213 -7.002857495e-13 -0.1112691289)
(-0.0002849317225 -7.019588903e-13 -0.1112650304)
(-0.0003508266403 -7.034251653e-13 -0.111261438)
(-0.0004049047181 -7.046281961e-13 -0.1112584899)
(-0.0004450884967 -7.055222292e-13 -0.1112562992)
(-0.0004698331988 -7.060730039e-13 -0.1112549502)
(-0.0004806110845 -1.077261501e-12 -0.1160972462)
(-0.0004722534963 -1.077075603e-12 -0.116097702)
(-0.0004475025957 -1.076524937e-12 -0.1160990517)
(-0.000407308751 -1.075630904e-12 -0.1161012435)
(-0.0003532171268 -1.074427873e-12 -0.1161041931)
(-0.0002873057024 -1.072961598e-12 -0.1161077873)
(-0.0002121080689 -1.071288891e-12 -0.1161118879)
(-0.000130514586 -1.069473503e-12 -0.1161163372)
(-4.565983877e-05 -1.067586124e-12 -0.1161209644)
(3.91949085e-05 -1.065698745e-12 -0.1161255916)
(0.0001207883913 -1.063884224e-12 -0.1161300409)
(0.0001959860248 -1.062211517e-12 -0.1161341415)
(0.0002618974492 -1.060745242e-12 -0.1161377357)
(0.0003159890735 -1.059542211e-12 -0.1161406853)
(0.0003561829182 -1.058647744e-12 -0.1161428771)
(0.0003809338188 -1.058097295e-12 -0.1161442268)
(0.000389291407 -1.057911363e-12 -0.1161446825)
(0.0003809338188 -1.058097295e-12 -0.1161442268)
(0.0003561829182 -1.058647744e-12 -0.1161428771)
(0.0003159890736 -1.059542211e-12 -0.1161406853)
(0.0002618974493 -1.060745242e-12 -0.1161377357)
(0.0001959860249 -1.062211517e-12 -0.1161341415)
(0.0001207883914 -1.063884224e-12 -0.1161300409)
(3.919490857e-05 -1.065698745e-12 -0.1161255916)
(-4.56598387e-05 -1.067586124e-12 -0.1161209644)
(-0.000130514586 -1.069473503e-12 -0.1161163372)
(-0.0002121080688 -1.071288891e-12 -0.1161118879)
(-0.0002873057023 -1.072961598e-12 -0.1161077873)
(-0.0003532171267 -1.074427873e-12 -0.1161041931)
(-0.000407308751 -1.075630904e-12 -0.1161012435)
(-0.0004475025956 -1.076524937e-12 -0.1160990517)
(-0.0004722534963 -1.077075603e-12 -0.116097702)
(-0.0004831975531 -1.48842598e-12 -0.1209402292)
(-0.0004748374767 -1.488240087e-12 -0.1209406852)
(-0.0004500792072 -1.487689746e-12 -0.1209420357)
(-0.000409873396 -1.486795496e-12 -0.1209442288)
(-0.0003557656675 -1.485592465e-12 -0.1209471802)
(-0.0002898346199 -1.484126624e-12 -0.1209507766)
(-0.0002146145985 -1.482453917e-12 -0.1209548796)
(-0.0001329968235 -1.480639396e-12 -0.1209593316)
(-4.811681321e-05 -1.478752017e-12 -0.1209639615)
(3.676319711e-05 -1.476864638e-12 -0.1209685915)
(0.000118380972 -1.475050117e-12 -0.1209730435)
(0.0001936009935 -1.47337741e-12 -0.1209771465)
(0.0002595320411 -1.471911568e-12 -0.1209807428)
(0.0003136397696 -1.470708538e-12 -0.1209836942)
(0.0003538455808 -1.469814721e-12 -0.1209858873)
(0.0003786038503 -1.469264163e-12 -0.1209872378)
(0.0003869639267 -1.469078375e-12 -0.1209876938)
(0.0003786038503 -1.469264163e-12 -0.1209872378)
(0.0003538455808 -1.469814721e-12 -0.1209858873)
(0.0003136397697 -1.470708538e-12 -0.1209836942)
(0.0002595320411 -1.471911568e-12 -0.1209807428)
(0.0001936009935 -1.47337741e-12 -0.1209771465)
(0.0001183809721 -1.475050117e-12 -0.1209730435)
(3.676319718e-05 -1.476864638e-12 -0.1209685915)
(-4.811681314e-05 -1.478752017e-12 -0.1209639615)
(-0.0001329968235 -1.480639396e-12 -0.1209593316)
(-0.0002146145984 -1.482453917e-12 -0.1209548796)
(-0.0002898346198 -1.484126624e-12 -0.1209507766)
(-0.0003557656674 -1.485592465e-12 -0.1209471802)
(-0.000409873396 -1.486795496e-12 -0.1209442288)
(-0.0004500792071 -1.487689746e-12 -0.1209420357)
(-0.0004748374767 -1.488240087e-12 -0.1209406852)
(-0.0004859741322 -1.941576559e-12 -0.12578586)
(-0.0004776111743 -1.941390733e-12 -0.1257863163)
(-0.0004528443712 -1.940840284e-12 -0.1257876677)
(-0.000412624702 -1.939946467e-12 -0.1257898623)
(-0.0003584983239 -1.938743437e-12 -0.1257928158)
(-0.0002925445514 -1.937278029e-12 -0.1257964146)
(-0.0002172986034 -1.935605756e-12 -0.1258005205)
(-0.0001356526968 -1.933791668e-12 -0.1258049755)
(-5.074343037e-05 -1.931904289e-12 -0.1258096087)
(3.416583607e-05 -1.93001691e-12 -0.1258142418)
(0.0001158117427 -1.928202823e-12 -0.1258186969)
(0.0001910576907 -1.92653055e-12 -0.1258228028)
(0.0002570114632 -1.925065142e-12 -0.1258264016)
(0.0003111378413 -1.923862111e-12 -0.125829355)
(0.0003513575105 -1.922968295e-12 -0.1258315496)
(0.0003761243136 -1.922418062e-12 -0.1258329011)
(0.0003844872715 -1.922232119e-12 -0.1258333574)
(0.0003761243136 -1.922418062e-12 -0.1258329011)
(0.0003513575105 -1.922968295e-12 -0.1258315496)
(0.0003111378414 -1.923862111e-12 -0.125829355)
(0.0002570114632 -1.925065142e-12 -0.1258264016)
(0.0001910576907 -1.92653055e-12 -0.1258228028)
(0.0001158117428 -1.928202823e-12 -0.1258186969)
(3.416583615e-05 -1.93001691e-12 -0.1258142418)
(-5.074343029e-05 -1.931904289e-12 -0.1258096087)
(-0.0001356526967 -1.933791668e-12 -0.1258049755)
(-0.0002172986034 -1.935605756e-12 -0.1258005205)
(-0.0002925445513 -1.937278029e-12 -0.1257964146)
(-0.0003584983238 -1.938743437e-12 -0.1257928158)
(-0.000412624702 -1.939946467e-12 -0.1257898623)
(-0.0004528443711 -1.940840284e-12 -0.1257876677)
(-0.0004776111742 -1.941390733e-12 -0.1257863163)
(-0.0004889624561 -2.438173009e-12 -0.1306321704)
(-0.0004805962492 -2.437987204e-12 -0.1306326271)
(-0.0004558198242 -2.437436971e-12 -0.1306339796)
(-0.0004155845299 -2.436543155e-12 -0.1306361759)
(-0.0003614371238 -2.435340558e-12 -0.1306391317)
(-0.0002954577285 -2.43387515e-12 -0.1306427333)
(-0.0002201825477 -2.43220331e-12 -0.1306468424)
(-0.0001385049218 -2.430389223e-12 -0.1306513009)
(-5.35626684e-05 -2.428502711e-12 -0.1306559377)
(3.137958504e-05 -2.4266162e-12 -0.1306605744)
(0.0001130572109 -2.424802113e-12 -0.130665033)
(0.0001883323917 -2.423130273e-12 -0.130669142)
(0.000254311787 -2.421664865e-12 -0.1306727437)
(0.0003084591931 -2.420462268e-12 -0.1306756994)
(0.0003486944875 -2.419568452e-12 -0.1306778957)
(0.0003734709124 -2.419018219e-12 -0.1306792482)
(0.0003818371194 -2.418832421e-12 -0.1306797049)
(0.0003734709125 -2.419018219e-12 -0.1306792482)
(0.0003486944875 -2.419568452e-12 -0.1306778957)
(0.0003084591932 -2.420462268e-12 -0.1306756994)
(0.0002543117871 -2.421664865e-12 -0.1306727437)
(0.0001883323917 -2.423130273e-12 -0.130669142)
(0.000113057211 -2.424802113e-12 -0.130665033)
(3.137958513e-05 -2.4266162e-12 -0.1306605744)
(-5.356266831e-05 -2.428502711e-12 -0.1306559377)
(-0.0001385049217 -2.430389223e-12 -0.1306513009)
(-0.0002201825476 -2.43220331e-12 -0.1306468424)
(-0.0002954577284 -2.43387515e-12 -0.1306427333)
(-0.0003614371237 -2.435340558e-12 -0.1306391317)
(-0.0004155845298 -2.436543155e-12 -0.1306361759)
(-0.0004558198242 -2.437436971e-12 -0.1306339796)
(-0.0004805962491 -2.437987204e-12 -0.1306326271)
(-0.0004921831787 -2.980099489e-12 -0.1354815495)
(-0.0004838134031 -2.979913625e-12 -0.1354820066)
(-0.0004590264095 -2.979363718e-12 -0.1354833602)
(-0.0004187739523 -2.978470335e-12 -0.1354855584)
(-0.0003646034491 -2.977267738e-12 -0.1354885167)
(-0.0002985959096 -2.975802764e-12 -0.1354921214)
(-0.0002232886193 -2.974131358e-12 -0.135496234)
(-0.0001415761531 -2.972317704e-12 -0.1355006963)
(-5.659766661e-05 -2.970431193e-12 -0.1355053371)
(2.838081984e-05 -2.968544681e-12 -0.1355099778)
(0.0001100932861 -2.966731895e-12 -0.1355144402)
(0.0001854005764 -2.965060489e-12 -0.1355185527)
(0.0002514081159 -2.963595515e-12 -0.1355221574)
(0.0003055786192 -2.962392918e-12 -0.1355251157)
(0.0003458310763 -2.961499535e-12 -0.1355273139)
(0.0003706180699 -2.960949194e-12 -0.1355286676)
(0.0003789878455 -2.960763464e-12 -0.1355291246)
(0.0003706180699 -2.960949194e-12 -0.1355286676)
(0.0003458310764 -2.961499535e-12 -0.1355273139)
(0.0003055786192 -2.962392918e-12 -0.1355251157)
(0.000251408116 -2.963595515e-12 -0.1355221574)
(0.0001854005764 -2.965060489e-12 -0.1355185527)
(0.0001100932862 -2.966731895e-12 -0.1355144402)
(2.838081994e-05 -2.968544681e-12 -0.1355099778)
(-5.659766651e-05 -2.970431193e-12 -0.1355053371)
(-0.000141576153 -2.972317704e-12 -0.1355006963)
(-0.0002232886193 -2.974131358e-12 -0.135496234)
(-0.0002985959095 -2.975802764e-12 -0.1354921214)
(-0.000364603449 -2.977267738e-12 -0.1354885167)
(-0.0004187739523 -2.978470335e-12 -0.1354855584)
(-0.0004590264095 -2.979363718e-12 -0.1354833602)
(-0.000483813403 -2.979913625e-12 -0.1354820066)
(-0.0004956487919 -3.568725426e-12 -0.14033197)
(-0.0004872752056 -3.568539778e-12 -0.1403324275)
(-0.0004624769268 -3.567989654e-12 -0.1403337823)
(-0.0004222061431 -3.567096705e-12 -0.1403359826)
(-0.0003680109766 -3.565894541e-12 -0.1403389436)
(-0.0003019733846 -3.564430001e-12 -0.1403425516)
(-0.0002266318077 -3.562759029e-12 -0.1403466679)
(-0.0001448821386 -3.560945809e-12 -0.1403511343)
(-5.986496237e-05 -3.559060165e-12 -0.1403557793)
(2.515221389e-05 -3.55717452e-12 -0.1403604243)
(0.000106901883 -3.555361301e-12 -0.1403648907)
(0.0001822434598 -3.553690328e-12 -0.140369007)
(0.0002482810519 -3.552225788e-12 -0.140372615)
(0.0003024762185 -3.551023624e-12 -0.140375576)
(0.0003427470022 -3.550130242e-12 -0.1403777762)
(0.000367545281 -3.549580335e-12 -0.1403791311)
(0.0003759188673 -3.549394646e-12 -0.1403795886)
(0.000367545281 -3.549580335e-12 -0.1403791311)
(0.0003427470022 -3.550130242e-12 -0.1403777762)
(0.0003024762185 -3.551023624e-12 -0.140375576)
(0.000248281052 -3.552225788e-12 -0.140372615)
(0.0001822434599 -3.553690328e-12 -0.140369007)
(0.0001069018831 -3.555361301e-12 -0.1403648907)
(2.5152214e-05 -3.55717452e-12 -0.1403604243)
(-5.986496226e-05 -3.559060165e-12 -0.1403557793)
(-0.0001448821385 -3.560945809e-12 -0.1403511343)
(-0.0002266318076 -3.562759029e-12 -0.1403466679)
(-0.0003019733845 -3.564430001e-12 -0.1403425516)
(-0.0003680109766 -3.565894541e-12 -0.1403389436)
(-0.0004222061431 -3.567096705e-12 -0.1403359826)
(-0.0004624769268 -3.567989654e-12 -0.1403337823)
(-0.0004872752056 -3.568539778e-12 -0.1403324275)
(-0.0004993676831 -4.20584098e-12 -0.1451857345)
(-0.0004909901463 -4.205655247e-12 -0.1451861924)
(-0.0004661801681 -4.205105448e-12 -0.1451875485)
(-0.0004258903853 -4.204212499e-12 -0.1451897508)
(-0.0003716696505 -4.203010769e-12 -0.1451927146)
(-0.000305600903 -4.201546663e-12 -0.145196326)
(-0.0002302237813 -4.199876124e-12 -0.1452004463)
(-0.0001484355441 -4.198062904e-12 -0.1452049169)
(-6.337825824e-05 -4.196178127e-12 -0.1452095663)
(2.167902766e-05 -4.19429335e-12 -0.1452142157)
(0.0001034672649 -4.192480998e-12 -0.1452186863)
(0.0001788443866 -4.190810459e-12 -0.1452228066)
(0.000244913134 -4.189346352e-12 -0.145226418)
(0.0002991338689 -4.188144623e-12 -0.1452293818)
(0.0003394236517 -4.187251674e-12 -0.1452315841)
(0.0003642336299 -4.186701658e-12 -0.1452329402)
(0.0003726111667 -4.186516039e-12 -0.1452333981)
(0.0003642336299 -4.186701658e-12 -0.1452329402)
(0.0003394236517 -4.187251674e-12 -0.1452315841)
(0.000299133869 -4.188144623e-12 -0.1452293818)
(0.0002449131341 -4.189346352e-12 -0.145226418)
(0.0001788443867 -4.190810459e-12 -0.1452228066)
(0.000103467265 -4.192480998e-12 -0.1452186863)
(2.167902778e-05 -4.19429335e-12 -0.1452142157)
(-6.337825812e-05 -4.196178127e-12 -0.1452095663)
(-0.000148435544 -4.198062904e-12 -0.1452049169)
(-0.0002302237812 -4.199876124e-12 -0.1452004463)
(-0.0003056009029 -4.201546663e-12 -0.145196326)
(-0.0003716696504 -4.203010769e-12 -0.1451927146)
(-0.0004258903853 -4.204212499e-12 -0.1451897508)
(-0.000466180168 -4.205105448e-12 -0.1451875485)
(-0.0004909901463 -4.205655247e-12 -0.1451861924)
(-0.0005033361738 -4.892543273e-12 -0.1500406941)
(-0.0004949546789 -4.892357678e-12 -0.1500411524)
(-0.0004701329791 -4.891807879e-12 -0.1500425099)
(-0.0004298241611 -4.890915364e-12 -0.1500447143)
(-0.0003755778093 -4.889714068e-12 -0.1500476809)
(-0.0003094778471 -4.888250395e-12 -0.1500512957)
(-0.0002340651129 -4.88658029e-12 -0.1500554198)
(-0.0001522382342 -4.884768805e-12 -0.1500598948)
(-6.714076238e-05 -4.882884028e-12 -0.1500645485)
(1.795670949e-05 -4.880999251e-12 -0.1500692023)
(9.978358817e-05 -4.879187766e-12 -0.1500736772)
(0.0001751963224 -4.877517661e-12 -0.1500778013)
(0.0002412962845 -4.876053988e-12 -0.1500814162)
(0.0002955426364 -4.874852692e-12 -0.1500843828)
(0.0003358514544 -4.873959743e-12 -0.1500865872)
(0.0003606731543 -4.873410161e-12 -0.1500879446)
(0.0003690546491 -4.873224596e-12 -0.150088403)
(0.0003606731543 -4.873410161e-12 -0.1500879446)
(0.0003358514544 -4.873959743e-12 -0.1500865872)
(0.0002955426365 -4.874852692e-12 -0.1500843828)
(0.0002412962846 -4.876053988e-12 -0.1500814162)
(0.0001751963225 -4.877517661e-12 -0.1500778013)
(9.978358828e-05 -4.879187766e-12 -0.1500736772)
(1.795670961e-05 -4.880999251e-12 -0.1500692023)
(-6.714076225e-05 -4.882884028e-12 -0.1500645485)
(-0.0001522382341 -4.884768805e-12 -0.1500598948)
(-0.0002340651128 -4.88658029e-12 -0.1500554198)
(-0.000309477847 -4.888250395e-12 -0.1500512957)
(-0.0003755778092 -4.889714068e-12 -0.1500476809)
(-0.000429824161 -4.890915364e-12 -0.1500447143)
(-0.000470132979 -4.891807879e-12 -0.1500425099)
(-0.0004949546789 -4.892357678e-12 -0.1500411524)
(-0.0005075437909 -5.630342592e-12 -0.1548990033)
(-0.0004991584829 -5.630157148e-12 -0.1548994621)
(-0.0004743254902 -5.629607457e-12 -0.1549008208)
(-0.0004339983336 -5.628715376e-12 -0.1549030272)
(-0.000379727302 -5.627514513e-12 -0.1549059965)
(-0.0003135972673 -5.626051274e-12 -0.1549096146)
(-0.0002381502237 -5.624382036e-12 -0.1549137425)
(-0.0001562861174 -5.622570118e-12 -0.1549182215)
(-7.114992997e-05 -5.620686208e-12 -0.1549228795)
(1.398625748e-05 -5.618802298e-12 -0.1549275375)
(9.585036375e-05 -5.616991247e-12 -0.1549320165)
(0.0001712974074 -5.615322009e-12 -0.1549361444)
(0.0002374274421 -5.61385877e-12 -0.1549397626)
(0.0002916984737 -5.612657908e-12 -0.1549427319)
(0.0003320256304 -5.611765393e-12 -0.1549449383)
(0.0003568586231 -5.611215919e-12 -0.154946297)
(0.0003652439311 -5.61103035e-12 -0.1549467557)
(0.0003568586231 -5.611215919e-12 -0.154946297)
(0.0003320256304 -5.611765393e-12 -0.1549449383)
(0.0002916984738 -5.612657908e-12 -0.1549427319)
(0.0002374274422 -5.61385877e-12 -0.1549397626)
(0.0001712974075 -5.615322009e-12 -0.1549361444)
(9.585036388e-05 -5.616991247e-12 -0.1549320165)
(1.398625761e-05 -5.618802298e-12 -0.1549275375)
(-7.114992983e-05 -5.620686208e-12 -0.1549228795)
(-0.0001562861173 -5.622570118e-12 -0.1549182215)
(-0.0002381502236 -5.624382036e-12 -0.1549137425)
(-0.0003135972672 -5.626051274e-12 -0.1549096146)
(-0.0003797273019 -5.627514513e-12 -0.1549059965)
(-0.0004339983335 -5.628715376e-12 -0.1549030272)
(-0.0004743254902 -5.629607457e-12 -0.1549008208)
(-0.0004991584829 -5.630157148e-12 -0.1548994621)
(-0.0005119650576 -6.419876065e-12 -0.1597583345)
(-0.000503576255 -6.419690517e-12 -0.1597587937)
(-0.0004787329133 -6.41914126e-12 -0.1597601535)
(-0.0004383889503 -6.418249179e-12 -0.1597623617)
(-0.0003840953015 -6.41704875e-12 -0.1597653335)
(-0.0003179377073 -6.415585944e-12 -0.1597689547)
(-0.0002424592213 -6.41391714e-12 -0.1597730861)
(-0.0001605609984 -6.412106089e-12 -0.1597775688)
(-7.538933068e-05 -6.410223047e-12 -0.1597822307)
(9.782337033e-06 -6.408340004e-12 -0.1597868926)
(9.168055995e-05 -6.406528953e-12 -0.1597913753)
(0.000167159046 -6.404860149e-12 -0.1597955067)
(0.0002333166402 -6.403397344e-12 -0.1597991279)
(0.000287610289 -6.402196915e-12 -0.1598020997)
(0.000327954252 -6.401304833e-12 -0.1598043079)
(0.0003527975937 -6.400755577e-12 -0.1598056677)
(0.0003611863963 -6.400570085e-12 -0.1598061269)
(0.0003527975938 -6.400755577e-12 -0.1598056677)
(0.000327954252 -6.401304833e-12 -0.1598043079)
(0.0002876102891 -6.402196915e-12 -0.1598020997)
(0.0002333166403 -6.403397344e-12 -0.1597991279)
(0.0001671590461 -6.404860149e-12 -0.1597955067)
(9.168056009e-05 -6.406528953e-12 -0.1597913753)
(9.782337174e-06 -6.408340004e-12 -0.1597868926)
(-7.538933054e-05 -6.410223047e-12 -0.1597822307)
(-0.0001605609983 -6.412106089e-12 -0.1597775688)
(-0.0002424592212 -6.41391714e-12 -0.1597730861)
(-0.0003179377072 -6.415585944e-12 -0.1597689547)
(-0.0003840953014 -6.41704875e-12 -0.1597653335)
(-0.0004383889503 -6.418249179e-12 -0.1597623617)
(-0.0004787329132 -6.41914126e-12 -0.1597601535)
(-0.000503576255 -6.419690517e-12 -0.1597587937)
(-0.0005165665685 -7.26220789e-12 -0.1646206471)
(-0.0005081747707 -7.262022472e-12 -0.1646211066)
(-0.0004833225586 -7.261473324e-12 -0.1646224674)
(-0.0004429641907 -7.260581893e-12 -0.1646246772)
(-0.0003886511561 -7.259381464e-12 -0.1646276511)
(-0.00032246994 -7.257919092e-12 -0.1646312749)
(-0.0002469645041 -7.256250722e-12 -0.1646354092)
(-0.0001650370391 -7.254440972e-12 -0.1646398951)
(-7.983496048e-05 -7.252557929e-12 -0.1646445604)
(5.367118131e-06 -7.250674887e-12 -0.1646492256)
(8.729458315e-05 -7.248865137e-12 -0.1646537116)
(0.0001628000191 -7.247196766e-12 -0.1646578459)
(0.0002289812351 -7.245734394e-12 -0.1646614696)
(0.0002832942698 -7.244533966e-12 -0.1646644436)
(0.0003236526377 -7.243642101e-12 -0.1646666534)
(0.0003485048499 -7.243092953e-12 -0.1646680142)
(0.0003568966477 -7.24290757e-12 -0.1646684737)
(0.0003485048499 -7.243092953e-12 -0.1646680142)
(0.0003236526377 -7.243642101e-12 -0.1646666534)
(0.0002832942698 -7.244533966e-12 -0.1646644436)
(0.0002289812352 -7.245734394e-12 -0.1646614696)
(0.0001628000192 -7.247196766e-12 -0.1646578459)
(8.729458329e-05 -7.248865137e-12 -0.1646537116)
(5.367118281e-06 -7.250674887e-12 -0.1646492256)
(-7.983496033e-05 -7.252557929e-12 -0.1646445604)
(-0.0001650370389 -7.254440972e-12 -0.1646398951)
(-0.000246964504 -7.256250722e-12 -0.1646354092)
(-0.0003224699399 -7.257919092e-12 -0.1646312749)
(-0.0003886511559 -7.259381464e-12 -0.1646276511)
(-0.0004429641906 -7.260581893e-12 -0.1646246772)
(-0.0004833225585 -7.261473324e-12 -0.1646224674)
(-0.0005081747707 -7.262022472e-12 -0.1646211066)
(-0.0005212992373 -8.157382081e-12 -0.1694834034)
(-0.000512905127 -8.157196706e-12 -0.1694838631)
(-0.0004880460665 -8.156647666e-12 -0.1694852247)
(-0.0004476765773 -8.155756018e-12 -0.1694874357)
(-0.000393348576 -8.154556457e-12 -0.1694904113)
(-0.0003271491227 -8.153094085e-12 -0.1694940371)
(-0.0002516228803 -8.151426149e-12 -0.1694981737)
(-0.000169672839 -8.149616398e-12 -0.1695026621)
(-8.444728176e-05 -8.147734223e-12 -0.1695073299)
(7.78275475e-07 -8.145852048e-12 -0.1695119977)
(8.272831675e-05 -8.144042298e-12 -0.1695164862)
(0.0001582545592 -8.142374362e-12 -0.1695206228)
(0.0002244540125 -8.14091199e-12 -0.1695242485)
(0.0002787820138 -8.139712428e-12 -0.1695272241)
(0.0003191515031 -8.138820781e-12 -0.1695294351)
(0.0003440105636 -8.138271741e-12 -0.1695307967)
(0.0003524046739 -8.138086316e-12 -0.1695312564)
(0.0003440105636 -8.138271741e-12 -0.1695307967)
(0.0003191515031 -8.138820781e-12 -0.1695294351)
(0.0002787820139 -8.139712428e-12 -0.1695272241)
(0.0002244540126 -8.14091199e-12 -0.1695242485)
(0.0001582545594 -8.142374362e-12 -0.1695206228)
(8.27283169e-05 -8.144042298e-12 -0.1695164862)
(7.782756342e-07 -8.145852048e-12 -0.1695119977)
(-8.44472816e-05 -8.147734223e-12 -0.1695073299)
(-0.0001696728388 -8.149616398e-12 -0.1695026621)
(-0.0002516228801 -8.151426149e-12 -0.1694981737)
(-0.0003271491226 -8.153094085e-12 -0.1694940371)
(-0.0003933485758 -8.154556457e-12 -0.1694904113)
(-0.0004476765772 -8.155756018e-12 -0.1694874357)
(-0.0004880460664 -8.156647666e-12 -0.1694852247)
(-0.000512905127 -8.157196706e-12 -0.1694838631)
(-0.0005261075291 -9.105941988e-12 -0.1743483566)
(-0.0005177119585 -9.105756622e-12 -0.1743488165)
(-0.0004928485731 -9.10520769e-12 -0.1743501785)
(-0.0004524720606 -9.104316259e-12 -0.1743523903)
(-0.0003981346077 -9.103116264e-12 -0.1743553669)
(-0.0003319236374 -9.10165476e-12 -0.1743589939)
(-0.0002563842553 -9.099986823e-12 -0.174363132)
(-0.0001744199569 -9.09817794e-12 -0.174367622)
(-8.917957258e-05 -9.096295765e-12 -0.1743722914)
(-3.939188285e-06 -9.09441359e-12 -0.1743769609)
(7.802511019e-05 -9.09260384e-12 -0.1743814509)
(0.0001535644923 -9.090935903e-12 -0.1743855889)
(0.0002197754625 -9.089474399e-12 -0.1743892159)
(0.0002741129156 -9.088274404e-12 -0.1743921925)
(0.0003144894281 -9.087383407e-12 -0.1743944044)
(0.0003393528134 -9.086834475e-12 -0.1743957664)
(0.0003477483841 -9.086649133e-12 -0.1743962263)
(0.0003393528135 -9.086834475e-12 -0.1743957664)
(0.0003144894281 -9.087383407e-12 -0.1743944044)
(0.0002741129157 -9.088274404e-12 -0.1743921925)
(0.0002197754627 -9.089474399e-12 -0.1743892159)
(0.0001535644924 -9.090935903e-12 -0.1743855889)
(7.802511035e-05 -9.09260384e-12 -0.1743814509)
(-3.939188116e-06 -9.09441359e-12 -0.1743769609)
(-8.917957241e-05 -9.096295765e-12 -0.1743722914)
(-0.0001744199567 -9.09817794e-12 -0.174367622)
(-0.0002563842552 -9.099986823e-12 -0.174363132)
(-0.0003319236373 -9.10165476e-12 -0.1743589939)
(-0.0003981346075 -9.103116264e-12 -0.1743553669)
(-0.0004524720606 -9.104316259e-12 -0.1743523903)
(-0.000492848573 -9.10520769e-12 -0.1743501785)
(-0.0005177119584 -9.105756622e-12 -0.1743488165)
(-0.0005309227762 -1.010732935e-11 -0.1792127738)
(-0.0005225267441 -1.010714396e-11 -0.1792132337)
(-0.0004976619921 -1.010659503e-11 -0.1792145959)
(-0.0004572832605 -1.01057036e-11 -0.1792168079)
(-0.0004029428209 -1.010450404e-11 -0.1792197849)
(-0.0003367282115 -1.01030421e-11 -0.1792234123)
(-0.0002611846775 -1.01013746e-11 -0.1792275508)
(-0.000179215874 -1.009956528e-11 -0.1792320413)
(-9.397080466e-05 -1.009768311e-11 -0.1792367113)
(-8.725735284e-06 -1.009580093e-11 -0.1792413812)
(7.324306822e-05 -1.009399161e-11 -0.1792458717)
(0.0001487866022 -1.009232411e-11 -0.1792500102)
(0.0002150012116 -1.009086217e-11 -0.1792536377)
(0.0002693416512 -1.008966261e-11 -0.1792566146)
(0.0003097203829 -1.008877161e-11 -0.1792588266)
(0.0003345851349 -1.008822247e-11 -0.1792601888)
(0.000342981167 -1.00880372e-11 -0.1792606488)
(0.0003345851349 -1.008822247e-11 -0.1792601888)
(0.000309720383 -1.008877161e-11 -0.1792588266)
(0.0002693416513 -1.008966261e-11 -0.1792566146)
(0.0002150012118 -1.009086217e-11 -0.1792536377)
(0.0001487866024 -1.009232411e-11 -0.1792500102)
(7.324306838e-05 -1.009399161e-11 -0.1792458717)
(-8.725735106e-06 -1.009580093e-11 -0.1792413812)
(-9.397080448e-05 -1.009768311e-11 -0.1792367113)
(-0.0001792158739 -1.009956528e-11 -0.1792320413)
(-0.0002611846774 -1.01013746e-11 -0.1792275508)
(-0.0003367282114 -1.01030421e-11 -0.1792234123)
(-0.0004029428208 -1.010450404e-11 -0.1792197849)
(-0.0004572832604 -1.01057036e-11 -0.1792168079)
(-0.0004976619921 -1.010659503e-11 -0.1792145959)
(-0.000522526744 -1.010714396e-11 -0.1792132337)
(-0.000535674329 -1.116163496e-11 -0.1840782425)
(-0.0005272789442 -1.116144959e-11 -0.1840787024)
(-0.0005024161093 -1.116090076e-11 -0.1840800643)
(-0.0004620404908 -1.116000955e-11 -0.1840822761)
(-0.0004077042409 -1.115880955e-11 -0.1840852525)
(-0.0003414947366 -1.115734762e-11 -0.1840888794)
(-0.0002659570269 -1.115568011e-11 -0.1840930172)
(-0.0001839945432 -1.115387036e-11 -0.184097507)
(-9.875604613e-05 -1.115198819e-11 -0.1841021763)
(-1.351754907e-05 -1.115010601e-11 -0.1841068455)
(6.84449347e-05 -1.114829626e-11 -0.1841113353)
(0.0001439826444 -1.114662876e-11 -0.1841154732)
(0.0002101921487 -1.114516682e-11 -0.1841191001)
(0.0002645283986 -1.114396683e-11 -0.1841220765)
(0.0003049040172 -1.114307518e-11 -0.1841242883)
(0.0003297668521 -1.114252614e-11 -0.1841256502)
(0.0003381622369 -1.114234082e-11 -0.1841261101)
(0.0003297668521 -1.114252614e-11 -0.1841256502)
(0.0003049040173 -1.114307518e-11 -0.1841242883)
(0.0002645283987 -1.114396683e-11 -0.1841220765)
(0.0002101921488 -1.114516682e-11 -0.1841191001)
(0.0001439826445 -1.114662876e-11 -0.1841154732)
(6.844493487e-05 -1.114829626e-11 -0.1841113353)
(-1.351754889e-05 -1.115010601e-11 -0.1841068455)
(-9.875604593e-05 -1.115198819e-11 -0.1841021763)
(-0.000183994543 -1.115387036e-11 -0.184097507)
(-0.0002659570268 -1.115568011e-11 -0.1840930172)
(-0.0003414947364 -1.115734762e-11 -0.1840888794)
(-0.0004077042407 -1.115880955e-11 -0.1840852525)
(-0.0004620404907 -1.116000955e-11 -0.1840822761)
(-0.0005024161092 -1.116090076e-11 -0.1840800643)
(-0.0005272789442 -1.116144959e-11 -0.1840787024)
(-0.0005402840916 -1.226784456e-11 -0.1889419045)
(-0.0005318905268 -1.226765911e-11 -0.1889423642)
(-0.0005070330818 -1.226711029e-11 -0.1889437256)
(-0.0004666662161 -1.226621842e-11 -0.1889459363)
(-0.0004123417454 -1.226501843e-11 -0.1889489115)
(-0.0003461465944 -1.226355606e-11 -0.1889525368)
(-0.0002706252602 -1.226188769e-11 -0.1889566729)
(-0.0001886805446 -1.226007663e-11 -0.1889611607)
(-0.000103460526 -1.225819446e-11 -0.1889658279)
(-1.824050735e-05 -1.225631228e-11 -0.1889704951)
(6.37042082e-05 -1.22545021e-11 -0.188974983)
(0.0001392255424 -1.225283373e-11 -0.188979119)
(0.0002054206935 -1.225137136e-11 -0.1889827443)
(0.0002597451642 -1.225017136e-11 -0.1889857195)
(0.0003001120299 -1.224927993e-11 -0.1889879303)
(0.000324969475 -1.224873068e-11 -0.1889892916)
(0.0003333630398 -1.224854528e-11 -0.1889897513)
(0.000324969475 -1.224873068e-11 -0.1889892916)
(0.00030011203 -1.224927993e-11 -0.1889879303)
(0.0002597451643 -1.225017136e-11 -0.1889857195)
(0.0002054206937 -1.225137136e-11 -0.1889827443)
(0.0001392255426 -1.225283373e-11 -0.188979119)
(6.370420839e-05 -1.22545021e-11 -0.188974983)
(-1.824050715e-05 -1.225631228e-11 -0.1889704951)
(-0.0001034605258 -1.225819446e-11 -0.1889658279)
(-0.0001886805444 -1.226007663e-11 -0.1889611607)
(-0.00027062526 -1.226188769e-11 -0.1889566729)
(-0.0003461465942 -1.226355606e-11 -0.1889525368)
(-0.0004123417453 -1.226501843e-11 -0.1889489115)
(-0.000466666216 -1.226621842e-11 -0.1889459363)
(-0.0005070330817 -1.226711029e-11 -0.1889437256)
(-0.0005318905267 -1.226765911e-11 -0.1889423642)
(-0.0005446784758 -1.342581044e-11 -0.1938052738)
(-0.0005362879166 -1.342562487e-11 -0.1938057332)
(-0.0005114393727 -1.342507572e-11 -0.1938070936)
(-0.0004710869618 -1.342418321e-11 -0.1938093027)
(-0.0004167819438 -1.342298278e-11 -0.1938122758)
(-0.0003506104962 -1.342151954e-11 -0.1938158985)
(-0.000275116205 -1.341985073e-11 -0.1938200316)
(-0.0001932008326 -1.341803925e-11 -0.1938245162)
(-0.0001080113299 -1.341615621e-11 -0.19382918)
(-2.282182717e-05 -1.341427316e-11 -0.1938338439)
(5.909354526e-05 -1.341246168e-11 -0.1938383285)
(0.0001345878365 -1.341079288e-11 -0.1938424616)
(0.0002007592841 -1.340932964e-11 -0.1938460843)
(0.0002550643021 -1.340812921e-11 -0.1938490573)
(0.0002954167131 -1.340723756e-11 -0.1938512665)
(0.0003202652571 -1.340668798e-11 -0.1938526269)
(0.0003286558163 -1.340650257e-11 -0.1938530863)
(0.0003202652571 -1.340668798e-11 -0.1938526269)
(0.0002954167132 -1.340723756e-11 -0.1938512665)
(0.0002550643022 -1.340812921e-11 -0.1938490573)
(0.0002007592843 -1.340932964e-11 -0.1938460843)
(0.0001345878367 -1.341079288e-11 -0.1938424616)
(5.909354546e-05 -1.341246168e-11 -0.1938383285)
(-2.282182697e-05 -1.341427316e-11 -0.1938338439)
(-0.0001080113297 -1.341615621e-11 -0.19382918)
(-0.0001932008324 -1.341803925e-11 -0.1938245162)
(-0.0002751162048 -1.341985073e-11 -0.1938200316)
(-0.000350610496 -1.342151954e-11 -0.1938158985)
(-0.0004167819437 -1.342298278e-11 -0.1938122758)
(-0.0004710869616 -1.342418321e-11 -0.1938093027)
(-0.0005114393726 -1.342507572e-11 -0.1938070936)
(-0.0005362879166 -1.342562487e-11 -0.1938057332)
(-0.0005487836193 -1.463432548e-11 -0.1986654788)
(-0.0005403972088 -1.463413982e-11 -0.1986659377)
(-0.0005155609513 -1.463359013e-11 -0.1986672968)
(-0.0004752284926 -1.46326974e-11 -0.1986695037)
(-0.0004209503259 -1.463149567e-11 -0.1986724738)
(-0.0003548115968 -1.463003199e-11 -0.1986760929)
(-0.0002793546338 -1.462836189e-11 -0.1986802219)
(-0.0001974797645 -1.462654997e-11 -0.1986847021)
(-0.0001123323839 -1.462466519e-11 -0.1986893613)
(-2.718500321e-05 -1.462278042e-11 -0.1986940206)
(5.468986609e-05 -1.46209685e-11 -0.1986985007)
(0.0001301468291 -1.461929839e-11 -0.1987026297)
(0.0001962855582 -1.461783472e-11 -0.1987062488)
(0.000250563725 -1.461663299e-11 -0.1987092189)
(0.0002908961837 -1.461574069e-11 -0.1987114259)
(0.0003157324413 -1.4615191e-11 -0.1987127849)
(0.0003241188518 -1.461500543e-11 -0.1987132438)
(0.0003157324413 -1.4615191e-11 -0.1987127849)
(0.0002908961838 -1.461574069e-11 -0.1987114259)
(0.0002505637251 -1.461663299e-11 -0.1987092189)
(0.0001962855584 -1.461783472e-11 -0.1987062488)
(0.0001301468293 -1.461929839e-11 -0.1987026297)
(5.468986629e-05 -1.46209685e-11 -0.1986985007)
(-2.7185003e-05 -1.462278042e-11 -0.1986940206)
(-0.0001123323836 -1.462466519e-11 -0.1986893613)
(-0.0001974797643 -1.462654997e-11 -0.1986847021)
(-0.0002793546336 -1.462836189e-11 -0.1986802219)
(-0.0003548115966 -1.463003199e-11 -0.1986760929)
(-0.0004209503257 -1.463149567e-11 -0.1986724738)
(-0.0004752284925 -1.46326974e-11 -0.1986695037)
(-0.0005155609512 -1.463359013e-11 -0.1986672968)
(-0.0005403972088 -1.463413982e-11 -0.1986659377)
(-0.0005525362706 -1.589328119e-11 -0.2035240777)
(-0.0005441550639 -1.589309543e-11 -0.203524536)
(-0.0005193342172 -1.589254531e-11 -0.2035258934)
(-0.0004790267847 -1.589165171e-11 -0.2035280976)
(-0.0004247822974 -1.589044911e-11 -0.203531064)
(-0.0003586846072 -1.588898414e-11 -0.2035346786)
(-0.0002832744651 -1.588731273e-11 -0.2035388024)
(-0.0002014503989 -1.588549951e-11 -0.203543277)
(-0.000116355852 -1.5883613e-11 -0.2035479305)
(-3.126130504e-05 -1.588172649e-11 -0.2035525839)
(5.056276113e-05 -1.587991327e-11 -0.2035570585)
(0.0001259729033 -1.587824186e-11 -0.2035611824)
(0.0001920705935 -1.587677689e-11 -0.203564797)
(0.0002463150808 -1.587557429e-11 -0.2035677634)
(0.0002866225134 -1.587468113e-11 -0.2035699676)
(0.0003114433601 -1.587413122e-11 -0.2035713249)
(0.0003198245669 -1.587394536e-11 -0.2035717833)
(0.0003114433602 -1.587413122e-11 -0.2035713249)
(0.0002866225134 -1.587468113e-11 -0.2035699676)
(0.000246315081 -1.587557429e-11 -0.2035677634)
(0.0001920705937 -1.587677689e-11 -0.203564797)
(0.0001259729035 -1.587824186e-11 -0.2035611824)
(5.056276134e-05 -1.587991327e-11 -0.2035570585)
(-3.126130481e-05 -1.588172649e-11 -0.2035525839)
(-0.0001163558517 -1.5883613e-11 -0.2035479305)
(-0.0002014503987 -1.588549951e-11 -0.203543277)
(-0.0002832744649 -1.588731273e-11 -0.2035388024)
(-0.000358684607 -1.588898414e-11 -0.2035346786)
(-0.0004247822972 -1.589044911e-11 -0.203531064)
(-0.0004790267846 -1.589165171e-11 -0.2035280976)
(-0.0005193342171 -1.589254531e-11 -0.2035258934)
(-0.0005441550638 -1.589309543e-11 -0.203524536)
(-0.0005558787483 -1.720153577e-11 -0.2083783019)
(-0.0005475036692 -1.720134972e-11 -0.2083787596)
(-0.0005227009694 -1.720079894e-11 -0.2083801149)
(-0.0004824230062 -1.719990469e-11 -0.2083823159)
(-0.0004282181777 -1.719870123e-11 -0.208385278)
(-0.0003621688124 -1.719723452e-11 -0.2083888873)
(-0.0002868138036 -1.719556138e-11 -0.2083930051)
(-0.0002050495601 -1.719374643e-11 -0.2083974731)
(-0.000120017227 -1.719185818e-11 -0.2084021197)
(-3.498489375e-05 -1.718996993e-11 -0.2084067664)
(4.677934977e-05 -1.718815498e-11 -0.2084112344)
(0.0001221343586 -1.718648184e-11 -0.2084153522)
(0.0001881837239 -1.718501513e-11 -0.2084189615)
(0.0002423885524 -1.718381167e-11 -0.2084219235)
(0.0002826665156 -1.718291742e-11 -0.2084241245)
(0.0003074692155 -1.718236664e-11 -0.2084254799)
(0.0003158442947 -1.718218074e-11 -0.2084259375)
(0.0003074692156 -1.718236664e-11 -0.2084254799)
(0.0002826665157 -1.718291742e-11 -0.2084241245)
(0.0002423885525 -1.718381167e-11 -0.2084219235)
(0.0001881837241 -1.718501513e-11 -0.2084189615)
(0.0001221343588 -1.718648184e-11 -0.2084153522)
(4.677934998e-05 -1.718815498e-11 -0.2084112344)
(-3.498489352e-05 -1.718996993e-11 -0.2084067664)
(-0.0001200172267 -1.719185818e-11 -0.2084021197)
(-0.0002050495599 -1.719374643e-11 -0.2083974731)
(-0.0002868138034 -1.719556138e-11 -0.2083930051)
(-0.0003621688122 -1.719723452e-11 -0.2083888873)
(-0.0004282181776 -1.719870123e-11 -0.208385278)
(-0.0004824230061 -1.719990469e-11 -0.2083823159)
(-0.0005227009693 -1.720079894e-11 -0.2083801149)
(-0.0005475036692 -1.720134972e-11 -0.2083787596)
(-0.0005587669571 -1.855921502e-11 -0.213229852)
(-0.0005503987783 -1.855902888e-11 -0.2132303089)
(-0.0005256165138 -1.855847745e-11 -0.213231662)
(-0.0004853717363 -1.855758255e-11 -0.2132338593)
(-0.0004312115681 -1.855637735e-11 -0.2132368165)
(-0.000365216622 -1.855490935e-11 -0.2132404198)
(-0.0002899236994 -1.855323404e-11 -0.2132445308)
(-0.0002082268228 -1.855141648e-11 -0.2132489915)
(-0.0001232645492 -1.85495265e-11 -0.2132536304)
(-3.830227555e-05 -1.854763652e-11 -0.2132582694)
(4.339460105e-05 -1.854581896e-11 -0.21326273)
(0.0001186875236 -1.854414365e-11 -0.213266841)
(0.0001846824698 -1.854267564e-11 -0.2132704444)
(0.000238842638 -1.854147044e-11 -0.2132734015)
(0.0002790874156 -1.854057511e-11 -0.2132755989)
(0.0003038696801 -1.85400239e-11 -0.213276952)
(0.0003122378589 -1.853983766e-11 -0.2132774089)
(0.0003038696802 -1.85400239e-11 -0.213276952)
(0.0002790874156 -1.854057511e-11 -0.2132755989)
(0.0002388426381 -1.854147044e-11 -0.2132734015)
(0.00018468247 -1.854267564e-11 -0.2132704444)
(0.0001186875238 -1.854414365e-11 -0.213266841)
(4.339460127e-05 -1.854581896e-11 -0.21326273)
(-3.830227531e-05 -1.854763652e-11 -0.2132582694)
(-0.000123264549 -1.85495265e-11 -0.2132536304)
(-0.0002082268226 -1.855141648e-11 -0.2132489915)
(-0.0002899236992 -1.855323404e-11 -0.2132445308)
(-0.0003652166218 -1.855490935e-11 -0.2132404198)
(-0.0004312115679 -1.855637735e-11 -0.2132368165)
(-0.0004853717362 -1.855758255e-11 -0.2132338593)
(-0.0005256165137 -1.855847745e-11 -0.213231662)
(-0.0005503987783 -1.855902888e-11 -0.2132303089)
(-0.0005611647523 -1.996534831e-11 -0.2180761363)
(-0.0005528040795 -1.99651619e-11 -0.2180765924)
(-0.0005280440437 -1.996460983e-11 -0.2180779431)
(-0.0004878353641 -1.996371384e-11 -0.2180801365)
(-0.0004337237754 -1.996250734e-11 -0.2180830883)
(-0.000367788024 -1.996103716e-11 -0.2180866851)
(-0.0002925626362 -1.995935969e-11 -0.2180907888)
(-0.0002109390384 -1.995753996e-11 -0.2180952414)
(-0.0001260529725 -1.995564738e-11 -0.218099872)
(-4.116690654e-05 -1.995375479e-11 -0.2181045026)
(4.045669128e-05 -1.995193507e-11 -0.2181089552)
(0.0001156820791 -1.995025759e-11 -0.2181130588)
(0.0001816178305 -1.994878741e-11 -0.2181166557)
(0.0002357294193 -1.994758091e-11 -0.2181196075)
(0.0002759380989 -1.99466845e-11 -0.2181218009)
(0.0003006981347 -1.99461322e-11 -0.2181231516)
(0.0003090588076 -1.994594585e-11 -0.2181236077)
(0.0003006981348 -1.99461322e-11 -0.2181231516)
(0.000275938099 -1.99466845e-11 -0.2181218009)
(0.0002357294194 -1.994758091e-11 -0.2181196075)
(0.0001816178307 -1.994878741e-11 -0.2181166557)
(0.0001156820794 -1.995025759e-11 -0.2181130588)
(4.045669151e-05 -1.995193507e-11 -0.2181089552)
(-4.116690629e-05 -1.995375479e-11 -0.2181045026)
(-0.0001260529722 -1.995564738e-11 -0.218099872)
(-0.0002109390382 -1.995753996e-11 -0.2180952414)
(-0.000292562636 -1.995935969e-11 -0.2180907888)
(-0.0003677880238 -1.996103716e-11 -0.2180866851)
(-0.0004337237752 -1.996250734e-11 -0.2180830883)
(-0.000487835364 -1.996371384e-11 -0.2180801365)
(-0.0005280440436 -1.996460983e-11 -0.2180779431)
(-0.0005528040794 -1.99651619e-11 -0.2180765924)
(-0.0005630487394 -2.14202966e-11 -0.2229190386)
(-0.0005546960189 -2.142011004e-11 -0.2229194938)
(-0.000529959534 -2.14195571e-11 -0.2229208419)
(-0.0004897890995 -2.141865938e-11 -0.2229230311)
(-0.0004357289798 -2.141745115e-11 -0.2229259773)
(-0.0003698559442 -2.14159788e-11 -0.2229295673)
(-0.000294702108 -2.141429959e-11 -0.2229336631)
(-0.0002131561477 -2.141247683e-11 -0.2229381072)
(-0.0001283508223 -2.141058164e-11 -0.222942729)
(-4.3545497e-05 -2.140868646e-11 -0.2229473508)
(3.800046336e-05 -2.140686369e-11 -0.2229517949)
(0.0001131542995 -2.140518448e-11 -0.2229558907)
(0.0001790273352 -2.140371214e-11 -0.2229594807)
(0.0002330874549 -2.14025039e-11 -0.2229624269)
(0.0002732578895 -2.140160618e-11 -0.2229646161)
(0.0002979943745 -2.140105346e-11 -0.2229659642)
(0.000306347095 -2.140086672e-11 -0.2229664195)
(0.0002979943745 -2.140105346e-11 -0.2229659642)
(0.0002732578896 -2.140160618e-11 -0.2229646161)
(0.0002330874551 -2.14025039e-11 -0.2229624269)
(0.0001790273354 -2.140371214e-11 -0.2229594807)
(0.0001131542997 -2.140518448e-11 -0.2229558907)
(3.800046361e-05 -2.140686369e-11 -0.2229517949)
(-4.354549674e-05 -2.140868646e-11 -0.2229473508)
(-0.0001283508221 -2.141058164e-11 -0.222942729)
(-0.0002131561474 -2.141247683e-11 -0.2229381072)
(-0.0002947021078 -2.141429959e-11 -0.2229336631)
(-0.0003698559439 -2.14159788e-11 -0.2229295673)
(-0.0004357289796 -2.141745115e-11 -0.2229259773)
(-0.0004897890993 -2.141865938e-11 -0.2229230311)
(-0.0005299595339 -2.14195571e-11 -0.2229208419)
(-0.0005546960189 -2.142011004e-11 -0.2229194938)
(-0.0005644034575 -2.292317597e-11 -0.2277561581)
(-0.0005560589761 -2.292298903e-11 -0.2277566125)
(-0.0005313468909 -2.292243522e-11 -0.2277579579)
(-0.00049121608 -2.29215362e-11 -0.2277601428)
(-0.0004372092846 -2.292032623e-11 -0.2277630832)
(-0.0003714012253 -2.291885171e-11 -0.2277666661)
(-0.00029632152 -2.291716946e-11 -0.2277707537)
(-0.0002148559956 -2.29153441e-11 -0.2277751891)
(-0.0001301343213 -2.291344631e-11 -0.2277798017)
(-4.541264686e-05 -2.291154853e-11 -0.2277844144)
(3.605287755e-05 -2.290972316e-11 -0.2277888497)
(0.0001111325829 -2.290804092e-11 -0.2277929374)
(0.0001769406422 -2.29065664e-11 -0.2277965203)
(0.0002309474377 -2.290535643e-11 -0.2277994607)
(0.0002710782486 -2.290445741e-11 -0.2278016456)
(0.0002957903338 -2.290390382e-11 -0.227802991)
(0.0003041348153 -2.290371679e-11 -0.2278034453)
(0.0002957903339 -2.290390382e-11 -0.227802991)
(0.0002710782487 -2.290445741e-11 -0.2278016456)
(0.0002309474378 -2.290535643e-11 -0.2277994607)
(0.0001769406423 -2.29065664e-11 -0.2277965203)
(0.0001111325831 -2.290804092e-11 -0.2277929374)
(3.60528778e-05 -2.290972316e-11 -0.2277888497)
(-4.54126466e-05 -2.291154853e-11 -0.2277844144)
(-0.000130134321 -2.291344631e-11 -0.2277798017)
(-0.0002148559954 -2.29153441e-11 -0.2277751891)
(-0.0002963215198 -2.291716946e-11 -0.2277707537)
(-0.0003714012251 -2.291885171e-11 -0.2277666661)
(-0.0004372092844 -2.292032623e-11 -0.2277630832)
(-0.0004912160799 -2.29215362e-11 -0.2277601428)
(-0.0005313468908 -2.292243522e-11 -0.2277579579)
(-0.000556058976 -2.292298903e-11 -0.2277566125)
(-0.0005652247786 -2.447445846e-11 -0.2325895572)
(-0.0005568886712 -2.447427124e-11 -0.2325900106)
(-0.0005322013856 -2.447371689e-11 -0.2325913534)
(-0.0004921108475 -2.447281613e-11 -0.2325935339)
(-0.00043815825 -2.447160443e-11 -0.2325964683)
(-0.0003724162317 -2.447012775e-11 -0.232600044)
(-0.0002974118717 -2.44684429e-11 -0.2326041235)
(-0.0002160281011 -2.44666145e-11 -0.2326085499)
(-0.0001313914482 -2.446471324e-11 -0.2326131532)
(-4.675479532e-05 -2.446281198e-11 -0.2326177566)
(3.462897529e-05 -2.446098445e-11 -0.232622183)
(0.0001096333352 -2.44592996e-11 -0.2326262625)
(0.0001753753536 -2.445782292e-11 -0.2326298382)
(0.0002293279512 -2.445661122e-11 -0.2326327726)
(0.0002694184893 -2.445571046e-11 -0.2326349531)
(0.000294105775 -2.445515589e-11 -0.2326362959)
(0.0003024418824 -2.445496864e-11 -0.2326367493)
(0.000294105775 -2.445515589e-11 -0.2326362959)
(0.0002694184894 -2.445571046e-11 -0.2326349531)
(0.0002293279513 -2.445661122e-11 -0.2326327726)
(0.0001753753538 -2.445782292e-11 -0.2326298382)
(0.0001096333355 -2.44592996e-11 -0.2326262625)
(3.462897555e-05 -2.446098445e-11 -0.232622183)
(-4.675479505e-05 -2.446281198e-11 -0.2326177566)
(-0.000131391448 -2.446471324e-11 -0.2326131532)
(-0.0002160281009 -2.44666145e-11 -0.2326085499)
(-0.0002974118715 -2.44684429e-11 -0.2326041235)
(-0.0003724162314 -2.447012775e-11 -0.232600044)
(-0.0004381582498 -2.447160443e-11 -0.2325964683)
(-0.0004921108474 -2.447281613e-11 -0.2325935339)
(-0.0005322013855 -2.447371689e-11 -0.2325913534)
(-0.0005568886712 -2.447427124e-11 -0.2325900106)
(-0.0005655186715 -2.607326086e-11 -0.2374170238)
(-0.0005571908993 -2.607307328e-11 -0.2374174763)
(-0.0005325282984 -2.607251784e-11 -0.2374188164)
(-0.0004924778467 -2.607161579e-11 -0.2374209925)
(-0.0004385791961 -2.607040191e-11 -0.2374239211)
(-0.0003729029129 -2.606892306e-11 -0.2374274896)
(-0.0002979735495 -2.606723561e-11 -0.2374315609)
(-0.0002166711542 -2.606540418e-11 -0.2374359784)
(-0.0001321191291 -2.606350032e-11 -0.2374405725)
(-4.756710399e-05 -2.606159646e-11 -0.2374451667)
(3.373529135e-05 -2.605976502e-11 -0.2374495842)
(0.0001086646548 -2.605807757e-11 -0.2374536555)
(0.000174340938 -2.605659872e-11 -0.237457224)
(0.0002282395886 -2.605538485e-11 -0.2374601526)
(0.0002682900404 -2.605448279e-11 -0.2374623287)
(0.0002929526414 -2.605392714e-11 -0.2374636688)
(0.0003012804136 -2.605373965e-11 -0.2374641212)
(0.0002929526414 -2.605392714e-11 -0.2374636688)
(0.0002682900405 -2.605448279e-11 -0.2374623287)
(0.0002282395888 -2.605538485e-11 -0.2374601526)
(0.0001743409382 -2.605659872e-11 -0.237457224)
(0.000108664655 -2.605807757e-11 -0.2374536555)
(3.373529162e-05 -2.605976502e-11 -0.2374495842)
(-4.756710371e-05 -2.606159646e-11 -0.2374451667)
(-0.0001321191288 -2.606350032e-11 -0.2374405725)
(-0.0002166711539 -2.606540418e-11 -0.2374359784)
(-0.0002979735493 -2.606723561e-11 -0.2374315609)
(-0.0003729029127 -2.606892306e-11 -0.2374274896)
(-0.0004385791959 -2.607040191e-11 -0.2374239211)
(-0.0004924778465 -2.607161579e-11 -0.2374209925)
(-0.0005325282983 -2.607251784e-11 -0.2374188164)
(-0.0005571908993 -2.607307328e-11 -0.2374174763)
(-0.0005653052843 -2.772020119e-11 -0.2422408185)
(-0.0005569856072 -2.772001335e-11 -0.2422412701)
(-0.0005323469798 -2.771945694e-11 -0.2422426075)
(-0.0004923354596 -2.771855358e-11 -0.2422447794)
(-0.0004384892019 -2.771733797e-11 -0.2422477023)
(-0.0003728767601 -2.771585652e-11 -0.2422512638)
(-0.0002980202326 -2.771416647e-11 -0.2422553272)
(-0.0002167968682 -2.771233243e-11 -0.2422597361)
(-0.0001323270329 -2.77104251e-11 -0.2422643213)
(-4.785719756e-05 -2.770851777e-11 -0.2422689065)
(3.336616686e-05 -2.770668374e-11 -0.2422733154)
(0.0001082226943 -2.770499368e-11 -0.2422773787)
(0.0001738351362 -2.770351223e-11 -0.2422809403)
(0.000227681394 -2.770229662e-11 -0.2422838632)
(0.0002676929142 -2.770139283e-11 -0.2422860351)
(0.0002923315417 -2.770083642e-11 -0.2422873725)
(0.0003006512188 -2.770064864e-11 -0.2422878241)
(0.0002923315417 -2.770083642e-11 -0.2422873725)
(0.0002676929143 -2.770139283e-11 -0.2422860351)
(0.0002276813941 -2.770229662e-11 -0.2422838632)
(0.0001738351364 -2.770351223e-11 -0.2422809403)
(0.0001082226946 -2.770499368e-11 -0.2422773787)
(3.336616714e-05 -2.770668374e-11 -0.2422733154)
(-4.785719727e-05 -2.770851777e-11 -0.2422689065)
(-0.0001323270326 -2.77104251e-11 -0.2422643213)
(-0.0002167968679 -2.771233243e-11 -0.2422597361)
(-0.0002980202324 -2.771416647e-11 -0.2422553272)
(-0.0003728767598 -2.771585652e-11 -0.2422512638)
(-0.0004384892017 -2.771733797e-11 -0.2422477023)
(-0.0004923354595 -2.771855358e-11 -0.2422447794)
(-0.0005323469797 -2.771945694e-11 -0.2422426075)
(-0.0005569856072 -2.772001335e-11 -0.2422412701)
(-0.0005646218589 -2.941461602e-11 -0.2470589752)
(-0.0005563097774 -2.941442782e-11 -0.2470594259)
(-0.0005316936443 -2.941387064e-11 -0.2470607609)
(-0.0004917186533 -2.941296555e-11 -0.2470629288)
(-0.0004379215554 -2.941174821e-11 -0.2470658463)
(-0.0003723690156 -2.941026415e-11 -0.2470694014)
(-0.0002975808298 -2.94085715e-11 -0.2470734573)
(-0.0002164316196 -2.940673486e-11 -0.2470778582)
(-0.0001320389025 -2.940482493e-11 -0.2470824349)
(-4.764618538e-05 -2.9402915e-11 -0.2470870117)
(3.350302475e-05 -2.940107749e-11 -0.2470914126)
(0.0001082912107 -2.939938484e-11 -0.2470954685)
(0.0001738437504 -2.939790078e-11 -0.2470990235)
(0.0002276408484 -2.939668344e-11 -0.2471019411)
(0.0002676158394 -2.939577835e-11 -0.247104109)
(0.0002922319726 -2.939522139e-11 -0.247105444)
(0.0003005440541 -2.93950332e-11 -0.2471058947)
(0.0002922319727 -2.939522139e-11 -0.247105444)
(0.0002676158396 -2.939577835e-11 -0.247104109)
(0.0002276408486 -2.939668344e-11 -0.2471019411)
(0.0001738437507 -2.939790078e-11 -0.2470990235)
(0.0001082912109 -2.939938484e-11 -0.2470954685)
(3.350302503e-05 -2.940107749e-11 -0.2470914126)
(-4.764618509e-05 -2.9402915e-11 -0.2470870117)
(-0.0001320389022 -2.940482493e-11 -0.2470824349)
(-0.0002164316193 -2.940673486e-11 -0.2470778582)
(-0.0002975808295 -2.94085715e-11 -0.2470734573)
(-0.0003723690154 -2.941026415e-11 -0.2470694014)
(-0.0004379215552 -2.941174821e-11 -0.2470658463)
(-0.0004917186531 -2.941296555e-11 -0.2470629288)
(-0.0005316936442 -2.941387064e-11 -0.2470607609)
(-0.0005563097773 -2.941442782e-11 -0.2470594259)
(-0.0005635252897 -3.115767202e-11 -0.2518740453)
(-0.0005552200042 -3.11574836e-11 -0.2518744953)
(-0.0005306239973 -3.115692578e-11 -0.2518758281)
(-0.00049068169 -3.11560196e-11 -0.2518779925)
(-0.0004369285767 -3.115480009e-11 -0.2518809052)
(-0.0003714296329 -3.11533143e-11 -0.2518844544)
(-0.000296702594 -3.115161904e-11 -0.2518885037)
(-0.0002156197317 -3.114977894e-11 -0.2518928973)
(-0.0001312960142 -3.11478664e-11 -0.2518974666)
(-4.697229679e-05 -3.114595387e-11 -0.2519020359)
(3.411056555e-05 -3.114411463e-11 -0.2519064295)
(0.0001088376045 -3.114241937e-11 -0.2519104788)
(0.0001743365483 -3.114093358e-11 -0.251914028)
(0.0002280896616 -3.113971407e-11 -0.2519169407)
(0.000268031969 -3.11388079e-11 -0.2519191051)
(0.000292627976 -3.113824964e-11 -0.2519204379)
(0.0003009332616 -3.113806128e-11 -0.2519208879)
(0.0002926279761 -3.113824964e-11 -0.2519204379)
(0.0002680319692 -3.11388079e-11 -0.2519191051)
(0.0002280896618 -3.113971407e-11 -0.2519169407)
(0.0001743365486 -3.114093358e-11 -0.251914028)
(0.0001088376047 -3.114241937e-11 -0.2519104788)
(3.411056584e-05 -3.114411463e-11 -0.2519064295)
(-4.697229648e-05 -3.114595387e-11 -0.2519020359)
(-0.0001312960139 -3.11478664e-11 -0.2518974666)
(-0.0002156197314 -3.114977894e-11 -0.2518928973)
(-0.0002967025937 -3.115161904e-11 -0.2518885037)
(-0.0003714296326 -3.11533143e-11 -0.2518844544)
(-0.0004369285765 -3.115480009e-11 -0.2518809052)
(-0.0004906816898 -3.11560196e-11 -0.2518779925)
(-0.0005306239972 -3.115692578e-11 -0.2518758281)
(-0.0005552200041 -3.11574836e-11 -0.2518744953)
(-0.0005620934899 -3.294941954e-11 -0.2566844085)
(-0.0005537938795 -3.29492308e-11 -0.256684858)
(-0.0005292146793 -3.294867244e-11 -0.2566861889)
(-0.0004892996649 -3.294776474e-11 -0.2566883503)
(-0.0004355832817 -3.294654393e-11 -0.2566912591)
(-0.0003701290939 -3.294505641e-11 -0.2566948034)
(-0.0002954531167 -3.294335898e-11 -0.2566988471)
(-0.0002144256591 -3.294151757e-11 -0.2567032348)
(-0.0001301595609 -3.293960243e-11 -0.2567077978)
(-4.589346262e-05 -3.29376873e-11 -0.2567123608)
(3.513399502e-05 -3.293584502e-11 -0.2567167484)
(0.0001098099722 -3.29341476e-11 -0.2567207922)
(0.00017526416 -3.293266007e-11 -0.2567243365)
(0.0002289805433 -3.293143926e-11 -0.2567272452)
(0.0002688955578 -3.2930532e-11 -0.2567294066)
(0.000293474758 -3.29299732e-11 -0.2567307376)
(0.0003017743685 -3.29297846e-11 -0.256731187)
(0.0002934747581 -3.29299732e-11 -0.2567307376)
(0.0002688955579 -3.2930532e-11 -0.2567294066)
(0.0002289805435 -3.293143926e-11 -0.2567272452)
(0.0001752641603 -3.293266007e-11 -0.2567243365)
(0.0001098099725 -3.29341476e-11 -0.2567207922)
(3.513399532e-05 -3.293584502e-11 -0.2567167484)
(-4.58934623e-05 -3.29376873e-11 -0.2567123608)
(-0.0001301595605 -3.293960243e-11 -0.2567077978)
(-0.0002144256588 -3.294151757e-11 -0.2567032348)
(-0.0002954531164 -3.294335898e-11 -0.2566988471)
(-0.0003701290936 -3.294505641e-11 -0.2566948034)
(-0.0004355832814 -3.294654393e-11 -0.2566912591)
(-0.0004892996647 -3.294776474e-11 -0.2566883503)
(-0.0005292146792 -3.294867244e-11 -0.2566861889)
(-0.0005537938794 -3.29492308e-11 -0.256684858)
(-0.0005604190164 -3.479197358e-11 -0.2614929635)
(-0.0005521236941 -3.47917848e-11 -0.2614934124)
(-0.0005275571933 -3.479122546e-11 -0.261494742)
(-0.0004876628019 -3.479031776e-11 -0.2614969012)
(-0.0004339741724 -3.478909565e-11 -0.2614998069)
(-0.000368553803 -3.478760639e-11 -0.2615033476)
(-0.0002939164088 -3.478590723e-11 -0.2615073871)
(-0.0002129308158 -3.478406365e-11 -0.2615117702)
(-0.0001287082555 -3.478214678e-11 -0.2615163285)
(-4.448569519e-05 -3.478022991e-11 -0.2615208868)
(3.649989783e-05 -3.477838633e-11 -0.2615252699)
(0.000111137292 -3.477668717e-11 -0.2615293094)
(0.0001765576615 -3.477519791e-11 -0.26153285)
(0.0002302462911 -3.47739758e-11 -0.2615357558)
(0.0002701406825 -3.477306724e-11 -0.2615379149)
(0.0002947071834 -3.477250833e-11 -0.2615392445)
(0.0003030025057 -3.477231942e-11 -0.2615396935)
(0.0002947071835 -3.477250833e-11 -0.2615392445)
(0.0002701406826 -3.477306724e-11 -0.2615379149)
(0.0002302462912 -3.47739758e-11 -0.2615357558)
(0.0001765576618 -3.477519791e-11 -0.26153285)
(0.0001111372923 -3.477668717e-11 -0.2615293094)
(3.649989814e-05 -3.477838633e-11 -0.2615252699)
(-4.448569487e-05 -3.478022991e-11 -0.2615208868)
(-0.0001287082552 -3.478214678e-11 -0.2615163285)
(-0.0002129308155 -3.478406365e-11 -0.2615117702)
(-0.0002939164085 -3.478590723e-11 -0.2615073871)
(-0.0003685538027 -3.478760639e-11 -0.2615033476)
(-0.0004339741722 -3.478909565e-11 -0.2614998069)
(-0.0004876628017 -3.479031776e-11 -0.2614969012)
(-0.0005275571932 -3.479122546e-11 -0.261494742)
(-0.0005521236941 -3.47917848e-11 -0.2614934124)
(-0.0005586017991 -3.668616798e-11 -0.2662983821)
(-0.0005503092364 -3.668597902e-11 -0.2662988308)
(-0.0005257509081 -3.668541924e-11 -0.2663001595)
(-0.0004858697882 -3.66845109e-11 -0.2663023172)
(-0.0004321990192 -3.668328792e-11 -0.266305221)
(-0.000366800413 -3.668179779e-11 -0.2663087593)
(-0.0002921878482 -3.668009733e-11 -0.2663127961)
(-0.0002112291965 -3.667825332e-11 -0.2663171763)
(-0.0001270346543 -3.667633471e-11 -0.2663217316)
(-4.284011204e-05 -3.667441611e-11 -0.2663262868)
(3.811853973e-05 -3.667257123e-11 -0.266330667)
(0.0001127311045 -3.667087077e-11 -0.2663347038)
(0.0001781297108 -3.666938064e-11 -0.2663382421)
(0.0002318004799 -3.666815766e-11 -0.2663411459)
(0.0002716815998 -3.666724888e-11 -0.2663433036)
(0.0002962399282 -3.666668932e-11 -0.2663446323)
(0.0003045324909 -3.66665004e-11 -0.266345081)
(0.0002962399283 -3.666668932e-11 -0.2663446323)
(0.0002716815999 -3.666724888e-11 -0.2663433036)
(0.0002318004801 -3.666815766e-11 -0.2663411459)
(0.000178129711 -3.666938064e-11 -0.2663382421)
(0.0001127311048 -3.667087077e-11 -0.2663347038)
(3.811854005e-05 -3.667257123e-11 -0.266330667)
(-4.28401117e-05 -3.667441611e-11 -0.2663262868)
(-0.0001270346539 -3.667633471e-11 -0.2663217316)
(-0.0002112291961 -3.667825332e-11 -0.2663171763)
(-0.0002921878479 -3.668009733e-11 -0.2663127961)
(-0.0003668004127 -3.668179779e-11 -0.2663087593)
(-0.0004321990189 -3.668328792e-11 -0.266305221)
(-0.000485869788 -3.66845109e-11 -0.2663023172)
(-0.0005257509079 -3.668541924e-11 -0.2663001595)
(-0.0005503092364 -3.668597902e-11 -0.2662988308)
(-0.000556733361 -3.863464428e-11 -0.2711037081)
(-0.0005484420772 -3.863445523e-11 -0.2711041566)
(-0.0005238875359 -3.863389535e-11 -0.2711054849)
(-0.0004840125661 -3.863298613e-11 -0.2711076419)
(-0.0004303500735 -3.863176272e-11 -0.2711105448)
(-0.0003649615523 -3.863027216e-11 -0.271114082)
(-0.0002903604934 -3.862857126e-11 -0.2711181176)
(-0.0002094143261 -3.862672595e-11 -0.2711224964)
(-0.0001252327674 -3.862480648e-11 -0.2711270503)
(-4.105120865e-05 -3.862288701e-11 -0.2711316041)
(3.989495863e-05 -3.862104169e-11 -0.2711359829)
(0.0001144960176 -3.86193408e-11 -0.2711400185)
(0.0001798845388 -3.861785024e-11 -0.2711435557)
(0.0002335470315 -3.861662682e-11 -0.2711464586)
(0.0002734220014 -3.861571761e-11 -0.2711486156)
(0.0002979765427 -3.861515795e-11 -0.2711499439)
(0.0003062678266 -3.861496895e-11 -0.2711503925)
(0.0002979765427 -3.861515795e-11 -0.2711499439)
(0.0002734220015 -3.861571761e-11 -0.2711486156)
(0.0002335470316 -3.861662682e-11 -0.2711464586)
(0.0001798845391 -3.861785024e-11 -0.2711435557)
(0.0001144960179 -3.86193408e-11 -0.2711400185)
(3.989495896e-05 -3.862104169e-11 -0.2711359829)
(-4.105120831e-05 -3.862288701e-11 -0.2711316041)
(-0.000125232767 -3.862480648e-11 -0.2711270503)
(-0.0002094143258 -3.862672595e-11 -0.2711224964)
(-0.000290360493 -3.862857126e-11 -0.2711181176)
(-0.000364961552 -3.863027216e-11 -0.271114082)
(-0.0004303500732 -3.863176272e-11 -0.2711105448)
(-0.0004840125659 -3.863298613e-11 -0.2711076419)
(-0.0005238875358 -3.863389535e-11 -0.2711054849)
(-0.0005484420771 -3.863445523e-11 -0.2711041566)
(-0.0005548886648 -4.063812084e-11 -0.2759075642)
(-0.0005465974068 -4.063793182e-11 -0.2759080127)
(-0.0005220429422 -4.063737194e-11 -0.275909341)
(-0.0004821680968 -4.063646251e-11 -0.275911498)
(-0.0004285057717 -4.06352391e-11 -0.2759144009)
(-0.0003631174545 -4.06337481e-11 -0.2759179381)
(-0.0002885166284 -4.063204677e-11 -0.2759219736)
(-0.0002075707137 -4.063020146e-11 -0.2759263524)
(-0.0001233894176 -4.062828199e-11 -0.2759309062)
(-3.920812159e-05 -4.062636252e-11 -0.27593546)
(4.173779311e-05 -4.062451634e-11 -0.2759398388)
(0.0001163386193 -4.062281501e-11 -0.2759438744)
(0.0001817269365 -4.062132401e-11 -0.2759474116)
(0.0002353892617 -4.06201006e-11 -0.2759503145)
(0.0002752641071 -4.06191916e-11 -0.2759524715)
(0.0002998185718 -4.061863151e-11 -0.2759537998)
(0.0003081098299 -4.061844244e-11 -0.2759542483)
(0.0002998185719 -4.061863151e-11 -0.2759537998)
(0.0002752641073 -4.06191916e-11 -0.2759524715)
(0.0002353892619 -4.06201006e-11 -0.2759503145)
(0.0001817269367 -4.062132401e-11 -0.2759474116)
(0.0001163386196 -4.062281501e-11 -0.2759438744)
(4.173779344e-05 -4.062451634e-11 -0.2759398388)
(-3.920812124e-05 -4.062636252e-11 -0.27593546)
(-0.0001233894173 -4.062828199e-11 -0.2759309062)
(-0.0002075707133 -4.063020146e-11 -0.2759263524)
(-0.000288516628 -4.063204677e-11 -0.2759219736)
(-0.0003631174542 -4.06337481e-11 -0.2759179381)
(-0.0004285057714 -4.06352391e-11 -0.2759144009)
(-0.0004821680966 -4.063646251e-11 -0.275911498)
(-0.0005220429421 -4.063737194e-11 -0.275909341)
(-0.0005465974068 -4.063793182e-11 -0.2759080127)
(-0.0005531177546 -4.269857614e-11 -0.2807127518)
(-0.0005448256044 -4.269838725e-11 -0.2807132004)
(-0.0005202684976 -4.269782813e-11 -0.280714529)
(-0.0004803893615 -4.269691978e-11 -0.2807166865)
(-0.000426721262 -4.269569767e-11 -0.28071959)
(-0.0003613259088 -4.269420798e-11 -0.2807231279)
(-0.0002867170553 -4.269250882e-11 -0.2807271644)
(-0.0002057624305 -4.269066524e-11 -0.2807315441)
(-0.0001215720761 -4.26887475e-11 -0.2807360989)
(-3.738172179e-05 -4.268682977e-11 -0.2807406537)
(4.357290306e-05 -4.268498619e-11 -0.2807450334)
(0.0001181817566 -4.268328703e-11 -0.2807490698)
(0.0001835771099 -4.268179733e-11 -0.2807526078)
(0.0002372452094 -4.268057522e-11 -0.2807555113)
(0.0002771243456 -4.267966688e-11 -0.2807576688)
(0.0003016814525 -4.267910732e-11 -0.2807589974)
(0.0003099736027 -4.267891853e-11 -0.280759446)
(0.0003016814525 -4.267910732e-11 -0.2807589974)
(0.0002771243457 -4.267966688e-11 -0.2807576688)
(0.0002372452096 -4.268057522e-11 -0.2807555113)
(0.0001835771102 -4.268179733e-11 -0.2807526078)
(0.0001181817569 -4.268328703e-11 -0.2807490698)
(4.35729034e-05 -4.268498619e-11 -0.2807450334)
(-3.738172142e-05 -4.268682977e-11 -0.2807406537)
(-0.0001215720758 -4.26887475e-11 -0.2807360989)
(-0.0002057624301 -4.269066524e-11 -0.2807315441)
(-0.0002867170549 -4.269250882e-11 -0.2807271644)
(-0.0003613259085 -4.269420798e-11 -0.2807231279)
(-0.0004267212618 -4.269569767e-11 -0.28071959)
(-0.0004803893613 -4.269691978e-11 -0.2807166865)
(-0.0005202684974 -4.269782813e-11 -0.280714529)
(-0.0005448256043 -4.269838725e-11 -0.2807132004)
(-0.0005514468395 -4.481414849e-11 -0.2855175223)
(-0.000543153267 -4.481396515e-11 -0.2855179711)
(-0.0005185919481 -4.481342229e-11 -0.2855193001)
(-0.0004787059719 -4.48125404e-11 -0.2855214583)
(-0.0004250286672 -4.481135385e-11 -0.2855243628)
(-0.0003596220971 -4.480990795e-11 -0.285527902)
(-0.0002850004466 -4.480825867e-11 -0.2855319398)
(-0.0002040319362 -4.48064693e-11 -0.285536321)
(-0.0001198271414 -4.480460794e-11 -0.2855408774)
(-3.562234655e-05 -4.480274658e-11 -0.2855454338)
(4.534616381e-05 -4.480095635e-11 -0.285549815)
(0.0001199678144 -4.479930706e-11 -0.2855538528)
(0.0001853743845 -4.479786117e-11 -0.285557392)
(0.0002390516892 -4.479667462e-11 -0.2855602965)
(0.0002789376656 -4.479579316e-11 -0.2855624547)
(0.0003034989845 -4.479525008e-11 -0.2855637838)
(0.0003117925571 -4.479506675e-11 -0.2855642325)
(0.0003034989846 -4.479525008e-11 -0.2855637838)
(0.0002789376657 -4.479579316e-11 -0.2855624547)
(0.0002390516894 -4.479667462e-11 -0.2855602965)
(0.0001853743847 -4.479786117e-11 -0.285557392)
(0.0001199678147 -4.479930706e-11 -0.2855538528)
(4.534616416e-05 -4.480095635e-11 -0.285549815)
(-3.562234618e-05 -4.480274658e-11 -0.2855454338)
(-0.000119827141 -4.480460794e-11 -0.2855408774)
(-0.0002040319359 -4.48064693e-11 -0.2855363211)
(-0.0002850004462 -4.480825867e-11 -0.2855319398)
(-0.0003596220968 -4.480990795e-11 -0.285527902)
(-0.0004250286669 -4.481135385e-11 -0.2855243628)
(-0.0004787059716 -4.48125404e-11 -0.2855214583)
(-0.000518591948 -4.481342229e-11 -0.2855193001)
(-0.000543153267 -4.481396515e-11 -0.2855179711)
(-0.0005498118467 -4.697257304e-11 -0.2903240256)
(-0.0005415174821 -4.69723841e-11 -0.2903244745)
(-0.0005169538172 -4.697182487e-11 -0.2903258038)
(-0.0004770640312 -4.697091631e-11 -0.2903279624)
(-0.0004233815995 -4.696969376e-11 -0.2903308675)
(-0.0003579687821 -4.696820407e-11 -0.2903344074)
(-0.000283340004 -4.69665049e-11 -0.2903384459)
(-0.0002023637599 -4.696466133e-11 -0.290342828)
(-0.0001181509222 -4.696274359e-11 -0.2903473852)
(-3.393808451e-05 -4.696082585e-11 -0.2903519425)
(4.70381596e-05 -4.695898141e-11 -0.2903563246)
(0.0001216669377 -4.695728225e-11 -0.2903603631)
(0.0001870797551 -4.695579255e-11 -0.290363903)
(0.0002407621869 -4.695457001e-11 -0.2903668081)
(0.000280651973 -4.695366188e-11 -0.2903689667)
(0.0003052156379 -4.695310243e-11 -0.290370296)
(0.0003135100026 -4.695291353e-11 -0.2903707448)
(0.000305215638 -4.695310243e-11 -0.290370296)
(0.0002806519731 -4.695366188e-11 -0.2903689667)
(0.0002407621871 -4.695457001e-11 -0.2903668081)
(0.0001870797554 -4.695579255e-11 -0.290363903)
(0.0001216669381 -4.695728225e-11 -0.2903603631)
(4.703815996e-05 -4.695898141e-11 -0.2903563246)
(-3.393808413e-05 -4.696082585e-11 -0.2903519425)
(-0.0001181509218 -4.696274359e-11 -0.2903473852)
(-0.0002023637595 -4.696466133e-11 -0.290342828)
(-0.0002833400037 -4.69665049e-11 -0.2903384459)
(-0.0003579687818 -4.696820407e-11 -0.2903344074)
(-0.0004233815992 -4.696969376e-11 -0.2903308675)
(-0.000477064031 -4.697091631e-11 -0.2903279624)
(-0.000516953817 -4.697182487e-11 -0.2903258038)
(-0.000541517482 -4.69723841e-11 -0.2903244745)
)
;

boundaryField
{
    left
    {
        type            calculated;
    }
    right
    {
        type            calculated;
    }
    beam
    {
        type            empty;
    }
}


// ************************************************************************* //
