/*--------------------------------*- C++ -*----------------------------------*\
| =========                 |                                                 |
| \\      /  F ield         | OpenFOAM: The Open Source CFD Toolbox           |
|  \\    /   O peration     | Version:  2312                                  |
|   \\  /    A nd           | Website:  www.openfoam.com                      |
|    \\/     M anipulation  |                                                 |
\*---------------------------------------------------------------------------*/
FoamFile
{
    version     2.0;
    format      ascii;
    arch        "LSB;label=32;scalar=64";
    class       pointVectorField;
    location    "0.09/beam";
    object      pointW;
}
// * * * * * * * * * * * * * * * * * * * * * * * * * * * * * * * * * * * * * //

dimensions      [0 1 0 0 0 0 0];

internalField   nonuniform List<vector> 
1952
(
(-5.214738813e-07 3.529943133e-17 3.032559186e-11)
(-5.114537606e-07 3.45860493e-17 2.974287917e-11)
(-4.817792894e-07 3.252606517e-17 2.801719447e-11)
(-4.335898881e-07 2.949029909e-17 2.521480073e-11)
(-3.687380925e-07 2.51534904e-17 2.144342863e-11)
(-2.897152442e-07 1.95156391e-17 1.684796009e-11)
(-1.995589286e-07 1.344410694e-17 1.160504093e-11)
(-1.017344699e-07 6.938893904e-18 5.916192774e-12)
(-3.684526238e-17 0 -3.529462818e-17)
(1.017344698e-07 -6.938893904e-18 -5.916261946e-12)
(1.995589285e-07 -1.344410694e-17 -1.160510598e-11)
(2.897152442e-07 -1.95156391e-17 -1.684801864e-11)
(3.687380925e-07 -2.51534904e-17 -2.14434785e-11)
(4.33589888e-07 -2.949029909e-17 -2.521483976e-11)
(4.817792894e-07 -3.252606517e-17 -2.801722179e-11)
(5.114537606e-07 -3.45860493e-17 -2.974289304e-11)
(5.214738813e-07 -3.529943133e-17 -3.032559186e-11)
(5.114537606e-07 -3.45860493e-17 -2.974287917e-11)
(4.817792894e-07 -3.252606517e-17 -2.801719447e-11)
(4.335898881e-07 -2.949029909e-17 -2.521480073e-11)
(3.687380925e-07 -2.51534904e-17 -2.144342863e-11)
(2.897152442e-07 -1.95156391e-17 -1.684796009e-11)
(1.995589286e-07 -1.344410694e-17 -1.160504093e-11)
(1.017344699e-07 -6.938893904e-18 -5.916192774e-12)
(3.684531184e-17 0 3.529462818e-17)
(-1.017344698e-07 6.938893904e-18 5.916261946e-12)
(-1.995589285e-07 1.344410694e-17 1.160510598e-11)
(-2.897152442e-07 1.95156391e-17 1.684801864e-11)
(-3.687380925e-07 2.51534904e-17 2.14434785e-11)
(-4.33589888e-07 2.949029909e-17 2.521483976e-11)
(-4.817792894e-07 3.252606517e-17 2.801722179e-11)
(-5.114537606e-07 3.45860493e-17 2.974289304e-11)
(7.80804213e-06 6.32343453e-16 -5.636431509e-06)
(7.817583865e-06 6.315477655e-16 -5.636432035e-06)
(7.845841602e-06 6.294877813e-16 -5.636433591e-06)
(7.89173032e-06 6.266688557e-16 -5.636436119e-06)
(7.953485928e-06 6.22332047e-16 -5.63643952e-06)
(8.028736027e-06 6.166941957e-16 -5.636443665e-06)
(8.114588053e-06 6.106226635e-16 -5.636448394e-06)
(8.207742126e-06 6.036837696e-16 -5.636453524e-06)
(8.304619537e-06 5.967448757e-16 -5.63645886e-06)
(8.401496947e-06 5.898059818e-16 -5.636464196e-06)
(8.49465102e-06 5.837344497e-16 -5.636469327e-06)
(8.580503047e-06 5.776629175e-16 -5.636474056e-06)
(8.655753146e-06 5.720250662e-16 -5.6364782e-06)
(8.717508753e-06 5.676882575e-16 -5.636481602e-06)
(8.763397472e-06 5.64435651e-16 -5.636484129e-06)
(8.791655209e-06 5.623756669e-16 -5.636485686e-06)
(8.801196944e-06 5.617448465e-16 -5.636486211e-06)
(8.791655209e-06 5.623756669e-16 -5.636485686e-06)
(8.763397472e-06 5.64435651e-16 -5.636484129e-06)
(8.717508753e-06 5.676882575e-16 -5.636481602e-06)
(8.655753146e-06 5.720250662e-16 -5.6364782e-06)
(8.580503047e-06 5.776629175e-16 -5.636474056e-06)
(8.49465102e-06 5.837344497e-16 -5.636469327e-06)
(8.401496947e-06 5.898059818e-16 -5.636464196e-06)
(8.304619537e-06 5.967448757e-16 -5.63645886e-06)
(8.207742127e-06 6.036837696e-16 -5.636453524e-06)
(8.114588053e-06 6.106226635e-16 -5.636448394e-06)
(8.028736027e-06 6.166941957e-16 -5.636443665e-06)
(7.953485928e-06 6.22332047e-16 -5.63643952e-06)
(7.891730321e-06 6.266688557e-16 -5.636436119e-06)
(7.845841602e-06 6.294877813e-16 -5.636433591e-06)
(7.817583865e-06 6.315477655e-16 -5.636432035e-06)
(1.618725631e-05 2.492141886e-16 -1.072254861e-05)
(1.619536604e-05 2.484991379e-16 -1.072254897e-05)
(1.621938289e-05 2.46547574e-16 -1.072255006e-05)
(1.625838469e-05 2.432949675e-16 -1.072255182e-05)
(1.63108721e-05 2.389581588e-16 -1.072255419e-05)
(1.637482876e-05 2.333203075e-16 -1.072255708e-05)
(1.644779623e-05 2.272487754e-16 -1.072256037e-05)
(1.652696987e-05 2.203098814e-16 -1.072256395e-05)
(1.660930805e-05 2.133709875e-16 -1.072256766e-05)
(1.669164622e-05 2.064320936e-16 -1.072257138e-05)
(1.677081986e-05 2.003605615e-16 -1.072257496e-05)
(1.684378733e-05 1.942890293e-16 -1.072257825e-05)
(1.690774399e-05 1.88651178e-16 -1.072258114e-05)
(1.69602314e-05 1.843143693e-16 -1.072258351e-05)
(1.69992332e-05 1.814954437e-16 -1.072258527e-05)
(1.702325006e-05 1.793270393e-16 -1.072258635e-05)
(1.703135978e-05 1.786166047e-16 -1.072258672e-05)
(1.702325006e-05 1.793270393e-16 -1.072258635e-05)
(1.69992332e-05 1.814954437e-16 -1.072258527e-05)
(1.69602314e-05 1.843143693e-16 -1.072258351e-05)
(1.690774399e-05 1.88651178e-16 -1.072258114e-05)
(1.684378733e-05 1.942890293e-16 -1.072257825e-05)
(1.677081986e-05 2.003605615e-16 -1.072257496e-05)
(1.669164622e-05 2.064320936e-16 -1.072257138e-05)
(1.660930805e-05 2.133709875e-16 -1.072256766e-05)
(1.652696987e-05 2.203098814e-16 -1.072256395e-05)
(1.644779623e-05 2.272487754e-16 -1.072256037e-05)
(1.637482876e-05 2.333203075e-16 -1.072255708e-05)
(1.63108721e-05 2.389581588e-16 -1.072255419e-05)
(1.625838469e-05 2.432949675e-16 -1.072255182e-05)
(1.621938289e-05 2.46547574e-16 -1.072255006e-05)
(1.619536604e-05 2.484991379e-16 -1.072254897e-05)
(2.461570753e-05 -9.400613794e-17 -1.471167969e-05)
(2.462144135e-05 -9.475926988e-17 -1.471167985e-05)
(2.463842202e-05 -9.671083379e-17 -1.471168031e-05)
(2.466599751e-05 -9.974659987e-17 -1.471168107e-05)
(2.470310774e-05 -1.040834086e-16 -1.471168208e-05)
(2.47483271e-05 -1.097212599e-16 -1.471168331e-05)
(2.479991737e-05 -1.15792792e-16 -1.471168471e-05)
(2.48558956e-05 -1.222980051e-16 -1.471168624e-05)
(2.491411126e-05 -1.29236899e-16 -1.471168782e-05)
(2.497232692e-05 -1.361757929e-16 -1.471168941e-05)
(2.502830514e-05 -1.426810059e-16 -1.471169094e-05)
(2.507989542e-05 -1.487525381e-16 -1.471169234e-05)
(2.512511478e-05 -1.543903894e-16 -1.471169357e-05)
(2.516222501e-05 -1.587271981e-16 -1.471169458e-05)
(2.51898005e-05 -1.617629641e-16 -1.471169534e-05)
(2.520678116e-05 -1.639313685e-16 -1.47116958e-05)
(2.521251499e-05 -1.64601981e-16 -1.471169595e-05)
(2.520678116e-05 -1.639313685e-16 -1.47116958e-05)
(2.51898005e-05 -1.617629641e-16 -1.471169534e-05)
(2.516222501e-05 -1.587271981e-16 -1.471169458e-05)
(2.512511478e-05 -1.543903894e-16 -1.471169357e-05)
(2.507989542e-05 -1.487525381e-16 -1.471169234e-05)
(2.502830514e-05 -1.426810059e-16 -1.471169094e-05)
(2.497232692e-05 -1.361757929e-16 -1.471168941e-05)
(2.491411126e-05 -1.29236899e-16 -1.471168782e-05)
(2.48558956e-05 -1.222980051e-16 -1.471168624e-05)
(2.479991737e-05 -1.15792792e-16 -1.471168471e-05)
(2.47483271e-05 -1.097212599e-16 -1.471168331e-05)
(2.470310774e-05 -1.040834086e-16 -1.471168208e-05)
(2.466599751e-05 -9.974659987e-17 -1.471168107e-05)
(2.463842202e-05 -9.671083379e-17 -1.471168031e-05)
(2.462144135e-05 -9.475926988e-17 -1.471167985e-05)
(3.309250639e-05 -3.767437524e-16 -1.706493406e-05)
(3.309493761e-05 -3.775191965e-16 -1.706493405e-05)
(3.310213765e-05 -3.794707604e-16 -1.7064934e-05)
(3.311383004e-05 -3.825065265e-16 -1.706493393e-05)
(3.312956529e-05 -3.868433351e-16 -1.706493383e-05)
(3.314873892e-05 -3.924811864e-16 -1.706493372e-05)
(3.317061391e-05 -3.985527186e-16 -1.706493358e-05)
(3.319434945e-05 -4.050579316e-16 -1.706493344e-05)
(3.321903369e-05 -4.119968255e-16 -1.706493329e-05)
(3.324371794e-05 -4.189357194e-16 -1.706493314e-05)
(3.326745348e-05 -4.254409325e-16 -1.706493299e-05)
(3.328932847e-05 -4.315124646e-16 -1.706493286e-05)
(3.33085021e-05 -4.371503159e-16 -1.706493274e-05)
(3.332423735e-05 -4.414871246e-16 -1.706493265e-05)
(3.333592974e-05 -4.445228907e-16 -1.706493257e-05)
(3.334312978e-05 -4.466912951e-16 -1.706493253e-05)
(3.3345561e-05 -4.473376444e-16 -1.706493252e-05)
(3.334312978e-05 -4.466912951e-16 -1.706493253e-05)
(3.333592974e-05 -4.445228907e-16 -1.706493257e-05)
(3.332423735e-05 -4.414871246e-16 -1.706493265e-05)
(3.33085021e-05 -4.371503159e-16 -1.706493274e-05)
(3.328932847e-05 -4.315124646e-16 -1.706493286e-05)
(3.326745348e-05 -4.254409325e-16 -1.706493299e-05)
(3.324371794e-05 -4.189357194e-16 -1.706493314e-05)
(3.321903369e-05 -4.119968255e-16 -1.706493329e-05)
(3.319434945e-05 -4.050579316e-16 -1.706493344e-05)
(3.317061391e-05 -3.985527186e-16 -1.706493358e-05)
(3.314873892e-05 -3.924811864e-16 -1.706493372e-05)
(3.312956529e-05 -3.868433351e-16 -1.706493383e-05)
(3.311383004e-05 -3.825065265e-16 -1.706493393e-05)
(3.310213765e-05 -3.794707604e-16 -1.7064934e-05)
(3.309493761e-05 -3.775191965e-16 -1.706493405e-05)
(4.161624489e-05 -5.777695714e-16 -1.725585563e-05)
(4.161447279e-05 -5.78421859e-16 -1.72558556e-05)
(4.160922476e-05 -5.806986836e-16 -1.725585551e-05)
(4.16007023e-05 -5.833007688e-16 -1.725585537e-05)
(4.158923303e-05 -5.876375775e-16 -1.725585519e-05)
(4.157525757e-05 -5.932754288e-16 -1.725585496e-05)
(4.155931312e-05 -5.993469609e-16 -1.72558547e-05)
(4.154201252e-05 -6.062858549e-16 -1.725585441e-05)
(4.152402043e-05 -6.132247488e-16 -1.725585412e-05)
(4.150602834e-05 -6.201636427e-16 -1.725585383e-05)
(4.148872775e-05 -6.262351748e-16 -1.725585354e-05)
(4.147278329e-05 -6.32306707e-16 -1.725585328e-05)
(4.145880783e-05 -6.379445583e-16 -1.725585306e-05)
(4.144733856e-05 -6.42281367e-16 -1.725585287e-05)
(4.14388161e-05 -6.457508139e-16 -1.725585273e-05)
(4.143356807e-05 -6.475939576e-16 -1.725585264e-05)
(4.143179597e-05 -6.483617086e-16 -1.725585261e-05)
(4.143356807e-05 -6.475939576e-16 -1.725585264e-05)
(4.14388161e-05 -6.457508139e-16 -1.725585273e-05)
(4.144733856e-05 -6.42281367e-16 -1.725585287e-05)
(4.145880783e-05 -6.379445583e-16 -1.725585306e-05)
(4.147278329e-05 -6.32306707e-16 -1.725585328e-05)
(4.148872775e-05 -6.262351748e-16 -1.725585354e-05)
(4.150602834e-05 -6.201636427e-16 -1.725585383e-05)
(4.152402043e-05 -6.132247488e-16 -1.725585412e-05)
(4.154201252e-05 -6.062858549e-16 -1.725585441e-05)
(4.155931312e-05 -5.993469609e-16 -1.72558547e-05)
(4.157525757e-05 -5.932754288e-16 -1.725585496e-05)
(4.158923303e-05 -5.876375775e-16 -1.725585519e-05)
(4.16007023e-05 -5.833007688e-16 -1.725585537e-05)
(4.160922476e-05 -5.806986836e-16 -1.725585551e-05)
(4.161447279e-05 -5.78421859e-16 -1.72558556e-05)
(5.018488275e-05 -6.75139257e-16 -1.477604366e-05)
(5.017804332e-05 -6.757832141e-16 -1.477604392e-05)
(5.015778843e-05 -6.778431982e-16 -1.477604469e-05)
(5.012489582e-05 -6.808789643e-16 -1.477604594e-05)
(5.008062996e-05 -6.85215773e-16 -1.477604761e-05)
(5.002669137e-05 -6.908536243e-16 -1.477604965e-05)
(4.996515342e-05 -6.969251565e-16 -1.477605198e-05)
(4.989838143e-05 -7.034303695e-16 -1.477605451e-05)
(4.982894059e-05 -7.103692634e-16 -1.477605714e-05)
(4.975949974e-05 -7.173081573e-16 -1.477605976e-05)
(4.969272775e-05 -7.238133704e-16 -1.477606229e-05)
(4.96311898e-05 -7.298849025e-16 -1.477606462e-05)
(4.957725122e-05 -7.355227538e-16 -1.477606666e-05)
(4.953298536e-05 -7.398595625e-16 -1.477606834e-05)
(4.950009274e-05 -7.428953286e-16 -1.477606958e-05)
(4.947983786e-05 -7.449553127e-16 -1.477607035e-05)
(4.947299843e-05 -7.457306127e-16 -1.477607061e-05)
(4.947983786e-05 -7.449553127e-16 -1.477607035e-05)
(4.950009274e-05 -7.428953286e-16 -1.477606958e-05)
(4.953298536e-05 -7.398595625e-16 -1.477606834e-05)
(4.957725122e-05 -7.355227538e-16 -1.477606666e-05)
(4.96311898e-05 -7.298849025e-16 -1.477606462e-05)
(4.969272775e-05 -7.238133704e-16 -1.477606229e-05)
(4.975949974e-05 -7.173081573e-16 -1.477605976e-05)
(4.982894059e-05 -7.103692634e-16 -1.477605714e-05)
(4.989838143e-05 -7.034303695e-16 -1.477605451e-05)
(4.996515342e-05 -6.969251565e-16 -1.477605198e-05)
(5.002669137e-05 -6.908536243e-16 -1.477604965e-05)
(5.008062996e-05 -6.85215773e-16 -1.477604761e-05)
(5.012489582e-05 -6.808789643e-16 -1.477604594e-05)
(5.015778843e-05 -6.778431982e-16 -1.477604469e-05)
(5.017804332e-05 -6.757832141e-16 -1.477604392e-05)
(5.879561871e-05 -6.462637579e-16 -9.141955203e-06)
(5.878289754e-05 -6.470518565e-16 -9.141956214e-06)
(5.874522394e-05 -6.490034204e-16 -9.141959208e-06)
(5.868404446e-05 -6.518223461e-16 -9.14196407e-06)
(5.860171104e-05 -6.561591548e-16 -9.141970613e-06)
(5.850138657e-05 -6.617970061e-16 -9.141978586e-06)
(5.838692746e-05 -6.678685383e-16 -9.141987682e-06)
(5.826273317e-05 -6.748074322e-16 -9.141997552e-06)
(5.813357487e-05 -6.817463261e-16 -9.142007817e-06)
(5.800441657e-05 -6.8868522e-16 -9.142018081e-06)
(5.788022227e-05 -6.947567521e-16 -9.142027951e-06)
(5.776576317e-05 -7.008282843e-16 -9.142037048e-06)
(5.76654387e-05 -7.064661356e-16 -9.142045021e-06)
(5.758310527e-05 -7.108029443e-16 -9.142051564e-06)
(5.75219258e-05 -7.140555508e-16 -9.142056426e-06)
(5.748425219e-05 -7.162239551e-16 -9.14205942e-06)
(5.747153102e-05 -7.168558775e-16 -9.142060431e-06)
(5.748425219e-05 -7.162239551e-16 -9.14205942e-06)
(5.75219258e-05 -7.140555508e-16 -9.142056426e-06)
(5.758310527e-05 -7.108029443e-16 -9.142051564e-06)
(5.76654387e-05 -7.064661356e-16 -9.142045021e-06)
(5.776576317e-05 -7.008282843e-16 -9.142037048e-06)
(5.788022227e-05 -6.947567521e-16 -9.142027951e-06)
(5.800441657e-05 -6.8868522e-16 -9.142018081e-06)
(5.813357487e-05 -6.817463261e-16 -9.142007817e-06)
(5.826273317e-05 -6.748074322e-16 -9.141997552e-06)
(5.838692746e-05 -6.678685383e-16 -9.141987682e-06)
(5.850138657e-05 -6.617970061e-16 -9.141978586e-06)
(5.860171104e-05 -6.561591548e-16 -9.141970613e-06)
(5.868404446e-05 -6.518223461e-16 -9.14196407e-06)
(5.874522394e-05 -6.490034204e-16 -9.141959208e-06)
(5.878289754e-05 -6.470518565e-16 -9.141956214e-06)
(6.744475223e-05 -4.681518097e-16 9.692544463e-08)
(6.742539995e-05 -4.688090194e-16 9.69230465e-08)
(6.736808841e-05 -4.709774237e-16 9.691594449e-08)
(6.72750182e-05 -4.740131898e-16 9.690441129e-08)
(6.714976722e-05 -4.783499985e-16 9.688889028e-08)
(6.699714709e-05 -4.839878498e-16 9.686997771e-08)
(6.682302444e-05 -4.90059382e-16 9.684840055e-08)
(6.663409197e-05 -4.961309141e-16 9.682498818e-08)
(6.643760794e-05 -5.03069808e-16 9.680064003e-08)
(6.624112391e-05 -5.100087019e-16 9.677629188e-08)
(6.605219145e-05 -5.169475958e-16 9.675287951e-08)
(6.587806879e-05 -5.23019128e-16 9.673130236e-08)
(6.572544866e-05 -5.286569793e-16 9.67123898e-08)
(6.560019768e-05 -5.32993788e-16 9.669686879e-08)
(6.550712748e-05 -5.360295541e-16 9.668533561e-08)
(6.544981593e-05 -5.37981118e-16 9.667823361e-08)
(6.543046365e-05 -5.387472167e-16 9.66758355e-08)
(6.544981593e-05 -5.37981118e-16 9.667823363e-08)
(6.550712748e-05 -5.360295541e-16 9.668533564e-08)
(6.560019768e-05 -5.32993788e-16 9.669686883e-08)
(6.572544866e-05 -5.286569793e-16 9.671238985e-08)
(6.587806879e-05 -5.23019128e-16 9.673130242e-08)
(6.605219145e-05 -5.169475958e-16 9.675287957e-08)
(6.624112391e-05 -5.100087019e-16 9.677629194e-08)
(6.643760794e-05 -5.03069808e-16 9.68006401e-08)
(6.663409197e-05 -4.961309141e-16 9.682498825e-08)
(6.682302444e-05 -4.90059382e-16 9.684840062e-08)
(6.699714709e-05 -4.839878498e-16 9.686997776e-08)
(6.714976722e-05 -4.783499985e-16 9.688889033e-08)
(6.72750182e-05 -4.740131898e-16 9.690441133e-08)
(6.736808841e-05 -4.709774237e-16 9.691594452e-08)
(6.742539995e-05 -4.688090194e-16 9.692304651e-08)
(7.612753776e-05 -1.178126809e-16 1.334839034e-05)
(7.610088829e-05 -1.185032975e-16 1.334838575e-05)
(7.602196618e-05 -1.205632816e-16 1.334837218e-05)
(7.589380183e-05 -1.235990477e-16 1.334835012e-05)
(7.572132225e-05 -1.279358564e-16 1.334832045e-05)
(7.551115338e-05 -1.335737077e-16 1.334828429e-05)
(7.527137399e-05 -1.396452398e-16 1.334824303e-05)
(7.501120044e-05 -1.45716772e-16 1.334819827e-05)
(7.474062784e-05 -1.526556659e-16 1.334815171e-05)
(7.447005523e-05 -1.595945598e-16 1.334810516e-05)
(7.420988168e-05 -1.665334537e-16 1.334806039e-05)
(7.397010229e-05 -1.726049859e-16 1.334801914e-05)
(7.375993342e-05 -1.782428372e-16 1.334798298e-05)
(7.358745384e-05 -1.825796458e-16 1.33479533e-05)
(7.345928949e-05 -1.856154119e-16 1.334793125e-05)
(7.338036738e-05 -1.876753961e-16 1.334791767e-05)
(7.335371791e-05 -1.884145949e-16 1.334791308e-05)
(7.338036738e-05 -1.876753961e-16 1.334791767e-05)
(7.345928949e-05 -1.856154119e-16 1.334793125e-05)
(7.358745384e-05 -1.825796458e-16 1.33479533e-05)
(7.375993342e-05 -1.782428372e-16 1.334798298e-05)
(7.397010229e-05 -1.726049859e-16 1.334801914e-05)
(7.420988168e-05 -1.665334537e-16 1.334806039e-05)
(7.447005523e-05 -1.595945598e-16 1.334810516e-05)
(7.474062784e-05 -1.526556659e-16 1.334815171e-05)
(7.501120044e-05 -1.45716772e-16 1.334819827e-05)
(7.527137399e-05 -1.396452398e-16 1.334824303e-05)
(7.551115338e-05 -1.335737077e-16 1.334828429e-05)
(7.572132225e-05 -1.279358564e-16 1.334832045e-05)
(7.589380183e-05 -1.235990477e-16 1.334835012e-05)
(7.602196618e-05 -1.205632816e-16 1.334837218e-05)
(7.610088829e-05 -1.185032975e-16 1.334838575e-05)
(8.483804382e-05 4.270930996e-16 3.096618393e-05)
(8.480353541e-05 4.263082942e-16 3.096617621e-05)
(8.470133915e-05 4.243567303e-16 3.096615336e-05)
(8.453537912e-05 4.211041238e-16 3.096611626e-05)
(8.431203527e-05 4.167673151e-16 3.096606632e-05)
(8.403988756e-05 4.111294638e-16 3.096600548e-05)
(8.372939718e-05 4.050579316e-16 3.096593606e-05)
(8.33924984e-05 3.989863995e-16 3.096586074e-05)
(8.304213388e-05 3.920475056e-16 3.096578241e-05)
(8.269176936e-05 3.851086117e-16 3.096570408e-05)
(8.235487057e-05 3.781697178e-16 3.096562875e-05)
(8.204438019e-05 3.720981856e-16 3.096555934e-05)
(8.177223249e-05 3.664603343e-16 3.096549849e-05)
(8.154888864e-05 3.621235256e-16 3.096544856e-05)
(8.138292861e-05 3.593046e-16 3.096541145e-05)
(8.128073235e-05 3.571361956e-16 3.09653886e-05)
(8.124622394e-05 3.564804742e-16 3.096538089e-05)
(8.128073235e-05 3.571361956e-16 3.09653886e-05)
(8.138292861e-05 3.593046e-16 3.096541145e-05)
(8.154888864e-05 3.621235256e-16 3.096544856e-05)
(8.177223249e-05 3.664603343e-16 3.096549849e-05)
(8.204438019e-05 3.720981856e-16 3.096555934e-05)
(8.235487057e-05 3.781697178e-16 3.096562875e-05)
(8.269176936e-05 3.851086117e-16 3.096570408e-05)
(8.304213388e-05 3.920475056e-16 3.096578241e-05)
(8.33924984e-05 3.989863995e-16 3.096586074e-05)
(8.372939718e-05 4.050579316e-16 3.096593606e-05)
(8.403988756e-05 4.111294638e-16 3.096600548e-05)
(8.431203527e-05 4.167673151e-16 3.096606632e-05)
(8.453537912e-05 4.211041238e-16 3.096611626e-05)
(8.470133915e-05 4.243567303e-16 3.096615336e-05)
(8.480353541e-05 4.263082942e-16 3.096617621e-05)
(9.356902008e-05 1.18737467e-15 5.323701631e-05)
(9.352621935e-05 1.186659278e-15 5.323700442e-05)
(9.339946546e-05 1.184599294e-15 5.323696921e-05)
(9.319362544e-05 1.181346687e-15 5.323691203e-05)
(9.291661234e-05 1.177009878e-15 5.323683509e-05)
(9.257906789e-05 1.171372027e-15 5.323674133e-05)
(9.219396706e-05 1.165300495e-15 5.323663436e-05)
(9.177611192e-05 1.158795282e-15 5.323651829e-05)
(9.134155525e-05 1.151856388e-15 5.323639759e-05)
(9.090699858e-05 1.144917494e-15 5.323627688e-05)
(9.048914344e-05 1.138412281e-15 5.323616082e-05)
(9.010404262e-05 1.132340749e-15 5.323605385e-05)
(8.976649817e-05 1.126702898e-15 5.323596009e-05)
(8.948948507e-05 1.122366089e-15 5.323588314e-05)
(8.928364505e-05 1.119547163e-15 5.323582597e-05)
(8.915689116e-05 1.117487179e-15 5.323579076e-05)
(8.911409042e-05 1.11674651e-15 5.323577887e-05)
(8.915689116e-05 1.117487179e-15 5.323579076e-05)
(8.928364505e-05 1.119547163e-15 5.323582597e-05)
(8.948948507e-05 1.122366089e-15 5.323588314e-05)
(8.976649817e-05 1.126702898e-15 5.323596009e-05)
(9.010404262e-05 1.132340749e-15 5.323605385e-05)
(9.048914344e-05 1.138412281e-15 5.323616082e-05)
(9.090699858e-05 1.144917494e-15 5.323627688e-05)
(9.134155525e-05 1.151856388e-15 5.323639759e-05)
(9.177611192e-05 1.158795282e-15 5.323651829e-05)
(9.219396706e-05 1.165300495e-15 5.323663436e-05)
(9.257906789e-05 1.171372027e-15 5.323674133e-05)
(9.291661234e-05 1.177009878e-15 5.323683509e-05)
(9.319362544e-05 1.181346687e-15 5.323691203e-05)
(9.339946546e-05 1.184599294e-15 5.323696921e-05)
(9.352621935e-05 1.186659278e-15 5.323700442e-05)
(0.0001023117738 2.181248761e-15 8.036588445e-05)
(0.0001022604027 2.18065583e-15 8.036586731e-05)
(0.0001021082676 2.178595845e-15 8.036581654e-05)
(0.0001018612102 2.17577692e-15 8.03657341e-05)
(0.000101528728 2.171440111e-15 8.036562316e-05)
(0.0001011235937 2.16580226e-15 8.036548797e-05)
(0.0001006613803 2.159730728e-15 8.036533373e-05)
(0.0001001598539 2.152791834e-15 8.036516638e-05)
(9.963828164e-05 2.14585294e-15 8.036499233e-05)
(9.911670938e-05 2.138914046e-15 8.036481829e-05)
(9.861518297e-05 2.132842514e-15 8.036465094e-05)
(9.815296958e-05 2.126770982e-15 8.03644967e-05)
(9.774783526e-05 2.12113313e-15 8.036436151e-05)
(9.741535309e-05 2.116796322e-15 8.036425057e-05)
(9.716829567e-05 2.113110034e-15 8.036416813e-05)
(9.70161606e-05 2.11126689e-15 8.036411736e-05)
(9.696478945e-05 2.110599792e-15 8.036410022e-05)
(9.70161606e-05 2.11126689e-15 8.036411736e-05)
(9.716829567e-05 2.113110034e-15 8.036416813e-05)
(9.741535309e-05 2.116796322e-15 8.036425057e-05)
(9.774783526e-05 2.12113313e-15 8.036436151e-05)
(9.815296958e-05 2.126770982e-15 8.03644967e-05)
(9.861518297e-05 2.132842514e-15 8.036465094e-05)
(9.911670938e-05 2.138914046e-15 8.036481829e-05)
(9.963828164e-05 2.14585294e-15 8.036499233e-05)
(0.0001001598539 2.152791834e-15 8.036516638e-05)
(0.0001006613803 2.159730728e-15 8.036533373e-05)
(0.0001011235937 2.16580226e-15 8.036548797e-05)
(0.000101528728 2.171440111e-15 8.036562316e-05)
(0.0001018612102 2.17577692e-15 8.03657341e-05)
(0.0001021082676 2.178595845e-15 8.036581654e-05)
(0.0001022604027 2.18065583e-15 8.036586731e-05)
(0.000111056065 3.423002128e-15 0.000112459715)
(0.0001109960304 3.422392578e-15 0.0001124596916)
(0.0001108182388 3.420441014e-15 0.0001124596222)
(0.0001105295169 3.417405248e-15 0.0001124595096)
(0.000110140964 3.413068439e-15 0.000112459358)
(0.0001096675066 3.407430588e-15 0.0001124591733)
(0.0001091273442 3.401359056e-15 0.0001124589625)
(0.0001085412389 3.394853842e-15 0.0001124587338)
(0.0001079317072 3.387914949e-15 0.000112458496)
(0.0001073221754 3.380976055e-15 0.0001124582582)
(0.0001067360701 3.374470842e-15 0.0001124580295)
(0.0001061959077 3.368399309e-15 0.0001124578188)
(0.0001057224504 3.362761458e-15 0.000112457634)
(0.0001053338974 3.358424649e-15 0.0001124574824)
(0.0001050451755 3.354955203e-15 0.0001124573698)
(0.000104867384 3.353003639e-15 0.0001124573004)
(0.0001048073494 3.352327011e-15 0.000112457277)
(0.000104867384 3.353003639e-15 0.0001124573004)
(0.0001050451755 3.354955203e-15 0.0001124573698)
(0.0001053338974 3.358424649e-15 0.0001124574824)
(0.0001057224504 3.362761458e-15 0.000112457634)
(0.0001061959077 3.368399309e-15 0.0001124578188)
(0.0001067360701 3.374470842e-15 0.0001124580295)
(0.0001073221754 3.380976055e-15 0.0001124582582)
(0.0001079317072 3.387914949e-15 0.000112458496)
(0.0001085412389 3.394853842e-15 0.0001124587338)
(0.0001091273442 3.401359056e-15 0.0001124589625)
(0.0001096675066 3.407430588e-15 0.0001124591733)
(0.000110140964 3.413068439e-15 0.000112459358)
(0.0001105295169 3.417405248e-15 0.0001124595096)
(0.0001108182388 3.420441014e-15 0.0001124596222)
(0.0001109960304 3.422392578e-15 0.0001124596916)
(0.0001197900105 4.921401204e-15 0.0001495093367)
(0.0001197214375 4.92075998e-15 0.0001495093062)
(0.0001195183594 4.918808416e-15 0.0001495092156)
(0.0001191885737 4.91577265e-15 0.0001495090686)
(0.0001187447584 4.911435841e-15 0.0001495088708)
(0.0001182039631 4.90579799e-15 0.0001495086297)
(0.0001175869756 4.899726458e-15 0.0001495083546)
(0.0001169175109 4.892787564e-15 0.0001495080562)
(0.0001162212879 4.88584867e-15 0.0001495077458)
(0.000115525065 4.878909776e-15 0.0001495074355)
(0.0001148556003 4.872838244e-15 0.000149507137)
(0.0001142386127 4.866766712e-15 0.000149506862)
(0.0001136978174 4.861128861e-15 0.0001495066209)
(0.0001132540022 4.856792052e-15 0.000149506423)
(0.0001129242165 4.853322605e-15 0.000149506276)
(0.0001127211384 4.851371041e-15 0.0001495061855)
(0.0001126525654 4.850695072e-15 0.0001495061549)
(0.0001127211384 4.851371041e-15 0.0001495061855)
(0.0001129242165 4.853322605e-15 0.000149506276)
(0.0001132540022 4.856792052e-15 0.000149506423)
(0.0001136978174 4.861128861e-15 0.0001495066209)
(0.0001142386127 4.866766712e-15 0.000149506862)
(0.0001148556003 4.872838244e-15 0.000149507137)
(0.000115525065 4.878909776e-15 0.0001495074355)
(0.0001162212879 4.88584867e-15 0.0001495077458)
(0.0001169175109 4.892787564e-15 0.0001495080562)
(0.0001175869756 4.899726458e-15 0.0001495083546)
(0.0001182039631 4.90579799e-15 0.0001495086297)
(0.0001187447584 4.911435841e-15 0.0001495088708)
(0.0001191885737 4.91577265e-15 0.0001495090686)
(0.0001195183594 4.918808416e-15 0.0001495092156)
(0.0001197214375 4.92075998e-15 0.0001495093062)
(0.0001285000093 6.677891239e-15 0.0001913698004)
(0.0001284232761 6.677167499e-15 0.0001913697621)
(0.0001281960319 6.675215936e-15 0.0001913696487)
(0.000127827002 6.671746489e-15 0.0001913694646)
(0.0001273303732 6.66740968e-15 0.0001913692168)
(0.0001267252237 6.661771829e-15 0.0001913689149)
(0.0001260348152 6.655700296e-15 0.0001913685704)
(0.0001252856849 6.649195083e-15 0.0001913681966)
(0.000124506612 6.64225619e-15 0.0001913678079)
(0.0001237275391 6.635317296e-15 0.0001913674192)
(0.0001229784087 6.628812083e-15 0.0001913670454)
(0.0001222880003 6.62274055e-15 0.000191366701)
(0.0001216828508 6.617102699e-15 0.000191366399)
(0.000121186222 6.61276589e-15 0.0001913661512)
(0.0001208171921 6.609730124e-15 0.0001913659671)
(0.0001205899479 6.60777856e-15 0.0001913658537)
(0.0001205132147 6.607150475e-15 0.0001913658154)
(0.0001205899479 6.60777856e-15 0.0001913658537)
(0.0001208171921 6.609730124e-15 0.0001913659671)
(0.000121186222 6.61276589e-15 0.0001913661512)
(0.0001216828508 6.617102699e-15 0.000191366399)
(0.0001222880003 6.62274055e-15 0.000191366701)
(0.0001229784087 6.628812083e-15 0.0001913670454)
(0.0001237275391 6.635317296e-15 0.0001913674192)
(0.000124506612 6.64225619e-15 0.0001913678079)
(0.0001252856849 6.649195083e-15 0.0001913681966)
(0.0001260348152 6.655700296e-15 0.0001913685704)
(0.0001267252237 6.661771829e-15 0.0001913689149)
(0.0001273303732 6.66740968e-15 0.0001913692168)
(0.000127827002 6.671746489e-15 0.0001913694646)
(0.0001281960319 6.675215936e-15 0.0001913696487)
(0.0001284232761 6.677167499e-15 0.0001913697621)
(0.0001371706707 8.684609886e-15 0.000237739058)
(0.0001370864477 8.683917301e-15 0.0002377390119)
(0.0001368370222 8.682074157e-15 0.0002377388752)
(0.0001364319714 8.678387869e-15 0.0002377386534)
(0.0001358868668 8.674051061e-15 0.0002377383548)
(0.000135222649 8.668413209e-15 0.000237737991)
(0.00013446485 8.662341677e-15 0.000237737576)
(0.0001336425973 8.656270145e-15 0.0002377371256)
(0.0001327874794 8.649331251e-15 0.0002377366572)
(0.0001319323615 8.642392357e-15 0.0002377361889)
(0.0001311101088 8.635453463e-15 0.0002377357385)
(0.0001303523098 8.629381931e-15 0.0002377353235)
(0.000129688092 8.62374408e-15 0.0002377349597)
(0.0001291429874 8.619407271e-15 0.0002377346611)
(0.0001287379367 8.616588346e-15 0.0002377344392)
(0.0001284885112 8.614528361e-15 0.0002377343026)
(0.0001284042881 8.613832687e-15 0.0002377342565)
(0.0001284885112 8.614528361e-15 0.0002377343026)
(0.0001287379367 8.616588346e-15 0.0002377344392)
(0.0001291429874 8.619407271e-15 0.0002377346611)
(0.000129688092 8.62374408e-15 0.0002377349597)
(0.0001303523098 8.629381931e-15 0.0002377353235)
(0.0001311101088 8.635453463e-15 0.0002377357385)
(0.0001319323615 8.642392357e-15 0.0002377361889)
(0.0001327874794 8.649331251e-15 0.0002377366572)
(0.0001336425973 8.656270145e-15 0.0002377371256)
(0.00013446485 8.662341677e-15 0.000237737576)
(0.000135222649 8.668413209e-15 0.000237737991)
(0.0001358868668 8.674051061e-15 0.0002377383548)
(0.0001364319714 8.678387869e-15 0.0002377386534)
(0.0001368370222 8.682074157e-15 0.0002377388752)
(0.0001370864477 8.683917301e-15 0.0002377390119)
(0.0001457847533 1.092223351e-14 0.0002881349958)
(0.0001456940438 1.092149374e-14 0.0002881349423)
(0.0001454254086 1.091943376e-14 0.0002881347838)
(0.0001449891626 1.091618115e-14 0.0002881345265)
(0.0001444020763 1.091184434e-14 0.0002881341801)
(0.0001436867032 1.090620649e-14 0.0002881337581)
(0.0001428705418 1.090013496e-14 0.0002881332766)
(0.0001419849626 1.089406343e-14 0.0002881327541)
(0.0001410639871 1.088712454e-14 0.0002881322108)
(0.0001401430117 1.088018564e-14 0.0002881316675)
(0.0001392574325 1.087324675e-14 0.000288131145)
(0.0001384412711 1.086717522e-14 0.0002881306635)
(0.000137725898 1.086153736e-14 0.0002881302415)
(0.0001371388117 1.085720056e-14 0.0002881298951)
(0.0001367025657 1.085394795e-14 0.0002881296378)
(0.0001364339305 1.085210481e-14 0.0002881294793)
(0.0001363432209 1.085142101e-14 0.0002881294258)
(0.0001364339305 1.085210481e-14 0.0002881294793)
(0.0001367025657 1.085394795e-14 0.0002881296378)
(0.0001371388117 1.085720056e-14 0.0002881298951)
(0.000137725898 1.086153736e-14 0.0002881302415)
(0.0001384412711 1.086717522e-14 0.0002881306635)
(0.0001392574325 1.087324675e-14 0.000288131145)
(0.0001401430117 1.088018564e-14 0.0002881316675)
(0.0001410639871 1.088712454e-14 0.0002881322108)
(0.0001419849626 1.089406343e-14 0.0002881327541)
(0.0001428705418 1.090013496e-14 0.0002881332766)
(0.0001436867032 1.090620649e-14 0.0002881337581)
(0.0001444020763 1.091184434e-14 0.0002881341801)
(0.0001449891626 1.091618115e-14 0.0002881345265)
(0.0001454254086 1.091943376e-14 0.0002881347838)
(0.0001456940438 1.092149374e-14 0.0002881349423)
(0.0001543230991 1.335776993e-14 0.0003418708389)
(0.0001542272837 1.33570455e-14 0.0003418707792)
(0.0001539435276 1.335520236e-14 0.0003418706024)
(0.0001534827262 1.335173291e-14 0.0003418703152)
(0.0001528625941 1.334739611e-14 0.0003418699288)
(0.0001521069542 1.334175825e-14 0.0003418694579)
(0.0001512448527 1.333568672e-14 0.0003418689206)
(0.0001503094262 1.332961519e-14 0.0003418683377)
(0.000149336611 1.33226763e-14 0.0003418677314)
(0.0001483637958 1.33157374e-14 0.0003418671252)
(0.0001474283693 1.330879851e-14 0.0003418665422)
(0.0001465662679 1.330272698e-14 0.0003418660049)
(0.0001458106279 1.329708912e-14 0.000341865534)
(0.0001451904958 1.329275232e-14 0.0003418651476)
(0.0001447296944 1.328971655e-14 0.0003418648604)
(0.0001444459383 1.328765657e-14 0.0003418646836)
(0.000144350123 1.328692694e-14 0.0003418646239)
(0.0001444459383 1.328765657e-14 0.0003418646836)
(0.0001447296944 1.328971655e-14 0.0003418648604)
(0.0001451904958 1.329275232e-14 0.0003418651476)
(0.0001458106279 1.329708912e-14 0.000341865534)
(0.0001465662679 1.330272698e-14 0.0003418660049)
(0.0001474283693 1.330879851e-14 0.0003418665422)
(0.0001483637958 1.33157374e-14 0.0003418671252)
(0.000149336611 1.33226763e-14 0.0003418677314)
(0.0001503094262 1.332961519e-14 0.0003418683377)
(0.0001512448527 1.333568672e-14 0.0003418689206)
(0.0001521069542 1.334175825e-14 0.0003418694579)
(0.0001528625941 1.334739611e-14 0.0003418699288)
(0.0001534827262 1.335173291e-14 0.0003418703152)
(0.0001539435276 1.335520236e-14 0.0003418706024)
(0.0001542272837 1.33570455e-14 0.0003418707792)
(0.0001627645607 1.594236428e-14 0.0003980289669)
(0.0001626654442 1.594167506e-14 0.000398028903)
(0.0001623719118 1.59397235e-14 0.0003980287137)
(0.0001618952344 1.593647089e-14 0.0003980284064)
(0.0001612537369 1.593213408e-14 0.0003980279928)
(0.0001604720628 1.592649623e-14 0.0003980274889)
(0.0001595802594 1.59204247e-14 0.000398026914)
(0.0001586126046 1.591348581e-14 0.0003980262901)
(0.0001576062729 1.590654691e-14 0.0003980256414)
(0.0001565999413 1.589960802e-14 0.0003980249926)
(0.0001556322864 1.589353649e-14 0.0003980243687)
(0.000154740483 1.588746495e-14 0.0003980237938)
(0.0001539588089 1.58818271e-14 0.0003980232899)
(0.0001533173114 1.587749029e-14 0.0003980228763)
(0.000152840634 1.587423769e-14 0.000398022569)
(0.0001525471016 1.587206928e-14 0.0003980223798)
(0.0001524479851 1.587149991e-14 0.0003980223159)
(0.0001525471016 1.587206928e-14 0.0003980223798)
(0.000152840634 1.587423769e-14 0.000398022569)
(0.0001533173114 1.587749029e-14 0.0003980228763)
(0.0001539588089 1.58818271e-14 0.0003980232899)
(0.000154740483 1.588746495e-14 0.0003980237938)
(0.0001556322864 1.589353649e-14 0.0003980243687)
(0.0001565999413 1.589960802e-14 0.0003980249926)
(0.0001576062729 1.590654691e-14 0.0003980256414)
(0.0001586126046 1.591348581e-14 0.0003980262901)
(0.0001595802594 1.59204247e-14 0.000398026914)
(0.0001604720628 1.592649623e-14 0.0003980274889)
(0.0001612537369 1.593213408e-14 0.0003980279928)
(0.0001618952344 1.593647089e-14 0.0003980284064)
(0.0001623719118 1.59397235e-14 0.0003980287137)
(0.0001626654442 1.594167506e-14 0.000398028903)
(0.0001710859122 1.860914635e-14 0.0004554332618)
(0.0001709857726 1.860848715e-14 0.0004554331966)
(0.0001706892101 1.860642716e-14 0.0004554330034)
(0.0001702076122 1.860317456e-14 0.0004554326897)
(0.0001695594926 1.859883775e-14 0.0004554322676)
(0.0001687697495 1.85931999e-14 0.0004554317531)
(0.0001678687402 1.858712836e-14 0.0004554311663)
(0.0001668910966 1.858062315e-14 0.0004554305295)
(0.0001658743768 1.857368426e-14 0.0004554298672)
(0.0001648576571 1.856674536e-14 0.000455429205)
(0.0001638800134 1.856024015e-14 0.0004554285682)
(0.0001629790041 1.855416862e-14 0.0004554279813)
(0.000162189261 1.854853077e-14 0.0004554274669)
(0.0001615411415 1.854419396e-14 0.0004554270447)
(0.0001610595435 1.854094135e-14 0.000455426731)
(0.000160762981 1.853888137e-14 0.0004554265378)
(0.0001606628414 1.853827418e-14 0.0004554264726)
(0.000160762981 1.853888137e-14 0.0004554265378)
(0.0001610595435 1.854094135e-14 0.000455426731)
(0.0001615411415 1.854419396e-14 0.0004554270447)
(0.000162189261 1.854853077e-14 0.0004554274669)
(0.0001629790041 1.855416862e-14 0.0004554279813)
(0.0001638800134 1.856024015e-14 0.0004554285682)
(0.0001648576571 1.856674536e-14 0.000455429205)
(0.0001658743768 1.857368426e-14 0.0004554298672)
(0.0001668910965 1.858062315e-14 0.0004554305295)
(0.0001678687402 1.858712836e-14 0.0004554311663)
(0.0001687697495 1.85931999e-14 0.0004554317531)
(0.0001695594926 1.859883775e-14 0.0004554322676)
(0.0001702076121 1.860317456e-14 0.0004554326897)
(0.0001706892101 1.860642716e-14 0.0004554330034)
(0.0001709857726 1.860848715e-14 0.0004554331966)
(0.0001792617399 2.127132378e-14 0.0005126202531)
(0.0001791633793 2.127063716e-14 0.0005126201902)
(0.0001788720855 2.126857718e-14 0.0005126200038)
(0.0001783990435 2.126554141e-14 0.0005126197012)
(0.0001777624384 2.12612046e-14 0.0005126192939)
(0.0001769867258 2.125556675e-14 0.0005126187976)
(0.0001761017236 2.124949522e-14 0.0005126182314)
(0.0001751414487 2.124255633e-14 0.000512617617)
(0.0001741427918 2.123561743e-14 0.000512616978)
(0.0001731441349 2.122867854e-14 0.0005126163391)
(0.00017218386 2.122260701e-14 0.0005126157247)
(0.0001712988578 2.121653547e-14 0.0005126151585)
(0.0001705231452 2.121089762e-14 0.0005126146622)
(0.0001698865401 2.120656081e-14 0.0005126142549)
(0.0001694134981 2.120309137e-14 0.0005126139522)
(0.0001691222043 2.120103138e-14 0.0005126137658)
(0.0001690238437 2.120046134e-14 0.0005126137029)
(0.0001691222043 2.120103138e-14 0.0005126137658)
(0.0001694134981 2.120309137e-14 0.0005126139522)
(0.0001698865401 2.120656081e-14 0.0005126142549)
(0.0001705231452 2.121089762e-14 0.0005126146622)
(0.0001712988578 2.121653547e-14 0.0005126151585)
(0.00017218386 2.122260701e-14 0.0005126157247)
(0.0001731441349 2.122867854e-14 0.0005126163391)
(0.0001741427918 2.123561743e-14 0.000512616978)
(0.0001751414487 2.124255633e-14 0.000512617617)
(0.0001761017236 2.124949522e-14 0.0005126182314)
(0.0001769867258 2.125556675e-14 0.0005126187976)
(0.0001777624384 2.12612046e-14 0.0005126192939)
(0.0001783990435 2.126554141e-14 0.0005126197012)
(0.0001788720855 2.126857718e-14 0.0005126200038)
(0.0001791633793 2.127063716e-14 0.0005126201902)
(0.0001872643066 2.382067583e-14 0.000567809555)
(0.0001871711032 2.381992173e-14 0.0005678094985)
(0.0001868950824 2.381797017e-14 0.0005678093311)
(0.0001864468427 2.381471756e-14 0.0005678090594)
(0.0001858436157 2.381038075e-14 0.0005678086936)
(0.0001851085749 2.38047429e-14 0.000567808248)
(0.0001842699748 2.379867137e-14 0.0005678077396)
(0.0001833600485 2.379259983e-14 0.0005678071879)
(0.0001824137527 2.378566094e-14 0.0005678066142)
(0.000181467457 2.377872205e-14 0.0005678060405)
(0.0001805575306 2.377178315e-14 0.0005678054889)
(0.0001797189305 2.376571162e-14 0.0005678049805)
(0.0001789838897 2.376007377e-14 0.0005678045348)
(0.0001783806627 2.375573696e-14 0.0005678041691)
(0.000177932423 2.375248435e-14 0.0005678038974)
(0.0001776564022 2.375053279e-14 0.00056780373)
(0.0001775631989 2.374984287e-14 0.0005678036735)
(0.0001776564022 2.375053279e-14 0.00056780373)
(0.000177932423 2.375248435e-14 0.0005678038974)
(0.0001783806627 2.375573696e-14 0.0005678041691)
(0.0001789838897 2.376007377e-14 0.0005678045348)
(0.0001797189305 2.376571162e-14 0.0005678049805)
(0.0001805575306 2.377178315e-14 0.0005678054889)
(0.000181467457 2.377872205e-14 0.0005678060405)
(0.0001824137527 2.378566094e-14 0.0005678066142)
(0.0001833600485 2.379259983e-14 0.0005678071879)
(0.0001842699748 2.379867137e-14 0.0005678077396)
(0.0001851085749 2.38047429e-14 0.000567808248)
(0.0001858436157 2.381038075e-14 0.0005678086936)
(0.0001864468427 2.381471756e-14 0.0005678090594)
(0.0001868950824 2.381797017e-14 0.0005678093311)
(0.0001871711032 2.381992173e-14 0.0005678094985)
(0.0001950624941 2.612631979e-14 0.0006188688635)
(0.0001949784518 2.612569449e-14 0.0006188688176)
(0.0001947295615 2.612363451e-14 0.0006188686815)
(0.0001943253799 2.612059874e-14 0.0006188684606)
(0.0001937814448 2.611626193e-14 0.0006188681632)
(0.0001931186522 2.611062408e-14 0.0006188678009)
(0.0001923624792 2.610455255e-14 0.0006188673875)
(0.0001915419907 2.609804733e-14 0.000618866939)
(0.0001906887076 2.609110844e-14 0.0006188664725)
(0.0001898354245 2.608416955e-14 0.000618866006)
(0.0001890149361 2.607766433e-14 0.0006188655575)
(0.000188258763 2.60715928e-14 0.0006188651441)
(0.0001875959704 2.606595495e-14 0.0006188647818)
(0.0001870520354 2.606161814e-14 0.0006188644844)
(0.0001866478537 2.605814869e-14 0.0006188642634)
(0.0001863989634 2.605630555e-14 0.0006188641274)
(0.0001863149211 2.605553506e-14 0.0006188640814)
(0.0001863989634 2.605630555e-14 0.0006188641274)
(0.0001866478537 2.605814869e-14 0.0006188642634)
(0.0001870520354 2.606161814e-14 0.0006188644844)
(0.0001875959704 2.606595495e-14 0.0006188647818)
(0.000188258763 2.60715928e-14 0.0006188651441)
(0.0001890149361 2.607766433e-14 0.0006188655575)
(0.0001898354245 2.608416955e-14 0.000618866006)
(0.0001906887076 2.609110844e-14 0.0006188664725)
(0.0001915419907 2.609804733e-14 0.000618866939)
(0.0001923624792 2.610455255e-14 0.0006188673875)
(0.0001931186522 2.611062408e-14 0.0006188678009)
(0.0001937814448 2.611626193e-14 0.0006188681632)
(0.0001943253799 2.612059874e-14 0.0006188684606)
(0.0001947295615 2.612363451e-14 0.0006188686815)
(0.0001949784518 2.612569449e-14 0.0006188688176)
(0.0002026259612 2.803564532e-14 0.000663312578)
(0.0002025557621 2.803497452e-14 0.0006633125459)
(0.0002023478683 2.803291453e-14 0.000663312451)
(0.0002020102624 2.802966192e-14 0.0006633122968)
(0.0002015559228 2.802532512e-14 0.0006633120893)
(0.0002010023035 2.801968726e-14 0.0006633118365)
(0.0002003706852 2.801361573e-14 0.0006633115481)
(0.0001996853454 2.800711052e-14 0.0006633112352)
(0.0001989726127 2.800017163e-14 0.0006633109097)
(0.00019825988 2.799323273e-14 0.0006633105843)
(0.0001975745401 2.798672752e-14 0.0006633102713)
(0.0001969429218 2.798065599e-14 0.0006633099829)
(0.0001963893025 2.797501814e-14 0.0006633097301)
(0.0001959349629 2.797068133e-14 0.0006633095227)
(0.000195597357 2.796742872e-14 0.0006633093685)
(0.0001953894632 2.796558558e-14 0.0006633092736)
(0.0001953192641 2.796492129e-14 0.0006633092415)
(0.0001953894632 2.796558558e-14 0.0006633092736)
(0.000195597357 2.796742872e-14 0.0006633093685)
(0.0001959349629 2.797068133e-14 0.0006633095227)
(0.0001963893025 2.797501814e-14 0.0006633097301)
(0.0001969429218 2.798065599e-14 0.0006633099829)
(0.0001975745401 2.798672752e-14 0.0006633102713)
(0.00019825988 2.799323273e-14 0.0006633105843)
(0.0001989726127 2.800017163e-14 0.0006633109097)
(0.0001996853453 2.800711052e-14 0.0006633112352)
(0.0002003706852 2.801361573e-14 0.0006633115481)
(0.0002010023035 2.801968726e-14 0.0006633118365)
(0.0002015559228 2.802532512e-14 0.0006633120893)
(0.0002020102624 2.802966192e-14 0.0006633122968)
(0.0002023478683 2.803291453e-14 0.000663312451)
(0.0002025557621 2.803497452e-14 0.0006633125459)
(0.0002099153591 2.937250011e-14 0.0006982190258)
(0.000209864395 2.937190421e-14 0.0006982190089)
(0.0002097134655 2.936973581e-14 0.0006982189589)
(0.0002094683659 2.936670004e-14 0.0006982188776)
(0.0002091385184 2.936236324e-14 0.0006982187683)
(0.0002087365945 2.935672538e-14 0.0006982186351)
(0.0002082780438 2.935065385e-14 0.000698218483)
(0.0002077804917 2.934458232e-14 0.0006982183181)
(0.0002072630525 2.933764343e-14 0.0006982181466)
(0.0002067456134 2.933070453e-14 0.000698217975)
(0.0002062480612 2.932376564e-14 0.0006982178101)
(0.0002057895105 2.931769411e-14 0.0006982176581)
(0.0002053875866 2.931205625e-14 0.0006982175249)
(0.0002050577392 2.930771945e-14 0.0006982174155)
(0.0002048126395 2.930425e-14 0.0006982173343)
(0.00020466171 2.930251528e-14 0.0006982172842)
(0.0002046107459 2.930183508e-14 0.0006982172673)
(0.00020466171 2.930251528e-14 0.0006982172842)
(0.0002048126395 2.930425e-14 0.0006982173343)
(0.0002050577392 2.930771945e-14 0.0006982174155)
(0.0002053875866 2.931205625e-14 0.0006982175249)
(0.0002057895105 2.931769411e-14 0.0006982176581)
(0.0002062480612 2.932376564e-14 0.0006982178101)
(0.0002067456134 2.933070453e-14 0.000698217975)
(0.0002072630525 2.933764343e-14 0.0006982181466)
(0.0002077804917 2.934458232e-14 0.0006982183181)
(0.0002082780438 2.935065385e-14 0.000698218483)
(0.0002087365945 2.935672538e-14 0.0006982186351)
(0.0002091385184 2.936236324e-14 0.0006982187683)
(0.0002094683659 2.936670004e-14 0.0006982188776)
(0.0002097134655 2.936973581e-14 0.0006982189589)
(0.000209864395 2.937190421e-14 0.0006982190089)
(0.0002168947425 2.994190429e-14 0.0007202795888)
(0.000216869161 2.994121878e-14 0.0007202795846)
(0.0002167934018 2.993915879e-14 0.000720279572)
(0.0002166703738 2.993612302e-14 0.0007202795515)
(0.0002165048065 2.993178622e-14 0.000720279524)
(0.0002163030603 2.992614836e-14 0.0007202794904)
(0.0002160728903 2.992007683e-14 0.0007202794521)
(0.0002158231435 2.991357162e-14 0.0007202794106)
(0.0002155634143 2.990663273e-14 0.0007202793674)
(0.0002153036851 2.989969383e-14 0.0007202793241)
(0.0002150539383 2.989318862e-14 0.0007202792826)
(0.0002148237683 2.988711709e-14 0.0007202792443)
(0.0002146220221 2.988147924e-14 0.0007202792107)
(0.0002144564548 2.987714243e-14 0.0007202791832)
(0.0002143334268 2.987410666e-14 0.0007202791627)
(0.0002142576676 2.987204668e-14 0.0007202791501)
(0.0002142320861 2.987127166e-14 0.0007202791459)
(0.0002142576676 2.987204668e-14 0.0007202791501)
(0.0002143334268 2.987410666e-14 0.0007202791627)
(0.0002144564548 2.987714243e-14 0.0007202791832)
(0.0002146220221 2.988147924e-14 0.0007202792107)
(0.0002148237683 2.988711709e-14 0.0007202792443)
(0.0002150539383 2.989318862e-14 0.0007202792826)
(0.0002153036851 2.989969383e-14 0.0007202793241)
(0.0002155634143 2.990663273e-14 0.0007202793674)
(0.0002158231435 2.991357162e-14 0.0007202794106)
(0.0002160728903 2.992007683e-14 0.0007202794521)
(0.0002163030603 2.992614836e-14 0.0007202794904)
(0.0002165048065 2.993178622e-14 0.000720279524)
(0.0002166703738 2.993612302e-14 0.0007202795515)
(0.0002167934018 2.993915879e-14 0.000720279572)
(0.000216869161 2.994121878e-14 0.0007202795846)
(0.0002235180397 2.95310411e-14 0.0007257266593)
(0.0002235247398 2.953041457e-14 0.000725726659)
(0.0002235445818 2.952846301e-14 0.0007257266581)
(0.0002235768039 2.952499356e-14 0.0007257266567)
(0.0002236201675 2.952065675e-14 0.0007257266548)
(0.0002236730066 2.95150189e-14 0.0007257266525)
(0.0002237332902 2.950894737e-14 0.0007257266499)
(0.0002237987011 2.950244216e-14 0.0007257266471)
(0.0002238667265 2.949550326e-14 0.0007257266441)
(0.0002239347519 2.948856437e-14 0.0007257266412)
(0.0002240001629 2.948205916e-14 0.0007257266383)
(0.0002240604464 2.947598762e-14 0.0007257266357)
(0.0002241132856 2.947034977e-14 0.0007257266334)
(0.0002241566491 2.946601296e-14 0.0007257266315)
(0.0002241888713 2.94629772e-14 0.0007257266301)
(0.0002242087133 2.946102563e-14 0.0007257266293)
(0.0002242154133 2.946037547e-14 0.000725726629)
(0.0002242087133 2.946102563e-14 0.0007257266293)
(0.0002241888713 2.94629772e-14 0.0007257266301)
(0.0002241566491 2.946601296e-14 0.0007257266315)
(0.0002241132856 2.947034977e-14 0.0007257266334)
(0.0002240604464 2.947598762e-14 0.0007257266357)
(0.0002240001629 2.948205916e-14 0.0007257266383)
(0.0002239347519 2.948856437e-14 0.0007257266412)
(0.0002238667265 2.949550326e-14 0.0007257266441)
(0.0002237987011 2.950244216e-14 0.0007257266471)
(0.0002237332902 2.950894737e-14 0.0007257266499)
(0.0002236730066 2.95150189e-14 0.0007257266525)
(0.0002236201675 2.952065675e-14 0.0007257266548)
(0.0002235768039 2.952499356e-14 0.0007257266567)
(0.0002235445818 2.952846301e-14 0.0007257266581)
(0.0002235247398 2.953041457e-14 0.000725726659)
(0.0002297411535 2.79146628e-14 0.0007103652434)
(0.0002297878067 2.791397755e-14 0.0007103652292)
(0.0002299259693 2.791191757e-14 0.0007103651873)
(0.0002301503365 2.790866496e-14 0.0007103651192)
(0.0002304522828 2.790432815e-14 0.0007103650275)
(0.0002308202088 2.78986903e-14 0.0007103649159)
(0.0002312399715 2.789261877e-14 0.0007103647885)
(0.0002316954367 2.788654724e-14 0.0007103646503)
(0.0002321691067 2.787960834e-14 0.0007103645065)
(0.0002326427767 2.787266945e-14 0.0007103643628)
(0.000233098242 2.786573056e-14 0.0007103642245)
(0.0002335180047 2.785965902e-14 0.0007103640971)
(0.0002338859307 2.785402117e-14 0.0007103639855)
(0.000234187877 2.784968436e-14 0.0007103638938)
(0.0002344122442 2.784643176e-14 0.0007103638257)
(0.0002345504068 2.784458861e-14 0.0007103637838)
(0.00023459706 2.784384309e-14 0.0007103637697)
(0.0002345504068 2.784458861e-14 0.0007103637838)
(0.0002344122442 2.784643176e-14 0.0007103638257)
(0.000234187877 2.784968436e-14 0.0007103638938)
(0.0002338859307 2.785402117e-14 0.0007103639855)
(0.0002335180047 2.785965902e-14 0.0007103640971)
(0.000233098242 2.786573056e-14 0.0007103642245)
(0.0002326427767 2.787266945e-14 0.0007103643628)
(0.0002321691067 2.787960834e-14 0.0007103645065)
(0.0002316954367 2.788654724e-14 0.0007103646503)
(0.0002312399715 2.789261877e-14 0.0007103647885)
(0.0002308202088 2.78986903e-14 0.0007103649159)
(0.0002304522828 2.790432815e-14 0.0007103650275)
(0.0002301503365 2.790866496e-14 0.0007103651192)
(0.0002299259693 2.791191757e-14 0.0007103651873)
(0.0002297878067 2.791397755e-14 0.0007103652292)
(0.0002355094911 2.486248718e-14 0.0006695792465)
(0.0002356044775 2.486184002e-14 0.0006695791878)
(0.0002358857787 2.485988845e-14 0.000669579014)
(0.0002363425934 2.485641901e-14 0.0006695787317)
(0.0002369573605 2.48520822e-14 0.0006695783518)
(0.000237706463 2.484687803e-14 0.0006695778889)
(0.000238561106 2.484037281e-14 0.0006695773608)
(0.0002394884396 2.483343392e-14 0.0006695767878)
(0.0002404528385 2.482649503e-14 0.0006695761919)
(0.0002414172374 2.481955613e-14 0.000669575596)
(0.0002423445711 2.48134846e-14 0.000669575023)
(0.0002431992141 2.480697939e-14 0.0006695744949)
(0.0002439483166 2.480177522e-14 0.000669574032)
(0.0002445630836 2.479743841e-14 0.0006695736521)
(0.0002450198984 2.479396896e-14 0.0006695733698)
(0.0002453011995 2.47920174e-14 0.000669573196)
(0.000245396186 2.479131753e-14 0.0006695731373)
(0.0002453011995 2.47920174e-14 0.000669573196)
(0.0002450198984 2.479396896e-14 0.0006695733698)
(0.0002445630836 2.479743841e-14 0.0006695736521)
(0.0002439483166 2.480177522e-14 0.000669574032)
(0.0002431992141 2.480697939e-14 0.0006695744949)
(0.0002423445711 2.48134846e-14 0.000669575023)
(0.0002414172374 2.481955613e-14 0.000669575596)
(0.0002404528385 2.482649503e-14 0.0006695761919)
(0.0002394884396 2.483343392e-14 0.0006695767878)
(0.000238561106 2.484037281e-14 0.0006695773608)
(0.000237706463 2.484687803e-14 0.0006695778889)
(0.0002369573605 2.48520822e-14 0.0006695783518)
(0.0002363425934 2.485641901e-14 0.0006695787317)
(0.0002358857787 2.485988845e-14 0.000669579014)
(0.0002356044775 2.486184002e-14 0.0006695791878)
(0.0002407685357 2.0144709e-14 0.0005983248575)
(0.0002409209206 2.014404268e-14 0.0005983247065)
(0.0002413722066 2.014209112e-14 0.0005983242591)
(0.0002421050656 2.013883851e-14 0.0005983235326)
(0.0002430913244 2.01345017e-14 0.0005983225549)
(0.000244293095 2.012886385e-14 0.0005983213636)
(0.0002456641821 2.012279232e-14 0.0005983200044)
(0.0002471518855 2.011585343e-14 0.0005983185296)
(0.0002486990519 2.010891453e-14 0.0005983169959)
(0.0002502462183 2.010197564e-14 0.0005983154622)
(0.0002517339216 2.009503675e-14 0.0005983139874)
(0.0002531050087 2.008896521e-14 0.0005983126282)
(0.0002543067793 2.008332736e-14 0.0005983114369)
(0.0002552930382 2.007899055e-14 0.0005983104592)
(0.0002560258972 2.007573795e-14 0.0005983097327)
(0.0002564771832 2.007356954e-14 0.0005983092853)
(0.000256629568 2.007289833e-14 0.0005983091343)
(0.0002564771832 2.007356954e-14 0.0005983092853)
(0.0002560258972 2.007573795e-14 0.0005983097327)
(0.0002552930382 2.007899055e-14 0.0005983104592)
(0.0002543067793 2.008332736e-14 0.0005983114369)
(0.0002531050087 2.008896521e-14 0.0005983126282)
(0.0002517339216 2.009503675e-14 0.0005983139874)
(0.0002502462183 2.010197564e-14 0.0005983154622)
(0.0002486990519 2.010891453e-14 0.0005983169959)
(0.0002471518855 2.011585343e-14 0.0005983185296)
(0.0002456641821 2.012279232e-14 0.0005983200044)
(0.000244293095 2.012886385e-14 0.0005983213636)
(0.0002430913244 2.01345017e-14 0.0005983225549)
(0.0002421050656 2.013883851e-14 0.0005983235326)
(0.0002413722066 2.014209112e-14 0.0005983242591)
(0.0002409209206 2.014404268e-14 0.0005983247065)
(0.0002454528277 1.354724713e-14 0.0004912585235)
(0.0002456722122 1.354656404e-14 0.0004912582104)
(0.0002463219167 1.354450406e-14 0.0004912572832)
(0.0002473769944 1.354125145e-14 0.0004912557774)
(0.000248796885 1.353648096e-14 0.000491253751)
(0.0002505270423 1.353127679e-14 0.0004912512817)
(0.00025250096 1.352477158e-14 0.0004912484646)
(0.0002546427671 1.351783269e-14 0.0004912454079)
(0.0002568701815 1.351089379e-14 0.000491242229)
(0.0002590975959 1.35039549e-14 0.0004912390501)
(0.000261239403 1.3497016e-14 0.0004912359933)
(0.0002632133207 1.349051079e-14 0.0004912331762)
(0.0002649434779 1.348530662e-14 0.000491230707)
(0.0002663633686 1.348053613e-14 0.0004912286806)
(0.0002674184463 1.347728353e-14 0.0004912271748)
(0.0002680681508 1.34750067e-14 0.0004912262476)
(0.0002682875352 1.347439081e-14 0.0004912259345)
(0.0002680681508 1.34750067e-14 0.0004912262476)
(0.0002674184463 1.347728353e-14 0.0004912271748)
(0.0002663633686 1.348053613e-14 0.0004912286806)
(0.0002649434779 1.348530662e-14 0.000491230707)
(0.0002632133207 1.349051079e-14 0.0004912331762)
(0.000261239403 1.3497016e-14 0.0004912359933)
(0.0002590975959 1.35039549e-14 0.0004912390501)
(0.0002568701815 1.351089379e-14 0.000491242229)
(0.0002546427671 1.351783269e-14 0.0004912454079)
(0.00025250096 1.352477158e-14 0.0004912484646)
(0.0002505270423 1.353127679e-14 0.0004912512817)
(0.000248796885 1.353648096e-14 0.000491253751)
(0.0002473769944 1.354125145e-14 0.0004912557774)
(0.0002463219167 1.354450406e-14 0.0004912572832)
(0.0002456722122 1.354656404e-14 0.0004912582104)
(0.0002494947575 4.87353775e-15 0.0003426710056)
(0.0002497911929 4.872838244e-15 0.000342670434)
(0.0002506690827 4.87066984e-15 0.000342668741)
(0.0002520947184 4.867200393e-15 0.0003426659918)
(0.0002540132945 4.862863584e-15 0.000342662292)
(0.0002563511072 4.857225733e-15 0.0003426577837)
(0.0002590182925 4.85072052e-15 0.0003426526403)
(0.0002619123322 4.843347945e-15 0.0003426470594)
(0.0002649220457 4.836409051e-15 0.0003426412554)
(0.0002679317592 4.829470157e-15 0.0003426354514)
(0.0002708257989 4.822097582e-15 0.0003426298705)
(0.0002734929842 4.815592369e-15 0.000342624727)
(0.0002758307969 4.809954518e-15 0.0003426202188)
(0.000277749373 4.805617709e-15 0.0003426165189)
(0.0002791750087 4.801714582e-15 0.0003426137697)
(0.0002800528985 4.799763018e-15 0.0003426120768)
(0.0002803493339 4.799101138e-15 0.0003426115051)
(0.0002800528985 4.799763018e-15 0.0003426120768)
(0.0002791750087 4.801714582e-15 0.0003426137697)
(0.000277749373 4.805617709e-15 0.0003426165189)
(0.0002758307969 4.809954518e-15 0.0003426202188)
(0.0002734929842 4.815592369e-15 0.000342624727)
(0.0002708257989 4.822097582e-15 0.0003426298705)
(0.0002679317592 4.829470157e-15 0.0003426354514)
(0.0002649220457 4.836409051e-15 0.0003426412554)
(0.0002619123322 4.843347945e-15 0.0003426470594)
(0.0002590182925 4.85072052e-15 0.0003426526403)
(0.0002563511072 4.857225733e-15 0.0003426577837)
(0.0002540132945 4.862863584e-15 0.000342662292)
(0.0002520947184 4.867200393e-15 0.0003426659918)
(0.0002506690827 4.87066984e-15 0.000342668741)
(0.0002497911929 4.872838244e-15 0.000342670434)
(0.0002528156691 -6.028764883e-15 0.0001467826189)
(0.000253199407 -6.029465122e-15 0.0001467816609)
(0.0002543358425 -6.031850366e-15 0.000146778824)
(0.0002561813395 -6.035102973e-15 0.000146774217)
(0.0002586649518 -6.039873462e-15 0.000146768017)
(0.0002616912692 -6.045944995e-15 0.0001467604622)
(0.0002651439621 -6.052450208e-15 0.0001467518431)
(0.0002688903199 -6.059389102e-15 0.0001467424908)
(0.0002727864183 -6.067195357e-15 0.0001467327648)
(0.0002766825168 -6.075001613e-15 0.0001467230387)
(0.0002804288746 -6.081940507e-15 0.0001467136864)
(0.0002838815675 -6.08844572e-15 0.0001467050673)
(0.0002869078849 -6.094517252e-15 0.0001466975125)
(0.0002893914972 -6.099287742e-15 0.0001466913125)
(0.0002912369942 -6.102540348e-15 0.0001466867055)
(0.0002923734297 -6.104708752e-15 0.0001466838686)
(0.0002927571676 -6.105452572e-15 0.0001466829106)
(0.0002923734297 -6.104708752e-15 0.0001466838686)
(0.0002912369942 -6.102540348e-15 0.0001466867055)
(0.0002893914972 -6.099287742e-15 0.0001466913125)
(0.0002869078849 -6.094517252e-15 0.0001466975125)
(0.0002838815675 -6.08844572e-15 0.0001467050673)
(0.0002804288746 -6.081940507e-15 0.0001467136864)
(0.0002766825168 -6.075001613e-15 0.0001467230387)
(0.0002727864184 -6.067195357e-15 0.0001467327648)
(0.0002688903199 -6.059389102e-15 0.0001467424908)
(0.0002651439621 -6.052450208e-15 0.0001467518431)
(0.0002616912692 -6.045944995e-15 0.0001467604622)
(0.0002586649518 -6.039873462e-15 0.000146768017)
(0.0002561813395 -6.035102973e-15 0.000146774217)
(0.0002543358425 -6.031850366e-15 0.000146778824)
(0.000253199407 -6.029465122e-15 0.0001467816609)
(0.0002553328032 -1.926841702e-14 -0.0001024150003)
(0.0002558141446 -1.926919995e-14 -0.0001024165076)
(0.0002572396316 -1.927125994e-14 -0.0001024209712)
(0.0002595545292 -1.92753799e-14 -0.0001024282199)
(0.0002626698464 -1.928015039e-14 -0.0001024379749)
(0.0002664659053 -1.928622193e-14 -0.0001024498616)
(0.000270796788 -1.929316082e-14 -0.0001024634229)
(0.000275496029 -1.930053339e-14 -0.0001024781377)
(0.0002803830971 -1.930833965e-14 -0.0001024934407)
(0.0002852701652 -1.931614591e-14 -0.0001025087436)
(0.0002899694062 -1.932351848e-14 -0.0001025234584)
(0.0002943002889 -1.933045737e-14 -0.0001025370198)
(0.0002980963478 -1.933652891e-14 -0.0001025489064)
(0.000301211665 -1.93412994e-14 -0.0001025586615)
(0.0003035265627 -1.934498568e-14 -0.0001025659102)
(0.0003049520496 -1.934747935e-14 -0.0001025703738)
(0.000305433391 -1.934816079e-14 -0.000102571881)
(0.0003049520496 -1.934747935e-14 -0.0001025703738)
(0.0003035265627 -1.934498568e-14 -0.0001025659102)
(0.000301211665 -1.93412994e-14 -0.0001025586615)
(0.0002980963478 -1.933652891e-14 -0.0001025489064)
(0.0002943002889 -1.933045737e-14 -0.0001025370198)
(0.0002899694062 -1.932351848e-14 -0.0001025234584)
(0.0002852701652 -1.931614591e-14 -0.0001025087436)
(0.0002803830971 -1.930833965e-14 -0.0001024934407)
(0.000275496029 -1.930053339e-14 -0.0001024781377)
(0.000270796788 -1.929316082e-14 -0.0001024634229)
(0.0002664659053 -1.928622193e-14 -0.0001024498616)
(0.0002626698464 -1.928015039e-14 -0.0001024379749)
(0.0002595545292 -1.92753799e-14 -0.0001024282199)
(0.0002572396316 -1.927125994e-14 -0.0001024209712)
(0.0002558141446 -1.926919995e-14 -0.0001024165076)
(0.0002569535708 -3.487574696e-14 -0.0004106567658)
(0.0002575425209 -3.487650706e-14 -0.0004106590223)
(0.0002592866899 -3.487900073e-14 -0.0004106657049)
(0.0002621191063 -3.48831207e-14 -0.0004106765569)
(0.0002659308841 -3.488832487e-14 -0.0004106911613)
(0.0002705755903 -3.48943964e-14 -0.0004107089568)
(0.0002758746855 -3.490176897e-14 -0.0004107292596)
(0.0002816244893 -3.490957523e-14 -0.0004107512893)
(0.0002876041108 -3.491738149e-14 -0.0004107741994)
(0.0002935837323 -3.492518774e-14 -0.0004107971096)
(0.0002993335361 -3.493386136e-14 -0.0004108191392)
(0.0003046326313 -3.494123393e-14 -0.000410839442)
(0.0003092773375 -3.494730547e-14 -0.0004108572376)
(0.0003130891153 -3.495250964e-14 -0.0004108718419)
(0.0003159215317 -3.495619592e-14 -0.0004108826939)
(0.0003176657006 -3.495868959e-14 -0.0004108893765)
(0.0003182546508 -3.495946485e-14 -0.000410891633)
(0.0003176657006 -3.495868959e-14 -0.0004108893765)
(0.0003159215317 -3.495619592e-14 -0.0004108826939)
(0.0003130891153 -3.495250964e-14 -0.0004108718419)
(0.0003092773375 -3.494730547e-14 -0.0004108572376)
(0.0003046326313 -3.494123393e-14 -0.000410839442)
(0.0002993335361 -3.493386136e-14 -0.0004108191392)
(0.0002935837323 -3.492518774e-14 -0.0004107971096)
(0.0002876041108 -3.491738149e-14 -0.0004107741994)
(0.0002816244893 -3.490957523e-14 -0.0004107512893)
(0.0002758746855 -3.490176897e-14 -0.0004107292596)
(0.0002705755903 -3.48943964e-14 -0.0004107089568)
(0.0002659308841 -3.488832487e-14 -0.0004106911613)
(0.0002621191063 -3.48831207e-14 -0.0004106765569)
(0.0002592866899 -3.487900073e-14 -0.0004106657049)
(0.0002575425209 -3.487650706e-14 -0.0004106590223)
(0.0002575807287 -5.28107023e-14 -0.0007837042928)
(0.0002582868023 -5.281159624e-14 -0.000783707536)
(0.0002603778314 -5.281408991e-14 -0.0007837171408)
(0.0002637735259 -5.281799303e-14 -0.0007837327384)
(0.0002683433458 -5.282363089e-14 -0.0007837537291)
(0.0002739117373 -5.28301361e-14 -0.0007837793066)
(0.000280264655 -5.283794235e-14 -0.0007838084877)
(0.000287157913 -5.284661597e-14 -0.0007838401508)
(0.0002943266922 -5.285528959e-14 -0.0007838730794)
(0.0003014954715 -5.286396321e-14 -0.000783906008)
(0.0003083887295 -5.287176946e-14 -0.0007839376711)
(0.0003147416472 -5.287957572e-14 -0.0007839668522)
(0.0003203100387 -5.288608093e-14 -0.0007839924297)
(0.0003248798586 -5.289171878e-14 -0.0007840134204)
(0.0003282755531 -5.289605559e-14 -0.000784029018)
(0.0003303665821 -5.289854926e-14 -0.0007840386228)
(0.0003310726558 -5.289939205e-14 -0.0007840418661)
(0.0003303665821 -5.289854926e-14 -0.0007840386228)
(0.0003282755531 -5.289605559e-14 -0.000784029018)
(0.0003248798586 -5.289171878e-14 -0.0007840134204)
(0.0003203100387 -5.288608093e-14 -0.0007839924297)
(0.0003147416472 -5.287957572e-14 -0.0007839668522)
(0.0003083887295 -5.287176946e-14 -0.0007839376711)
(0.0003014954715 -5.286396321e-14 -0.000783906008)
(0.0002943266922 -5.285528959e-14 -0.0007838730794)
(0.000287157913 -5.284661597e-14 -0.0007838401508)
(0.000280264655 -5.283794235e-14 -0.0007838084877)
(0.0002739117373 -5.28301361e-14 -0.0007837793066)
(0.0002683433458 -5.282363089e-14 -0.0007837537291)
(0.0002637735259 -5.281799303e-14 -0.0007837327384)
(0.0002603778314 -5.281408991e-14 -0.0007837171408)
(0.0002582868023 -5.281159624e-14 -0.000783707536)
(0.0002571111009 -7.291919284e-14 -0.001226612135)
(0.000257942921 -7.292007709e-14 -0.001226616636)
(0.0002604063466 -7.29227876e-14 -0.001226629967)
(0.0002644067888 -7.292690757e-14 -0.001226651615)
(0.0002697904594 -7.29329791e-14 -0.001226680748)
(0.0002763505396 -7.293991799e-14 -0.001226716247)
(0.0002838348644 -7.294815793e-14 -0.001226756748)
(0.0002919557599 -7.295726523e-14 -0.001226800694)
(0.000300401245 -7.296680621e-14 -0.001226846396)
(0.00030884673 -7.297634719e-14 -0.001226892098)
(0.0003169676256 -7.298458712e-14 -0.001226936044)
(0.0003244519504 -7.299282706e-14 -0.001226976544)
(0.0003310120306 -7.299976595e-14 -0.001227012044)
(0.0003363957011 -7.300583749e-14 -0.001227041177)
(0.0003403961434 -7.301039114e-14 -0.001227062825)
(0.000342859569 -7.30128848e-14 -0.001227076156)
(0.0003436913891 -7.301387254e-14 -0.001227080657)
(0.000342859569 -7.30128848e-14 -0.001227076156)
(0.0003403961434 -7.301039114e-14 -0.001227062825)
(0.0003363957011 -7.300583749e-14 -0.001227041177)
(0.0003310120306 -7.299976595e-14 -0.001227012044)
(0.0003244519504 -7.299282706e-14 -0.001226976544)
(0.0003169676256 -7.298458712e-14 -0.001226936044)
(0.00030884673 -7.297634719e-14 -0.001226892098)
(0.000300401245 -7.296680621e-14 -0.001226846396)
(0.00029195576 -7.295726523e-14 -0.001226800694)
(0.0002838348644 -7.294815793e-14 -0.001226756748)
(0.0002763505396 -7.293991799e-14 -0.001226716247)
(0.0002697904594 -7.29329791e-14 -0.001226680748)
(0.0002644067888 -7.292690757e-14 -0.001226651615)
(0.0002604063466 -7.29227876e-14 -0.001226629967)
(0.000257942921 -7.292007709e-14 -0.001226616636)
(0.0002554388904 -9.495101857e-14 -0.001744237351)
(0.0002564040018 -9.49519326e-14 -0.001744243411)
(0.0002592621682 -9.495485995e-14 -0.001744261356)
(0.0002639036435 -9.496006412e-14 -0.001744290498)
(0.0002701499964 -9.496613565e-14 -0.001744329716)
(0.0002777612675 -9.497394191e-14 -0.001744377505)
(0.0002864448846 -9.498261552e-14 -0.001744432026)
(0.000295867077 -9.499259018e-14 -0.001744491184)
(0.0003056658713 -9.500213116e-14 -0.001744552707)
(0.0003154646655 -9.501167214e-14 -0.00174461423)
(0.0003248868579 -9.50216468e-14 -0.001744673388)
(0.000333570475 -9.503032042e-14 -0.001744727909)
(0.0003411817461 -9.503812667e-14 -0.001744775697)
(0.000347428099 -9.504419821e-14 -0.001744814916)
(0.0003520695743 -9.50489687e-14 -0.001744844058)
(0.0003549277407 -9.50516792e-14 -0.001744862003)
(0.0003558928521 -9.505265912e-14 -0.001744868063)
(0.0003549277407 -9.50516792e-14 -0.001744862003)
(0.0003520695743 -9.50489687e-14 -0.001744844058)
(0.000347428099 -9.504419821e-14 -0.001744814916)
(0.0003411817461 -9.503812667e-14 -0.001744775697)
(0.000333570475 -9.503032042e-14 -0.001744727909)
(0.0003248868579 -9.50216468e-14 -0.001744673388)
(0.0003154646655 -9.501167214e-14 -0.00174461423)
(0.0003056658713 -9.500213116e-14 -0.001744552707)
(0.000295867077 -9.499259018e-14 -0.001744491184)
(0.0002864448847 -9.498261552e-14 -0.001744432026)
(0.0002777612675 -9.497394191e-14 -0.001744377505)
(0.0002701499964 -9.496613565e-14 -0.001744329716)
(0.0002639036435 -9.496006412e-14 -0.001744290498)
(0.0002592621682 -9.495485995e-14 -0.001744261356)
(0.0002564040018 -9.49519326e-14 -0.001744243411)
(0.0002524598404 -1.185118067e-13 -0.002340269895)
(0.0002535643227 -1.185128384e-13 -0.002340277831)
(0.000256835234 -1.18516091e-13 -0.002340301334)
(0.0002621469803 -1.185206447e-13 -0.002340339501)
(0.0002692953629 -1.185275836e-13 -0.002340390864)
(0.0002780057703 -1.185358235e-13 -0.002340453452)
(0.0002879433801 -1.185453645e-13 -0.002340524858)
(0.0002987262221 -1.185562065e-13 -0.002340602337)
(0.0003099400507 -1.185666149e-13 -0.002340682912)
(0.0003211538793 -1.185770232e-13 -0.002340763488)
(0.0003319367213 -1.185869979e-13 -0.002340840967)
(0.0003418743311 -1.185965388e-13 -0.002340912373)
(0.0003505847385 -1.186047788e-13 -0.00234097496)
(0.0003577331212 -1.186117177e-13 -0.002341026324)
(0.0003630448674 -1.186171387e-13 -0.002341064491)
(0.0003663157788 -1.186201744e-13 -0.002341087994)
(0.000367420261 -1.186212408e-13 -0.00234109593)
(0.0003663157788 -1.186201744e-13 -0.002341087994)
(0.0003630448674 -1.186171387e-13 -0.002341064491)
(0.0003577331212 -1.186117177e-13 -0.002341026324)
(0.0003505847385 -1.186047788e-13 -0.00234097496)
(0.0003418743312 -1.185965388e-13 -0.002340912373)
(0.0003319367213 -1.185869979e-13 -0.002340840967)
(0.0003211538793 -1.185770232e-13 -0.002340763488)
(0.0003099400507 -1.185666149e-13 -0.002340682912)
(0.0002987262221 -1.185562065e-13 -0.002340602337)
(0.0002879433801 -1.185453645e-13 -0.002340524858)
(0.0002780057703 -1.185358235e-13 -0.002340453452)
(0.0002692953629 -1.185275836e-13 -0.002340390864)
(0.0002621469803 -1.185206447e-13 -0.002340339501)
(0.000256835234 -1.18516091e-13 -0.002340301334)
(0.0002535643227 -1.185128384e-13 -0.002340277831)
(0.0002480718119 -1.430934203e-13 -0.003018030548)
(0.0002493201774 -1.430945206e-13 -0.003018040687)
(0.0002530171972 -1.430979901e-13 -0.003018070712)
(0.0002590209157 -1.431029774e-13 -0.003018119472)
(0.0002671005331 -1.4311035e-13 -0.003018185091)
(0.0002769456635 -1.431194573e-13 -0.003018265049)
(0.0002881778665 -1.431294319e-13 -0.003018356272)
(0.0003003654119 -1.431407076e-13 -0.003018455254)
(0.0003130400894 -1.431519833e-13 -0.003018558192)
(0.0003257147668 -1.43163259e-13 -0.00301866113)
(0.0003379023122 -1.431745347e-13 -0.003018760112)
(0.0003491345153 -1.431845094e-13 -0.003018851335)
(0.0003589796456 -1.431936167e-13 -0.003018931293)
(0.000367059263 -1.432009893e-13 -0.003018996912)
(0.0003730629815 -1.43206844e-13 -0.003019045672)
(0.0003767600014 -1.432100966e-13 -0.003019075698)
(0.0003780083668 -1.432112586e-13 -0.003019085836)
(0.0003767600014 -1.432100966e-13 -0.003019075698)
(0.0003730629815 -1.43206844e-13 -0.003019045672)
(0.000367059263 -1.432009893e-13 -0.003018996912)
(0.0003589796456 -1.431936167e-13 -0.003018931293)
(0.0003491345153 -1.431845094e-13 -0.003018851335)
(0.0003379023122 -1.431745347e-13 -0.003018760112)
(0.0003257147668 -1.43163259e-13 -0.00301866113)
(0.0003130400894 -1.431519833e-13 -0.003018558192)
(0.0003003654119 -1.431407076e-13 -0.003018455254)
(0.0002881778665 -1.431294319e-13 -0.003018356272)
(0.0002769456635 -1.431194573e-13 -0.003018265049)
(0.0002671005331 -1.4311035e-13 -0.003018185091)
(0.0002590209157 -1.431029774e-13 -0.003018119472)
(0.0002530171972 -1.430979901e-13 -0.003018070712)
(0.0002493201774 -1.430945206e-13 -0.003018040687)
(0.0002421844183 -1.680274393e-13 -0.003779279647)
(0.0002435793269 -1.680286769e-13 -0.003779292306)
(0.0002477103323 -1.680320379e-13 -0.003779329796)
(0.0002544188152 -1.680383263e-13 -0.003779390676)
(0.0002634468824 -1.680461326e-13 -0.003779472606)
(0.0002744477126 -1.680556735e-13 -0.00377957244)
(0.0002869984411 -1.680665156e-13 -0.003779686339)
(0.0003006166577 -1.680782249e-13 -0.003779809925)
(0.0003147791898 -1.68090368e-13 -0.003779938451)
(0.0003289417219 -1.681025111e-13 -0.003780066978)
(0.0003425599384 -1.681150878e-13 -0.003780190564)
(0.0003551106669 -1.681259298e-13 -0.003780304463)
(0.0003661114971 -1.681354708e-13 -0.003780404297)
(0.0003751395644 -1.681432771e-13 -0.003780486227)
(0.0003818480472 -1.681491318e-13 -0.003780547107)
(0.0003859790527 -1.681527096e-13 -0.003780584596)
(0.0003873739612 -1.681539778e-13 -0.003780597255)
(0.0003859790527 -1.681527096e-13 -0.003780584596)
(0.0003818480472 -1.681491318e-13 -0.003780547107)
(0.0003751395644 -1.681432771e-13 -0.003780486227)
(0.0003661114971 -1.681354708e-13 -0.003780404297)
(0.0003551106669 -1.681259298e-13 -0.003780304463)
(0.0003425599384 -1.681150878e-13 -0.003780190564)
(0.0003289417219 -1.681025111e-13 -0.003780066978)
(0.0003147791898 -1.68090368e-13 -0.003779938451)
(0.0003006166577 -1.680782249e-13 -0.003779809925)
(0.0002869984412 -1.680665156e-13 -0.003779686339)
(0.0002744477126 -1.680556735e-13 -0.00377957244)
(0.0002634468824 -1.680461326e-13 -0.003779472606)
(0.0002544188152 -1.680383263e-13 -0.003779390676)
(0.0002477103323 -1.680320379e-13 -0.003779329796)
(0.0002435793269 -1.680286769e-13 -0.003779292306)
(0.0002347148499 -1.925292391e-13 -0.004625377544)
(0.0002362571656 -1.925305618e-13 -0.00462539302)
(0.0002408247154 -1.925343565e-13 -0.004625438852)
(0.0002482421177 -1.92540428e-13 -0.00462551328)
(0.0002582242267 -1.925491017e-13 -0.004625613444)
(0.0002703875706 -1.925590763e-13 -0.004625735494)
(0.0002842645984 -1.925707857e-13 -0.00462587474)
(0.0002993219211 -1.925837961e-13 -0.004626025829)
(0.00031498108 -1.925968066e-13 -0.004626182958)
(0.0003306402389 -1.92609817e-13 -0.004626340086)
(0.0003456975616 -1.926228274e-13 -0.004626491176)
(0.0003595745895 -1.926345368e-13 -0.004626630422)
(0.0003717379333 -1.926445115e-13 -0.004626752472)
(0.0003817200423 -1.926531851e-13 -0.004626852635)
(0.0003891374447 -1.926592566e-13 -0.004626927064)
(0.0003937049945 -1.926630513e-13 -0.004626972896)
(0.0003952473101 -1.926643971e-13 -0.004626988372)
(0.0003937049945 -1.926630513e-13 -0.004626972896)
(0.0003891374447 -1.926592566e-13 -0.004626927064)
(0.0003817200423 -1.926531851e-13 -0.004626852635)
(0.0003717379333 -1.926445115e-13 -0.004626752472)
(0.0003595745895 -1.926345368e-13 -0.004626630422)
(0.0003456975616 -1.926228274e-13 -0.004626491176)
(0.0003306402389 -1.92609817e-13 -0.004626340086)
(0.00031498108 -1.925968066e-13 -0.004626182958)
(0.0002993219211 -1.925837961e-13 -0.004626025829)
(0.0002842645984 -1.925707857e-13 -0.00462587474)
(0.0002703875706 -1.925590763e-13 -0.004625735494)
(0.0002582242267 -1.925491017e-13 -0.004625613444)
(0.0002482421177 -1.92540428e-13 -0.00462551328)
(0.0002408247154 -1.925343565e-13 -0.004625438852)
(0.0002362571656 -1.925305618e-13 -0.00462539302)
(0.0002256019065 -2.156606464e-13 -0.005555892144)
(0.0002272905857 -2.156620152e-13 -0.005555910697)
(0.0002322915895 -2.156660267e-13 -0.005555965642)
(0.0002404128928 -2.156729656e-13 -0.005556054869)
(0.0002513422898 -2.156816392e-13 -0.005556174947)
(0.0002646599177 -2.156924812e-13 -0.005556321264)
(0.0002798538558 -2.15705058e-13 -0.005556488196)
(0.000296340097 -2.157180684e-13 -0.005556669326)
(0.0003134852878 -2.157319462e-13 -0.005556857696)
(0.0003306304787 -2.15745824e-13 -0.005557046066)
(0.0003471167199 -2.157597018e-13 -0.005557227196)
(0.000362310658 -2.157722785e-13 -0.005557394128)
(0.0003756282859 -2.157831205e-13 -0.005557540445)
(0.0003865576829 -2.157917942e-13 -0.005557660524)
(0.0003946789862 -2.157982994e-13 -0.00555774975)
(0.00039967999 -2.158025278e-13 -0.005557804695)
(0.0004013686691 -2.158039147e-13 -0.005557823248)
(0.00039967999 -2.158025278e-13 -0.005557804695)
(0.0003946789862 -2.157982994e-13 -0.00555774975)
(0.0003865576829 -2.157917942e-13 -0.005557660524)
(0.0003756282859 -2.157831205e-13 -0.005557540445)
(0.000362310658 -2.157722785e-13 -0.005557394128)
(0.0003471167199 -2.157597018e-13 -0.005557227196)
(0.0003306304787 -2.15745824e-13 -0.005557046066)
(0.0003134852878 -2.157319462e-13 -0.005556857696)
(0.000296340097 -2.157180684e-13 -0.005556669326)
(0.0002798538558 -2.15705058e-13 -0.005556488196)
(0.0002646599177 -2.156924812e-13 -0.005556321264)
(0.0002513422898 -2.156816392e-13 -0.005556174947)
(0.0002404128928 -2.156729656e-13 -0.005556054869)
(0.0002322915895 -2.156660267e-13 -0.005555965642)
(0.0002272905857 -2.156620152e-13 -0.005555910697)
(0.0002147944502 -2.363863632e-13 -0.006570167484)
(0.0002166267928 -2.363879491e-13 -0.006570189328)
(0.0002220532541 -2.36392286e-13 -0.006570254021)
(0.0002308654726 -2.36399008e-13 -0.006570359077)
(0.0002427246818 -2.364081153e-13 -0.006570500459)
(0.0002571752992 -2.364198247e-13 -0.006570672735)
(0.0002736618528 -2.364328351e-13 -0.006570869282)
(0.0002915506516 -2.364471466e-13 -0.006571082547)
(0.0003101544597 -2.364618917e-13 -0.006571304336)
(0.0003287582678 -2.364766369e-13 -0.006571526125)
(0.0003466470665 -2.36490081e-13 -0.006571739389)
(0.0003631336201 -2.365030914e-13 -0.006571935937)
(0.0003775842376 -2.365148008e-13 -0.006572108212)
(0.0003894434467 -2.365239081e-13 -0.006572249594)
(0.0003982556652 -2.365310638e-13 -0.006572354651)
(0.0004036821265 -2.365354006e-13 -0.006572419343)
(0.0004055144691 -2.36536801e-13 -0.006572441188)
(0.0004036821265 -2.365354006e-13 -0.006572419343)
(0.0003982556652 -2.365310638e-13 -0.006572354651)
(0.0003894434467 -2.365239081e-13 -0.006572249594)
(0.0003775842376 -2.365148008e-13 -0.006572108212)
(0.0003631336201 -2.365030914e-13 -0.006571935937)
(0.0003466470665 -2.36490081e-13 -0.006571739389)
(0.0003287582678 -2.364766369e-13 -0.006571526125)
(0.0003101544597 -2.364618917e-13 -0.006571304336)
(0.0002915506516 -2.364471466e-13 -0.006571082547)
(0.0002736618528 -2.364328351e-13 -0.006570869282)
(0.0002571752992 -2.364198247e-13 -0.006570672735)
(0.0002427246818 -2.364081153e-13 -0.006570500459)
(0.0002308654726 -2.36399008e-13 -0.006570359077)
(0.0002220532541 -2.36392286e-13 -0.006570254021)
(0.0002166267928 -2.363879491e-13 -0.006570189328)
(0.0002022685671 -2.535542403e-13 -0.007665737964)
(0.0002042402951 -2.5355564e-13 -0.007665763259)
(0.000210079545 -2.535601937e-13 -0.00766583817)
(0.000219562105 -2.535675662e-13 -0.00766595982)
(0.0002323234389 -2.535775409e-13 -0.007666123534)
(0.0002478733084 -2.535892503e-13 -0.007666323021)
(0.0002656139868 -2.536026944e-13 -0.007666550613)
(0.0002848635785 -2.536165722e-13 -0.007666797563)
(0.0003048825699 -2.536321847e-13 -0.007667054384)
(0.0003249015614 -2.536477972e-13 -0.007667311205)
(0.0003441511531 -2.536625424e-13 -0.007667558155)
(0.0003618918315 -2.536759865e-13 -0.007667785747)
(0.000377441701 -2.536876959e-13 -0.007667985234)
(0.0003902030349 -2.536976705e-13 -0.007668148948)
(0.0003996855949 -2.537046094e-13 -0.007668270598)
(0.0004055248447 -2.537089462e-13 -0.007668345509)
(0.0004074965728 -2.537104932e-13 -0.007668370804)
(0.0004055248447 -2.537089462e-13 -0.007668345509)
(0.0003996855949 -2.537046094e-13 -0.007668270598)
(0.0003902030349 -2.536976705e-13 -0.007668148948)
(0.000377441701 -2.536876959e-13 -0.007667985234)
(0.0003618918315 -2.536759865e-13 -0.007667785747)
(0.0003441511531 -2.536625424e-13 -0.007667558155)
(0.0003249015614 -2.536477972e-13 -0.007667311205)
(0.0003048825699 -2.536321847e-13 -0.007667054384)
(0.0002848635785 -2.536165722e-13 -0.007666797563)
(0.0002656139868 -2.536026944e-13 -0.007666550613)
(0.0002478733084 -2.535892503e-13 -0.007666323021)
(0.0002323234389 -2.535775409e-13 -0.007666123534)
(0.000219562105 -2.535675662e-13 -0.00766595982)
(0.000210079545 -2.535601937e-13 -0.00766583817)
(0.0002042402951 -2.5355564e-13 -0.007665763259)
(0.000188007015 -2.659593059e-13 -0.008840299807)
(0.0001901126834 -2.659609729e-13 -0.008840328656)
(0.000196348596 -2.659652013e-13 -0.008840414092)
(0.0002064753104 -2.659730075e-13 -0.008840552834)
(0.0002201035272 -2.659829822e-13 -0.008840739549)
(0.000236709706 -2.659951252e-13 -0.008840967065)
(0.0002556555163 -2.66009003e-13 -0.008841226634)
(0.000276212741 -2.660241818e-13 -0.008841508281)
(0.0002975916312 -2.660397944e-13 -0.008841801186)
(0.0003189705214 -2.660554069e-13 -0.00884209409)
(0.0003395277461 -2.660705857e-13 -0.008842375737)
(0.0003584735564 -2.660844635e-13 -0.008842635307)
(0.0003750797352 -2.660966066e-13 -0.008842862822)
(0.000388707952 -2.661065812e-13 -0.008843049538)
(0.0003988346664 -2.661135201e-13 -0.00884318828)
(0.000405070579 -2.661181822e-13 -0.008843273716)
(0.0004071762474 -2.661196683e-13 -0.008843302565)
(0.000405070579 -2.661181822e-13 -0.008843273716)
(0.0003988346664 -2.661135201e-13 -0.00884318828)
(0.000388707952 -2.661065812e-13 -0.008843049538)
(0.0003750797352 -2.660966066e-13 -0.008842862822)
(0.0003584735564 -2.660844635e-13 -0.008842635307)
(0.0003395277461 -2.660705857e-13 -0.008842375737)
(0.0003189705214 -2.660554069e-13 -0.00884209409)
(0.0002975916312 -2.660397944e-13 -0.008841801186)
(0.000276212741 -2.660241818e-13 -0.008841508281)
(0.0002556555163 -2.66009003e-13 -0.008841226634)
(0.000236709706 -2.659951252e-13 -0.008840967065)
(0.0002201035272 -2.659829822e-13 -0.008840739549)
(0.0002064753104 -2.659730075e-13 -0.008840552834)
(0.000196348596 -2.659652013e-13 -0.008840414092)
(0.0001901126834 -2.659609729e-13 -0.008840328656)
(0.0001720196666 -2.723498661e-13 -0.01008991129)
(0.0001742528693 -2.723513689e-13 -0.01008994374)
(0.0001808664735 -2.723561394e-13 -0.01009003984)
(0.0001916065343 -2.723632951e-13 -0.0100901959)
(0.0002060601736 -2.723737035e-13 -0.01009040592)
(0.0002236721416 -2.723858465e-13 -0.01009066184)
(0.000243765446 -2.723997243e-13 -0.01009095381)
(0.0002655677636 -2.724157705e-13 -0.01009127061)
(0.0002882415126 -2.72431383e-13 -0.01009160008)
(0.0003109152616 -2.724469955e-13 -0.01009192955)
(0.0003327175792 -2.724621743e-13 -0.01009224635)
(0.0003528108836 -2.724760521e-13 -0.01009253833)
(0.0003704228516 -2.724881952e-13 -0.01009279424)
(0.000384876491 -2.724986035e-13 -0.01009300426)
(0.0003956165518 -2.72506193e-13 -0.01009316033)
(0.0004022301559 -2.725107466e-13 -0.01009325643)
(0.0004044633587 -2.725123577e-13 -0.01009328888)
(0.0004022301559 -2.725107466e-13 -0.01009325643)
(0.0003956165518 -2.72506193e-13 -0.01009316033)
(0.000384876491 -2.724986035e-13 -0.01009300426)
(0.0003704228516 -2.724881952e-13 -0.01009279424)
(0.0003528108836 -2.724760521e-13 -0.01009253833)
(0.0003327175792 -2.724621743e-13 -0.01009224635)
(0.0003109152616 -2.724469955e-13 -0.01009192955)
(0.0002882415126 -2.72431383e-13 -0.01009160008)
(0.0002655677636 -2.724157705e-13 -0.01009127061)
(0.000243765446 -2.723997243e-13 -0.01009095381)
(0.0002236721416 -2.723858465e-13 -0.01009066184)
(0.0002060601736 -2.723737035e-13 -0.01009040592)
(0.0001916065343 -2.723632951e-13 -0.0100901959)
(0.0001808664735 -2.723561394e-13 -0.01009003984)
(0.0001742528693 -2.723513689e-13 -0.01008994374)
(0.0001543148034 -2.714906841e-13 -0.01141130349)
(0.0001566686336 -2.714922471e-13 -0.01141133954)
(0.0001636394743 -2.714970176e-13 -0.01141144631)
(0.0001749596638 -2.715041733e-13 -0.01141161969)
(0.0001901940224 -2.715145817e-13 -0.01141185302)
(0.0002087573081 -2.715267247e-13 -0.01141213733)
(0.0002299359606 -2.715406025e-13 -0.01141246171)
(0.0002529159393 -2.71556215e-13 -0.01141281367)
(0.0002768144202 -2.715718275e-13 -0.0114131797)
(0.000300712901 -2.7158744e-13 -0.01141354573)
(0.0003236928798 -2.716030525e-13 -0.01141389769)
(0.0003448715323 -2.716169303e-13 -0.01141422206)
(0.0003634348179 -2.716290734e-13 -0.01141450638)
(0.0003786691765 -2.716394817e-13 -0.01141473971)
(0.0003899893661 -2.716470712e-13 -0.01141491309)
(0.0003969602068 -2.716516248e-13 -0.01141501986)
(0.0003993140369 -2.716531453e-13 -0.01141505591)
(0.0003969602068 -2.716516248e-13 -0.01141501986)
(0.0003899893661 -2.716470712e-13 -0.01141491309)
(0.0003786691765 -2.716394817e-13 -0.01141473971)
(0.0003634348179 -2.716290734e-13 -0.01141450638)
(0.0003448715323 -2.716169303e-13 -0.01141422206)
(0.0003236928798 -2.716030525e-13 -0.01141389769)
(0.000300712901 -2.7158744e-13 -0.01141354573)
(0.0002768144202 -2.715718275e-13 -0.0114131797)
(0.0002529159393 -2.71556215e-13 -0.01141281367)
(0.0002299359606 -2.715406025e-13 -0.01141246171)
(0.0002087573081 -2.715267247e-13 -0.01141213733)
(0.0001901940224 -2.715145817e-13 -0.01141185302)
(0.0001749596638 -2.715041733e-13 -0.01141161969)
(0.0001636394743 -2.714970176e-13 -0.01141144631)
(0.0001566686336 -2.714922471e-13 -0.01141133954)
(0.000134925197 -2.622017582e-13 -0.01279981678)
(0.0001373924507 -2.622032366e-13 -0.01279985639)
(0.0001446991938 -2.622077902e-13 -0.01279997369)
(0.000156564867 -2.622151628e-13 -0.01280016419)
(0.0001725333205 -2.622251374e-13 -0.01280042055)
(0.0001919911113 -2.622372805e-13 -0.01280073294)
(0.0002141902951 -2.622511583e-13 -0.01280108933)
(0.0002382776052 -2.622659034e-13 -0.01280147604)
(0.0002633276772 -2.62281516e-13 -0.01280187821)
(0.0002883777491 -2.622971285e-13 -0.01280228037)
(0.0003124650593 -2.62312741e-13 -0.01280266708)
(0.000334664243 -2.623266188e-13 -0.01280302348)
(0.0003541220339 -2.623387618e-13 -0.01280333586)
(0.0003700904873 -2.623487365e-13 -0.01280359222)
(0.0003819561605 -2.623556754e-13 -0.01280378272)
(0.0003892629036 -2.623604459e-13 -0.01280390003)
(0.0003917301573 -2.62361943e-13 -0.01280393964)
(0.0003892629036 -2.623604459e-13 -0.01280390003)
(0.0003819561605 -2.623556754e-13 -0.01280378272)
(0.0003700904873 -2.623487365e-13 -0.01280359222)
(0.0003541220339 -2.623387618e-13 -0.01280333586)
(0.000334664243 -2.623266188e-13 -0.01280302348)
(0.0003124650593 -2.62312741e-13 -0.01280266708)
(0.0002883777491 -2.622971285e-13 -0.01280228037)
(0.0002633276772 -2.62281516e-13 -0.01280187821)
(0.0002382776052 -2.622659034e-13 -0.01280147604)
(0.0002141902951 -2.622511583e-13 -0.01280108933)
(0.0001919911113 -2.622372805e-13 -0.01280073294)
(0.0001725333205 -2.622251374e-13 -0.01280042055)
(0.000156564867 -2.622151628e-13 -0.01280016419)
(0.0001446991938 -2.622077902e-13 -0.01279997369)
(0.0001373924507 -2.622032366e-13 -0.01279985639)
(0.0001138743933 -2.434089691e-13 -0.01425194677)
(0.0001164479289 -2.43410435e-13 -0.01425198986)
(0.0001240694247 -2.434148803e-13 -0.0142521175)
(0.0001364462358 -2.43422036e-13 -0.01425232476)
(0.0001531025626 -2.43431577e-13 -0.0142526037)
(0.0001733985371 -2.434432864e-13 -0.01425294358)
(0.0001965539956 -2.434567305e-13 -0.01425333135)
(0.0002216789153 -2.434710419e-13 -0.0142537521)
(0.0002478080698 -2.434866544e-13 -0.01425418967)
(0.0002739372242 -2.43502267e-13 -0.01425462724)
(0.0002990621439 -2.435165784e-13 -0.01425504799)
(0.0003222176024 -2.435300225e-13 -0.01425543576)
(0.0003425135769 -2.435417319e-13 -0.01425577565)
(0.0003591699038 -2.435512729e-13 -0.01425605458)
(0.0003715467148 -2.435588623e-13 -0.01425626185)
(0.0003791682107 -2.435630907e-13 -0.01425638948)
(0.0003817417463 -2.435646291e-13 -0.01425643258)
(0.0003791682107 -2.435630907e-13 -0.01425638948)
(0.0003715467148 -2.435588623e-13 -0.01425626185)
(0.0003591699038 -2.435512729e-13 -0.01425605458)
(0.0003425135769 -2.435417319e-13 -0.01425577565)
(0.0003222176024 -2.435300225e-13 -0.01425543576)
(0.0002990621439 -2.435165784e-13 -0.01425504799)
(0.0002739372242 -2.43502267e-13 -0.01425462724)
(0.0002478080698 -2.434866544e-13 -0.01425418967)
(0.0002216789153 -2.434710419e-13 -0.0142537521)
(0.0001965539956 -2.434567305e-13 -0.01425333135)
(0.0001733985371 -2.434432864e-13 -0.01425294358)
(0.0001531025626 -2.43431577e-13 -0.0142526037)
(0.0001364462358 -2.43422036e-13 -0.01425232476)
(0.0001240694247 -2.434148803e-13 -0.0142521175)
(0.0001164479289 -2.43410435e-13 -0.01425198986)
(9.12118172e-05 -2.142197721e-13 -0.0157629597)
(9.388461541e-05 -2.142211105e-13 -0.01576300619)
(0.0001018000763 -2.142255557e-13 -0.01576314386)
(0.0001146542675 -2.142322778e-13 -0.01576336743)
(0.0001319530375 -2.142418187e-13 -0.0157636683)
(0.0001530318384 -2.142530944e-13 -0.01576403492)
(0.000177080415 -2.142656712e-13 -0.01576445319)
(0.000203174416 -2.142791153e-13 -0.01576490704)
(0.0002303113855 -2.142938604e-13 -0.01576537902)
(0.0002574483551 -2.143086056e-13 -0.01576585101)
(0.0002835423561 -2.143229171e-13 -0.01576630485)
(0.0003075909327 -2.143354938e-13 -0.01576672312)
(0.0003286697336 -2.143467695e-13 -0.01576708974)
(0.0003459685036 -2.143563105e-13 -0.01576739061)
(0.0003588226948 -2.143630325e-13 -0.01576761418)
(0.0003667381557 -2.143672609e-13 -0.01576775185)
(0.0003694109539 -2.143687365e-13 -0.01576779834)
(0.0003667381557 -2.143672609e-13 -0.01576775185)
(0.0003588226947 -2.143630325e-13 -0.01576761418)
(0.0003459685036 -2.143563105e-13 -0.01576739061)
(0.0003286697336 -2.143467695e-13 -0.01576708974)
(0.0003075909327 -2.143354938e-13 -0.01576672312)
(0.0002835423561 -2.143229171e-13 -0.01576630485)
(0.0002574483551 -2.143086056e-13 -0.01576585101)
(0.0002303113855 -2.142938604e-13 -0.01576537902)
(0.000203174416 -2.142791153e-13 -0.01576490704)
(0.000177080415 -2.142656712e-13 -0.01576445319)
(0.0001530318384 -2.142530944e-13 -0.01576403492)
(0.0001319530375 -2.142418187e-13 -0.0157636683)
(0.0001146542675 -2.142322778e-13 -0.01576336743)
(0.0001018000763 -2.142255557e-13 -0.01576314386)
(9.388461541e-05 -2.142211105e-13 -0.01576300619)
(6.697738866e-05 -1.739473504e-13 -0.01732956901)
(6.974268847e-05 -1.73948746e-13 -0.01732961877)
(7.793209182e-05 -1.739526492e-13 -0.01732976614)
(9.12311475e-05 -1.739593712e-13 -0.01733000545)
(0.0001091286025 -1.739680448e-13 -0.01733032752)
(0.0001309369095 -1.739784532e-13 -0.01733071996)
(0.0001558177718 -1.739905962e-13 -0.01733116769)
(0.0001828148477 -1.740040403e-13 -0.0173316535)
(0.0002108909877 -1.740179181e-13 -0.01733215873)
(0.0002389671277 -1.740317959e-13 -0.01733266397)
(0.0002659642035 -1.740443727e-13 -0.01733314978)
(0.0002908450659 -1.740565157e-13 -0.01733359751)
(0.0003126533729 -1.740669241e-13 -0.01733398995)
(0.0003305508278 -1.740755977e-13 -0.01733431201)
(0.0003438498835 -1.740823197e-13 -0.01733455133)
(0.0003520392869 -1.740862229e-13 -0.0173346987)
(0.0003548045867 -1.740875964e-13 -0.01733474846)
(0.0003520392869 -1.740862229e-13 -0.0173346987)
(0.0003438498835 -1.740823197e-13 -0.01733455133)
(0.0003305508278 -1.740755977e-13 -0.01733431201)
(0.0003126533729 -1.740669241e-13 -0.01733398995)
(0.0002908450659 -1.740565157e-13 -0.01733359751)
(0.0002659642035 -1.740443727e-13 -0.01733314978)
(0.0002389671277 -1.740317959e-13 -0.01733266397)
(0.0002108909877 -1.740179181e-13 -0.01733215873)
(0.0001828148477 -1.740040403e-13 -0.0173316535)
(0.0001558177718 -1.739905962e-13 -0.01733116769)
(0.0001309369095 -1.739784532e-13 -0.01733071996)
(0.0001091286025 -1.739680448e-13 -0.01733032752)
(9.12311475e-05 -1.739593712e-13 -0.01733000545)
(7.793209181e-05 -1.739526492e-13 -0.01732976614)
(6.974268846e-05 -1.73948746e-13 -0.01732961877)
(4.124779252e-05 -1.222231249e-13 -0.01894719876)
(4.409892122e-05 -1.222242793e-13 -0.01894725166)
(5.254250584e-05 -1.222281824e-13 -0.01894740832)
(6.625433528e-05 -1.22234254e-13 -0.01894766273)
(8.470728832e-05 -1.222420602e-13 -0.01894800511)
(0.0001071924777 -1.222520349e-13 -0.0189484223)
(0.0001328455879 -1.222633106e-13 -0.01894889826)
(0.0001606805943 -1.222754537e-13 -0.01894941471)
(0.0001896281566 -1.222884641e-13 -0.0189499518)
(0.000218575719 -1.223014745e-13 -0.01895048889)
(0.0002464107253 -1.223127502e-13 -0.01895100534)
(0.0002720638355 -1.223240259e-13 -0.0189514813)
(0.0002945490249 -1.223340006e-13 -0.01895189849)
(0.000313001978 -1.223418068e-13 -0.01895224087)
(0.0003267138074 -1.223478784e-13 -0.01895249528)
(0.000335157392 -1.223515646e-13 -0.01895265194)
(0.0003380085207 -1.223528719e-13 -0.01895270484)
(0.000335157392 -1.223515646e-13 -0.01895265194)
(0.0003267138074 -1.223478784e-13 -0.01895249528)
(0.000313001978 -1.223418068e-13 -0.01895224087)
(0.0002945490249 -1.223340006e-13 -0.01895189849)
(0.0002720638355 -1.223240259e-13 -0.0189514813)
(0.0002464107253 -1.223127502e-13 -0.01895100534)
(0.0002185757189 -1.223014745e-13 -0.01895048889)
(0.0001896281566 -1.222884641e-13 -0.0189499518)
(0.0001606805943 -1.222754537e-13 -0.01894941471)
(0.0001328455879 -1.222633106e-13 -0.01894889826)
(0.0001071924777 -1.222520349e-13 -0.0189484223)
(8.470728831e-05 -1.222420602e-13 -0.01894800511)
(6.625433528e-05 -1.22234254e-13 -0.01894766273)
(5.254250583e-05 -1.222281824e-13 -0.01894740832)
(4.409892121e-05 -1.222242793e-13 -0.01894725166)
(1.410104477e-05 -5.897908605e-14 -0.02061272478)
(1.703128913e-05 -5.898027292e-14 -0.02061278066)
(2.570917384e-05 -5.898341711e-14 -0.02061294614)
(3.980149132e-05 -5.89892718e-14 -0.02061321487)
(5.87664933e-05 -5.899664438e-14 -0.02061357652)
(8.187562175e-05 -5.900575167e-14 -0.02061401719)
(0.0001082405773 -5.901572633e-14 -0.02061451994)
(0.0001368479741 -5.902656836e-14 -0.02061506546)
(0.0001665987991 -5.903784406e-14 -0.02061563278)
(0.0001963496242 -5.904911976e-14 -0.02061620011)
(0.000224957021 -5.906082914e-14 -0.02061674562)
(0.0002513219765 -5.90708038e-14 -0.02061724838)
(0.000274431105 -5.90799111e-14 -0.02061768905)
(0.0002933961069 -5.908728368e-14 -0.0206180507)
(0.0003074884244 -5.909227101e-14 -0.02061831943)
(0.0003161663091 -5.909584887e-14 -0.02061848491)
(0.0003190965535 -5.909690645e-14 -0.02061854078)
(0.0003161663091 -5.909584887e-14 -0.02061848491)
(0.0003074884244 -5.909227101e-14 -0.02061831943)
(0.0002933961069 -5.908728368e-14 -0.0206180507)
(0.000274431105 -5.90799111e-14 -0.02061768905)
(0.0002513219765 -5.90708038e-14 -0.02061724838)
(0.000224957021 -5.906082914e-14 -0.02061674562)
(0.0001963496241 -5.904911976e-14 -0.02061620011)
(0.0001665987991 -5.903784406e-14 -0.02061563278)
(0.0001368479741 -5.902656836e-14 -0.02061506546)
(0.0001082405772 -5.901572633e-14 -0.02061451994)
(8.187562174e-05 -5.900575167e-14 -0.02061401719)
(5.876649329e-05 -5.899664438e-14 -0.02061357652)
(3.980149131e-05 -5.89892718e-14 -0.02061321487)
(2.570917383e-05 -5.898341711e-14 -0.02061294614)
(1.703128912e-05 -5.898027292e-14 -0.02061278066)
(-1.432604938e-05 1.540976929e-14 -0.02232140214)
(-1.132384557e-05 1.54087897e-14 -0.0223214608)
(-2.432853762e-06 1.540586235e-14 -0.02232163451)
(1.200553571e-05 1.540087502e-14 -0.0223219166)
(3.14362706e-05 1.539436981e-14 -0.02232229623)
(5.511290132e-05 1.538612987e-14 -0.02232275882)
(8.212531405e-05 1.537702257e-14 -0.02232328658)
(0.0001114352369 1.536791527e-14 -0.02232385924)
(0.0001419166676 1.535750693e-14 -0.02232445477)
(0.0001723980983 1.534709859e-14 -0.02232505031)
(0.0002017080211 1.533712393e-14 -0.02232562297)
(0.0002287204338 1.532801663e-14 -0.02232615073)
(0.0002523970646 1.53197767e-14 -0.02232661332)
(0.0002718277994 1.531327148e-14 -0.02232699295)
(0.0002862661889 1.530871784e-14 -0.02232727504)
(0.0002951571807 1.530579049e-14 -0.02232744875)
(0.0002981593845 1.530477761e-14 -0.02232750741)
(0.0002951571807 1.530579049e-14 -0.02232744875)
(0.0002862661889 1.530871784e-14 -0.02232727504)
(0.0002718277994 1.531327148e-14 -0.02232699295)
(0.0002523970645 1.53197767e-14 -0.02232661332)
(0.0002287204338 1.532801663e-14 -0.02232615073)
(0.0002017080211 1.533712393e-14 -0.02232562297)
(0.0001723980983 1.534709859e-14 -0.02232505031)
(0.0001419166676 1.535750693e-14 -0.02232445477)
(0.0001114352369 1.536791527e-14 -0.02232385924)
(8.212531404e-05 1.537702257e-14 -0.02232328658)
(5.511290131e-05 1.538612987e-14 -0.02232275882)
(3.143627059e-05 1.539436981e-14 -0.02232229623)
(1.20055357e-05 1.540087502e-14 -0.0223219166)
(-2.432853768e-06 1.540586235e-14 -0.02232163451)
(-1.132384557e-05 1.54087897e-14 -0.0223214608)
(-4.387279593e-05 1.002009115e-13 -0.02406964819)
(-4.080660249e-05 1.002001216e-13 -0.02406970937)
(-3.172610611e-05 1.001974111e-13 -0.02406989057)
(-1.697997361e-05 1.001932912e-13 -0.02407018482)
(2.864912259e-06 1.001876533e-13 -0.02407058082)
(2.704619192e-05 1.001807144e-13 -0.02407106334)
(5.463435319e-05 1.001729082e-13 -0.02407161385)
(8.456899419e-05 1.001638009e-13 -0.02407221118)
(0.0001157001129 1.001551272e-13 -0.02407283239)
(0.0001468312315 1.001464536e-13 -0.0240734536)
(0.0001767658725 1.001373463e-13 -0.02407405093)
(0.0002043540338 1.001295401e-13 -0.02407460144)
(0.0002285353134 1.001226012e-13 -0.02407508397)
(0.0002483801993 1.001169633e-13 -0.02407547996)
(0.0002631263318 1.001124097e-13 -0.02407577421)
(0.0002722068282 1.00109916e-13 -0.02407595541)
(0.0002752730216 1.001089311e-13 -0.0240760166)
(0.0002722068282 1.00109916e-13 -0.02407595541)
(0.0002631263318 1.001124097e-13 -0.02407577421)
(0.0002483801993 1.001169633e-13 -0.02407547996)
(0.0002285353134 1.001226012e-13 -0.02407508397)
(0.0002043540338 1.001295401e-13 -0.02407460144)
(0.0001767658725 1.001373463e-13 -0.02407405093)
(0.0001468312315 1.001464536e-13 -0.0240734536)
(0.0001157001128 1.001551272e-13 -0.02407283239)
(8.456899417e-05 1.001638009e-13 -0.02407221118)
(5.463435318e-05 1.001729082e-13 -0.02407161385)
(2.704619191e-05 1.001807144e-13 -0.02407106334)
(2.864912248e-06 1.001876533e-13 -0.02407058082)
(-1.697997362e-05 1.001932912e-13 -0.02407018482)
(-3.172610612e-05 1.001974111e-13 -0.02406989057)
(-4.080660249e-05 1.002001216e-13 -0.02406970937)
(-7.428615553e-05 1.941274093e-13 -0.02585167627)
(-7.116536702e-05 1.941267242e-13 -0.02585173966)
(-6.192318798e-05 1.941242306e-13 -0.02585192737)
(-4.691449341e-05 1.941203275e-13 -0.0258522322)
(-2.671625968e-05 1.94115557e-13 -0.02585264243)
(-2.104420558e-06 1.941094854e-13 -0.0258531423)
(2.597496136e-05 1.941025465e-13 -0.02585371259)
(5.644260322e-05 1.940956076e-13 -0.02585433139)
(8.812802661e-05 1.940878014e-13 -0.02585497493)
(0.00011981345 1.940799951e-13 -0.02585561846)
(0.0001502810919 1.940721889e-13 -0.02585623726)
(0.0001783604738 1.9406525e-13 -0.02585680756)
(0.0002029723129 1.940591784e-13 -0.02585730743)
(0.0002231705466 1.94054408e-13 -0.02585771766)
(0.0002381792412 1.940505048e-13 -0.02585802249)
(0.0002474214202 1.940484448e-13 -0.0258582102)
(0.0002505422087 1.940476799e-13 -0.02585827358)
(0.0002474214202 1.940484448e-13 -0.0258582102)
(0.0002381792412 1.940505048e-13 -0.02585802249)
(0.0002231705466 1.94054408e-13 -0.02585771766)
(0.0002029723129 1.940591784e-13 -0.02585730743)
(0.0001783604738 1.9406525e-13 -0.02585680756)
(0.0001502810919 1.940721889e-13 -0.02585623726)
(0.00011981345 1.940799951e-13 -0.02585561846)
(8.81280266e-05 1.940878014e-13 -0.02585497493)
(5.64426032e-05 1.940956076e-13 -0.02585433139)
(2.597496134e-05 1.941025465e-13 -0.02585371259)
(-2.104420572e-06 1.941094854e-13 -0.0258531423)
(-2.67162597e-05 1.94115557e-13 -0.02585264243)
(-4.691449342e-05 1.941203275e-13 -0.0258522322)
(-6.192318799e-05 1.941242306e-13 -0.02585192737)
(-7.116536702e-05 1.941267242e-13 -0.02585173966)
(-0.0001052522421 2.955448462e-13 -0.02766229378)
(-0.0001020883034 2.955441881e-13 -0.02766235893)
(-9.271833567e-05 2.955422365e-13 -0.02766255187)
(-7.750212058e-05 2.955387671e-13 -0.02766286519)
(-5.70246122e-05 2.955344303e-13 -0.02766328685)
(-3.207247287e-05 2.955292261e-13 -0.02766380064)
(-3.604846131e-06 2.955235882e-13 -0.02766438682)
(2.728406228e-05 2.95517083e-13 -0.02766502286)
(5.940759011e-05 2.955101441e-13 -0.02766568433)
(9.153111794e-05 2.955032052e-13 -0.02766634579)
(0.0001224200263 2.954967e-13 -0.02766698183)
(0.0001508876531 2.954910622e-13 -0.02766756801)
(0.0001758397924 2.95485858e-13 -0.0276680818)
(0.0001963173008 2.954815212e-13 -0.02766850346)
(0.0002115335159 2.954780517e-13 -0.02766881678)
(0.0002209034836 2.95476317e-13 -0.02766900972)
(0.0002240674223 2.954755456e-13 -0.02766907487)
(0.0002209034836 2.95476317e-13 -0.02766900972)
(0.0002115335159 2.954780517e-13 -0.02766881678)
(0.0001963173008 2.954815212e-13 -0.02766850346)
(0.0001758397924 2.95485858e-13 -0.0276680818)
(0.0001508876531 2.954910622e-13 -0.02766756801)
(0.0001224200263 2.954967e-13 -0.02766698183)
(9.153111792e-05 2.955032052e-13 -0.02766634579)
(5.940759009e-05 2.955101441e-13 -0.02766568433)
(2.728406226e-05 2.95517083e-13 -0.02766502286)
(-3.604846149e-06 2.955235882e-13 -0.02766438682)
(-3.207247289e-05 2.955292261e-13 -0.02766380064)
(-5.702461221e-05 2.955344303e-13 -0.02766328685)
(-7.750212059e-05 2.955387671e-13 -0.02766286519)
(-9.271833568e-05 2.955422365e-13 -0.02766255187)
(-0.0001020883034 2.955441881e-13 -0.02766235893)
(-0.0001363143239 4.022808358e-13 -0.02949325001)
(-0.0001331216241 4.022802057e-13 -0.02949331635)
(-0.0001236664808 4.02278471e-13 -0.02949351281)
(-0.0001083119461 4.022754352e-13 -0.02949383186)
(-8.764829156e-05 4.022715321e-13 -0.02949426122)
(-6.246933042e-05 4.022667616e-13 -0.0294947844)
(-3.374292512e-05 4.022615574e-13 -0.02949538129)
(-2.573228036e-06 4.022563532e-13 -0.02949602895)
(2.98423115e-05 4.022502817e-13 -0.0294967025)
(6.225785103e-05 4.022442102e-13 -0.02949737604)
(9.342754812e-05 4.022381386e-13 -0.0294980237)
(0.0001221539534 4.022329345e-13 -0.0294986206)
(0.0001473329145 4.02228164e-13 -0.02949914378)
(0.0001679965691 4.022242608e-13 -0.02949957314)
(0.0001833511038 4.022216588e-13 -0.02949989218)
(0.0001928062471 4.022197072e-13 -0.02950008865)
(0.0001959989469 4.022191903e-13 -0.02950015499)
(0.0001928062471 4.022197072e-13 -0.02950008865)
(0.0001833511038 4.022216588e-13 -0.02949989218)
(0.0001679965691 4.022242608e-13 -0.02949957314)
(0.0001473329145 4.02228164e-13 -0.02949914378)
(0.0001221539534 4.022329345e-13 -0.0294986206)
(9.34275481e-05 4.022381386e-13 -0.0294980237)
(6.225785102e-05 4.022442102e-13 -0.02949737604)
(2.984231148e-05 4.022502817e-13 -0.0294967025)
(-2.573228056e-06 4.022563532e-13 -0.02949602895)
(-3.374292514e-05 4.022615574e-13 -0.02949538129)
(-6.246933044e-05 4.022667616e-13 -0.0294947844)
(-8.764829157e-05 4.022715321e-13 -0.02949426122)
(-0.0001083119461 4.022754352e-13 -0.02949383186)
(-0.0001236664808 4.02278471e-13 -0.02949351281)
(-0.0001331216241 4.022802057e-13 -0.02949331635)
(-0.0001668928161 5.108528312e-13 -0.03133593686)
(-0.0001636897533 5.108522112e-13 -0.03133600363)
(-0.0001542039199 5.108504765e-13 -0.03133620137)
(-0.0001387995465 5.108478744e-13 -0.03133652249)
(-0.0001180688205 5.10844405e-13 -0.03133695465)
(-9.280813196e-05 5.108396345e-13 -0.03133748123)
(-6.39884847e-05 5.108344303e-13 -0.03133808201)
(-3.271761506e-05 5.108292261e-13 -0.03133873388)
(-1.968591361e-07 5.108231546e-13 -0.03133941181)
(3.232389679e-05 5.108170831e-13 -0.03134008974)
(6.359476642e-05 5.108118789e-13 -0.03134074161)
(9.241441368e-05 5.108066747e-13 -0.03134134238)
(0.0001176751023 5.108019042e-13 -0.03134186897)
(0.0001384058282 5.107984348e-13 -0.03134230112)
(0.0001538102016 5.10795399e-13 -0.03134262224)
(0.000163296035 5.107936643e-13 -0.03134281998)
(0.0001664990978 5.107931402e-13 -0.03134288676)
(0.000163296035 5.107936643e-13 -0.03134281998)
(0.0001538102016 5.10795399e-13 -0.03134262224)
(0.0001384058282 5.107984348e-13 -0.03134230112)
(0.0001176751023 5.108019042e-13 -0.03134186897)
(9.241441367e-05 5.108066747e-13 -0.03134134238)
(6.35947664e-05 5.108118789e-13 -0.03134074161)
(3.232389677e-05 5.108170831e-13 -0.03134008974)
(-1.968591556e-07 5.108231546e-13 -0.03133941181)
(-3.271761508e-05 5.108292261e-13 -0.03133873388)
(-6.398848471e-05 5.108344303e-13 -0.03133808201)
(-9.280813198e-05 5.108396345e-13 -0.03133748123)
(-0.0001180688206 5.10844405e-13 -0.03133695465)
(-0.0001387995465 5.108478744e-13 -0.03133652249)
(-0.0001542039199 5.108504765e-13 -0.03133620137)
(-0.0001636897533 5.108522112e-13 -0.03133600363)
)
;

boundaryField
{
    left
    {
        type            calculated;
    }
    right
    {
        type            calculated;
    }
    beam
    {
        type            empty;
    }
}


// ************************************************************************* //
