/*--------------------------------*- C++ -*----------------------------------*\
| =========                 |                                                 |
| \\      /  F ield         | OpenFOAM: The Open Source CFD Toolbox           |
|  \\    /   O peration     | Version:  2312                                  |
|   \\  /    A nd           | Website:  www.openfoam.com                      |
|    \\/     M anipulation  |                                                 |
\*---------------------------------------------------------------------------*/
FoamFile
{
    version     2.0;
    format      ascii;
    arch        "LSB;label=32;scalar=64";
    class       pointVectorField;
    location    "0.23/beam";
    object      pointW;
}
// * * * * * * * * * * * * * * * * * * * * * * * * * * * * * * * * * * * * * //

dimensions      [0 1 0 0 0 0 0];

internalField   nonuniform List<vector> 
1952
(
(-0.0003688679711 -8.870130307e-15 1.704425718e-05)
(-0.000361780173 -8.699638232e-15 1.671675178e-05)
(-0.000340789741 -8.194833701e-15 1.574684832e-05)
(-0.0003067026518 -7.375176858e-15 1.417178852e-05)
(-0.0002608293087 -6.272326408e-15 1.205212208e-05)
(-0.0002049319786 -4.927915714e-15 9.469277958e-06)
(-0.0001411593172 -3.394420162e-15 6.522538944e-06)
(-7.196254455e-05 -1.730386667e-15 3.32516839e-06)
(1.44705965e-13 0 -4.493366426e-15)
(7.196254483e-05 1.730386667e-15 -3.325168399e-06)
(0.0001411593175 3.394420162e-15 -6.522538953e-06)
(0.0002049319788 4.927915714e-15 -9.469277965e-06)
(0.0002608293089 6.272326408e-15 -1.205212209e-05)
(0.000306702652 7.375176858e-15 -1.417178852e-05)
(0.0003407897412 8.194833701e-15 -1.574684833e-05)
(0.000361780173 8.699638232e-15 -1.671675178e-05)
(0.0003688679711 8.870130307e-15 -1.704425718e-05)
(0.000361780173 8.699638232e-15 -1.671675178e-05)
(0.000340789741 8.194833701e-15 -1.574684832e-05)
(0.0003067026518 7.375176858e-15 -1.417178852e-05)
(0.0002608293087 6.272326408e-15 -1.205212208e-05)
(0.0002049319786 4.927915714e-15 -9.469277958e-06)
(0.0001411593172 3.394420162e-15 -6.522538944e-06)
(7.196254455e-05 1.730386667e-15 -3.32516839e-06)
(-1.447059301e-13 0 4.49336481e-15)
(-7.196254483e-05 -1.730386667e-15 3.325168399e-06)
(-0.0001411593175 -3.394420162e-15 6.522538953e-06)
(-0.0002049319788 -4.927915714e-15 9.469277965e-06)
(-0.0002608293089 -6.272326408e-15 1.205212209e-05)
(-0.000306702652 -7.375176858e-15 1.417178852e-05)
(-0.0003407897412 -8.194833701e-15 1.574684833e-05)
(-0.000361780173 -8.699638232e-15 1.671675178e-05)
(-0.0003745969888 1.598317549e-12 -0.00408277323)
(-0.0003675092988 1.598487944e-12 -0.004083100726)
(-0.0003465191869 1.59899264e-12 -0.004084070599)
(-0.0003124326175 1.599812297e-12 -0.004085645611)
(-0.000266559974 1.600915581e-12 -0.004087765213)
(-0.0002106634962 1.602259558e-12 -0.004090347978)
(-0.0001468918074 1.603793053e-12 -0.004093294627)
(-7.769608997e-05 1.605457087e-12 -0.0040964919)
(-5.734642682e-06 1.607187473e-12 -0.004099816967)
(6.62268046e-05 1.60891786e-12 -0.004103142033)
(0.000135422522 1.610581894e-12 -0.004106339306)
(0.0001991942108 1.612115389e-12 -0.004109285955)
(0.0002550906886 1.613459366e-12 -0.00411186872)
(0.000300963332 1.61456265e-12 -0.004113988322)
(0.0003350499014 1.615382307e-12 -0.004115563334)
(0.0003560400132 1.615887003e-12 -0.004116533208)
(0.0003631277031 1.616057395e-12 -0.004116860703)
(0.0003560400131 1.615887003e-12 -0.004116533208)
(0.0003350499013 1.615382307e-12 -0.004115563334)
(0.0003009633319 1.61456265e-12 -0.004113988322)
(0.0002550906884 1.613459366e-12 -0.00411186872)
(0.0001991942106 1.612115389e-12 -0.004109285955)
(0.0001354225217 1.610581894e-12 -0.004106339306)
(6.622680432e-05 1.60891786e-12 -0.004103142033)
(-5.734642971e-06 1.607187473e-12 -0.004099816967)
(-7.769609025e-05 1.605457087e-12 -0.0040964919)
(-0.0001468918077 1.603793053e-12 -0.004093294627)
(-0.0002106634965 1.602259558e-12 -0.004090347978)
(-0.0002665599742 1.600915581e-12 -0.004087765213)
(-0.0003124326177 1.599812297e-12 -0.004085645611)
(-0.000346519187 1.59899264e-12 -0.004084070599)
(-0.0003675092988 1.598487944e-12 -0.004083100726)
(-0.0003803032141 3.204807919e-12 -0.008182466717)
(-0.0003732158483 3.204978275e-12 -0.008182794183)
(-0.0003522266967 3.205483188e-12 -0.008183763968)
(-0.0003181416867 3.206302411e-12 -0.008185338835)
(-0.0002722711418 3.207405695e-12 -0.008187458242)
(-0.0002163772211 3.208749672e-12 -0.008190040771)
(-0.0001526084497 3.210283168e-12 -0.008192987149)
(-8.341589782e-05 3.211946334e-12 -0.008196184129)
(-1.145774261e-05 3.213676721e-12 -0.008199508891)
(6.05004126e-05 3.215407107e-12 -0.008202833653)
(0.0001296929645 3.217071141e-12 -0.008206030633)
(0.0001934617359 3.218604636e-12 -0.008208977012)
(0.0002493556565 3.219948613e-12 -0.00821155954)
(0.0002952262014 3.221051897e-12 -0.008213678948)
(0.0003293112113 3.221871554e-12 -0.008215253815)
(0.0003503003629 3.222376034e-12 -0.0082162236)
(0.0003573877286 3.22254652e-12 -0.008216551065)
(0.0003503003628 3.222376034e-12 -0.0082162236)
(0.0003293112112 3.221871554e-12 -0.008215253815)
(0.0002952262012 3.221051897e-12 -0.008213678948)
(0.0002493556563 3.219948613e-12 -0.00821155954)
(0.0001934617356 3.218604636e-12 -0.008208977012)
(0.0001296929642 3.217071141e-12 -0.008206030633)
(6.050041232e-05 3.215407107e-12 -0.008202833653)
(-1.14577429e-05 3.213676721e-12 -0.008199508891)
(-8.34158981e-05 3.211946334e-12 -0.008196184129)
(-0.00015260845 3.210283168e-12 -0.008192987149)
(-0.0002163772214 3.208749672e-12 -0.008190040771)
(-0.000272271142 3.207405695e-12 -0.008187458242)
(-0.0003181416869 3.206302411e-12 -0.008185338835)
(-0.0003522266968 3.205483188e-12 -0.008183763968)
(-0.0003732158484 3.204978275e-12 -0.008182794183)
(-0.0003859751106 4.811901857e-12 -0.01228191118)
(-0.0003788882852 4.812072182e-12 -0.01228223859)
(-0.000357900734 4.812576986e-12 -0.01228320823)
(-0.0003238183227 4.813396209e-12 -0.01228478286)
(-0.0002779512751 4.81449906e-12 -0.01228690194)
(-0.000222061616 4.815843037e-12 -0.01228948407)
(-0.0001582977066 4.817376532e-12 -0.01229243)
(-8.911043021e-05 4.819039265e-12 -0.01229562649)
(-1.715776137e-05 4.820769652e-12 -0.01229895075)
(5.479490748e-05 4.822500038e-12 -0.012302275)
(0.0001239821838 4.824163638e-12 -0.01230547149)
(0.0001877460933 4.825697134e-12 -0.01230841742)
(0.0002436357523 4.827041111e-12 -0.01231099955)
(0.0002895027998 4.828143961e-12 -0.01231311864)
(0.0003235852111 4.828963618e-12 -0.01231469326)
(0.0003445727623 4.829467989e-12 -0.0123156629)
(0.0003516595876 4.829638384e-12 -0.01231599032)
(0.0003445727622 4.829467989e-12 -0.0123156629)
(0.0003235852109 4.828963618e-12 -0.01231469326)
(0.0002895027997 4.828143961e-12 -0.01231311864)
(0.0002436357521 4.827041111e-12 -0.01231099955)
(0.000187746093 4.825697134e-12 -0.01230841742)
(0.0001239821836 4.824163638e-12 -0.01230547149)
(5.479490719e-05 4.822500038e-12 -0.012302275)
(-1.715776166e-05 4.820769652e-12 -0.01229895075)
(-8.91104305e-05 4.819039265e-12 -0.01229562649)
(-0.0001582977069 4.817376532e-12 -0.01229243)
(-0.0002220616163 4.815843037e-12 -0.01228948407)
(-0.0002779512753 4.81449906e-12 -0.01228690194)
(-0.0003238183229 4.813396209e-12 -0.01228478286)
(-0.0003579007341 4.812576986e-12 -0.01228320823)
(-0.0003788882853 4.812072182e-12 -0.01228223859)
(-0.000391601144 6.419897555e-12 -0.01638098159)
(-0.0003845150751 6.420067928e-12 -0.01638130894)
(-0.0003635297641 6.420572624e-12 -0.01638227837)
(-0.000329450991 6.421392064e-12 -0.01638385266)
(-0.0002835888394 6.422494914e-12 -0.01638597129)
(-0.0002277051463 6.423838458e-12 -0.01638855287)
(-0.0001639480433 6.42537152e-12 -0.01639149817)
(-9.476815225e-05 6.427034252e-12 -0.01639469398)
(-2.282316395e-05 6.428763771e-12 -0.01639801752)
(4.912182435e-05 6.430493291e-12 -0.01640134106)
(0.0001183017153 6.432157758e-12 -0.01640453687)
(0.0001820588183 6.43369082e-12 -0.01640748217)
(0.0002379425114 6.435034363e-12 -0.01641006375)
(0.000283804663 6.436137213e-12 -0.01641218238)
(0.0003178834361 6.43695622e-12 -0.01641375667)
(0.000338868747 6.437460699e-12 -0.0164147261)
(0.0003459548158 6.437631175e-12 -0.01641505344)
(0.0003388687469 6.437460699e-12 -0.0164147261)
(0.0003178834359 6.43695622e-12 -0.01641375667)
(0.0002838046628 6.436137213e-12 -0.01641218238)
(0.0002379425112 6.435034363e-12 -0.01641006375)
(0.0001820588181 6.43369082e-12 -0.01640748217)
(0.0001183017151 6.432157758e-12 -0.01640453687)
(4.912182406e-05 6.430493291e-12 -0.01640134106)
(-2.282316424e-05 6.428763771e-12 -0.01639801752)
(-9.476815253e-05 6.427034252e-12 -0.01639469398)
(-0.0001639480435 6.42537152e-12 -0.01639149817)
(-0.0002277051465 6.423838458e-12 -0.01638855287)
(-0.0002835888396 6.422494914e-12 -0.01638597129)
(-0.0003294509911 6.421392064e-12 -0.01638385266)
(-0.0003635297642 6.420572624e-12 -0.01638227837)
(-0.0003845150752 6.420067928e-12 -0.01638130894)
(-0.0003971697757 8.029089349e-12 -0.02047955294)
(-0.0003900846794 8.029259657e-12 -0.02047988019)
(-0.000369102249 8.029764137e-12 -0.02048084936)
(-0.0003350281537 8.030583577e-12 -0.02048242321)
(-0.0002891722974 8.031685993e-12 -0.02048454126)
(-0.0002332962751 8.033029537e-12 -0.02048712213)
(-0.0001695479237 8.034562165e-12 -0.02049006662)
(-0.0001003775287 8.036224464e-12 -0.02049326155)
(-2.844241589e-05 8.037953983e-12 -0.02049658418)
(4.349269688e-05 8.039683502e-12 -0.0204999068)
(0.0001126630919 8.041346668e-12 -0.02050310173)
(0.0001764114433 8.042879297e-12 -0.02050604622)
(0.0002322874655 8.04422284e-12 -0.02050862709)
(0.0002781433218 8.045325257e-12 -0.02051074514)
(0.0003122174171 8.046144263e-12 -0.020512319)
(0.0003331998474 8.046648959e-12 -0.02051328816)
(0.0003402849436 8.046819226e-12 -0.02051361541)
(0.0003331998474 8.046648959e-12 -0.02051328816)
(0.0003122174169 8.046144263e-12 -0.020512319)
(0.0002781433216 8.045325257e-12 -0.02051074514)
(0.0002322874653 8.04422284e-12 -0.02050862709)
(0.000176411443 8.042879297e-12 -0.02050604622)
(0.0001126630916 8.041346668e-12 -0.02050310173)
(4.34926966e-05 8.039683502e-12 -0.0204999068)
(-2.844241618e-05 8.037953983e-12 -0.02049658418)
(-0.000100377529 8.036224464e-12 -0.02049326155)
(-0.000169547924 8.034562165e-12 -0.02049006662)
(-0.0002332962754 8.033029537e-12 -0.02048712213)
(-0.0002891722976 8.031685993e-12 -0.02048454126)
(-0.0003350281538 8.030583577e-12 -0.02048242321)
(-0.0003691022491 8.029764137e-12 -0.02048084936)
(-0.0003900846795 8.029259657e-12 -0.02047988019)
(-0.0004026694541 9.639766779e-12 -0.02457750008)
(-0.0003955855469 9.639937069e-12 -0.02457782723)
(-0.000374606638 9.64044144e-12 -0.02457879607)
(-0.0003405382613 9.641260446e-12 -0.02458036939)
(-0.000294690101 9.642362863e-12 -0.02458248673)
(-0.0002388234564 9.643705539e-12 -0.02458506673)
(-0.0001750858039 9.645238167e-12 -0.02458801023)
(-0.0001059270177 9.646900466e-12 -0.02459120408)
(-3.400397783e-05 9.648629118e-12 -0.02459452559)
(3.791906206e-05 9.65035777e-12 -0.02459784711)
(0.0001070778482 9.652020936e-12 -0.02460104096)
(0.0001708155007 9.653553564e-12 -0.02460398446)
(0.0002266821453 9.65489624e-12 -0.02460656446)
(0.0002725303055 9.655998657e-12 -0.0246086818)
(0.0003065986821 9.656817663e-12 -0.02461025512)
(0.000327577591 9.657321817e-12 -0.02461122396)
(0.0003346614981 9.657492074e-12 -0.0246115511)
(0.000327577591 9.657321817e-12 -0.02461122396)
(0.000306598682 9.656817663e-12 -0.02461025512)
(0.0002725303053 9.655998657e-12 -0.0246086818)
(0.0002266821451 9.65489624e-12 -0.02460656446)
(0.0001708155005 9.653553564e-12 -0.02460398446)
(0.0001070778479 9.652020936e-12 -0.02460104096)
(3.791906178e-05 9.65035777e-12 -0.02459784711)
(-3.400397812e-05 9.648629118e-12 -0.02459452559)
(-0.000105927018 9.646900466e-12 -0.02459120408)
(-0.0001750858042 9.645238167e-12 -0.02458801023)
(-0.0002388234567 9.643705539e-12 -0.02458506673)
(-0.0002946901012 9.642362863e-12 -0.02458248673)
(-0.0003405382615 9.641260446e-12 -0.02458036939)
(-0.0003746066381 9.64044144e-12 -0.02457879607)
(-0.000395585547 9.639937069e-12 -0.02457782723)
(-0.0004080885999 1.125221395e-11 -0.02867469771)
(-0.0004010060987 1.125238412e-11 -0.02867502472)
(-0.0003800313536 1.125288838e-11 -0.02867599317)
(-0.0003459697388 1.125370717e-11 -0.02867756587)
(-0.0003001306783 1.125480915e-11 -0.02867968237)
(-0.000244275122 1.125615183e-11 -0.02868226134)
(-0.00018055012 1.125768359e-11 -0.02868520367)
(-0.0001114050603 1.125934502e-11 -0.02868839625)
(-3.949629547e-05 1.126107367e-11 -0.02869171644)
(3.241246932e-05 1.126280232e-11 -0.02869503663)
(0.000101557529 1.126446462e-11 -0.02869822922)
(0.000165282531 1.126599638e-11 -0.02870117154)
(0.0002211380873 1.126733906e-11 -0.02870375052)
(0.0002669771477 1.126844104e-11 -0.02870586701)
(0.0003010387625 1.12692594e-11 -0.02870743972)
(0.0003220135076 1.126976344e-11 -0.02870840817)
(0.0003290960087 1.126993382e-11 -0.02870873518)
(0.0003220135075 1.126976344e-11 -0.02870840817)
(0.0003010387624 1.12692594e-11 -0.02870743972)
(0.0002669771475 1.126844104e-11 -0.02870586701)
(0.0002211380871 1.126733906e-11 -0.02870375052)
(0.0001652825308 1.126599638e-11 -0.02870117154)
(0.0001015575287 1.126446462e-11 -0.02869822922)
(3.241246903e-05 1.126280232e-11 -0.02869503663)
(-3.949629576e-05 1.126107367e-11 -0.02869171644)
(-0.0001114050605 1.125934502e-11 -0.02868839625)
(-0.0001805501202 1.125768359e-11 -0.02868520367)
(-0.0002442751222 1.125615183e-11 -0.02868226134)
(-0.0003001306785 1.125480915e-11 -0.02867968237)
(-0.0003459697389 1.125370717e-11 -0.02867756587)
(-0.0003800313537 1.125288838e-11 -0.02867599317)
(-0.0004010060988 1.125238412e-11 -0.02867502472)
(-0.000413415585 1.286670924e-11 -0.0327710201)
(-0.0004063347076 1.286687944e-11 -0.03277134696)
(-0.0003853647712 1.286738337e-11 -0.03277231497)
(-0.0003513109653 1.286820173e-11 -0.03277388695)
(-0.0003054824139 1.286930328e-11 -0.03277600247)
(-0.0002496396631 1.287064552e-11 -0.03277858026)
(-0.0001859292707 1.287217685e-11 -0.03278152123)
(-0.0001168000632 1.287383828e-11 -0.03278471235)
(-4.490778431e-05 1.287556606e-11 -0.03278803101)
(2.698449462e-05 1.287729385e-11 -0.03279134968)
(9.611370206e-05 1.287895528e-11 -0.0327945408)
(0.0001598240944 1.288048661e-11 -0.03279748177)
(0.0002156668452 1.288182885e-11 -0.03280005956)
(0.0002614953965 1.28829304e-11 -0.03280217508)
(0.0002955492024 1.288374876e-11 -0.03280374706)
(0.0003165191387 1.288425269e-11 -0.03280471507)
(0.0003236000161 1.288442283e-11 -0.03280504193)
(0.0003165191387 1.288425269e-11 -0.03280471507)
(0.0002955492023 1.288374876e-11 -0.03280374706)
(0.0002614953964 1.28829304e-11 -0.03280217508)
(0.000215666845 1.288182885e-11 -0.03280005956)
(0.0001598240942 1.288048661e-11 -0.03279748177)
(9.611370179e-05 1.287895528e-11 -0.0327945408)
(2.698449434e-05 1.287729385e-11 -0.03279134968)
(-4.49077846e-05 1.287556606e-11 -0.03278803101)
(-0.0001168000635 1.287383828e-11 -0.03278471235)
(-0.000185929271 1.287217685e-11 -0.03278152123)
(-0.0002496396633 1.287064552e-11 -0.03277858026)
(-0.0003054824141 1.286930328e-11 -0.03277600247)
(-0.0003513109655 1.286820173e-11 -0.03277388695)
(-0.0003853647713 1.286738337e-11 -0.03277231497)
(-0.0004063347076 1.286687944e-11 -0.03277134696)
(-0.000418638711 1.44835255e-11 -0.03686634095)
(-0.0004115596763 1.44836956e-11 -0.03686666764)
(-0.0003905951971 1.448419943e-11 -0.03686763514)
(-0.0003565502533 1.448501779e-11 -0.0368692063)
(-0.0003107336283 1.44861189e-11 -0.03687132072)
(-0.0002549054099 1.448746071e-11 -0.03687389717)
(-0.0001912115975 1.448899117e-11 -0.03687683661)
(-0.0001221003801 1.449065173e-11 -0.03688002606)
(-5.022681033e-05 1.449237865e-11 -0.036883343)
(2.164675944e-05 1.449410557e-11 -0.03688665993)
(9.075797678e-05 1.4495767e-11 -0.03688984938)
(0.0001544517892 1.449729746e-11 -0.03689278882)
(0.0002102800076 1.449863927e-11 -0.03689536527)
(0.0002560966325 1.449974038e-11 -0.03689747969)
(0.0002901415762 1.450055787e-11 -0.03689905085)
(0.0003111060554 1.450106192e-11 -0.03690001835)
(0.00031818509 1.450123195e-11 -0.03690034504)
(0.0003111060553 1.450106192e-11 -0.03690001835)
(0.0002901415761 1.450055787e-11 -0.03689905085)
(0.0002560966324 1.449974038e-11 -0.03689747969)
(0.0002102800074 1.449863927e-11 -0.03689536527)
(0.000154451789 1.449729746e-11 -0.03689278882)
(9.075797651e-05 1.4495767e-11 -0.03688984938)
(2.164675916e-05 1.449410557e-11 -0.03688665993)
(-5.022681062e-05 1.449237865e-11 -0.036883343)
(-0.0001221003804 1.449065173e-11 -0.03688002606)
(-0.0001912115977 1.448899117e-11 -0.03687683661)
(-0.0002549054102 1.448746071e-11 -0.03687389717)
(-0.0003107336285 1.44861189e-11 -0.03687132072)
(-0.0003565502535 1.448501779e-11 -0.0368692063)
(-0.0003905951972 1.448419943e-11 -0.03686763514)
(-0.0004115596764 1.44836956e-11 -0.03686666764)
(-0.0004237461837 1.610293072e-11 -0.04096053311)
(-0.0004166692124 1.610310073e-11 -0.04096085961)
(-0.0003957108439 1.610360434e-11 -0.04096182655)
(-0.0003616758236 1.610442205e-11 -0.04096339679)
(-0.0003158725532 1.610552273e-11 -0.04096550997)
(-0.0002600606077 1.610686367e-11 -0.04096808492)
(-0.0001963853607 1.610839327e-11 -0.04097102264)
(-0.0001272942879 1.611005426e-11 -0.04097421023)
(-5.544166784e-05 1.611178031e-11 -0.04097752523)
(1.64109522e-05 1.611350636e-11 -0.04098084022)
(8.550202497e-05 1.611516649e-11 -0.04098402781)
(0.0001491772719 1.611669609e-11 -0.04098696554)
(0.0002049892174 1.611803703e-11 -0.04098954048)
(0.0002507924878 1.611913771e-11 -0.04099165366)
(0.000284827508 1.611995541e-11 -0.0409932239)
(0.0003057858765 1.612045903e-11 -0.04099419084)
(0.0003128628477 1.612062915e-11 -0.04099451734)
(0.0003057858764 1.612045903e-11 -0.04099419084)
(0.0002848275079 1.611995541e-11 -0.0409932239)
(0.0002507924876 1.611913771e-11 -0.04099165366)
(0.0002049892172 1.611803703e-11 -0.04098954048)
(0.0001491772717 1.611669609e-11 -0.04098696554)
(8.55020247e-05 1.611516649e-11 -0.04098402781)
(1.641095191e-05 1.611350636e-11 -0.04098084022)
(-5.544166813e-05 1.611178031e-11 -0.04097752523)
(-0.0001272942882 1.611005426e-11 -0.04097421023)
(-0.000196385361 1.610839327e-11 -0.04097102264)
(-0.0002600606079 1.610686367e-11 -0.04096808492)
(-0.0003158725534 1.610552273e-11 -0.04096550997)
(-0.0003616758237 1.610442205e-11 -0.04096339679)
(-0.000395710844 1.610360434e-11 -0.04096182655)
(-0.0004166692124 1.610310073e-11 -0.04096085961)
(-0.000428726087 1.772518925e-11 -0.0450534683)
(-0.000421651402 1.772535927e-11 -0.0450537946)
(-0.0004006998043 1.772586244e-11 -0.04505476091)
(-0.0003666757792 1.77266795e-11 -0.04505633013)
(-0.000320887306 1.772777975e-11 -0.04505844195)
(-0.0002650933909 1.772911982e-11 -0.04506101522)
(-0.0002014387148 1.773064898e-11 -0.04506395104)
(-0.0001323699624 1.773230868e-11 -0.04506713657)
(-6.054055495e-05 1.773403386e-11 -0.04507044942)
(1.128885252e-05 1.773575904e-11 -0.04507376227)
(8.035760486e-05 1.773741874e-11 -0.0450769478)
(0.000144012281 1.77389479e-11 -0.04507988362)
(0.000199806196 1.774028797e-11 -0.0450824569)
(0.0002455946692 1.774138822e-11 -0.04508456871)
(0.0002796186942 1.774220527e-11 -0.04508613793)
(0.0003005702919 1.774270889e-11 -0.04508710425)
(0.0003076449768 1.774287878e-11 -0.04508743054)
(0.0003005702918 1.774270889e-11 -0.04508710425)
(0.0002796186941 1.774220527e-11 -0.04508613793)
(0.0002455946691 1.774138822e-11 -0.04508456871)
(0.0001998061958 1.774028797e-11 -0.0450824569)
(0.0001440122808 1.77389479e-11 -0.04507988362)
(8.035760459e-05 1.773741874e-11 -0.0450769478)
(1.128885223e-05 1.773575904e-11 -0.04507376227)
(-6.054055524e-05 1.773403386e-11 -0.04507044942)
(-0.0001323699627 1.773230868e-11 -0.04506713657)
(-0.000201438715 1.773064898e-11 -0.04506395104)
(-0.0002650933912 1.772911982e-11 -0.04506101522)
(-0.0003208873062 1.772777975e-11 -0.04505844195)
(-0.0003666757794 1.77266795e-11 -0.04505633013)
(-0.0004006998044 1.772586244e-11 -0.04505476091)
(-0.000421651402 1.772535927e-11 -0.0450537946)
(-0.000433566363 1.935056377e-11 -0.04914501687)
(-0.0004264941897 1.935073369e-11 -0.04914534293)
(-0.0004055500306 1.935123654e-11 -0.04914630855)
(-0.0003715380853 1.935205381e-11 -0.04914787666)
(-0.0003257658686 1.935315319e-11 -0.04914998697)
(-0.0002699917624 1.935449283e-11 -0.04915255841)
(-0.0002063596859 1.935602113e-11 -0.04915549215)
(-0.0001373154555 1.935767952e-11 -0.04915867541)
(-6.551155001e-05 1.935940384e-11 -0.0491619859)
(6.292355441e-06 1.936112815e-11 -0.04916529639)
(7.53365859e-05 1.936278655e-11 -0.04916847965)
(0.0001389686623 1.936431484e-11 -0.04917141339)
(0.0001947427685 1.936565448e-11 -0.04917398483)
(0.0002405149852 1.936675386e-11 -0.04917609514)
(0.0002745269304 1.93675707e-11 -0.04917766325)
(0.0002954710895 1.936807377e-11 -0.04917862888)
(0.0003025432627 1.936824349e-11 -0.04917895494)
(0.0002954710894 1.936807377e-11 -0.04917862888)
(0.0002745269303 1.93675707e-11 -0.04917766325)
(0.000240514985 1.936675386e-11 -0.04917609514)
(0.0001947427683 1.936565448e-11 -0.04917398483)
(0.0001389686621 1.936431484e-11 -0.04917141339)
(7.533658563e-05 1.936278655e-11 -0.04916847965)
(6.292355153e-06 1.936112815e-11 -0.04916529639)
(-6.55115503e-05 1.935940384e-11 -0.0491619859)
(-0.0001373154557 1.935767952e-11 -0.04915867541)
(-0.0002063596862 1.935602113e-11 -0.04915549215)
(-0.0002699917626 1.935449283e-11 -0.04915255841)
(-0.0003257658688 1.935315319e-11 -0.04914998697)
(-0.0003715380855 1.935205381e-11 -0.04914787666)
(-0.0004055500307 1.935123654e-11 -0.04914630855)
(-0.0004264941898 1.935073369e-11 -0.04914534293)
(-0.0004382547938 2.09793178e-11 -0.0532350475)
(-0.0004311853608 2.097948757e-11 -0.05323537331)
(-0.0004102493169 2.097999031e-11 -0.05323633818)
(-0.0003762505503 2.09808065e-11 -0.05323790507)
(-0.000330496069 2.098190545e-11 -0.05324001375)
(-0.0002747435736 2.098324422e-11 -0.05324258319)
(-0.0002111361527 2.098477121e-11 -0.05324551465)
(-0.0001421186748 2.098642874e-11 -0.05324869544)
(-7.03425913e-05 2.098815219e-11 -0.05325200336)
(1.433492245e-06 2.098987564e-11 -0.05325531128)
(7.045097009e-05 2.099153316e-11 -0.05325849207)
(0.000134058391 2.099306015e-11 -0.05326142353)
(0.0001898108863 2.099439893e-11 -0.05326399298)
(0.0002355653676 2.099549787e-11 -0.05326610165)
(0.0002695641342 2.09963145e-11 -0.05326766854)
(0.000290500178 2.099681702e-11 -0.05326863341)
(0.000297569611 2.099698679e-11 -0.05326895922)
(0.000290500178 2.099681702e-11 -0.05326863341)
(0.0002695641341 2.09963145e-11 -0.05326766854)
(0.0002355653674 2.099549787e-11 -0.05326610165)
(0.0001898108861 2.099439893e-11 -0.05326399298)
(0.0001340583907 2.099306015e-11 -0.05326142353)
(7.045096982e-05 2.099153316e-11 -0.05325849207)
(1.433491957e-06 2.098987564e-11 -0.05325531128)
(-7.034259159e-05 2.098815219e-11 -0.05325200336)
(-0.0001421186751 2.098642874e-11 -0.05324869544)
(-0.000211136153 2.098477121e-11 -0.05324551465)
(-0.0002747435739 2.098324422e-11 -0.05324258319)
(-0.0003304960692 2.098190545e-11 -0.05324001375)
(-0.0003762505505 2.09808065e-11 -0.05323790507)
(-0.000410249317 2.097999031e-11 -0.05323633818)
(-0.0004311853609 2.097948757e-11 -0.05323537331)
(-0.0004427790005 2.261171896e-11 -0.05732342714)
(-0.0004357125394 2.26118886e-11 -0.05732375268)
(-0.0004147852967 2.261239113e-11 -0.05732471674)
(-0.0003808008228 2.261320688e-11 -0.05732628231)
(-0.0003350655761 2.261430496e-11 -0.05732838921)
(-0.0002793365184 2.261564287e-11 -0.05733095649)
(-0.0002157558374 2.261716942e-11 -0.05733388548)
(-0.0001467673736 2.261882522e-11 -0.05733706359)
(-7.502146393e-05 2.26205478e-11 -0.05734036872)
(-3.275554221e-06 2.262227038e-11 -0.05734367386)
(6.571290948e-05 2.262392617e-11 -0.05734685197)
(0.0001292935905 2.262545273e-11 -0.05734978095)
(0.0001850226482 2.262679063e-11 -0.05735234824)
(0.0002307578948 2.262788871e-11 -0.05735445513)
(0.0002647423687 2.262870447e-11 -0.05735602071)
(0.0002856696113 2.262920656e-11 -0.05735698477)
(0.0002927360723 2.262937629e-11 -0.0573573103)
(0.0002856696112 2.262920656e-11 -0.05735698477)
(0.0002647423686 2.262870447e-11 -0.05735602071)
(0.0002307578946 2.262788871e-11 -0.05735445513)
(0.000185022648 2.262679063e-11 -0.05735234824)
(0.0001292935903 2.262545273e-11 -0.05734978095)
(6.57129092e-05 2.262392617e-11 -0.05734685197)
(-3.275554509e-06 2.262227038e-11 -0.05734367386)
(-7.502146422e-05 2.26205478e-11 -0.05734036872)
(-0.0001467673739 2.261882522e-11 -0.05733706359)
(-0.0002157558376 2.261716942e-11 -0.05733388548)
(-0.0002793365187 2.261564287e-11 -0.05733095649)
(-0.0003350655763 2.261430496e-11 -0.05732838921)
(-0.0003808008229 2.261320688e-11 -0.05732628231)
(-0.0004147852968 2.261239113e-11 -0.05732471674)
(-0.0004357125394 2.26118886e-11 -0.05732375268)
(-0.0004471264499 2.424804284e-11 -0.06141002091)
(-0.0004400631955 2.424821238e-11 -0.06141034614)
(-0.0004191454494 2.424871436e-11 -0.06141130933)
(-0.0003851763972 2.424952947e-11 -0.06141287348)
(-0.0003394619047 2.425062668e-11 -0.06141497846)
(-0.0002837581363 2.425196372e-11 -0.06141754341)
(-0.0002202063074 2.425348897e-11 -0.06142046973)
(-0.0001512491499 2.42551439e-11 -0.06142364495)
(-7.953579773e-05 2.425686475e-11 -0.06142694708)
(-7.82244554e-06 2.425858559e-11 -0.06143024921)
(6.113471194e-05 2.426024139e-11 -0.06143342443)
(0.0001246865408 2.426176664e-11 -0.06143635075)
(0.0001803903092 2.426310368e-11 -0.0614389157)
(0.0002261048016 2.426420089e-11 -0.06144102068)
(0.0002600738537 2.426501599e-11 -0.06144258483)
(0.0002809915998 2.426551798e-11 -0.06144354802)
(0.0002880548541 2.426568755e-11 -0.06144387325)
(0.0002809915997 2.426551798e-11 -0.06144354802)
(0.0002600738536 2.426501599e-11 -0.06144258483)
(0.0002261048014 2.426420089e-11 -0.06144102068)
(0.000180390309 2.426310368e-11 -0.0614389157)
(0.0001246865405 2.426176664e-11 -0.06143635075)
(6.113471166e-05 2.426024139e-11 -0.06143342443)
(-7.822445829e-06 2.425858559e-11 -0.06143024921)
(-7.953579803e-05 2.425686475e-11 -0.06142694708)
(-0.0001512491502 2.42551439e-11 -0.06142364495)
(-0.0002202063077 2.425348897e-11 -0.06142046973)
(-0.0002837581365 2.425196372e-11 -0.06141754341)
(-0.0003394619049 2.425062668e-11 -0.06141497846)
(-0.0003851763974 2.424952947e-11 -0.06141287348)
(-0.0004191454495 2.424871436e-11 -0.06141130933)
(-0.0004400631955 2.424821238e-11 -0.06141034614)
(-0.0004512844871 2.58885776e-11 -0.06549469221)
(-0.0004442246769 2.588874698e-11 -0.06549501712)
(-0.0004233171307 2.588924864e-11 -0.06549597937)
(-0.0003893646426 2.58900631e-11 -0.06549754199)
(-0.0003436724415 2.589115944e-11 -0.06549964491)
(-0.0002879958354 2.589249561e-11 -0.06550220735)
(-0.0002244749957 2.589401957e-11 -0.06550513082)
(-0.0001555514632 2.589567276e-11 -0.06550830294)
(-8.387307992e-05 2.589739274e-11 -0.06551160184)
(-1.219469668e-05 2.589911272e-11 -0.06551490074)
(5.672883584e-05 2.590076677e-11 -0.06551807286)
(0.0001202496755 2.590229073e-11 -0.06552099633)
(0.0001759262815 2.59036269e-11 -0.06552355877)
(0.0002216184826 2.590472324e-11 -0.06552566169)
(0.0002555709707 2.59055377e-11 -0.06552722431)
(0.0002764785168 2.590603936e-11 -0.06552818656)
(0.000283538327 2.590620873e-11 -0.06552851147)
(0.0002764785167 2.590603936e-11 -0.06552818656)
(0.0002555709706 2.59055377e-11 -0.06552722431)
(0.0002216184825 2.590472324e-11 -0.06552566169)
(0.0001759262813 2.59036269e-11 -0.06552355877)
(0.0001202496752 2.590229073e-11 -0.06552099633)
(5.672883556e-05 2.590076677e-11 -0.06551807286)
(-1.219469697e-05 2.589911272e-11 -0.06551490074)
(-8.387308022e-05 2.589739274e-11 -0.06551160184)
(-0.0001555514635 2.589567276e-11 -0.06550830294)
(-0.000224474996 2.589401957e-11 -0.06550513082)
(-0.0002879958356 2.589249561e-11 -0.06550220735)
(-0.0003436724417 2.589115944e-11 -0.06549964491)
(-0.0003893646428 2.58900631e-11 -0.06549754199)
(-0.0004233171309 2.588924864e-11 -0.06549597937)
(-0.0004442246769 2.588874698e-11 -0.06549501712)
(-0.0004552403867 2.753362898e-11 -0.06957730309)
(-0.0004481842601 2.753379827e-11 -0.06957762767)
(-0.0004272876231 2.753429928e-11 -0.06957858891)
(-0.0003933528507 2.753511308e-11 -0.06958014989)
(-0.0003476844909 2.753620856e-11 -0.06958225062)
(-0.0002920369357 2.753754343e-11 -0.06958481038)
(-0.00022854924 2.753906651e-11 -0.06958773079)
(-0.0001596616704 2.754071884e-11 -0.06959089959)
(-8.80206875e-05 2.754243708e-11 -0.06959419505)
(-1.637970461e-05 2.754415532e-11 -0.0695974905)
(5.250786497e-05 2.754580765e-11 -0.0696006593)
(0.0001159955607 2.754733074e-11 -0.06960357971)
(0.0001716431158 2.754866561e-11 -0.06960613947)
(0.0002173114756 2.754976108e-11 -0.0696082402)
(0.000251246248 2.755057489e-11 -0.06960980119)
(0.0002721428849 2.755107633e-11 -0.06961076242)
(0.0002791990114 2.755124553e-11 -0.069611087)
(0.0002721428848 2.755107633e-11 -0.06961076242)
(0.0002512462478 2.755057489e-11 -0.06960980119)
(0.0002173114754 2.754976108e-11 -0.0696082402)
(0.0001716431156 2.754866561e-11 -0.06960613947)
(0.0001159955604 2.754733074e-11 -0.06960357971)
(5.250786469e-05 2.754580765e-11 -0.0696006593)
(-1.63797049e-05 2.754415532e-11 -0.0695974905)
(-8.802068779e-05 2.754243708e-11 -0.06959419505)
(-0.0001596616707 2.754071884e-11 -0.06959089959)
(-0.0002285492403 2.753906651e-11 -0.06958773079)
(-0.000292036936 2.753754343e-11 -0.06958481038)
(-0.0003476844911 2.753620856e-11 -0.06958225062)
(-0.0003933528509 2.753511308e-11 -0.06958014989)
(-0.0004272876233 2.753429928e-11 -0.06957858891)
(-0.0004481842602 2.753379827e-11 -0.06957762767)
(-0.000458981434 2.918352562e-11 -0.07365771484)
(-0.0004519292313 2.918369474e-11 -0.07365803905)
(-0.0004310442147 2.918419542e-11 -0.07365899922)
(-0.0003971283132 2.918500858e-11 -0.07366055847)
(-0.0003514853491 2.918610319e-11 -0.07366265685)
(-0.0002958687391 2.918743676e-11 -0.07366521376)
(-0.0002324163484 2.918895811e-11 -0.07366813092)
(-0.0001635670866 2.919061e-11 -0.07367129619)
(-9.196594264e-05 2.919232651e-11 -0.07367458797)
(-2.036479871e-05 2.919404302e-11 -0.07367787975)
(4.848446306e-05 2.919569404e-11 -0.07368104502)
(0.0001119368538 2.919721539e-11 -0.07368396218)
(0.0001675534638 2.919854896e-11 -0.07368651909)
(0.0002131964278 2.919964357e-11 -0.07368861747)
(0.0002471123293 2.920045672e-11 -0.07369017672)
(0.0002679973458 2.920095762e-11 -0.07369113689)
(0.0002750495484 2.920112661e-11 -0.0736914611)
(0.0002679973457 2.920095762e-11 -0.07369113689)
(0.0002471123292 2.920045672e-11 -0.07369017672)
(0.0002131964276 2.919964357e-11 -0.07368861747)
(0.0001675534635 2.919854896e-11 -0.07368651909)
(0.0001119368535 2.919721539e-11 -0.07368396218)
(4.848446278e-05 2.919569404e-11 -0.07368104502)
(-2.036479901e-05 2.919404302e-11 -0.07367787975)
(-9.196594294e-05 2.919232651e-11 -0.07367458797)
(-0.0001635670869 2.919061e-11 -0.07367129619)
(-0.0002324163486 2.918895811e-11 -0.07366813092)
(-0.0002958687394 2.918743676e-11 -0.07366521376)
(-0.0003514853493 2.918610319e-11 -0.07366265685)
(-0.0003971283133 2.918500858e-11 -0.07366055847)
(-0.0004310442149 2.918419542e-11 -0.07365899922)
(-0.0004519292314 2.918369474e-11 -0.07365803905)
(-0.0004624950347 3.083862482e-11 -0.07773578881)
(-0.000455446995 3.083879376e-11 -0.07773611264)
(-0.000434574307 3.083929401e-11 -0.07773707167)
(-0.0004006784263 3.084010651e-11 -0.07773862908)
(-0.0003550624056 3.084119982e-11 -0.07774072498)
(-0.0002994786264 3.084253252e-11 -0.07774327887)
(-0.0002360636921 3.084405257e-11 -0.07774619257)
(-0.0001672550725 3.084570099e-11 -0.0777493541)
(-9.569619519e-05 3.084741663e-11 -0.07775264199)
(-2.413731792e-05 3.084913228e-11 -0.07775592988)
(4.467130166e-05 3.085078156e-11 -0.0777590914)
(0.000108086236 3.085230162e-11 -0.07776200511)
(0.0001636700151 3.085363432e-11 -0.07776455899)
(0.0002092860357 3.085472763e-11 -0.0777666549)
(0.0002431819165 3.085554013e-11 -0.0777682123)
(0.0002640546044 3.085604038e-11 -0.07776917133)
(0.0002711026441 3.085620925e-11 -0.07776949516)
(0.0002640546043 3.085604038e-11 -0.07776917133)
(0.0002431819163 3.085554013e-11 -0.0777682123)
(0.0002092860356 3.085472763e-11 -0.0777666549)
(0.0001636700149 3.085363432e-11 -0.07776455899)
(0.0001080862357 3.085230162e-11 -0.07776200511)
(4.467130138e-05 3.085078156e-11 -0.0777590914)
(-2.413731821e-05 3.084913228e-11 -0.07775592988)
(-9.569619549e-05 3.084741663e-11 -0.07775264199)
(-0.0001672550728 3.084570099e-11 -0.0777493541)
(-0.0002360636923 3.084405257e-11 -0.07774619257)
(-0.0002994786267 3.084253252e-11 -0.07774327887)
(-0.0003550624058 3.084119982e-11 -0.07774072498)
(-0.0004006784264 3.084010651e-11 -0.07773862908)
(-0.0004345743071 3.083929401e-11 -0.07773707167)
(-0.0004554469951 3.083879376e-11 -0.07773611264)
(-0.0004657688591 3.249931801e-11 -0.08181138768)
(-0.0004587252179 3.249948683e-11 -0.08181171111)
(-0.0004378655564 3.249998664e-11 -0.08181266894)
(-0.0004039908297 3.250079806e-11 -0.08181422439)
(-0.0003584032775 3.25018905e-11 -0.08181631768)
(-0.0003028541876 3.250322147e-11 -0.08181886837)
(-0.0002394788299 3.250473979e-11 -0.08182177843)
(-0.0001707131531 3.250638734e-11 -0.081824936)
(-9.919893495e-05 3.250810125e-11 -0.08182821978)
(-2.768471684e-05 3.250981515e-11 -0.08183150356)
(4.108095997e-05 3.251146271e-11 -0.08183466113)
(0.0001044563177 3.251298102e-11 -0.08183757119)
(0.0001600054075 3.251431199e-11 -0.08184012189)
(0.0002055929597 3.251540443e-11 -0.08184221517)
(0.0002394676863 3.251621628e-11 -0.08184377063)
(0.0002603273478 3.25167161e-11 -0.08184472846)
(0.0002673709889 3.251688492e-11 -0.08184505189)
(0.0002603273477 3.25167161e-11 -0.08184472846)
(0.0002394676862 3.251621628e-11 -0.08184377063)
(0.0002055929595 3.251540443e-11 -0.08184221517)
(0.0001600054073 3.251431199e-11 -0.08184012189)
(0.0001044563174 3.251298102e-11 -0.08183757119)
(4.108095969e-05 3.251146271e-11 -0.08183466113)
(-2.768471714e-05 3.250981515e-11 -0.08183150356)
(-9.919893525e-05 3.250810125e-11 -0.08182821978)
(-0.0001707131534 3.250638734e-11 -0.081824936)
(-0.0002394788302 3.250473979e-11 -0.08182177843)
(-0.0003028541879 3.250322147e-11 -0.08181886837)
(-0.0003584032777 3.25018905e-11 -0.08181631768)
(-0.0004039908299 3.250079806e-11 -0.08181422439)
(-0.0004378655565 3.249998664e-11 -0.08181266894)
(-0.000458725218 3.249948683e-11 -0.08181171111)
(-0.0004687910158 3.416603586e-11 -0.08588437697)
(-0.0004617520025 3.416620437e-11 -0.08588469997)
(-0.0004409060462 3.416670375e-11 -0.08588565654)
(-0.0004070535759 3.416751474e-11 -0.08588720995)
(-0.0003614959756 3.416860588e-11 -0.08588930047)
(-0.0003059833826 3.416993554e-11 -0.08589184781)
(-0.0002426496637 3.417145256e-11 -0.08589475404)
(-0.0001739291673 3.417309751e-11 -0.08589790746)
(-0.0001024619355 3.417480968e-11 -0.08590118691)
(-3.099470367e-05 3.417652186e-11 -0.08590446637)
(3.772579272e-05 3.417816767e-11 -0.08590761978)
(0.0001010595116 3.417968469e-11 -0.08591052601)
(0.0001565721045 3.418101436e-11 -0.08591307335)
(0.0002021297047 3.41821055e-11 -0.08591516388)
(0.000235982175 3.418291648e-11 -0.08591671729)
(0.0002568281313 3.418341565e-11 -0.08591767386)
(0.0002638671445 3.418358427e-11 -0.08591799686)
(0.0002568281312 3.418341565e-11 -0.08591767386)
(0.0002359821749 3.418291648e-11 -0.08591671729)
(0.0002021297046 3.41821055e-11 -0.08591516388)
(0.0001565721043 3.418101436e-11 -0.08591307335)
(0.0001010595113 3.417968469e-11 -0.08591052601)
(3.772579244e-05 3.417816767e-11 -0.08590761978)
(-3.099470396e-05 3.417652186e-11 -0.08590446637)
(-0.0001024619358 3.417480968e-11 -0.08590118691)
(-0.0001739291676 3.417309751e-11 -0.08589790746)
(-0.000242649664 3.417145256e-11 -0.08589475404)
(-0.0003059833828 3.416993554e-11 -0.08589184781)
(-0.0003614959758 3.416860588e-11 -0.08588930047)
(-0.000407053576 3.416751474e-11 -0.08588720995)
(-0.0004409060463 3.416670375e-11 -0.08588565654)
(-0.0004617520026 3.416620437e-11 -0.08588469997)
(-0.0004715502584 3.583925247e-11 -0.08995462693)
(-0.0004645160921 3.583942084e-11 -0.08995494949)
(-0.0004436844901 3.583991979e-11 -0.08995590474)
(-0.0004098553303 3.584072926e-11 -0.089957456)
(-0.0003643291006 3.584181953e-11 -0.08995954365)
(-0.0003088547331 3.584314746e-11 -0.08996208747)
(-0.0002455646252 3.584466274e-11 -0.08996498969)
(-0.0001768914491 3.584630769e-11 -0.08996813876)
(-0.000105473429 3.584801726e-11 -0.08997141369)
(-3.405540882e-05 3.584972683e-11 -0.08997468862)
(3.461776725e-05 3.585137092e-11 -0.08997783768)
(9.790787507e-05 3.58528862e-11 -0.0899807399)
(0.0001533822426 3.585421413e-11 -0.08998328373)
(0.0001989084722 3.58553044e-11 -0.08998537137)
(0.000232737632 3.58561143e-11 -0.08998692263)
(0.0002535692339 3.585661303e-11 -0.08998787788)
(0.0002606034002 3.585678146e-11 -0.08998820044)
(0.0002535692339 3.585661303e-11 -0.08998787788)
(0.0002327376319 3.58561143e-11 -0.08998692263)
(0.0001989084721 3.58553044e-11 -0.08998537137)
(0.0001533822424 3.585421413e-11 -0.08998328373)
(9.790787482e-05 3.58528862e-11 -0.0899807399)
(3.461776697e-05 3.585137092e-11 -0.08997783768)
(-3.405540912e-05 3.584972683e-11 -0.08997468862)
(-0.0001054734293 3.584801726e-11 -0.08997141369)
(-0.0001768914494 3.584630769e-11 -0.08996813876)
(-0.0002455646255 3.584466274e-11 -0.08996498969)
(-0.0003088547333 3.584314746e-11 -0.08996208747)
(-0.0003643291008 3.584181953e-11 -0.08995954365)
(-0.0004098553305 3.584072926e-11 -0.089957456)
(-0.0004436844902 3.583991979e-11 -0.08995590474)
(-0.0004645160922 3.583942084e-11 -0.08995494949)
(-0.0004740359549 3.751929827e-11 -0.09402155565)
(-0.00046700684 3.751946648e-11 -0.09402187774)
(-0.0004461901978 3.751996478e-11 -0.09402283162)
(-0.0004123853317 3.752077381e-11 -0.09402438065)
(-0.0003668917958 3.752186235e-11 -0.09402646529)
(-0.000311457266 3.752318898e-11 -0.09402900545)
(-0.0002482126087 3.752470253e-11 -0.0940319035)
(-0.0001795887489 3.752634488e-11 -0.09403504803)
(-0.0001082220161 3.752805271e-11 -0.09403831825)
(-3.685528339e-05 3.752976055e-11 -0.09404158847)
(3.176857643e-05 3.75314029e-11 -0.09404473301)
(9.501323373e-05 3.753291644e-11 -0.09404763105)
(0.0001504477634 3.753424307e-11 -0.09405017121)
(0.0001959412994 3.753533161e-11 -0.09405225585)
(0.0002297461654 3.753614065e-11 -0.09405380489)
(0.0002505628075 3.753663873e-11 -0.09405475876)
(0.0002575919223 3.753680696e-11 -0.09405508085)
(0.0002505628075 3.753663873e-11 -0.09405475876)
(0.0002297461653 3.753614065e-11 -0.09405380489)
(0.0001959412992 3.753533161e-11 -0.09405225585)
(0.0001504477632 3.753424307e-11 -0.09405017121)
(9.501323348e-05 3.753291644e-11 -0.09404763105)
(3.176857615e-05 3.75314029e-11 -0.09404473301)
(-3.685528368e-05 3.752976055e-11 -0.09404158847)
(-0.0001082220164 3.752805271e-11 -0.09403831825)
(-0.0001795887492 3.752634488e-11 -0.09403504803)
(-0.000248212609 3.752470253e-11 -0.0940319035)
(-0.0003114572663 3.752318898e-11 -0.09402900545)
(-0.000366891796 3.752186235e-11 -0.09402646529)
(-0.0004123853319 3.752077381e-11 -0.09402438065)
(-0.0004461901979 3.751996478e-11 -0.09402283162)
(-0.0004670068401 3.751946648e-11 -0.09402187774)
(-0.0004762396678 3.920731201e-11 -0.09808642735)
(-0.0004692157918 3.920747993e-11 -0.09808674896)
(-0.0004484146644 3.920797758e-11 -0.09808770141)
(-0.0004146349934 3.920878552e-11 -0.09808924813)
(-0.0003691753642 3.920987276e-11 -0.09809132966)
(-0.0003137821502 3.921119809e-11 -0.09809386603)
(-0.0002505846297 3.921270947e-11 -0.09809675974)
(-0.0001820119158 3.921434965e-11 -0.09809989958)
(-0.0001106983733 3.921605575e-11 -0.09810316492)
(-3.938483079e-05 3.921776185e-11 -0.09810643026)
(2.918788308e-05 3.921940203e-11 -0.0981095701)
(9.23854036e-05 3.922091341e-11 -0.09811246381)
(0.0001477786175 3.922223874e-11 -0.09811500018)
(0.0001932382467 3.922332598e-11 -0.09811708171)
(0.0002270179177 3.922413392e-11 -0.09811862843)
(0.000247819045 3.922463157e-11 -0.09811958088)
(0.0002548429209 3.922479958e-11 -0.09811990249)
(0.0002478190449 3.922463157e-11 -0.09811958088)
(0.0002270179176 3.922413392e-11 -0.09811862843)
(0.0001932382465 3.922332598e-11 -0.09811708171)
(0.0001477786173 3.922223874e-11 -0.09811500018)
(9.238540335e-05 3.922091341e-11 -0.09811246381)
(2.91878828e-05 3.921940203e-11 -0.0981095701)
(-3.938483109e-05 3.921776185e-11 -0.09810643026)
(-0.0001106983736 3.921605575e-11 -0.09810316492)
(-0.0001820119161 3.921434965e-11 -0.09809989958)
(-0.00025058463 3.921270947e-11 -0.09809675974)
(-0.0003137821505 3.921119809e-11 -0.09809386603)
(-0.0003691753644 3.920987276e-11 -0.09809132966)
(-0.0004146349936 3.920878552e-11 -0.09808924813)
(-0.0004484146646 3.920797758e-11 -0.09808770141)
(-0.0004692157919 3.920747993e-11 -0.09808674896)
(-0.0004781525779 4.090314581e-11 -0.1021473051)
(-0.000471134102 4.090331361e-11 -0.1021476262)
(-0.0004503489672 4.09038105e-11 -0.1021485772)
(-0.0004165952671 4.09046178e-11 -0.1021501215)
(-0.0003711705886 4.090570374e-11 -0.1021521998)
(-0.0003158199628 4.090702733e-11 -0.1021547323)
(-0.0002526710305 4.090853697e-11 -0.1021576216)
(-0.0001841510374 4.091017542e-11 -0.1021607566)
(-0.0001128923231 4.091187892e-11 -0.1021640169)
(-4.163360866e-05 4.091358242e-11 -0.1021672772)
(2.688638434e-05 4.091522086e-11 -0.1021704122)
(9.00353166e-05 4.091673051e-11 -0.1021733014)
(0.0001453859424 4.09180541e-11 -0.1021758339)
(0.0001908106208 4.091914004e-11 -0.1021779122)
(0.0002245643209 4.09199469e-11 -0.1021794566)
(0.0002453494557 4.092044379e-11 -0.1021804075)
(0.0002523679314 4.092061155e-11 -0.1021807287)
(0.0002453494556 4.092044379e-11 -0.1021804075)
(0.0002245643208 4.09199469e-11 -0.1021794566)
(0.0001908106206 4.091914004e-11 -0.1021779122)
(0.0001453859422 4.09180541e-11 -0.1021758339)
(9.003531634e-05 4.091673051e-11 -0.1021733014)
(2.688638405e-05 4.091522086e-11 -0.1021704122)
(-4.163360896e-05 4.091358242e-11 -0.1021672772)
(-0.0001128923234 4.091187892e-11 -0.1021640169)
(-0.0001841510377 4.091017542e-11 -0.1021607566)
(-0.0002526710307 4.090853697e-11 -0.1021576216)
(-0.000315819963 4.090702733e-11 -0.1021547323)
(-0.0003711705888 4.090570374e-11 -0.1021521998)
(-0.0004165952672 4.09046178e-11 -0.1021501215)
(-0.0004503489673 4.09038105e-11 -0.1021485772)
(-0.0004711341021 4.090331361e-11 -0.1021476262)
(-0.0004797694029 4.260822296e-11 -0.1062059376)
(-0.0004727564621 4.260839056e-11 -0.1062062582)
(-0.0004519877193 4.26088869e-11 -0.1062072077)
(-0.0004182606387 4.260969312e-11 -0.1062087496)
(-0.000372871784 4.261077775e-11 -0.1062108246)
(-0.0003175648098 4.261209918e-11 -0.1062133531)
(-0.0002544656793 4.261360709e-11 -0.1062162378)
(-0.0001859997239 4.261524293e-11 -0.1062193678)
(-0.000114797207 4.26169447e-11 -0.106222623)
(-4.359469012e-05 4.261864646e-11 -0.1062258781)
(2.487126526e-05 4.26202823e-11 -0.1062290082)
(8.797039573e-05 4.262179021e-11 -0.1062318929)
(0.0001432773698 4.262311164e-11 -0.1062344214)
(0.0001886662245 4.262419627e-11 -0.1062364964)
(0.0002223933051 4.262500249e-11 -0.1062380383)
(0.0002431620478 4.262549862e-11 -0.1062389878)
(0.0002501749886 4.262566624e-11 -0.1062393084)
(0.0002431620478 4.262549862e-11 -0.1062389878)
(0.000222393305 4.262500249e-11 -0.1062380383)
(0.0001886662243 4.262419627e-11 -0.1062364964)
(0.0001432773696 4.262311164e-11 -0.1062344214)
(8.797039547e-05 4.262179021e-11 -0.1062318929)
(2.487126497e-05 4.26202823e-11 -0.1062290082)
(-4.359469042e-05 4.261864646e-11 -0.1062258781)
(-0.0001147972073 4.26169447e-11 -0.106222623)
(-0.0001859997242 4.261524293e-11 -0.1062193678)
(-0.0002544656796 4.261360709e-11 -0.1062162378)
(-0.0003175648101 4.261209918e-11 -0.1062133531)
(-0.0003728717842 4.261077775e-11 -0.1062108246)
(-0.0004182606388 4.260969312e-11 -0.1062087496)
(-0.0004519877194 4.26088869e-11 -0.1062072077)
(-0.0004727564622 4.260839056e-11 -0.1062062582)
(-0.0004810852179 4.432246483e-11 -0.1102604242)
(-0.0004740779106 4.432263226e-11 -0.1102607442)
(-0.000453325851 4.432312785e-11 -0.1102616922)
(-0.000419625863 4.432393298e-11 -0.1102632316)
(-0.0003742734687 4.432501588e-11 -0.1102653033)
(-0.000319010922 4.4326336e-11 -0.1102678277)
(-0.0002559624783 4.432784174e-11 -0.1102707078)
(-0.0001875515209 4.432947585e-11 -0.1102738328)
(-0.0001164062002 4.433117502e-11 -0.1102770827)
(-4.526087949e-05 4.433287418e-11 -0.1102803326)
(2.315007793e-05 4.433450829e-11 -0.1102834576)
(8.619852157e-05 4.433601403e-11 -0.1102863377)
(0.0001414610682 4.433733415e-11 -0.1102888621)
(0.0001868134625 4.433841705e-11 -0.1102909338)
(0.0002205134505 4.433922218e-11 -0.1102924732)
(0.0002412655099 4.433971777e-11 -0.1102934211)
(0.0002482728172 4.433988517e-11 -0.1102937412)
(0.0002412655099 4.433971777e-11 -0.1102934211)
(0.0002205134503 4.433922218e-11 -0.1102924732)
(0.0001868134623 4.433841705e-11 -0.1102909338)
(0.000141461068 4.433733415e-11 -0.1102888621)
(8.619852131e-05 4.433601403e-11 -0.1102863377)
(2.315007764e-05 4.433450829e-11 -0.1102834576)
(-4.52608798e-05 4.433287418e-11 -0.1102803326)
(-0.0001164062005 4.433117502e-11 -0.1102770827)
(-0.0001875515212 4.432947585e-11 -0.1102738328)
(-0.0002559624786 4.432784174e-11 -0.1102707078)
(-0.0003190109223 4.4326336e-11 -0.1102678277)
(-0.0003742734689 4.432501588e-11 -0.1102653033)
(-0.0004196258632 4.432393298e-11 -0.1102632316)
(-0.0004533258512 4.432312785e-11 -0.1102616922)
(-0.0004740779106 4.432263226e-11 -0.1102607442)
(-0.000482098617 4.604736063e-11 -0.1143125498)
(-0.000475097005 4.604752777e-11 -0.1143128694)
(-0.0004543618125 4.604802282e-11 -0.1143138158)
(-0.0004206892153 4.604882664e-11 -0.1143153527)
(-0.0003753736826 4.604990824e-11 -0.1143174211)
(-0.0003201560525 4.605122663e-11 -0.1143199413)
(-0.0002571588536 4.605273021e-11 -0.1143228167)
(-0.0001888034995 4.605436171e-11 -0.1143259366)
(-0.0001177160046 4.605605914e-11 -0.1143291813)
(-4.66285097e-05 4.605775657e-11 -0.1143324259)
(2.172684437e-05 4.605938807e-11 -0.1143355458)
(8.472404322e-05 4.606089165e-11 -0.1143384212)
(0.0001399416733 4.606221004e-11 -0.1143409415)
(0.0001852572059 4.606329164e-11 -0.1143430098)
(0.0002189298031 4.606409546e-11 -0.1143445467)
(0.0002396649956 4.606459051e-11 -0.1143454931)
(0.0002466666074 4.606475767e-11 -0.1143458127)
(0.0002396649955 4.606459051e-11 -0.1143454931)
(0.0002189298029 4.606409546e-11 -0.1143445467)
(0.0001852572057 4.606329164e-11 -0.1143430098)
(0.0001399416731 4.606221004e-11 -0.1143409415)
(8.472404296e-05 4.606089165e-11 -0.1143384212)
(2.172684408e-05 4.605938807e-11 -0.1143355458)
(-4.662851001e-05 4.605775657e-11 -0.1143324259)
(-0.0001177160049 4.605605914e-11 -0.1143291813)
(-0.0001888034998 4.605436171e-11 -0.1143259366)
(-0.0002571588539 4.605273021e-11 -0.1143228167)
(-0.0003201560528 4.605122663e-11 -0.1143199413)
(-0.0003753736828 4.604990824e-11 -0.1143174211)
(-0.0004206892154 4.604882664e-11 -0.1143153527)
(-0.0004543618126 4.604802282e-11 -0.1143138158)
(-0.0004750970051 4.604752777e-11 -0.1143128694)
(-0.0004828095512 4.77828522e-11 -0.1183604616)
(-0.0004758136509 4.778301908e-11 -0.1183607807)
(-0.0004550953732 4.778351369e-11 -0.1183617256)
(-0.0004214502446 4.7784316e-11 -0.11836326)
(-0.0003761716783 4.77853963e-11 -0.1183653249)
(-0.0003209990923 4.778671295e-11 -0.1183678411)
(-0.0002580532838 4.778821479e-11 -0.1183707117)
(-0.0001897536909 4.778984413e-11 -0.1183738265)
(-0.0001187241861 4.779153896e-11 -0.1183770659)
(-4.769468119e-05 4.779323378e-11 -0.1183803052)
(2.060491161e-05 4.779486312e-11 -0.11838342)
(8.355072014e-05 4.779636496e-11 -0.1183862907)
(0.0001387233061 4.779768161e-11 -0.1183888069)
(0.0001840018723 4.779876191e-11 -0.1183908718)
(0.0002176470008 4.779956465e-11 -0.1183924062)
(0.0002383652785 4.780005883e-11 -0.1183933511)
(0.0002453611788 4.780022578e-11 -0.1183936701)
(0.0002383652785 4.780005883e-11 -0.1183933511)
(0.0002176470007 4.779956465e-11 -0.1183924062)
(0.0001840018721 4.779876191e-11 -0.1183908718)
(0.0001387233059 4.779768161e-11 -0.1183888069)
(8.355071988e-05 4.779636496e-11 -0.1183862907)
(2.060491132e-05 4.779486312e-11 -0.11838342)
(-4.76946815e-05 4.779323378e-11 -0.1183803052)
(-0.0001187241864 4.779153896e-11 -0.1183770659)
(-0.0001897536913 4.778984413e-11 -0.1183738265)
(-0.0002580532841 4.778821479e-11 -0.1183707117)
(-0.0003209990926 4.778671295e-11 -0.1183678411)
(-0.0003761716786 4.77853963e-11 -0.1183653249)
(-0.0004214502447 4.7784316e-11 -0.11836326)
(-0.0004550953733 4.778351369e-11 -0.1183617256)
(-0.000475813651 4.778301908e-11 -0.1183607807)
(-0.0004832213232 4.953043082e-11 -0.1224059915)
(-0.0004762311064 4.953059751e-11 -0.12240631)
(-0.0004555296603 4.953109125e-11 -0.1224072534)
(-0.000421911865 4.953189291e-11 -0.1224087853)
(-0.0003766700832 4.953297191e-11 -0.1224108468)
(-0.0003215423195 4.953428639e-11 -0.1224133589)
(-0.0002586476483 4.953578606e-11 -0.1224162249)
(-0.0001904035422 4.95374141e-11 -0.1224193347)
(-0.0001194317419 4.953910632e-11 -0.1224225687)
(-4.845994157e-05 4.954079855e-11 -0.1224258028)
(1.978416448e-05 4.954242572e-11 -0.1224289125)
(8.267883568e-05 4.954392539e-11 -0.1224317785)
(0.0001378065993 4.954523987e-11 -0.1224342906)
(0.0001830483811 4.954631887e-11 -0.1224363522)
(0.0002166661763 4.954712053e-11 -0.1224378841)
(0.0002373676223 4.954761428e-11 -0.1224388274)
(0.0002443578391 4.954778093e-11 -0.1224391459)
(0.0002373676223 4.954761428e-11 -0.1224388274)
(0.0002166661761 4.954712053e-11 -0.1224378841)
(0.0001830483809 4.954631887e-11 -0.1224363522)
(0.0001378065991 4.954523987e-11 -0.1224342906)
(8.267883542e-05 4.954392539e-11 -0.1224317785)
(1.978416419e-05 4.954242572e-11 -0.1224289125)
(-4.845994188e-05 4.954079855e-11 -0.1224258028)
(-0.0001194317422 4.953910632e-11 -0.1224225687)
(-0.0001904035426 4.95374141e-11 -0.1224193347)
(-0.0002586476486 4.953578606e-11 -0.1224162249)
(-0.0003215423198 4.953428639e-11 -0.1224133589)
(-0.0003766700834 4.953297191e-11 -0.1224108468)
(-0.0004219118652 4.953189291e-11 -0.1224087853)
(-0.0004555296604 4.953109125e-11 -0.1224072534)
(-0.0004762311065 4.953059751e-11 -0.12240631)
(-0.0004833394013 5.128997369e-11 -0.1264473433)
(-0.0004763547878 5.12901401e-11 -0.1264476613)
(-0.000455669936 5.12906332e-11 -0.1264486031)
(-0.0004220790888 5.129143377e-11 -0.1264501325)
(-0.0003768735728 5.129251104e-11 -0.1264521908)
(-0.0003217899996 5.129382422e-11 -0.1264546988)
(-0.0002589457448 5.129532172e-11 -0.1264575602)
(-0.0001907563432 5.129694586e-11 -0.126460665)
(-0.0001198414339 5.129863635e-11 -0.1264638938)
(-4.892652459e-05 5.130032683e-11 -0.1264671227)
(1.926287695e-05 5.13019527e-11 -0.1264702275)
(8.210713175e-05 5.13034502e-11 -0.1264730888)
(0.0001371907049 5.130476339e-11 -0.1264755969)
(0.0001823962209 5.130584065e-11 -0.1264776552)
(0.000215987068 5.130664123e-11 -0.1264791846)
(0.0002366719198 5.130713411e-11 -0.1264801264)
(0.0002436565332 5.130730055e-11 -0.1264804444)
(0.0002366719197 5.130713411e-11 -0.1264801264)
(0.0002159870679 5.130664123e-11 -0.1264791846)
(0.0001823962207 5.130584065e-11 -0.1264776552)
(0.0001371907047 5.130476339e-11 -0.1264755969)
(8.210713148e-05 5.13034502e-11 -0.1264730888)
(1.926287665e-05 5.13019527e-11 -0.1264702275)
(-4.89265249e-05 5.130032683e-11 -0.1264671227)
(-0.0001198414342 5.129863635e-11 -0.1264638938)
(-0.0001907563435 5.129694586e-11 -0.126460665)
(-0.000258945745 5.129532172e-11 -0.1264575602)
(-0.0003217899998 5.129382422e-11 -0.1264546988)
(-0.000376873573 5.129251104e-11 -0.1264521908)
(-0.000422079089 5.129143377e-11 -0.1264501325)
(-0.0004556699361 5.12906332e-11 -0.1264486031)
(-0.0004763547879 5.12901401e-11 -0.1264476613)
(-0.0004831721986 5.306287003e-11 -0.1304864027)
(-0.0004761930601 5.306303628e-11 -0.1304867202)
(-0.0004555244224 5.306352861e-11 -0.1304876606)
(-0.000421959906 5.306432811e-11 -0.1304891876)
(-0.0003767898251 5.306540407e-11 -0.1304912427)
(-0.0003217494301 5.306671508e-11 -0.1304937468)
(-0.0002589544368 5.306821085e-11 -0.1304966036)
(-0.0001908184867 5.306983412e-11 -0.1304997035)
(-0.0001199591652 5.3071522e-11 -0.1305029273)
(-4.909984376e-05 5.307320989e-11 -0.1305061511)
(1.903610636e-05 5.307483316e-11 -0.130509251)
(8.183109963e-05 5.307632892e-11 -0.1305121079)
(0.0001368714946 5.307763994e-11 -0.130514612)
(0.0001820415755 5.30787159e-11 -0.130516667)
(0.0002156060918 5.307951539e-11 -0.1305181941)
(0.0002362747295 5.308000773e-11 -0.1305191344)
(0.0002432538679 5.308017404e-11 -0.1305194519)
(0.0002362747294 5.308000773e-11 -0.1305191344)
(0.0002156060917 5.307951539e-11 -0.1305181941)
(0.0001820415753 5.30787159e-11 -0.130516667)
(0.0001368714944 5.307763994e-11 -0.130514612)
(8.183109936e-05 5.307632892e-11 -0.1305121079)
(1.903610607e-05 5.307483316e-11 -0.130509251)
(-4.909984407e-05 5.307320989e-11 -0.1305061511)
(-0.0001199591655 5.3071522e-11 -0.1305029273)
(-0.000190818487 5.306983412e-11 -0.1304997035)
(-0.0002589544371 5.306821085e-11 -0.1304966036)
(-0.0003217494304 5.306671508e-11 -0.1304937468)
(-0.0003767898254 5.306540407e-11 -0.1304912427)
(-0.0004219599062 5.306432811e-11 -0.1304891876)
(-0.0004555244226 5.306352861e-11 -0.1304876606)
(-0.0004761930602 5.306303628e-11 -0.1304867202)
(-0.0004827307982 5.484880572e-11 -0.134521435)
(-0.0004757569533 5.484897183e-11 -0.134521752)
(-0.0004551039924 5.48494633e-11 -0.1345226909)
(-0.0004215649341 5.485026192e-11 -0.1345242156)
(-0.0003764291139 5.485133658e-11 -0.1345262675)
(-0.0003214304661 5.48526463e-11 -0.1345287678)
(-0.0002586831017 5.485413989e-11 -0.1345316204)
(-0.0001905988315 5.485576056e-11 -0.1345347155)
(-0.0001197932556 5.485744671e-11 -0.1345379344)
(-4.898767973e-05 5.485913286e-11 -0.1345411533)
(1.909659044e-05 5.486075353e-11 -0.1345442485)
(8.184395479e-05 5.486224712e-11 -0.1345471011)
(0.0001368426026 5.486355684e-11 -0.1345496013)
(0.0001819784227 5.48646315e-11 -0.1345516533)
(0.000215517481 5.486542969e-11 -0.134553178)
(0.0002361704418 5.486592159e-11 -0.1345541169)
(0.0002431442866 5.486608751e-11 -0.1345544339)
(0.0002361704417 5.486592159e-11 -0.1345541169)
(0.0002155174808 5.486542969e-11 -0.134553178)
(0.0001819784225 5.48646315e-11 -0.1345516533)
(0.0001368426024 5.486355684e-11 -0.1345496013)
(8.184395452e-05 5.486224712e-11 -0.1345471011)
(1.909659015e-05 5.486075353e-11 -0.1345442485)
(-4.898768005e-05 5.485913286e-11 -0.1345411533)
(-0.0001197932559 5.485744671e-11 -0.1345379344)
(-0.0001905988318 5.485576056e-11 -0.1345347155)
(-0.000258683102 5.485413989e-11 -0.1345316204)
(-0.0003214304663 5.48526463e-11 -0.1345287678)
(-0.0003764291141 5.485133658e-11 -0.1345262675)
(-0.0004215649342 5.485026192e-11 -0.1345242156)
(-0.0004551039925 5.48494633e-11 -0.1345226909)
(-0.0004757569533 5.484897183e-11 -0.134521752)
(-0.0004820285277 5.664892754e-11 -0.1385543811)
(-0.0004750597484 5.66490934e-11 -0.1385546976)
(-0.000454421789 5.664958455e-11 -0.1385556352)
(-0.0004209070923 5.665038187e-11 -0.1385571577)
(-0.0003758040572 5.665145523e-11 -0.1385592066)
(-0.0003208453584 5.665276278e-11 -0.1385617033)
(-0.0002581435715 5.665425507e-11 -0.1385645517)
(-0.0001901087552 5.665587444e-11 -0.1385676423)
(-0.00011935461 5.665755799e-11 -0.1385708565)
(-4.860046473e-05 5.665924153e-11 -0.1385740707)
(1.943435148e-05 5.666086003e-11 -0.1385771614)
(8.213613839e-05 5.666235233e-11 -0.1385800098)
(0.0001370948372 5.666365988e-11 -0.1385825065)
(0.0001821978722 5.666473324e-11 -0.1385845554)
(0.0002157125689 5.666553099e-11 -0.1385860779)
(0.0002363505282 5.666602214e-11 -0.1385870154)
(0.0002433193074 5.666618794e-11 -0.138587332)
(0.0002363505281 5.666602214e-11 -0.1385870154)
(0.0002157125688 5.666553099e-11 -0.1385860779)
(0.000182197872 5.666473324e-11 -0.1385845554)
(0.0001370948369 5.666365988e-11 -0.1385825065)
(8.213613812e-05 5.666235233e-11 -0.1385800098)
(1.943435118e-05 5.666086003e-11 -0.1385771614)
(-4.860046505e-05 5.665924153e-11 -0.1385740707)
(-0.0001193546103 5.665755799e-11 -0.1385708565)
(-0.0001901087555 5.665587444e-11 -0.1385676423)
(-0.0002581435718 5.665425507e-11 -0.1385645517)
(-0.0003208453587 5.665276278e-11 -0.1385617033)
(-0.0003758040574 5.665145523e-11 -0.1385592066)
(-0.0004209070925 5.665038187e-11 -0.1385571577)
(-0.0004544217892 5.664958455e-11 -0.1385556352)
(-0.0004750597484 5.66490934e-11 -0.1385546976)
(-0.0004810815203 5.84625717e-11 -0.142583565)
(-0.0004741175305 5.846273736e-11 -0.1425838812)
(-0.0004534937555 5.846322775e-11 -0.1425848174)
(-0.0004200020932 5.846402399e-11 -0.1425863378)
(-0.0003749300571 5.846509605e-11 -0.1425883839)
(-0.000320009131 5.846640229e-11 -0.1425908771)
(-0.0002573504386 5.846789285e-11 -0.1425937216)
(-0.0001893623823 5.846950962e-11 -0.142596808)
(-0.0001186568659 5.847119143e-11 -0.1426000178)
(-4.795134945e-05 5.847287324e-11 -0.1426032276)
(2.003670689e-05 5.847449001e-11 -0.142606314)
(8.269539929e-05 5.847598057e-11 -0.1426091585)
(0.0001376163253 5.847728681e-11 -0.1426116517)
(0.0001826883614 5.847835887e-11 -0.1426136978)
(0.0002161800236 5.847915555e-11 -0.1426152182)
(0.0002368037985 5.847964615e-11 -0.1426161545)
(0.0002437677882 5.847981175e-11 -0.1426164706)
(0.0002368037985 5.847964615e-11 -0.1426161545)
(0.0002161800235 5.847915555e-11 -0.1426152182)
(0.0001826883612 5.847835887e-11 -0.1426136978)
(0.0001376163251 5.847728681e-11 -0.1426116517)
(8.269539902e-05 5.847598057e-11 -0.1426091585)
(2.003670659e-05 5.847449001e-11 -0.142606314)
(-4.795134977e-05 5.847287324e-11 -0.1426032276)
(-0.0001186568662 5.847119143e-11 -0.1426000178)
(-0.0001893623826 5.846950962e-11 -0.142596808)
(-0.0002573504389 5.846789285e-11 -0.1425937216)
(-0.0003200091313 5.846640229e-11 -0.1425908771)
(-0.0003749300573 5.846509605e-11 -0.1425883839)
(-0.0004200020934 5.846402399e-11 -0.1425863378)
(-0.0004534937557 5.846322775e-11 -0.1425848174)
(-0.0004741175306 5.846273736e-11 -0.1425838812)
(-0.0004799071682 6.029047145e-11 -0.1466109778)
(-0.0004729476534 6.029063696e-11 -0.1466112935)
(-0.0004523371308 6.029112691e-11 -0.1466122285)
(-0.0004188669896 6.029192293e-11 -0.146613747)
(-0.000373823916 6.029299369e-11 -0.1466157905)
(-0.0003189382811 6.029429863e-11 -0.1466182805)
(-0.000256319852 6.029578703e-11 -0.1466211213)
(-0.0001883754835 6.029740162e-11 -0.1466242037)
(-0.0001177154011 6.02990817e-11 -0.1466274094)
(-4.705531877e-05 6.030076178e-11 -0.146630615)
(2.08890497e-05 6.030237724e-11 -0.1466336975)
(8.350747879e-05 6.030386563e-11 -0.1466365383)
(0.0001383931136 6.030517058e-11 -0.1466390283)
(0.0001834361872 6.030624134e-11 -0.1466410718)
(0.0002169063284 6.030703693e-11 -0.1466425902)
(0.0002375168508 6.030752688e-11 -0.1466435253)
(0.0002444763656 6.030769237e-11 -0.146643841)
(0.0002375168508 6.030752688e-11 -0.1466435253)
(0.0002169063283 6.030703693e-11 -0.1466425902)
(0.000183436187 6.030624134e-11 -0.1466410718)
(0.0001383931134 6.030517058e-11 -0.1466390283)
(8.350747851e-05 6.030386563e-11 -0.1466365383)
(2.08890494e-05 6.030237724e-11 -0.1466336975)
(-4.70553191e-05 6.030076178e-11 -0.146630615)
(-0.0001177154015 6.02990817e-11 -0.1466274094)
(-0.0001883754838 6.029740162e-11 -0.1466242037)
(-0.0002563198523 6.029578703e-11 -0.1466211213)
(-0.0003189382814 6.029429863e-11 -0.1466182805)
(-0.0003738239162 6.029299369e-11 -0.1466157905)
(-0.0004188669898 6.029192293e-11 -0.146613747)
(-0.000452337131 6.029112691e-11 -0.1466122285)
(-0.0004729476534 6.029063696e-11 -0.1466112935)
(-0.000478525449 6.213143485e-11 -0.1506349927)
(-0.0004715700577 6.213160021e-11 -0.1506353081)
(-0.000450971747 6.213208962e-11 -0.150636242)
(-0.0004175214369 6.213288477e-11 -0.1506377586)
(-0.0003725050514 6.213395423e-11 -0.1506397997)
(-0.0003176519364 6.213525788e-11 -0.1506422867)
(-0.0002550706089 6.213674497e-11 -0.1506451242)
(-0.0001871664977 6.213835783e-11 -0.150648203)
(-0.0001165482816 6.214003617e-11 -0.1506514048)
(-4.593006559e-05 6.214171452e-11 -0.1506546067)
(2.197404564e-05 6.214332824e-11 -0.1506576854)
(8.455537312e-05 6.214481534e-11 -0.1506605229)
(0.0001394084881 6.214611898e-11 -0.1506630099)
(0.0001844248735 6.214718844e-11 -0.150665051)
(0.0002178751835 6.214798316e-11 -0.1506665676)
(0.0002384734942 6.214847278e-11 -0.1506675016)
(0.0002454288854 6.214863804e-11 -0.1506678169)
(0.0002384734941 6.214847278e-11 -0.1506675016)
(0.0002178751834 6.214798316e-11 -0.1506665676)
(0.0001844248733 6.214718844e-11 -0.150665051)
(0.0001394084878 6.214611898e-11 -0.1506630099)
(8.455537284e-05 6.214481534e-11 -0.1506605229)
(2.197404533e-05 6.214332824e-11 -0.1506576854)
(-4.593006592e-05 6.214171452e-11 -0.1506546067)
(-0.000116548282 6.214003617e-11 -0.1506514048)
(-0.000187166498 6.213835783e-11 -0.150648203)
(-0.0002550706092 6.213674497e-11 -0.1506451242)
(-0.0003176519367 6.213525788e-11 -0.1506422867)
(-0.0003725050517 6.213395423e-11 -0.1506397997)
(-0.0004175214371 6.213288477e-11 -0.1506377586)
(-0.0004509717471 6.213208962e-11 -0.150636242)
(-0.0004715700578 6.213160021e-11 -0.1506353081)
(-0.0004769564197 6.398560319e-11 -0.1546576383)
(-0.0004700047749 6.398576829e-11 -0.1546579534)
(-0.0004494175594 6.398625726e-11 -0.1546588863)
(-0.0004159852672 6.398705133e-11 -0.1546604013)
(-0.0003709931297 6.398811992e-11 -0.1546624401)
(-0.0003161695612 6.398942227e-11 -0.1546649245)
(-0.0002536219429 6.399090806e-11 -0.1546677589)
(-0.000185754408 6.399251962e-11 -0.1546708344)
(-0.0001151742303 6.399419623e-11 -0.1546740327)
(-4.459405252e-05 6.399587284e-11 -0.1546772311)
(2.327348237e-05 6.399748526e-11 -0.1546803066)
(8.58211006e-05 6.399897105e-11 -0.154683141)
(0.0001406446691 6.40002734e-11 -0.1546856253)
(0.0001856368066 6.400134199e-11 -0.1546876642)
(0.0002190690987 6.400213606e-11 -0.1546891792)
(0.0002396563141 6.400262503e-11 -0.1546901121)
(0.0002466079588 6.400279018e-11 -0.1546904271)
(0.000239656314 6.400262503e-11 -0.1546901121)
(0.0002190690985 6.400213606e-11 -0.1546891792)
(0.0001856368064 6.400134199e-11 -0.1546876642)
(0.0001406446688 6.40002734e-11 -0.1546856253)
(8.582110032e-05 6.399897105e-11 -0.154683141)
(2.327348206e-05 6.399748526e-11 -0.1546803066)
(-4.459405284e-05 6.399587284e-11 -0.1546772311)
(-0.0001151742306 6.399419623e-11 -0.1546740327)
(-0.0001857544083 6.399251962e-11 -0.1546708344)
(-0.0002536219432 6.399090806e-11 -0.1546677589)
(-0.0003161695615 6.398942227e-11 -0.1546649245)
(-0.0003709931299 6.398811992e-11 -0.1546624401)
(-0.0004159852674 6.398705133e-11 -0.1546604013)
(-0.0004494175595 6.398625726e-11 -0.1546588863)
(-0.000470004775 6.398576829e-11 -0.1546579534)
(-0.0004752222486 6.585108558e-11 -0.1586773219)
(-0.000468273952 6.585125056e-11 -0.1586776366)
(-0.0004476966523 6.585173899e-11 -0.1586785687)
(-0.0004142804627 6.585253263e-11 -0.1586800822)
(-0.0003693099955 6.585360035e-11 -0.1586821191)
(-0.0003145128326 6.585490183e-11 -0.158684601)
(-0.0002519953403 6.585638588e-11 -0.1586874327)
(-0.0001841604936 6.585799701e-11 -0.1586905052)
(-0.0001136143106 6.585967188e-11 -0.1586937005)
(-4.306812763e-05 6.586134676e-11 -0.1586968958)
(2.476671903e-05 6.586295788e-11 -0.1586999683)
(8.728421135e-05 6.586444194e-11 -0.1587027999)
(0.0001420813742 6.586574341e-11 -0.1587052819)
(0.0001870518413 6.586681114e-11 -0.1587073188)
(0.0002204680308 6.586760434e-11 -0.1587088323)
(0.0002410453305 6.586809299e-11 -0.1587097643)
(0.000247993627 6.586825801e-11 -0.1587100791)
(0.0002410453305 6.586809299e-11 -0.1587097643)
(0.0002204680307 6.586760434e-11 -0.1587088323)
(0.0001870518412 6.586681114e-11 -0.1587073188)
(0.000142081374 6.586574341e-11 -0.1587052819)
(8.728421107e-05 6.586444194e-11 -0.1587027999)
(2.476671871e-05 6.586295788e-11 -0.1586999683)
(-4.306812796e-05 6.586134676e-11 -0.1586968958)
(-0.000113614311 6.585967188e-11 -0.1586937005)
(-0.0001841604939 6.585799701e-11 -0.1586905052)
(-0.0002519953406 6.585638588e-11 -0.1586874327)
(-0.0003145128329 6.585490183e-11 -0.158684601)
(-0.0003693099958 6.585360035e-11 -0.1586821191)
(-0.0004142804629 6.585253263e-11 -0.1586800822)
(-0.0004476966524 6.585173899e-11 -0.1586785687)
(-0.0004682739521 6.585125056e-11 -0.1586776366)
(-0.0004733439712 6.772727388e-11 -0.1626960926)
(-0.0004663986149 6.772743878e-11 -0.162696407)
(-0.0004458300225 6.7727927e-11 -0.1626973383)
(-0.000412427973 6.772871977e-11 -0.1626988505)
(-0.0003674765351 6.772978706e-11 -0.1627008857)
(-0.0003127025597 6.773108723e-11 -0.1627033655)
(-0.0002502115217 6.773257042e-11 -0.1627061948)
(-0.0001824053795 6.773417938e-11 -0.1627092647)
(-0.0001118890482 6.773585338e-11 -0.1627124573)
(-4.137271696e-05 6.773752739e-11 -0.1627156499)
(2.643342529e-05 6.773913722e-11 -0.1627187197)
(8.892446325e-05 6.77406204e-11 -0.162721549)
(0.0001436984386 6.774192058e-11 -0.1627240289)
(0.0001886498764 6.774298787e-11 -0.162726064)
(0.0002220519258 6.77437802e-11 -0.1627275763)
(0.0002426205182 6.774426864e-11 -0.1627285075)
(0.0002495658745 6.774443348e-11 -0.1627288219)
(0.0002426205181 6.774426864e-11 -0.1627285075)
(0.0002220519257 6.77437802e-11 -0.1627275763)
(0.0001886498762 6.774298787e-11 -0.162726064)
(0.0001436984384 6.774192058e-11 -0.1627240289)
(8.892446297e-05 6.77406204e-11 -0.162721549)
(2.643342498e-05 6.773913722e-11 -0.1627187197)
(-4.137271729e-05 6.773752739e-11 -0.1627156499)
(-0.0001118890486 6.773585338e-11 -0.1627124573)
(-0.0001824053798 6.773417938e-11 -0.1627092647)
(-0.0002502115221 6.773257042e-11 -0.1627061948)
(-0.00031270256 6.773108723e-11 -0.1627033655)
(-0.0003674765354 6.772978706e-11 -0.1627008857)
(-0.0004124279732 6.772871977e-11 -0.1626988505)
(-0.0004458300226 6.7727927e-11 -0.1626973383)
(-0.0004663986149 6.772743878e-11 -0.162696407)
(-0.0004713441781 6.961144858e-11 -0.1667123725)
(-0.0004644013492 6.961161335e-11 -0.1667126867)
(-0.0004438402421 6.961210124e-11 -0.1667136173)
(-0.0004104503483 6.961289357e-11 -0.1667151284)
(-0.0003655152692 6.961396e-11 -0.1667171621)
(-0.0003107612271 6.96152593e-11 -0.1667196402)
(-0.0002482929308 6.961674162e-11 -0.1667224674)
(-0.0001805114645 6.961835015e-11 -0.166725535)
(-0.0001100207954 6.962002329e-11 -0.1667287253)
(-3.953012644e-05 6.962169643e-11 -0.1667319155)
(2.825133984e-05 6.962330408e-11 -0.1667349832)
(9.071963611e-05 6.962478641e-11 -0.1667378104)
(0.0001454736782 6.962608571e-11 -0.1667402884)
(0.0001904087573 6.962715213e-11 -0.1667423221)
(0.000223798651 6.962794447e-11 -0.1667438332)
(0.0002443597581 6.962843236e-11 -0.1667447638)
(0.0002513025868 6.962859711e-11 -0.166745078)
(0.000244359758 6.962843236e-11 -0.1667447638)
(0.0002237986509 6.962794447e-11 -0.1667438332)
(0.0001904087571 6.962715213e-11 -0.1667423221)
(0.0001454736779 6.962608571e-11 -0.1667402884)
(9.071963582e-05 6.962478641e-11 -0.1667378104)
(2.825133953e-05 6.962330408e-11 -0.1667349832)
(-3.953012677e-05 6.962169643e-11 -0.1667319155)
(-0.0001100207958 6.962002329e-11 -0.1667287253)
(-0.0001805114648 6.961835015e-11 -0.166725535)
(-0.0002482929311 6.961674162e-11 -0.1667224674)
(-0.0003107612273 6.96152593e-11 -0.1667196402)
(-0.0003655152694 6.961396e-11 -0.1667171621)
(-0.0004104503485 6.961289357e-11 -0.1667151284)
(-0.0004438402423 6.961210124e-11 -0.1667136173)
(-0.0004644013493 6.961161335e-11 -0.1667126867)
(-0.0004692432823 7.150215159e-11 -0.1707282134)
(-0.0004623025737 7.150231622e-11 -0.1707285274)
(-0.0004417477456 7.150280411e-11 -0.1707294574)
(-0.0004083680485 7.150359601e-11 -0.1707309676)
(-0.0003634466916 7.150466157e-11 -0.170733)
(-0.0003087093704 7.150596044e-11 -0.1707354766)
(-0.0002462601508 7.150744189e-11 -0.170738302)
(-0.0001784993837 7.150904868e-11 -0.1707413678)
(-0.0001080302412 7.151072096e-11 -0.1707445561)
(-3.756109879e-05 7.151239323e-11 -0.1707477444)
(3.019966828e-05 7.151400088e-11 -0.1707508102)
(9.264888788e-05 7.151548234e-11 -0.1707536357)
(0.000147386209 7.151678121e-11 -0.1707561122)
(0.0001923075658 7.151784677e-11 -0.1707581446)
(0.0002256872629 7.151863867e-11 -0.1707596549)
(0.000246242091 7.151912612e-11 -0.1707605848)
(0.0002531827995 7.151929081e-11 -0.1707608989)
(0.0002462420909 7.151912612e-11 -0.1707605848)
(0.0002256872628 7.151863867e-11 -0.1707596549)
(0.0001923075656 7.151784677e-11 -0.1707581446)
(0.0001473862088 7.151678121e-11 -0.1707561122)
(9.26488876e-05 7.151548234e-11 -0.1707536357)
(3.019966797e-05 7.151400088e-11 -0.1707508102)
(-3.756109912e-05 7.151239323e-11 -0.1707477444)
(-0.0001080302416 7.151072096e-11 -0.1707445561)
(-0.000178499384 7.150904868e-11 -0.1707413678)
(-0.0002462601511 7.150744189e-11 -0.170738302)
(-0.0003087093707 7.150596044e-11 -0.1707354766)
(-0.0003634466919 7.150466157e-11 -0.170733)
(-0.0004083680487 7.150359601e-11 -0.1707309676)
(-0.0004417477457 7.150280411e-11 -0.1707294574)
(-0.0004623025738 7.150231622e-11 -0.1707285274)
(-0.0004670628009 7.33957828e-11 -0.1747420342)
(-0.0004601238148 7.339594741e-11 -0.1747423481)
(-0.0004395740877 7.339643476e-11 -0.1747432776)
(-0.0004062026742 7.339722623e-11 -0.1747447871)
(-0.0003612924654 7.339829178e-11 -0.1747468185)
(-0.0003065687281 7.339958979e-11 -0.1747492938)
(-0.0002441350062 7.340107038e-11 -0.1747521179)
(-0.0001763910551 7.340267717e-11 -0.1747551821)
(-0.0001059394007 7.340434857e-11 -0.1747583688)
(-3.548774628e-05 7.340601998e-11 -0.1747615556)
(3.225620486e-05 7.340762677e-11 -0.1747646198)
(9.468992668e-05 7.340910735e-11 -0.1747674438)
(0.0001494136639 7.341040536e-11 -0.1747699192)
(0.0001943238727 7.341147091e-11 -0.1747719506)
(0.0002276952861 7.341226238e-11 -0.1747734601)
(0.0002482450131 7.341274995e-11 -0.1747743896)
(0.0002551839992 7.341291444e-11 -0.1747747034)
(0.0002482450131 7.341274995e-11 -0.1747743896)
(0.000227695286 7.341226238e-11 -0.1747734601)
(0.0001943238725 7.341147091e-11 -0.1747719506)
(0.0001494136637 7.341040536e-11 -0.1747699192)
(9.468992639e-05 7.340910735e-11 -0.1747674438)
(3.225620454e-05 7.340762677e-11 -0.1747646198)
(-3.548774662e-05 7.340601998e-11 -0.1747615556)
(-0.000105939401 7.340434857e-11 -0.1747583688)
(-0.0001763910554 7.340267717e-11 -0.1747551821)
(-0.0002441350066 7.340107038e-11 -0.1747521179)
(-0.0003065687284 7.339958979e-11 -0.1747492938)
(-0.0003612924656 7.339829178e-11 -0.1747468185)
(-0.0004062026744 7.339722623e-11 -0.1747447871)
(-0.0004395740878 7.339643476e-11 -0.1747432776)
(-0.0004601238148 7.339594741e-11 -0.1747423481)
(-0.0004648213644 7.529002485e-11 -0.1787558738)
(-0.0004578837192 7.529018934e-11 -0.1787561876)
(-0.0004373379635 7.529067669e-11 -0.1787571167)
(-0.0004039729992 7.529146794e-11 -0.1787586256)
(-0.0003590714695 7.529253263e-11 -0.1787606563)
(-0.0003043583079 7.52938302e-11 -0.1787631306)
(-0.0002419366517 7.529531078e-11 -0.1787659536)
(-0.0001742057924 7.529691714e-11 -0.1787690166)
(-0.0001037677532 7.529858768e-11 -0.1787722021)
(-3.332971393e-05 7.530025822e-11 -0.1787753876)
(3.440114533e-05 7.530186457e-11 -0.1787784507)
(9.68228015e-05 7.530334516e-11 -0.1787812736)
(0.0001515359631 7.530464273e-11 -0.178783748)
(0.0001964374927 7.530570742e-11 -0.1787857786)
(0.0002298024569 7.530649867e-11 -0.1787872875)
(0.0002503482126 7.530698602e-11 -0.1787882167)
(0.0002572858577 7.530715059e-11 -0.1787885304)
(0.0002503482126 7.530698602e-11 -0.1787882167)
(0.0002298024568 7.530649867e-11 -0.1787872875)
(0.0001964374926 7.530570742e-11 -0.1787857786)
(0.0001515359628 7.530464273e-11 -0.178783748)
(9.682280122e-05 7.530334516e-11 -0.1787812736)
(3.440114502e-05 7.530186457e-11 -0.1787784507)
(-3.332971426e-05 7.530025822e-11 -0.1787753876)
(-0.0001037677535 7.529858768e-11 -0.1787722021)
(-0.0001742057928 7.529691714e-11 -0.1787690166)
(-0.000241936652 7.529531078e-11 -0.1787659536)
(-0.0003043583082 7.52938302e-11 -0.1787631306)
(-0.0003590714698 7.529253263e-11 -0.1787606563)
(-0.0004039729994 7.529146794e-11 -0.1787586256)
(-0.0004373379636 7.529067669e-11 -0.1787571167)
(-0.0004578837193 7.529018934e-11 -0.1787561876)
(-0.0004625384985 7.718045336e-11 -0.1827681347)
(-0.0004556018311 7.718061791e-11 -0.1827684484)
(-0.0004350589713 7.718110504e-11 -0.1827693773)
(-0.0004016987098 7.718189586e-11 -0.1827708857)
(-0.0003568035089 7.718296054e-11 -0.1827729158)
(-0.0003020980591 7.718425768e-11 -0.1827753894)
(-0.0002396852012 7.718573784e-11 -0.1827782116)
(-0.0001719638885 7.718734332e-11 -0.1827812738)
(-0.0001015357775 7.718901386e-11 -0.1827844584)
(-3.11076664e-05 7.71906844e-11 -0.182787643)
(3.661364625e-05 7.719228989e-11 -0.1827907052)
(9.902650413e-05 7.719377004e-11 -0.1827935273)
(0.0001537319539 7.719506718e-11 -0.182796001)
(0.0001986271548 7.719613187e-11 -0.182798031)
(0.0002319874162 7.719692312e-11 -0.1827995395)
(0.000252530276 7.719741025e-11 -0.1828004684)
(0.0002594669432 7.719757478e-11 -0.1828007821)
(0.0002525302759 7.719741025e-11 -0.1828004684)
(0.000231987416 7.719692312e-11 -0.1827995395)
(0.0001986271546 7.719613187e-11 -0.182798031)
(0.0001537319537 7.719506718e-11 -0.182796001)
(9.902650385e-05 7.719377004e-11 -0.1827935273)
(3.661364594e-05 7.719228989e-11 -0.1827907052)
(-3.110766673e-05 7.71906844e-11 -0.182787643)
(-0.0001015357778 7.718901386e-11 -0.1827844584)
(-0.0001719638888 7.718734332e-11 -0.1827812738)
(-0.0002396852015 7.718573784e-11 -0.1827782116)
(-0.0003020980594 7.718425768e-11 -0.1827753894)
(-0.0003568035092 7.718296054e-11 -0.1827729158)
(-0.00040169871 7.718189586e-11 -0.1827708857)
(-0.0004350589714 7.718110504e-11 -0.1827693773)
(-0.0004556018312 7.718061791e-11 -0.1827684484)
(-0.0004602305495 7.906399786e-11 -0.1867808335)
(-0.0004532945181 7.906416223e-11 -0.1867811471)
(-0.0004327535414 7.906464958e-11 -0.1867820759)
(-0.0003993963381 7.906544039e-11 -0.1867835841)
(-0.0003545052528 7.906650465e-11 -0.1867856138)
(-0.0002998048179 7.906780179e-11 -0.1867880869)
(-0.0002373976815 7.90692815e-11 -0.1867909086)
(-0.0001696825769 7.907088699e-11 -0.1867939702)
(-9.926092205e-05 7.907255666e-11 -0.1867971542)
(-2.883926723e-05 7.907422633e-11 -0.1868003382)
(3.887583733e-05 7.907583269e-11 -0.1868033999)
(0.0001012829737 7.907731241e-11 -0.1868062215)
(0.0001559834086 7.907860955e-11 -0.1868086947)
(0.0002008744939 7.90796738e-11 -0.1868107244)
(0.0002342316971 7.908046505e-11 -0.1868122326)
(0.0002547726737 7.908095196e-11 -0.1868131613)
(0.0002617087051 7.908111648e-11 -0.1868134749)
(0.0002547726736 7.908095196e-11 -0.1868131613)
(0.000234231697 7.908046505e-11 -0.1868122326)
(0.0002008744937 7.90796738e-11 -0.1868107244)
(0.0001559834084 7.907860955e-11 -0.1868086947)
(0.0001012829735 7.907731241e-11 -0.1868062215)
(3.887583701e-05 7.907583269e-11 -0.1868033999)
(-2.883926756e-05 7.907422633e-11 -0.1868003382)
(-9.926092239e-05 7.907255666e-11 -0.1867971542)
(-0.0001696825772 7.907088699e-11 -0.1867939702)
(-0.0002373976818 7.90692815e-11 -0.1867909086)
(-0.0002998048182 7.906780179e-11 -0.1867880869)
(-0.0003545052531 7.906650465e-11 -0.1867856138)
(-0.0003993963383 7.906544039e-11 -0.1867835841)
(-0.0004327535415 7.906464958e-11 -0.1867820759)
(-0.0004532945182 7.906416223e-11 -0.1867811471)
(-0.0004579148205 8.093558992e-11 -0.1907923498)
(-0.0004509791036 8.093575441e-11 -0.1907926634)
(-0.0004304390586 8.093624143e-11 -0.190793592)
(-0.0003970833682 8.093703225e-11 -0.1907951001)
(-0.0003521943188 8.09380965e-11 -0.1907971296)
(-0.0002974963648 8.093939364e-11 -0.1907996026)
(-0.0002350920587 8.094087336e-11 -0.190802424)
(-0.0001673800253 8.094247928e-11 -0.1908054853)
(-9.696156436e-05 8.094414895e-11 -0.190808669)
(-2.654310342e-05 8.094581862e-11 -0.1908118527)
(4.116893e-05 8.094742368e-11 -0.1908149141)
(0.000103573236 8.09489034e-11 -0.1908177355)
(0.00015827119 8.095020054e-11 -0.1908202085)
(0.0002031602393 8.095126479e-11 -0.1908222379)
(0.0002365159296 8.095205561e-11 -0.190823746)
(0.0002570559746 8.095254263e-11 -0.1908246746)
(0.0002639916914 8.09527071e-11 -0.1908249882)
(0.0002570559746 8.095254263e-11 -0.1908246746)
(0.0002365159295 8.095205561e-11 -0.190823746)
(0.0002031602391 8.095126479e-11 -0.1908222379)
(0.0001582711898 8.095020054e-11 -0.1908202085)
(0.0001035732357 8.09489034e-11 -0.1908177355)
(4.116892969e-05 8.094742368e-11 -0.1908149141)
(-2.654310375e-05 8.094581862e-11 -0.1908118527)
(-9.696156469e-05 8.094414895e-11 -0.190808669)
(-0.0001673800256 8.094247928e-11 -0.1908054853)
(-0.000235092059 8.094087336e-11 -0.190802424)
(-0.0002974963651 8.093939364e-11 -0.1907996026)
(-0.0003521943191 8.09380965e-11 -0.1907971296)
(-0.0003970833683 8.093703225e-11 -0.1907951001)
(-0.0004304390587 8.093624143e-11 -0.190793592)
(-0.0004509791037 8.093575441e-11 -0.1907926634)
(-0.0004556055123 8.279163371e-11 -0.194804676)
(-0.0004486698088 8.279179816e-11 -0.1948049896)
(-0.0004281298031 8.279228496e-11 -0.1948059183)
(-0.0003947741767 8.279307578e-11 -0.1948074263)
(-0.0003498852135 8.279414047e-11 -0.1948094558)
(-0.0002951873645 8.279543717e-11 -0.1948119288)
(-0.0002327831781 8.279691689e-11 -0.1948147501)
(-0.0001650712746 8.279852238e-11 -0.1948178115)
(-9.46529488e-05 8.280019205e-11 -0.1948209952)
(-2.423462297e-05 8.280186172e-11 -0.1948241789)
(4.347728052e-05 8.280346721e-11 -0.1948272402)
(0.0001058814668 8.280494693e-11 -0.1948300616)
(0.0001605793159 8.280624363e-11 -0.1948325346)
(0.000205468279 8.280730832e-11 -0.194834564)
(0.0002388239053 8.280809914e-11 -0.1948360721)
(0.0002593639109 8.280858638e-11 -0.1948370007)
(0.0002662996144 8.280875075e-11 -0.1948373143)
(0.0002593639109 8.280858638e-11 -0.1948370007)
(0.0002388239052 8.280809914e-11 -0.1948360721)
(0.0002054682788 8.280730832e-11 -0.194834564)
(0.0001605793156 8.280624363e-11 -0.1948325346)
(0.0001058814665 8.280494693e-11 -0.1948300616)
(4.347728022e-05 8.280346721e-11 -0.1948272402)
(-2.42346233e-05 8.280186172e-11 -0.1948241789)
(-9.465294913e-05 8.280019205e-11 -0.1948209952)
(-0.0001650712749 8.279852238e-11 -0.1948178115)
(-0.0002327831784 8.279691689e-11 -0.1948147501)
(-0.0002951873647 8.279543717e-11 -0.1948119288)
(-0.0003498852138 8.279414047e-11 -0.1948094558)
(-0.0003947741769 8.279307578e-11 -0.1948074263)
(-0.0004281298033 8.279228496e-11 -0.1948059183)
(-0.0004486698089 8.279179816e-11 -0.1948049896)
(-0.0004533180281 8.462671615e-11 -0.1988161691)
(-0.0004463820544 8.46268807e-11 -0.1988164827)
(-0.0004258412486 8.462736761e-11 -0.1988174114)
(-0.0003924843229 8.462815865e-11 -0.1988189196)
(-0.0003475936112 8.462922333e-11 -0.1988209492)
(-0.0002928936315 8.463052004e-11 -0.1988234224)
(-0.0002304870144 8.463199976e-11 -0.198826244)
(-0.0001627724733 8.463360568e-11 -0.1988293056)
(-9.235140449e-05 8.463527535e-11 -0.1988324895)
(-2.193033569e-05 8.463694502e-11 -0.1988356735)
(4.578420537e-05 8.463855094e-11 -0.198838735)
(0.0001081908225 8.464003066e-11 -0.1988415566)
(0.0001628908021 8.464132737e-11 -0.1988440298)
(0.0002077815138 8.464239205e-11 -0.1988460594)
(0.0002411384395 8.464318265e-11 -0.1988475676)
(0.0002616792451 8.464366979e-11 -0.1988484963)
(0.0002686152188 8.464383422e-11 -0.1988488099)
(0.0002616792451 8.464366979e-11 -0.1988484963)
(0.0002411384393 8.464318265e-11 -0.1988475676)
(0.0002077815136 8.464239205e-11 -0.1988460594)
(0.0001628908019 8.464132737e-11 -0.1988440298)
(0.0001081908222 8.464003066e-11 -0.1988415566)
(4.578420506e-05 8.463855094e-11 -0.198838735)
(-2.193033601e-05 8.463694502e-11 -0.1988356735)
(-9.235140482e-05 8.463527535e-11 -0.1988324895)
(-0.0001627724736 8.463360568e-11 -0.1988293056)
(-0.0002304870147 8.463199976e-11 -0.198826244)
(-0.0002928936318 8.463052004e-11 -0.1988234224)
(-0.0003475936114 8.462922333e-11 -0.1988209492)
(-0.0003924843231 8.462815865e-11 -0.1988189196)
(-0.0004258412488 8.462736761e-11 -0.1988174114)
(-0.0004463820544 8.46268807e-11 -0.1988164827)
(-0.0004510649756 8.643705091e-11 -0.202828801)
(-0.0004441284633 8.643721535e-11 -0.2028291147)
(-0.0004235860625 8.643770248e-11 -0.2028300435)
(-0.0003902265465 8.643849352e-11 -0.2028315519)
(-0.0003453323488 8.64395582e-11 -0.2028335819)
(-0.0002906281215 8.644085534e-11 -0.2028360554)
(-0.0002282166582 8.644233549e-11 -0.2028388774)
(-0.0001604968589 8.644394141e-11 -0.2028419395)
(-9.007032162e-05 8.644561109e-11 -0.202845124)
(-1.964378437e-05 8.644728076e-11 -0.2028483084)
(4.807601496e-05 8.644888668e-11 -0.2028513705)
(0.0001104874782 8.645036683e-11 -0.2028541925)
(0.0001651917055 8.645166397e-11 -0.202856666)
(0.0002100859031 8.645272866e-11 -0.202858696)
(0.000243445419 8.645351969e-11 -0.2028602044)
(0.0002639878198 8.645400661e-11 -0.2028611333)
(0.000270924332 8.645417112e-11 -0.2028614469)
(0.0002639878197 8.645400661e-11 -0.2028611333)
(0.0002434454189 8.645351969e-11 -0.2028602044)
(0.0002100859029 8.645272866e-11 -0.202858696)
(0.0001651917052 8.645166397e-11 -0.202856666)
(0.0001104874779 8.645036683e-11 -0.2028541925)
(4.807601466e-05 8.644888668e-11 -0.2028513705)
(-1.964378469e-05 8.644728076e-11 -0.2028483084)
(-9.007032195e-05 8.644561109e-11 -0.202845124)
(-0.0001604968592 8.644394141e-11 -0.2028419395)
(-0.0002282166585 8.644233549e-11 -0.2028388774)
(-0.0002906281217 8.644085534e-11 -0.2028360554)
(-0.000345332349 8.64395582e-11 -0.2028335819)
(-0.0003902265467 8.643849352e-11 -0.2028315519)
(-0.0004235860626 8.643770248e-11 -0.2028300435)
(-0.0004441284633 8.643721535e-11 -0.2028291147)
(-0.0004488604431 8.82172741e-11 -0.2068409111)
(-0.0004419231363 8.821743867e-11 -0.2068412248)
(-0.0004213783824 8.821792602e-11 -0.2068421539)
(-0.0003880150452 8.821871705e-11 -0.2068436626)
(-0.000343115705 8.821978174e-11 -0.206845693)
(-0.0002884052114 8.822107931e-11 -0.2068481672)
(-0.0002259865992 8.822255947e-11 -0.2068509898)
(-0.0001582590427 8.822416495e-11 -0.2068540526)
(-8.782443833e-05 8.822583549e-11 -0.2068572378)
(-1.738983394e-05 8.822750603e-11 -0.206860423)
(5.033772249e-05 8.822911238e-11 -0.2068634857)
(0.0001127563347 8.823059254e-11 -0.2068663084)
(0.0001674668283 8.823189011e-11 -0.2068687825)
(0.0002123661684 8.82329548e-11 -0.2068708129)
(0.0002457295055 8.823374583e-11 -0.2068723217)
(0.0002662742593 8.823423296e-11 -0.2068732507)
(0.0002732115661 8.823439749e-11 -0.2068735645)
(0.0002662742593 8.823423296e-11 -0.2068732507)
(0.0002457295054 8.823374583e-11 -0.2068723217)
(0.0002123661682 8.82329548e-11 -0.2068708129)
(0.000167466828 8.823189011e-11 -0.2068687825)
(0.0001127563345 8.823059254e-11 -0.2068663084)
(5.03377222e-05 8.822911238e-11 -0.2068634857)
(-1.738983425e-05 8.822750603e-11 -0.206860423)
(-8.782443865e-05 8.822583549e-11 -0.2068572378)
(-0.000158259043 8.822416495e-11 -0.2068540526)
(-0.0002259865995 8.822255947e-11 -0.2068509898)
(-0.0002884052117 8.822107931e-11 -0.2068481672)
(-0.0003431157052 8.821978174e-11 -0.206845693)
(-0.0003880150453 8.821871705e-11 -0.2068436626)
(-0.0004213783825 8.821792602e-11 -0.2068421539)
(-0.0004419231363 8.821743867e-11 -0.2068412248)
(-0.0004467160954 8.996382048e-11 -0.2108544574)
(-0.0004397777471 8.996398494e-11 -0.2108547712)
(-0.0004192299089 8.996447229e-11 -0.2108557005)
(-0.000385861563 8.996526354e-11 -0.2108572097)
(-0.0003409554824 8.996632866e-11 -0.2108592408)
(-0.0002862367754 8.996762623e-11 -0.2108617156)
(-0.0002238087926 8.996910682e-11 -0.2108645392)
(-0.0001560710685 8.997071404e-11 -0.2108676028)
(-8.562589016e-05 8.997238458e-11 -0.210870789)
(-1.518071179e-05 8.997405512e-11 -0.2108739751)
(5.255701222e-05 8.997566147e-11 -0.2108770388)
(0.000114984995 8.997714206e-11 -0.2108798623)
(0.000169703702 8.997843963e-11 -0.2108823372)
(0.0002146097826 8.997950475e-11 -0.2108843682)
(0.0002479781284 8.9980296e-11 -0.2108858774)
(0.0002685259665 8.998078357e-11 -0.2108868068)
(0.0002754643147 8.998094812e-11 -0.2108871206)
(0.0002685259664 8.998078357e-11 -0.2108868068)
(0.0002479781283 8.9980296e-11 -0.2108858774)
(0.0002146097824 8.997950475e-11 -0.2108843682)
(0.0001697037017 8.997843963e-11 -0.2108823372)
(0.0001149849948 8.997714206e-11 -0.2108798623)
(5.255701193e-05 8.997566147e-11 -0.2108770388)
(-1.51807121e-05 8.997405512e-11 -0.2108739751)
(-8.562589048e-05 8.997238458e-11 -0.210870789)
(-0.0001560710689 8.997071404e-11 -0.2108676028)
(-0.0002238087929 8.996910682e-11 -0.2108645392)
(-0.0002862367757 8.996762623e-11 -0.2108617156)
(-0.0003409554826 8.996632866e-11 -0.2108592408)
(-0.0003858615632 8.996526354e-11 -0.2108572097)
(-0.000419229909 8.996447229e-11 -0.2108557005)
(-0.0004397777471 8.996398494e-11 -0.2108547712)
(-0.0004446452619 9.16718275e-11 -0.2148677678)
(-0.0004377056326 9.167199215e-11 -0.2148680817)
(-0.0004171540009 9.16724795e-11 -0.2148690114)
(-0.0003837794945 9.167327097e-11 -0.2148705212)
(-0.0003388651232 9.167433652e-11 -0.214872553)
(-0.0002841363139 9.167563453e-11 -0.2148750287)
(-0.0002216968055 9.167711555e-11 -0.2148778533)
(-0.0001539465756 9.167872277e-11 -0.2148809181)
(-8.348839145e-05 9.168039418e-11 -0.2148841054)
(-1.303020734e-05 9.168206559e-11 -0.2148872928)
(5.472002255e-05 9.168367194e-11 -0.2148903576)
(0.000117159531 9.168515296e-11 -0.2148931821)
(0.0001718883402 9.168645097e-11 -0.2148956579)
(0.0002168027114 9.168751652e-11 -0.2148976897)
(0.0002501772178 9.168830842e-11 -0.2148991995)
(0.0002707288495 9.168879599e-11 -0.2149001292)
(0.0002776684787 9.168896047e-11 -0.2149004431)
(0.0002707288494 9.168879599e-11 -0.2149001292)
(0.0002501772177 9.168830842e-11 -0.2148991995)
(0.0002168027113 9.168751652e-11 -0.2148976897)
(0.00017188834 9.168645097e-11 -0.2148956579)
(0.0001171595307 9.168515296e-11 -0.2148931821)
(5.472002227e-05 9.168367194e-11 -0.2148903576)
(-1.303020764e-05 9.168206559e-11 -0.2148872928)
(-8.348839176e-05 9.168039418e-11 -0.2148841054)
(-0.0001539465759 9.167872277e-11 -0.2148809181)
(-0.0002216968058 9.167711555e-11 -0.2148778533)
(-0.0002841363142 9.167563453e-11 -0.2148750287)
(-0.0003388651234 9.167433652e-11 -0.214872553)
(-0.0003837794946 9.167327097e-11 -0.2148705212)
(-0.000417154001 9.16724795e-11 -0.2148690114)
(-0.0004377056327 9.167199215e-11 -0.2148680817)
(-0.0004426591757 9.333840136e-11 -0.2188827928)
(-0.0004357180302 9.333856604e-11 -0.2188831068)
(-0.0004151619084 9.333905372e-11 -0.2188840369)
(-0.0003817801103 9.33398454e-11 -0.2188855473)
(-0.0003368559261 9.334091096e-11 -0.21888758)
(-0.0002821151598 9.334220983e-11 -0.2188900569)
(-0.0002196620096 9.334369128e-11 -0.2188928827)
(-0.0001518969777 9.33452985e-11 -0.2188959488)
(-8.142339989e-05 9.334697078e-11 -0.2188991376)
(-1.094982212e-05 9.334864305e-11 -0.2189023263)
(5.681520981e-05 9.335025027e-11 -0.2189053924)
(0.00011926836 9.335173173e-11 -0.2189082182)
(0.0001740091263 9.33530306e-11 -0.2189106951)
(0.0002189333104 9.335409615e-11 -0.2189127278)
(0.0002523151084 9.335488871e-11 -0.2189142382)
(0.0002728712302 9.335537616e-11 -0.2189151683)
(0.0002798123756 9.335554082e-11 -0.2189154824)
(0.0002728712301 9.335537616e-11 -0.2189151683)
(0.0002523151083 9.335488871e-11 -0.2189142382)
(0.0002189333102 9.335409615e-11 -0.2189127278)
(0.0001740091261 9.33530306e-11 -0.2189106951)
(0.0001192683597 9.335173173e-11 -0.2189082182)
(5.681520953e-05 9.335025027e-11 -0.2189053924)
(-1.094982241e-05 9.334864305e-11 -0.2189023263)
(-8.142340018e-05 9.334697078e-11 -0.2188991376)
(-0.000151896978 9.33452985e-11 -0.2188959488)
(-0.0002196620099 9.334369128e-11 -0.2188928827)
(-0.00028211516 9.334220983e-11 -0.2188900569)
(-0.0003368559264 9.334091096e-11 -0.21888758)
(-0.0003817801105 9.33398454e-11 -0.2188855473)
(-0.0004151619085 9.333905372e-11 -0.2188840369)
(-0.0004357180303 9.333856604e-11 -0.2188831068)
(-0.0004407707592 9.495965072e-11 -0.2228978537)
(-0.0004338278665 9.49598154e-11 -0.2228981679)
(-0.0004132665703 9.496030351e-11 -0.2228990985)
(-0.0003798763695 9.496109541e-11 -0.2229006096)
(-0.0003349408771 9.496216183e-11 -0.2229026433)
(-0.0002801863316 9.496346114e-11 -0.2229051214)
(-0.0002177174609 9.496494346e-11 -0.2229079487)
(-0.0001499353713 9.496655198e-11 -0.2229110164)
(-7.944405408e-05 9.496822426e-11 -0.2229142067)
(-8.952736887e-06 9.496989653e-11 -0.222917397)
(5.882935267e-05 9.497150505e-11 -0.2229204647)
(0.0001212982234 9.497298737e-11 -0.222923292)
(0.0001760527689 9.497428668e-11 -0.2229257701)
(0.0002209882612 9.49753531e-11 -0.2229278038)
(0.000254378462 9.497614544e-11 -0.222929315)
(0.0002749397581 9.497663311e-11 -0.2229302455)
(0.0002818826507 9.497679788e-11 -0.2229305598)
(0.000274939758 9.497663311e-11 -0.2229302455)
(0.0002543784619 9.497614544e-11 -0.222929315)
(0.000220988261 9.49753531e-11 -0.2229278038)
(0.0001760527687 9.497428668e-11 -0.2229257701)
(0.0001212982231 9.497298737e-11 -0.222923292)
(5.88293524e-05 9.497150505e-11 -0.2229204647)
(-8.95273717e-06 9.496989653e-11 -0.222917397)
(-7.944405437e-05 9.496822426e-11 -0.2229142067)
(-0.0001499353716 9.496655198e-11 -0.2229110164)
(-0.0002177174611 9.496494346e-11 -0.2229079487)
(-0.0002801863318 9.496346114e-11 -0.2229051214)
(-0.0003349408773 9.496216183e-11 -0.2229026433)
(-0.0003798763697 9.496109541e-11 -0.2229006096)
(-0.0004132665704 9.496030351e-11 -0.2228990985)
(-0.0004338278665 9.49598154e-11 -0.2228981679)
(-0.000438991043 9.653380919e-11 -0.2269148974)
(-0.0004320461744 9.653397407e-11 -0.2269152118)
(-0.0004114790266 9.653446228e-11 -0.2269161429)
(-0.0003780793232 9.653525505e-11 -0.2269176549)
(-0.0003331310424 9.653632191e-11 -0.2269196898)
(-0.0002783609141 9.653762165e-11 -0.2269221693)
(-0.0002158742651 9.653910484e-11 -0.2269249982)
(-0.0001480728852 9.654071379e-11 -0.2269280676)
(-7.756150666e-05 9.654238693e-11 -0.2269312598)
(-7.0501281e-06 9.654406007e-11 -0.2269344519)
(6.07512518e-05 9.65456699e-11 -0.2269375214)
(0.0001232379007 9.654715308e-11 -0.2269403502)
(0.000178008029 9.654845283e-11 -0.2269428297)
(0.0002229563097 9.654951968e-11 -0.2269448646)
(0.0002563560131 9.655031245e-11 -0.2269463766)
(0.0002769231608 9.655080067e-11 -0.2269473077)
(0.0002838680294 9.655096539e-11 -0.2269476221)
(0.0002769231608 9.655080067e-11 -0.2269473077)
(0.000256356013 9.655031245e-11 -0.2269463766)
(0.0002229563096 9.654951968e-11 -0.2269448646)
(0.0001780080288 9.654845283e-11 -0.2269428297)
(0.0001232379005 9.654715308e-11 -0.2269403502)
(6.075125154e-05 9.65456699e-11 -0.2269375214)
(-7.050128374e-06 9.654406007e-11 -0.2269344519)
(-7.756150694e-05 9.654238693e-11 -0.2269312598)
(-0.0001480728855 9.654071379e-11 -0.2269280676)
(-0.0002158742654 9.653910484e-11 -0.2269249982)
(-0.0002783609143 9.653762165e-11 -0.2269221693)
(-0.0003331310426 9.653632191e-11 -0.2269196898)
(-0.0003780793233 9.653525505e-11 -0.2269176549)
(-0.0004114790267 9.653446228e-11 -0.2269161429)
(-0.0004320461745 9.653397407e-11 -0.2269152118)
(-0.0004373322433 9.805845127e-11 -0.2309322396)
(-0.0004303851781 9.805861624e-11 -0.2309325542)
(-0.0004098115252 9.805910446e-11 -0.2309334859)
(-0.0003764012578 9.805989788e-11 -0.2309349989)
(-0.0003314387604 9.806096516e-11 -0.230937035)
(-0.0002766513089 9.806226577e-11 -0.2309395161)
(-0.0002141448961 9.806374983e-11 -0.2309423467)
(-0.0001463220713 9.806535965e-11 -0.2309454181)
(-7.578839075e-05 9.806703453e-11 -0.2309486123)
(-5.254710197e-06 9.80687094e-11 -0.2309518065)
(6.256811454e-05 9.807031923e-11 -0.2309548779)
(0.0001250745273 9.807180328e-11 -0.2309577085)
(0.0001798619788 9.807310389e-11 -0.2309601896)
(0.0002248244762 9.807417118e-11 -0.2309622258)
(0.0002582347435 9.80749646e-11 -0.2309637388)
(0.0002788083964 9.807545303e-11 -0.2309646705)
(0.0002857554615 9.807561797e-11 -0.2309649851)
(0.0002788083964 9.807545303e-11 -0.2309646705)
(0.0002582347434 9.80749646e-11 -0.2309637388)
(0.000224824476 9.807417118e-11 -0.2309622258)
(0.0001798619786 9.807310389e-11 -0.2309601896)
(0.0001250745271 9.807180328e-11 -0.2309577085)
(6.256811429e-05 9.807031923e-11 -0.2309548779)
(-5.254710462e-06 9.80687094e-11 -0.2309518065)
(-7.578839102e-05 9.806703453e-11 -0.2309486123)
(-0.0001463220716 9.806535965e-11 -0.2309454181)
(-0.0002141448963 9.806374983e-11 -0.2309423467)
(-0.0002766513091 9.806226577e-11 -0.2309395161)
(-0.0003314387606 9.806096516e-11 -0.230937035)
(-0.0003764012579 9.805989788e-11 -0.2309349989)
(-0.0004098115253 9.805910446e-11 -0.2309334859)
(-0.0004303851782 9.805861624e-11 -0.2309325542)
(-0.0004358024909 9.953368598e-11 -0.2349518132)
(-0.0004288530424 9.953385089e-11 -0.234952128)
(-0.0004082723313 9.953433889e-11 -0.2349530603)
(-0.0003748506018 9.953513187e-11 -0.2349545744)
(-0.0003298726792 9.953619873e-11 -0.2349566119)
(-0.0002750664318 9.95374989e-11 -0.2349590947)
(-0.0002125385749 9.953898209e-11 -0.2349619273)
(-0.0001446924823 9.954059105e-11 -0.2349650008)
(-7.413460379e-05 9.954226506e-11 -0.2349681972)
(-3.576725307e-06 9.954393906e-11 -0.2349713935)
(6.426936735e-05 9.954554889e-11 -0.2349744671)
(0.0001267972241 9.954703208e-11 -0.2349772996)
(0.0001816034715 9.954833225e-11 -0.2349797824)
(0.0002265813941 9.954939911e-11 -0.23498182)
(0.0002600031235 9.955019166e-11 -0.234983334)
(0.0002805838346 9.955068009e-11 -0.2349842664)
(0.000287533283 9.955084486e-11 -0.2349845812)
(0.0002805838346 9.955068009e-11 -0.2349842664)
(0.0002600031234 9.955019166e-11 -0.234983334)
(0.000226581394 9.954939911e-11 -0.23498182)
(0.0001816034714 9.954833225e-11 -0.2349797824)
(0.0001267972239 9.954703208e-11 -0.2349772996)
(6.426936711e-05 9.954554889e-11 -0.2349744671)
(-3.576725564e-06 9.954393906e-11 -0.2349713935)
(-7.413460405e-05 9.954226506e-11 -0.2349681972)
(-0.0001446924825 9.954059105e-11 -0.2349650008)
(-0.0002125385752 9.953898209e-11 -0.2349619273)
(-0.000275066432 9.95374989e-11 -0.2349590947)
(-0.0003298726794 9.953619873e-11 -0.2349566119)
(-0.000374850602 9.953513187e-11 -0.2349545744)
(-0.0004082723314 9.953433889e-11 -0.2349530603)
(-0.0004288530424 9.953385089e-11 -0.234952128)
(-0.0004343963397 1.00961138e-10 -0.2389718528)
(-0.0004274445259 1.00961298e-10 -0.2389721678)
(-0.00040685681 1.009617719e-10 -0.2389731008)
(-0.0003734237052 1.009625413e-10 -0.2389746159)
(-0.000328430474 1.009635765e-10 -0.2389766548)
(-0.0002736055728 1.009648385e-10 -0.2389791393)
(-0.0002110564341 1.009662779e-10 -0.2389819738)
(-0.0001431872495 1.0096784e-10 -0.2389850494)
(-7.26053561e-05 1.009694646e-10 -0.238988248)
(-2.023462695e-06 1.009710891e-10 -0.2389914465)
(6.584572191e-05 1.009726504e-10 -0.2389945221)
(0.0001283948606 1.009740898e-10 -0.2389973567)
(0.0001832197617 1.009753518e-10 -0.2389998411)
(0.0002282129928 1.00976387e-10 -0.2390018801)
(0.0002616460976 1.009771568e-10 -0.2390033952)
(0.0002822338135 1.009776304e-10 -0.2390043281)
(0.0002891856272 1.009777905e-10 -0.2390046432)
(0.0002822338134 1.009776304e-10 -0.2390043281)
(0.0002616460975 1.009771568e-10 -0.2390033952)
(0.0002282129927 1.00976387e-10 -0.2390018801)
(0.0001832197615 1.009753518e-10 -0.2389998411)
(0.0001283948603 1.009740898e-10 -0.2389973567)
(6.584572168e-05 1.009726504e-10 -0.2389945221)
(-2.023462943e-06 1.009710891e-10 -0.2389914465)
(-7.260535635e-05 1.009694646e-10 -0.238988248)
(-0.0001431872498 1.0096784e-10 -0.2389850494)
(-0.0002110564344 1.009662779e-10 -0.2389819738)
(-0.000273605573 1.009648385e-10 -0.2389791393)
(-0.0003284304741 1.009635765e-10 -0.2389766548)
(-0.0003734237053 1.009625413e-10 -0.2389746159)
(-0.0004068568101 1.009617719e-10 -0.2389731008)
(-0.000427444526 1.00961298e-10 -0.2389721678)
(-0.0004330173965 1.023541699e-10 -0.2429938213)
(-0.0004260644477 1.023543349e-10 -0.2429941364)
(-0.0004054733705 1.023548238e-10 -0.2429950697)
(-0.0003720348073 1.023556179e-10 -0.2429965852)
(-0.0003270342303 1.023566865e-10 -0.2429986249)
(-0.0002722003782 1.023579884e-10 -0.2430011102)
(-0.0002096410275 1.023594738e-10 -0.2430039456)
(-0.0001417607623 1.023610858e-10 -0.2430070222)
(-7.116734536e-05 1.023627615e-10 -0.2430102218)
(-5.739284532e-07 1.023644372e-10 -0.2430134214)
(6.730633676e-05 1.023660492e-10 -0.243016498)
(0.0001298656874 1.023675346e-10 -0.2430193335)
(0.0001846995395 1.023688365e-10 -0.2430218188)
(0.0002297001165 1.023699051e-10 -0.2430238584)
(0.0002631386797 1.023706992e-10 -0.2430253739)
(0.0002837297568 1.023711879e-10 -0.2430263072)
(0.0002906827055 1.02371353e-10 -0.2430266224)
(0.0002837297567 1.023711879e-10 -0.2430263072)
(0.0002631386796 1.023706992e-10 -0.2430253739)
(0.0002297001163 1.023699051e-10 -0.2430238584)
(0.0001846995393 1.023688365e-10 -0.2430218188)
(0.0001298656872 1.023675346e-10 -0.2430193335)
(6.730633653e-05 1.023660492e-10 -0.243016498)
(-5.739286979e-07 1.023644372e-10 -0.2430134214)
(-7.116734561e-05 1.023627615e-10 -0.2430102218)
(-0.0001417607625 1.023610858e-10 -0.2430070222)
(-0.0002096410277 1.023594738e-10 -0.2430039456)
(-0.0002722003784 1.023579884e-10 -0.2430011102)
(-0.0003270342305 1.023566865e-10 -0.2429986249)
(-0.0003720348074 1.023556179e-10 -0.2429965852)
(-0.0004054733706 1.023548238e-10 -0.2429950697)
(-0.0004260644477 1.023543349e-10 -0.2429941364)
)
;

boundaryField
{
    left
    {
        type            calculated;
    }
    right
    {
        type            calculated;
    }
    beam
    {
        type            empty;
    }
}


// ************************************************************************* //
