/*--------------------------------*- C++ -*----------------------------------*\
| =========                 |                                                 |
| \\      /  F ield         | foam-extend: Open Source CFD                    |
|  \\    /   O peration     | Version:     4.1                                |
|   \\  /    A nd           | Web:         http://www.foam-extend.org         |
|    \\/     M anipulation  |                                                 |
\*---------------------------------------------------------------------------*/
FoamFile
{
    version     2.0;
    format      ascii;
    class       surfaceTensorField;
    location    "0";
    object      refLambda;
}
// * * * * * * * * * * * * * * * * * * * * * * * * * * * * * * * * * * * * * //

dimensions      [0 0 0 0 0 0 0];

internalField   nonuniform List<tensor> 
999
(
(0.999577 0.0290739 -0.000436293 -0.0290739 0.999577 1.26901e-05 0.000436477 -7.21347e-22 1)
(0.998309 0.0581233 -0.000871478 -0.0581232 0.998309 5.07389e-05 0.000872954 8.6999e-22 1)
(0.996197 0.0871234 -0.00130445 -0.0871233 0.996198 0.000114082 0.00130943 -1.01e-20 0.999999)
(0.993231 0.116144 -0.00173549 -0.116143 0.993232 0.00020294 0.00174732 -6.87099e-21 0.999998)
(0.98943 0.144995 -0.00216107 -0.144995 0.989432 0.00031669 0.00218415 -1.17455e-20 0.999998)
(0.984791 0.173723 -0.00258112 -0.173723 0.984794 0.000455324 0.00262097 1.63651e-19 0.999997)
(0.979318 0.202305 -0.00299457 -0.202304 0.979323 0.000618607 0.0030578 5.02996e-20 0.999995)
(0.973015 0.230715 -0.00340034 -0.230713 0.973021 0.00080626 0.00349462 3.2725e-20 0.999994)
(0.965889 0.258929 -0.00379736 -0.258927 0.965896 0.00101796 0.00393144 1.98089e-19 0.999992)
(0.957944 0.286925 -0.00418458 -0.286922 0.957953 0.00125336 0.00436825 1.73814e-19 0.99999)
(0.949188 0.314677 -0.00456096 -0.314673 0.949199 0.00151204 0.00480506 -2.27784e-19 0.999988)
(0.939628 0.342163 -0.00492548 -0.342158 0.939641 0.00179357 0.00524187 2.21593e-19 0.999986)
(0.929272 0.369358 -0.00527712 -0.369352 0.929287 0.00209747 0.00567868 -5.19175e-19 0.999984)
(0.918129 0.396241 -0.0056149 -0.396234 0.918146 0.00242321 0.00611548 3.51652e-19 0.999981)
(0.906209 0.422789 -0.00593785 -0.42278 0.906228 0.00277023 0.00655227 -3.88761e-19 0.999979)
(0.893521 0.448978 -0.00624503 -0.448967 0.893543 0.00313794 0.00698906 -6.26806e-20 0.999976)
(0.880076 0.474787 -0.00653549 -0.474774 0.880101 0.0035257 0.00742585 -6.90374e-19 0.999972)
(0.865886 0.500194 -0.00680835 -0.500179 0.865913 0.00393284 0.00786263 2.05861e-18 0.999969)
(0.850963 0.525178 -0.00706273 -0.525159 0.850993 0.00435866 0.0082994 -2.2751e-18 0.999966)
(0.83532 0.549716 -0.00729777 -0.549695 0.835352 0.00480241 0.00873617 4.68212e-19 0.999962)
(0.818969 0.573789 -0.00751266 -0.573765 0.819003 0.00526333 0.00917293 7.76077e-19 0.999958)
(0.801924 0.597376 -0.00770659 -0.597348 0.801961 0.00574059 0.00960968 1.1337e-18 0.999954)
(0.784201 0.620457 -0.00787882 -0.620426 0.784241 0.00623338 0.0100464 -2.79117e-20 0.99995)
(0.765814 0.643012 -0.00802859 -0.642977 0.765856 0.00674081 0.0104832 3.71948e-19 0.999945)
(0.746778 0.665023 -0.00815523 -0.664984 0.746823 0.00726199 0.0109199 -1.11139e-19 0.99994)
(0.72711 0.686471 -0.00825805 -0.686427 0.727157 0.00779599 0.0113566 -2.87242e-18 0.999936)
(0.706827 0.707338 -0.00833642 -0.707288 0.706876 0.00834187 0.0117933 1.83804e-19 0.99993)
(0.685945 0.727605 -0.00838976 -0.72755 0.685996 0.00889864 0.01223 -9.25702e-19 0.999925)
(0.664483 0.747256 -0.0084175 -0.747196 0.664536 0.00946529 0.0126667 -2.76211e-18 0.99992)
(0.642458 0.766274 -0.00841912 -0.766209 0.642513 0.0100408 0.0131034 1.7138e-18 0.999914)
(0.61989 0.784644 -0.00839414 -0.784572 0.619947 0.0106242 0.0135401 4.45643e-19 0.999908)
(0.596797 0.802349 -0.0083421 -0.802271 0.596855 0.0112142 0.0139768 4.41887e-19 0.999902)
(0.573199 0.819374 -0.00826261 -0.819289 0.573259 0.01181 0.0144134 2.56584e-18 0.999896)
(0.549116 0.835706 -0.00815531 -0.835614 0.549177 0.0124103 0.0148501 -4.37329e-19 0.99989)
(0.524569 0.85133 -0.00801986 -0.851231 0.52463 0.013014 0.0152867 3.38797e-18 0.999883)
(0.499578 0.866233 -0.00785599 -0.866126 0.499639 0.0136201 0.0157233 8.04795e-19 0.999876)
(0.474164 0.880403 -0.00766345 -0.880288 0.474226 0.0142272 0.0161599 2.69327e-18 0.999869)
(0.448349 0.893827 -0.00744206 -0.893704 0.448411 0.0148344 0.0165965 6.51157e-19 0.999862)
(0.422156 0.906495 -0.00719166 -0.906363 0.422217 0.0154404 0.0170331 3.13021e-19 0.999855)
(0.395605 0.918395 -0.00691214 -0.918255 0.395665 0.0160441 0.0174697 2.16438e-18 0.999847)
(0.36872 0.929517 -0.00660344 -0.929368 0.368779 0.0166441 0.0179062 -6.98903e-19 0.99984)
(0.341523 0.939852 -0.00626554 -0.939694 0.341581 0.0172395 0.0183428 1.39186e-18 0.999832)
(0.314038 0.949392 -0.00589846 -0.949225 0.314094 0.0178289 0.0187793 -1.20967e-18 0.999824)
(0.286288 0.958128 -0.00550227 -0.957951 0.286341 0.0184112 0.0192158 3.12531e-18 0.999815)
(0.258296 0.966053 -0.00507709 -0.965866 0.258346 0.0189852 0.0196523 3.6411e-18 0.999807)
(0.230086 0.973159 -0.00462308 -0.972963 0.230132 0.0195496 0.0200888 -3.32881e-18 0.999798)
(0.201682 0.979442 -0.00414044 -0.979236 0.201724 0.0201033 0.0205253 -3.50493e-19 0.999789)
(0.173108 0.984896 -0.00362943 -0.98468 0.173146 0.0206451 0.0209617 -8.86343e-19 0.99978)
(0.144388 0.989516 -0.00309034 -0.98929 0.144421 0.0211738 0.0213982 1.20524e-18 0.999771)
(0.115546 0.993299 -0.00252351 -0.993062 0.115574 0.0216883 0.0218346 -1.45782e-18 0.999762)
(0.0866081 0.996241 -0.00192933 -0.995993 0.0866295 0.0221873 0.022271 -3.66236e-18 0.999752)
(0.0575973 0.998339 -0.00130822 -0.998082 0.0576121 0.0226697 0.0227074 4.40532e-18 0.999742)
(0.0285386 0.999592 -0.000660667 -0.999325 0.0285462 0.0231343 0.0231438 3.30667e-18 0.999732)
(-0.000543383 1 1.28166e-05 -0.999722 -0.000543534 0.0235801 0.0235801 -7.4799e-18 0.999722)
(-0.029624 0.999561 0.000711668 -0.999273 -0.0296325 0.0240059 0.0240164 -6.07259e-19 0.999712)
(-0.0586786 0.998276 0.00143528 -0.997977 -0.0586962 0.0244106 0.0244528 2.92823e-18 0.999701)
(-0.0876826 0.996146 0.00218301 -0.995837 -0.0877098 0.0247931 0.0248891 3.00459e-18 0.99969)
(-0.116611 0.993173 0.00295417 -0.992855 -0.116649 0.0251525 0.0253253 6.03022e-18 0.999679)
(-0.145441 0.98936 0.00374803 -0.989032 -0.145489 0.0254875 0.0257616 1.64861e-18 0.999668)
(-0.174146 0.984709 0.00456381 -0.984371 -0.174206 0.0257973 0.0261978 1.22507e-18 0.999657)
(-0.202702 0.979225 0.00540071 -0.978878 -0.202774 0.0260808 0.0266341 2.69564e-18 0.999645)
(-0.231087 0.972913 0.00625787 -0.972557 -0.231171 0.026337 0.0270703 1.09893e-18 0.999634)
(-0.259274 0.965777 0.00713441 -0.965412 -0.259372 0.0265651 0.0275064 1.37082e-17 0.999622)
(-0.287241 0.957825 0.0080294 -0.957451 -0.287353 0.0267641 0.0279426 5.72054e-18 0.99961)
(-0.314964 0.949061 0.00894189 -0.948679 -0.315091 0.0269332 0.0283787 5.99336e-18 0.999597)
(-0.34242 0.939495 0.00987087 -0.939105 -0.342562 0.0270714 0.0288149 8.76049e-18 0.999585)
(-0.369584 0.929134 0.0108153 -0.928737 -0.369742 0.0271781 0.029251 6.59654e-18 0.999572)
(-0.396435 0.917987 0.0117742 -0.917583 -0.39661 0.0272523 0.029687 7.85336e-18 0.999559)
(-0.422949 0.906064 0.0127463 -0.905653 -0.423141 0.0272934 0.0301231 3.26375e-18 0.999546)
(-0.449104 0.893374 0.0137306 -0.892957 -0.449314 0.0273007 0.0305591 2.54841e-18 0.999533)
(-0.474878 0.879928 0.014726 -0.879506 -0.475107 0.0272735 0.0309951 1.05973e-18 0.99952)
(-0.50025 0.865738 0.0157312 -0.865311 -0.500497 0.0272111 0.0314311 5.59385e-18 0.999506)
(-0.525196 0.850816 0.016745 -0.850384 -0.525463 0.027113 0.031867 1.33393e-17 0.999492)
(-0.549698 0.835175 0.0177661 -0.834739 -0.549985 0.0269786 0.032303 4.97501e-18 0.999478)
(-0.573733 0.818827 0.0187935 -0.818388 -0.574041 0.0268075 0.0327389 2.0197e-18 0.999464)
(-0.597282 0.801786 0.0198256 -0.801345 -0.597611 0.0265991 0.0331748 -1.73028e-18 0.99945)
(-0.620324 0.784068 0.0208613 -0.783625 -0.620675 0.026353 0.0336106 -6.24805e-19 0.999435)
(-0.642841 0.765687 0.0218992 -0.765243 -0.643214 0.0260689 0.0340465 1.8229e-17 0.99942)
(-0.664813 0.746658 0.0229379 -0.746214 -0.665208 0.0257464 0.0344823 1.63548e-18 0.999405)
(-0.686221 0.726998 0.0239761 -0.726554 -0.68664 0.0253853 0.034918 3.88708e-18 0.99939)
(-0.707048 0.706723 0.0250125 -0.706281 -0.70749 0.0249853 0.0353538 -2.10435e-18 0.999375)
(-0.727276 0.685851 0.0260455 -0.685412 -0.727742 0.0245463 0.0357895 3.95403e-18 0.999359)
(-0.746887 0.664399 0.0270739 -0.663963 -0.747378 0.024068 0.0362252 1.25547e-17 0.999344)
(-0.765866 0.642386 0.0280962 -0.641954 -0.766381 0.0235504 0.0366609 6.75713e-20 0.999328)
(-0.784196 0.61983 0.029111 -0.619403 -0.784736 0.0229935 0.0370965 -5.46206e-18 0.999312)
(-0.801862 0.59675 0.0301168 -0.596329 -0.802427 0.0223973 0.0375321 -4.06924e-18 0.999295)
(-0.818849 0.573166 0.0311123 -0.572752 -0.81944 0.0217618 0.0379677 1.0432e-17 0.999279)
(-0.835142 0.549097 0.0320959 -0.548692 -0.835759 0.0210871 0.0384033 6.87426e-18 0.999262)
(-0.850728 0.524564 0.0330662 -0.524169 -0.851371 0.0203735 0.0388388 4.16038e-18 0.999245)
(-0.865594 0.499589 0.0340219 -0.499203 -0.866263 0.019621 0.0392743 -5.79106e-19 0.999228)
(-0.879727 0.474191 0.0349614 -0.473817 -0.880422 0.01883 0.0397098 5.48501e-18 0.999211)
(-0.893116 0.448393 0.0358833 -0.448032 -0.893836 0.0180008 0.0401452 1.04786e-17 0.999194)
(-0.905748 0.422216 0.0367861 -0.421869 -0.906495 0.0171338 0.0405806 5.5173e-18 0.999176)
(-0.917614 0.395683 0.0376686 -0.39535 -0.918387 0.0162293 0.041016 -8.94964e-18 0.999158)
(-0.928704 0.368816 0.0385291 -0.368499 -0.929502 0.0152879 0.0414514 -2.60662e-18 0.999141)
(-0.939007 0.341637 0.0393664 -0.341337 -0.939832 0.01431 0.0418867 8.54819e-18 0.999122)
(-0.948516 0.31417 0.0401791 -0.313889 -0.949367 0.0132963 0.042322 8.63436e-18 0.999104)
(-0.957222 0.286438 0.0409656 -0.286176 -0.958099 0.0122473 0.0427572 1.34774e-18 0.999085)
(-0.965119 0.258465 0.0417248 -0.258224 -0.966021 0.0111637 0.0431924 -1.09346e-18 0.999067)
(-0.972199 0.230273 0.0424552 -0.230054 -0.973126 0.0100463 0.0436276 5.07972e-19 0.999048)
(-0.978457 0.201888 0.0431555 -0.201692 -0.979409 0.00889573 0.0440628 2.17016e-18 0.999029)
(-0.983888 0.173332 0.0438243 -0.17316 -0.984863 0.00771291 0.0444979 -6.22079e-20 0.999009)
(-0.988486 0.14463 0.0444605 -0.144484 -0.989486 0.00649867 0.044933 -1.08571e-18 0.99899)
(-0.992249 0.115807 0.0450628 -0.115688 -0.993272 0.00525394 0.045368 5.49677e-19 0.99897)
(-0.995173 0.0868865 0.0456298 -0.0867953 -0.996218 0.00397967 0.045803 1.63618e-18 0.99895)
(-0.997255 0.0578931 0.0461605 -0.0578312 -0.998323 0.00267686 0.046238 6.93066e-19 0.99893)
(-0.998494 0.0288513 0.0466535 -0.0288198 -0.999584 0.00134658 0.046673 8.51038e-19 0.99891)
(-0.99889 -0.00021428 0.0471079 0.000214043 -1 -1.00943e-05 0.0471079 6.84662e-22 0.99889)
(-0.998441 -0.0292791 0.0475224 0.029246 -0.999571 -0.00139201 0.0475428 4.6917e-19 0.998869)
(-0.997148 -0.0583185 0.0478959 0.0582514 -0.998298 -0.00279798 0.0479776 -9.11742e-19 0.998848)
(-0.995013 -0.0873081 0.0482275 0.0872057 -0.996181 -0.00422679 0.0484124 -1.71404e-18 0.998827)
(-0.992037 -0.116223 0.0485161 0.116085 -0.993223 -0.00567718 0.0488472 -1.62853e-18 0.998806)
(-0.988224 -0.14504 0.0487608 0.144863 -0.989426 -0.00714783 0.0492819 -1.94179e-20 0.998785)
(-0.983575 -0.173733 0.0489605 0.173518 -0.984793 -0.0086374 0.0497166 -5.94508e-18 0.998763)
(-0.978096 -0.202279 0.0491145 0.202024 -0.979328 -0.0101445 0.0501512 -3.75526e-18 0.998742)
(-0.97179 -0.230653 0.0492219 0.230358 -0.973036 -0.0116678 0.0505859 2.04025e-18 0.99872)
(-0.964664 -0.258832 0.0492818 0.258495 -0.965922 -0.0132057 0.0510204 -2.49583e-18 0.998698)
(-0.956724 -0.286792 0.0492935 0.286412 -0.957993 -0.0147569 0.051455 3.00993e-21 0.998675)
(-0.947976 -0.314509 0.0492563 0.314085 -0.949255 -0.0163197 0.0518895 2.99783e-18 0.998653)
(-0.938428 -0.341959 0.0491696 0.341491 -0.939715 -0.0178927 0.0523239 4.02781e-19 0.99863)
(-0.928087 -0.36912 0.0490327 0.368606 -0.929382 -0.0194742 0.0527584 7.14437e-18 0.998607)
(-0.916964 -0.395969 0.048845 0.395409 -0.918264 -0.0210627 0.0531927 1.81819e-18 0.998584)
(-0.905067 -0.422483 0.048606 0.421875 -0.906371 -0.0226565 0.0536271 -1.09076e-17 0.998561)
(-0.892406 -0.44864 0.0483154 0.447983 -0.893713 -0.0242541 0.0540614 3.06517e-18 0.998538)
(-0.878992 -0.474417 0.0479725 0.473712 -0.8803 -0.0258536 0.0544956 1.31167e-18 0.998514)
(-0.864837 -0.499792 0.0475772 0.499038 -0.866145 -0.0274535 0.0549299 -3.59523e-18 0.99849)
(-0.849953 -0.524746 0.0471291 0.523941 -0.851259 -0.0290521 0.055364 -2.73718e-18 0.998466)
(-0.834353 -0.549255 0.046628 0.5484 -0.835654 -0.0306475 0.0557982 -7.4157e-18 0.998442)
(-0.818048 -0.573301 0.0460736 0.572394 -0.819345 -0.032238 0.0562323 -1.67192e-17 0.998418)
(-0.801055 -0.596862 0.0454659 0.595903 -0.802344 -0.033822 0.0566663 6.34084e-19 0.998393)
(-0.783386 -0.619918 0.0448047 0.618907 -0.784666 -0.0353975 0.0571003 1.60962e-18 0.998368)
(-0.765057 -0.642451 0.0440901 0.641387 -0.766327 -0.036963 0.0575343 -6.59055e-18 0.998344)
(-0.746084 -0.664441 0.043322 0.663324 -0.747341 -0.0385165 0.0579682 -2.72889e-18 0.998318)
(-0.726483 -0.685869 0.0425007 0.684699 -0.727725 -0.0400562 0.0584021 -1.10176e-18 0.998293)
(-0.706269 -0.706718 0.0416261 0.705494 -0.707495 -0.0415804 0.0588359 -3.80189e-18 0.998268)
(-0.685461 -0.726971 0.0406987 0.725693 -0.686669 -0.0430874 0.0592697 -3.35382e-18 0.998242)
(-0.664076 -0.746609 0.0397185 0.745277 -0.665263 -0.0445751 0.0597035 6.03256e-18 0.998216)
(-0.642133 -0.765617 0.0386861 0.764231 -0.643297 -0.046042 0.0601372 3.29515e-18 0.99819)
(-0.619649 -0.783978 0.0376017 0.782538 -0.620789 -0.0474862 0.0605708 -2.11904e-18 0.998164)
(-0.596644 -0.801677 0.0364658 0.800184 -0.597757 -0.0489059 0.0610044 1.03312e-17 0.998137)
(-0.573137 -0.8187 0.0352791 0.817153 -0.574222 -0.0502993 0.061438 -9.90997e-18 0.998111)
(-0.549149 -0.835031 0.0340419 0.833431 -0.550203 -0.0516646 0.0618715 9.1527e-18 0.998084)
(-0.524699 -0.850657 0.032755 0.849005 -0.525721 -0.0530002 0.062305 -1.81066e-17 0.998057)
(-0.499809 -0.865566 0.0314191 0.863861 -0.500795 -0.0543042 0.0627384 1.00807e-17 0.99803)
(-0.474499 -0.879744 0.0300349 0.877987 -0.475448 -0.055575 0.0631718 4.05467e-18 0.998003)
(-0.44879 -0.893179 0.0286033 0.891371 -0.449701 -0.0568108 0.0636051 1.7654e-18 0.997975)
(-0.422706 -0.905861 0.0271251 0.904002 -0.423575 -0.0580099 0.0640384 -1.90149e-17 0.997947)
(-0.396266 -0.917779 0.0256012 0.915869 -0.397093 -0.0591707 0.0644716 -1.10765e-17 0.99792)
(-0.369495 -0.928922 0.0240327 0.926963 -0.370276 -0.0602915 0.0649048 -3.68725e-18 0.997891)
(-0.342415 -0.939281 0.0224206 0.937274 -0.343148 -0.0613707 0.0653379 -3.06553e-17 0.997863)
(-0.315048 -0.948849 0.020766 0.946794 -0.315731 -0.0624067 0.065771 -1.68644e-17 0.997835)
(-0.287417 -0.957616 0.01907 0.955515 -0.288049 -0.063398 0.066204 -1.61873e-17 0.997806)
(-0.259547 -0.965575 0.017334 0.963429 -0.260125 -0.064343 0.066637 1.18487e-18 0.997777)
(-0.23146 -0.97272 0.0155591 0.97053 -0.231983 -0.0652403 0.06707 1.17814e-17 0.997748)
(-0.203181 -0.979045 0.0137466 0.976812 -0.203645 -0.0660883 0.0675029 8.62872e-18 0.997719)
(-0.174732 -0.984544 0.0118981 0.982269 -0.175137 -0.0668857 0.0679357 4.22049e-18 0.99769)
(-0.146139 -0.989213 0.0100148 0.986899 -0.146482 -0.067631 0.0683685 -1.76183e-17 0.99766)
(-0.117426 -0.993049 0.00809821 0.990696 -0.117705 -0.0683229 0.0688012 4.77404e-18 0.99763)
(-0.0886155 -0.996047 0.00614995 0.993657 -0.0888286 -0.0689602 0.0692339 -3.61056e-18 0.9976)
(-0.0597332 -0.998206 0.00417154 0.99578 -0.0598787 -0.0695415 0.0696665 2.70784e-18 0.99757)
(-0.0308032 -0.999523 0.0021646 0.997064 -0.0308792 -0.0700656 0.0700991 -1.30608e-17 0.99754)
(-0.00184993 -0.999998 0.000130804 0.997508 -0.00185455 -0.0705315 0.0705316 -2.2363e-17 0.99751)
(0.0271023 -0.999631 -0.00192815 0.997111 0.0271708 -0.0709379 0.0709641 -8.98023e-18 0.997479)
(0.0560289 -0.998421 -0.0040105 0.995873 0.0561723 -0.0712838 0.0713965 1.09146e-17 0.997448)
(0.0849057 -0.99637 -0.00611447 0.993797 0.0851256 -0.0715681 0.0718288 -4.29102e-18 0.997417)
(0.113708 -0.99348 -0.00823823 0.990883 0.114006 -0.07179 0.0722612 2.04539e-17 0.997386)
(0.142412 -0.989753 -0.0103799 0.987134 0.14279 -0.0719485 0.0726934 -1.31081e-17 0.997354)
(0.170994 -0.985192 -0.0125376 0.982555 0.171453 -0.0720428 0.0731256 -5.98369e-18 0.997323)
(0.199428 -0.979802 -0.0147093 0.977148 0.19997 -0.072072 0.0735577 7.49664e-19 0.997291)
(0.227692 -0.973587 -0.0168932 0.970918 0.228318 -0.0720355 0.0739898 -8.67358e-18 0.997259)
(0.255761 -0.966552 -0.0190872 0.963871 0.256472 -0.0719326 0.0744219 -2.53361e-18 0.997227)
(0.283612 -0.958703 -0.0212892 0.956013 0.28441 -0.0717626 0.0748538 1.81889e-17 0.997195)
(0.311222 -0.950047 -0.0234973 0.947351 0.312108 -0.071525 0.0752858 -7.10137e-18 0.997162)
(0.338567 -0.940591 -0.0257093 0.937891 0.339541 -0.0712193 0.0757176 -2.29861e-19 0.997129)
(0.365623 -0.930344 -0.0279231 0.927643 0.366688 -0.0708452 0.0761494 1.27145e-17 0.997096)
(0.39237 -0.919314 -0.0301366 0.916614 0.393525 -0.0704021 0.0765812 -7.12825e-18 0.997063)
(0.418783 -0.90751 -0.0323478 0.904815 0.420031 -0.06989 0.0770129 8.75992e-18 0.99703)
(0.444841 -0.894943 -0.0345543 0.892255 0.446181 -0.0693084 0.0774445 -6.71724e-20 0.996997)
(0.470522 -0.881622 -0.036754 0.878945 0.471955 -0.0686573 0.0778761 3.00583e-18 0.996963)
(0.495804 -0.867561 -0.0389448 0.864897 0.497331 -0.0679366 0.0783076 -5.09408e-19 0.996929)
(0.520666 -0.852769 -0.0411245 0.850122 0.522288 -0.0671463 0.0787391 -1.53713e-17 0.996895)
(0.545088 -0.837261 -0.0432907 0.834632 0.546804 -0.0662863 0.0791705 -2.52307e-17 0.996861)
(0.569048 -0.821048 -0.0454414 0.818442 0.570859 -0.0653569 0.0796018 5.76514e-18 0.996827)
(0.592527 -0.804145 -0.0475744 0.801565 0.594433 -0.0643582 0.0800331 5.57257e-18 0.996792)
(0.615504 -0.786566 -0.0496872 0.784015 0.617507 -0.0632905 0.0804643 9.80573e-18 0.996757)
(0.637962 -0.768326 -0.0517779 0.765807 0.640059 -0.0621541 0.0808955 1.39726e-17 0.996723)
(0.65988 -0.74944 -0.0538441 0.746957 0.662073 -0.0609494 0.0813266 3.80611e-18 0.996688)
(0.68124 -0.729924 -0.0558837 0.72748 0.683528 -0.0596768 0.0817576 1.62941e-18 0.996652)
(0.702025 -0.709795 -0.0578944 0.707393 0.704408 -0.0583371 0.0821886 1.56832e-17 0.996617)
(0.722218 -0.68907 -0.059874 0.686714 0.724695 -0.0569306 0.0826195 1.93126e-17 0.996581)
(0.7418 -0.667765 -0.0618204 0.665459 0.744372 -0.0554582 0.0830504 -1.04802e-17 0.996545)
(0.760757 -0.6459 -0.0637313 0.643646 0.763422 -0.0539205 0.0834812 -2.96842e-18 0.996509)
(0.779071 -0.623493 -0.0656047 0.621294 0.781829 -0.0523185 0.0839119 -1.12449e-17 0.996473)
(0.796729 -0.600562 -0.0674385 0.598423 0.799578 -0.050653 0.0843426 3.69435e-18 0.996437)
(0.813714 -0.577128 -0.0692304 0.57505 0.816654 -0.0489249 0.0847732 -2.34579e-17 0.9964)
(0.830014 -0.553208 -0.0709784 0.551197 0.833043 -0.0471354 0.0852037 -5.43561e-18 0.996364)
(0.845613 -0.528825 -0.0726804 0.526882 0.848731 -0.0452855 0.0856342 7.31617e-18 0.996327)
(0.8605 -0.503998 -0.0743344 0.502128 0.863705 -0.0433764 0.0860646 2.58659e-17 0.99629)
(0.874662 -0.478748 -0.0759385 0.476954 0.877952 -0.0414093 0.086495 -7.87736e-19 0.996252)
(0.888087 -0.453097 -0.0774905 0.451382 0.891461 -0.0393856 0.0869253 2.26187e-18 0.996215)
(0.900764 -0.427066 -0.0789886 0.425433 0.90422 -0.0373065 0.0873555 2.23518e-18 0.996177)
(0.912682 -0.400677 -0.0804309 0.39913 0.916219 -0.0351737 0.0877856 6.7173e-18 0.996139)
(0.923832 -0.373952 -0.0818155 0.372494 0.927448 -0.0329885 0.0882157 -1.21148e-18 0.996101)
(0.934204 -0.346915 -0.0831406 0.345549 0.937897 -0.0307525 0.0886458 1.46856e-17 0.996063)
(0.94379 -0.319586 -0.0844043 0.318316 0.947557 -0.0284674 0.0890757 -7.00966e-18 0.996025)
(0.952582 -0.291991 -0.0856051 0.290819 0.956421 -0.0261348 0.0895056 -1.16533e-18 0.995986)
(0.960573 -0.264151 -0.0867411 0.26308 0.964481 -0.0237565 0.0899354 1.0983e-17 0.995948)
(0.967756 -0.23609 -0.0878107 0.235124 0.971731 -0.0213343 0.0903652 -6.30307e-18 0.995909)
(0.974124 -0.207832 -0.0888123 0.206974 0.978164 -0.0188701 0.0907949 0 0.99587)
(0.979674 -0.179401 -0.0897445 0.178653 0.983776 -0.0163658 0.0912245 5.38048e-18 0.99583)
(0.9844 -0.15082 -0.0906057 0.150185 0.988561 -0.0138233 0.0916541 1.64287e-21 0.995791)
(0.988299 -0.122114 -0.0913944 0.121595 0.992516 -0.0112447 0.0920836 -1.15811e-18 0.995751)
(0.991368 -0.093306 -0.0921094 0.0929059 0.995637 -0.00863202 0.092513 2.3865e-19 0.995711)
(0.993603 -0.0644211 -0.0927493 0.0641423 0.997923 -0.00598745 0.0929423 9.37145e-19 0.995671)
(0.995004 -0.0354833 -0.0933128 0.0353282 0.99937 -0.00331313 0.0933716 3.2901e-19 0.995631)
(0.99557 -0.00651681 -0.0937988 0.00648807 0.999979 -0.000611282 0.0938008 1.48212e-19 0.995591)
(0.995299 0.0224539 -0.0942062 -0.022354 0.999748 0.00211583 0.09423 -7.09935e-19 0.99555)
(0.994194 0.0514047 -0.0945339 -0.0511739 0.998678 0.00486592 0.094659 1.20077e-18 0.99551)
(0.992253 0.0803111 -0.0947809 -0.0799472 0.99677 0.00763662 0.095088 1.4382e-18 0.995469)
(0.989481 0.109149 -0.0949463 -0.10865 0.994025 0.0104256 0.095517 -1.13146e-18 0.995428)
(0.985878 0.137894 -0.0950293 -0.137258 0.990447 0.0132303 0.0959458 9.15328e-19 0.995387)
(0.981448 0.166522 -0.095029 -0.165747 0.986038 0.0160485 0.0963746 3.85036e-18 0.995345)
(0.976195 0.195009 -0.0949448 -0.194093 0.980801 0.0188776 0.0968033 3.95663e-18 0.995304)
(0.970124 0.223332 -0.0947761 -0.222274 0.974742 0.021715 0.097232 2.18798e-18 0.995262)
(0.96324 0.251466 -0.0945224 -0.250264 0.967866 0.0245583 0.0976606 -4.2777e-18 0.99522)
(0.955548 0.279388 -0.094183 -0.27804 0.960178 0.0274049 0.0980891 -7.31677e-18 0.995178)
(0.947056 0.307074 -0.0937577 -0.30558 0.951686 0.0302521 0.0985175 3.37529e-18 0.995135)
(0.937771 0.334502 -0.0932461 -0.33286 0.942395 0.0330975 0.0989458 3.6007e-18 0.995093)
(0.9277 0.361647 -0.092648 -0.359857 0.932315 0.0359384 0.0993741 -8.66243e-18 0.99505)
(0.916853 0.388489 -0.0919632 -0.386549 0.921453 0.0387721 0.0998023 -1.29847e-18 0.995007)
(0.905238 0.415004 -0.0911917 -0.412914 0.90982 0.041596 0.10023 1.77472e-18 0.994964)
(0.892866 0.441169 -0.0903334 -0.438929 0.897424 0.0444075 0.100659 5.50673e-18 0.994921)
(0.879747 0.466964 -0.0893884 -0.464572 0.884276 0.0472038 0.101087 9.38161e-18 0.994878)
(0.865892 0.492366 -0.0883569 -0.489823 0.870388 0.0499823 0.101514 -5.70552e-18 0.994834)
(0.851313 0.517355 -0.0872392 -0.51466 0.855771 0.0527403 0.101942 -2.21052e-18 0.99479)
(0.836022 0.541909 -0.0860356 -0.539062 0.840437 0.0554752 0.10237 -2.04221e-18 0.994746)
(0.820033 0.566007 -0.0847465 -0.563009 0.8244 0.0581842 0.102798 -9.39869e-18 0.994702)
(0.803359 0.58963 -0.0833723 -0.586481 0.807673 0.0608648 0.103225 -9.49057e-18 0.994658)
(0.786013 0.612759 -0.0819137 -0.609458 0.79027 0.0635142 0.103653 2.10853e-17 0.994614)
(0.768012 0.635372 -0.0803714 -0.631922 0.772206 0.0661298 0.10408 -1.47954e-17 0.994569)
(0.749369 0.657453 -0.0787461 -0.653853 0.753495 0.0687089 0.104508 -5.59644e-18 0.994524)
(0.730102 0.678982 -0.0770385 -0.675233 0.734155 0.071249 0.104935 -1.58369e-17 0.994479)
(0.710225 0.699941 -0.0752497 -0.696046 0.7142 0.0737474 0.105362 -1.27953e-17 0.994434)
(0.689756 0.720314 -0.0733806 -0.716272 0.693648 0.0762015 0.105789 -1.12307e-17 0.994389)
(0.668712 0.740082 -0.0714323 -0.735895 0.672517 0.0786089 0.106216 9.02855e-18 0.994343)
(0.647112 0.759229 -0.069406 -0.7549 0.650823 0.0809668 0.106643 1.66497e-18 0.994297)
(0.624972 0.777741 -0.0673028 -0.77327 0.628585 0.0832729 0.10707 2.41459e-18 0.994251)
(0.602312 0.7956 -0.0651242 -0.79099 0.605823 0.0855247 0.107497 -3.5897e-17 0.994205)
(0.579151 0.812792 -0.0628715 -0.808045 0.582554 0.0877197 0.107924 8.70564e-18 0.994159)
(0.555509 0.829304 -0.0605461 -0.824421 0.558798 0.0898555 0.108351 -1.17474e-17 0.994113)
(0.531404 0.84512 -0.0581497 -0.840105 0.534577 0.0919298 0.108777 -3.11352e-18 0.994066)
(0.506859 0.860229 -0.0556839 -0.855084 0.509908 0.0939402 0.109204 -1.47762e-17 0.994019)
(0.481893 0.874617 -0.0531503 -0.869345 0.484815 0.0958844 0.10963 2.14075e-17 0.993972)
(0.456527 0.888272 -0.0505508 -0.882877 0.459317 0.0977601 0.110056 -5.05932e-18 0.993925)
(0.430782 0.901184 -0.0478872 -0.895667 0.433436 0.0995653 0.110483 -8.42643e-18 0.993878)
(0.404681 0.913342 -0.0451614 -0.907707 0.407194 0.101298 0.110909 -2.65772e-18 0.993831)
(0.378246 0.924735 -0.0423754 -0.918986 0.380612 0.102955 0.111335 7.24258e-18 0.993783)
(0.351497 0.935354 -0.0395314 -0.929494 0.353713 0.104536 0.111761 1.72094e-17 0.993735)
(0.324459 0.94519 -0.0366313 -0.939223 0.32652 0.106038 0.112187 2.18393e-17 0.993687)
(0.297153 0.954236 -0.0336774 -0.948166 0.299055 0.107459 0.112613 -4.29775e-18 0.993639)
(0.269602 0.962483 -0.0306721 -0.956314 0.271341 0.108798 0.113039 -9.80454e-18 0.993591)
(0.24183 0.969925 -0.0276175 -0.963662 0.243402 0.110052 0.113464 1.03335e-18 0.993542)
(0.21386 0.976557 -0.0245161 -0.970202 0.215261 0.11122 0.11389 -1.61089e-17 0.993493)
(0.185716 0.982371 -0.0213703 -0.975931 0.186941 0.1123 0.114316 2.92501e-18 0.993444)
(0.15742 0.987364 -0.0181826 -0.980843 0.158467 0.113291 0.114741 1.04e-17 0.993395)
(0.128997 0.991532 -0.0149556 -0.984935 0.129861 0.114191 0.115166 1.1488e-17 0.993346)
(0.10047 0.994871 -0.0116919 -0.988203 0.101148 0.114999 0.115592 1.62662e-17 0.993297)
(0.0718639 0.997379 -0.0083941 -0.990644 0.0723525 0.115713 0.116017 -9.04399e-18 0.993247)
(0.0432018 0.999054 -0.00506495 -0.992257 0.0434977 0.116332 0.116442 -1.22333e-17 0.993198)
(0.0145079 0.999893 -0.00170719 -0.993042 0.014608 0.116854 0.116867 6.16431e-18 0.993148)
(-0.0141938 0.999898 0.00167639 -0.992996 -0.0142924 0.11728 0.117292 1.75142e-17 0.993097)
(-0.0428792 0.999067 0.00508294 -0.992121 -0.0431795 0.117607 0.117717 1.49555e-17 0.993047)
(-0.0715245 0.997403 0.00850961 -0.990418 -0.072029 0.117835 0.118141 -3.7384e-18 0.992997)
(-0.100106 0.994905 0.0119535 -0.987887 -0.100817 0.117962 0.118566 4.10832e-17 0.992946)
(-0.128599 0.991577 0.0154116 -0.984532 -0.129519 0.117988 0.118991 2.10554e-17 0.992895)
(-0.15698 0.987421 0.018881 -0.980356 -0.158112 0.117913 0.119415 5.62476e-17 0.992844)
(-0.185226 0.982441 0.0223586 -0.975361 -0.186571 0.117735 0.11984 -2.49466e-18 0.992793)
(-0.213313 0.976642 0.0258415 -0.969553 -0.214873 0.117455 0.120264 1.74723e-17 0.992742)
(-0.241218 0.970028 0.0293265 -0.962937 -0.242994 0.117071 0.120688 2.02665e-17 0.99269)
(-0.268917 0.962604 0.0328107 -0.955518 -0.270911 0.116583 0.121112 -4.25445e-18 0.992639)
(-0.296387 0.954378 0.0362909 -0.947303 -0.298601 0.115992 0.121536 1.20883e-17 0.992587)
(-0.323606 0.945356 0.0397639 -0.938299 -0.32604 0.115296 0.12196 -3.51202e-17 0.992535)
(-0.35055 0.935546 0.0432268 -0.928513 -0.353205 0.114496 0.122384 -1.00844e-17 0.992483)
(-0.377198 0.924956 0.0466762 -0.917954 -0.380075 0.113592 0.122808 2.75137e-17 0.99243)
(-0.403526 0.913595 0.0501092 -0.906631 -0.406626 0.112584 0.123232 8.53457e-18 0.992378)
(-0.429514 0.901473 0.0535225 -0.894554 -0.432836 0.111472 0.123655 5.0837e-18 0.992325)
(-0.45514 0.888599 0.0569131 -0.881733 -0.458684 0.110256 0.124079 1.45289e-17 0.992272)
(-0.480382 0.874986 0.0602777 -0.868178 -0.484149 0.108938 0.124502 -1.33906e-17 0.992219)
(-0.505219 0.860644 0.0636132 -0.853901 -0.509208 0.107517 0.124926 -2.25459e-17 0.992166)
(-0.529631 0.845585 0.0669165 -0.838915 -0.533841 0.105993 0.125349 1.4055e-17 0.992113)
(-0.553597 0.829822 0.0701845 -0.823232 -0.558029 0.104368 0.125772 4.93309e-17 0.992059)
(-0.577099 0.813368 0.073414 -0.806865 -0.58175 0.102643 0.126195 4.76985e-17 0.992005)
(-0.600115 0.796237 0.076602 -0.789829 -0.604984 0.100818 0.126618 1.02472e-17 0.991952)
(-0.622628 0.778444 0.0797455 -0.772137 -0.627714 0.0988944 0.127041 3.24977e-17 0.991897)
(-0.644618 0.760004 0.0828412 -0.753804 -0.649919 0.096873 0.127464 4.96406e-17 0.991843)
(-0.666067 0.740931 0.0858863 -0.734847 -0.671581 0.0947551 0.127887 4.50444e-17 0.991789)
(-0.686958 0.721242 0.0888777 -0.71528 -0.692683 0.092542 0.128309 -2.29258e-17 0.991734)
(-0.707273 0.700953 0.0918124 -0.695121 -0.713207 0.0902349 0.128732 6.92273e-18 0.991679)
(-0.726996 0.680082 0.0946876 -0.674386 -0.733136 0.0878354 0.129154 2.85486e-17 0.991625)
(-0.74611 0.658646 0.0975003 -0.653093 -0.752453 0.085345 0.129577 6.3437e-17 0.991569)
(-0.764599 0.636662 0.100248 -0.631259 -0.771143 0.0827653 0.129999 -2.93545e-18 0.991514)
(-0.782449 0.61415 0.102927 -0.608904 -0.789189 0.080098 0.130421 5.39891e-17 0.991459)
(-0.799644 0.591127 0.105535 -0.586046 -0.806578 0.0773449 0.130843 3.16025e-17 0.991403)
(-0.816171 0.567614 0.10807 -0.562703 -0.823295 0.0745079 0.131265 1.59396e-18 0.991347)
(-0.832015 0.54363 0.110528 -0.538896 -0.839325 0.0715889 0.131687 2.78697e-17 0.991291)
(-0.847165 0.519195 0.112907 -0.514645 -0.854656 0.0685901 0.132109 2.97982e-17 0.991235)
(-0.861607 0.49433 0.115205 -0.489969 -0.869275 0.0655136 0.13253 -3.44855e-19 0.991179)
(-0.875329 0.469054 0.117419 -0.46489 -0.883169 0.0623616 0.132952 1.91865e-18 0.991123)
(-0.888321 0.44339 0.119546 -0.439428 -0.896329 0.0591363 0.133373 1.61315e-17 0.991066)
(-0.900572 0.417358 0.121585 -0.413606 -0.908742 0.0558403 0.133795 1.74073e-18 0.991009)
(-0.912071 0.390981 0.123532 -0.387443 -0.920399 0.0524759 0.134216 2.70311e-17 0.990952)
(-0.92281 0.36428 0.125386 -0.360963 -0.931289 0.0490456 0.134637 2.73121e-17 0.990895)
(-0.93278 0.337278 0.127144 -0.334188 -0.941405 0.0455521 0.135058 3.27642e-17 0.990838)
(-0.941972 0.309997 0.128805 -0.307139 -0.950738 0.0419981 0.135479 -3.93595e-18 0.99078)
(-0.950379 0.28246 0.130366 -0.279839 -0.959279 0.0383863 0.1359 2.07837e-17 0.990723)
(-0.957995 0.254689 0.131825 -0.252312 -0.967023 0.0347195 0.136321 3.54719e-18 0.990665)
(-0.964814 0.226709 0.133181 -0.22458 -0.973963 0.0310006 0.136742 6.16743e-18 0.990607)
(-0.970829 0.198542 0.134432 -0.196665 -0.980092 0.0272324 0.137162 2.03898e-17 0.990549)
(-0.976037 0.170212 0.135575 -0.168593 -0.985408 0.0234182 0.137583 7.45837e-18 0.99049)
(-0.980432 0.141741 0.13661 -0.140385 -0.989904 0.0195608 0.138003 3.07715e-18 0.990432)
(-0.984012 0.113155 0.137534 -0.112066 -0.993577 0.0156633 0.138423 2.19828e-18 0.990373)
(-0.986774 0.0844767 0.138347 -0.0836585 -0.996425 0.0117291 0.138844 4.99775e-18 0.990314)
(-0.988716 0.0557298 0.139047 -0.0551867 -0.998446 0.00776113 0.139264 -6.0396e-19 0.990255)
(-0.989837 0.0269383 0.139633 -0.0266742 -0.999637 0.00376284 0.139684 -1.38353e-18 0.990196)
(-0.990135 -0.00187387 0.140103 0.00185539 -0.999998 -0.000262536 0.140104 1.20571e-19 0.990137)
(-0.989611 -0.0306827 0.140457 0.0303783 -0.999529 -0.00431164 0.140523 -2.59005e-19 0.990077)
(-0.988266 -0.0594644 0.140694 0.0588708 -0.99823 -0.0083811 0.140943 -1.99247e-18 0.990018)
(-0.9861 -0.088195 0.140812 0.0873093 -0.996103 -0.0124675 0.141363 1.59396e-18 0.989958)
(-0.983117 -0.116851 0.140811 0.11567 -0.99315 -0.0165673 0.141782 -5.40202e-18 0.989898)
(-0.979318 -0.145408 0.14069 0.14393 -0.989372 -0.0206772 0.142202 -2.3858e-18 0.989838)
(-0.974707 -0.173842 0.140449 0.172065 -0.984774 -0.0247935 0.142621 -3.2187e-18 0.989777)
(-0.969288 -0.202131 0.140087 0.200052 -0.979359 -0.0289128 0.14304 3.3097e-18 0.989717)
(-0.963066 -0.23025 0.139605 0.227868 -0.973132 -0.0330315 0.143459 1.11988e-17 0.989656)
(-0.956046 -0.258176 0.139 0.25549 -0.966098 -0.0371459 0.143878 -5.86834e-18 0.989595)
(-0.948235 -0.285887 0.138274 0.282895 -0.958263 -0.0412527 0.144297 -2.35122e-17 0.989534)
(-0.939638 -0.313359 0.137427 0.31006 -0.949635 -0.045348 0.144716 -6.36377e-18 0.989473)
(-0.930264 -0.34057 0.136458 0.336964 -0.940219 -0.0494284 0.145134 -3.41823e-17 0.989412)
(-0.920121 -0.367496 0.135368 0.363582 -0.930025 -0.0534901 0.145553 -3.09782e-17 0.98935)
(-0.909216 -0.394116 0.134157 0.389895 -0.919061 -0.0575297 0.145971 -3.41847e-18 0.989289)
(-0.89756 -0.420408 0.132825 0.415879 -0.907335 -0.0615434 0.14639 1.77762e-17 0.989227)
(-0.885163 -0.44635 0.131372 0.441514 -0.894859 -0.0655278 0.146808 1.21994e-17 0.989165)
(-0.872034 -0.47192 0.129801 0.466778 -0.881641 -0.069479 0.147226 -8.87402e-18 0.989103)
(-0.858185 -0.497098 0.12811 0.49165 -0.867694 -0.0733937 0.147644 2.81734e-18 0.989041)
(-0.843628 -0.521862 0.126301 0.51611 -0.85303 -0.0772681 0.148062 -3.66961e-17 0.988978)
(-0.828374 -0.546193 0.124376 0.540139 -0.837659 -0.0810988 0.14848 -3.02086e-17 0.988915)
(-0.812438 -0.57007 0.122334 0.563715 -0.821596 -0.0848821 0.148898 -2.99624e-17 0.988853)
(-0.795831 -0.593473 0.120177 0.58682 -0.804854 -0.0886147 0.149315 -4.11784e-17 0.98879)
(-0.778569 -0.616383 0.117907 0.609434 -0.787446 -0.0922929 0.149733 -4.11076e-18 0.988726)
(-0.760665 -0.638782 0.115524 0.63154 -0.769388 -0.0959133 0.15015 2.12741e-17 0.988663)
(-0.742136 -0.66065 0.11303 0.653119 -0.750694 -0.0994726 0.150568 -7.00136e-17 0.9886)
(-0.722995 -0.681971 0.110427 0.674153 -0.73138 -0.102967 0.150985 -8.31745e-18 0.988536)
(-0.70326 -0.702725 0.107717 0.694624 -0.711461 -0.106394 0.151402 7.35393e-18 0.988472)
(-0.682947 -0.722897 0.1049 0.714517 -0.690956 -0.109749 0.151819 -4.9271e-17 0.988408)
(-0.662072 -0.742469 0.10198 0.733815 -0.66988 -0.11303 0.152236 5.01765e-18 0.988344)
(-0.640654 -0.761426 0.0989572 0.752502 -0.648251 -0.116234 0.152653 8.31906e-18 0.98828)
(-0.61871 -0.779752 0.0958348 0.770563 -0.626088 -0.119356 0.153069 5.57619e-18 0.988215)
(-0.596259 -0.797432 0.0926146 0.787983 -0.603408 -0.122394 0.153486 -3.1953e-17 0.988151)
(-0.573318 -0.814452 0.0892989 0.804748 -0.580231 -0.125346 0.153902 -4.47784e-17 0.988086)
(-0.549909 -0.830797 0.08589 0.820845 -0.556576 -0.128207 0.154318 -1.12434e-17 0.988021)
(-0.526049 -0.846454 0.0823904 0.836259 -0.532462 -0.130976 0.154735 4.5674e-17 0.987956)
(-0.501759 -0.86141 0.0788026 0.850979 -0.50791 -0.133649 0.155151 -3.38789e-17 0.987891)
(-0.47706 -0.875654 0.0751293 0.864993 -0.482939 -0.136223 0.155567 -3.55136e-17 0.987825)
(-0.451971 -0.889173 0.0713732 0.878289 -0.457571 -0.138696 0.155983 -1.7047e-17 0.98776)
(-0.426513 -0.901956 0.0675371 0.890857 -0.431827 -0.141065 0.156398 5.42616e-19 0.987694)
(-0.400708 -0.913994 0.0636239 0.902686 -0.405728 -0.143327 0.156814 -7.42012e-17 0.987628)
(-0.374578 -0.925276 0.0596365 0.913767 -0.379295 -0.145481 0.15723 1.9638e-17 0.987562)
(-0.348143 -0.935793 0.055578 0.924091 -0.352551 -0.147523 0.157645 -2.7135e-17 0.987496)
(-0.321426 -0.945536 0.0514515 0.93365 -0.325518 -0.149452 0.15806 -4.26367e-17 0.987429)
(-0.294449 -0.954498 0.0472602 0.942436 -0.298217 -0.151265 0.158476 2.9879e-17 0.987363)
(-0.267234 -0.962672 0.0430074 0.950442 -0.270672 -0.15296 0.158891 1.10253e-18 0.987296)
(-0.239804 -0.97005 0.0386963 0.957662 -0.242906 -0.154535 0.159306 8.15237e-18 0.987229)
(-0.212182 -0.976627 0.0343305 0.964089 -0.214941 -0.155988 0.159721 -5.33054e-17 0.987162)
(-0.18439 -0.982398 0.0299134 0.96972 -0.186801 -0.157317 0.160135 4.18425e-17 0.987095)
(-0.156452 -0.987358 0.0254485 0.974549 -0.158508 -0.15852 0.16055 -3.86752e-17 0.987028)
(-0.12839 -0.991503 0.0209394 0.978574 -0.130087 -0.159597 0.160965 1.61255e-17 0.98696)
(-0.100229 -0.994829 0.0163896 0.98179 -0.10156 -0.160545 0.161379 -1.11279e-17 0.986892)
(-0.0719901 -0.997336 0.011803 0.984195 -0.0729513 -0.161362 0.161793 6.97137e-18 0.986825)
(-0.043698 -0.999019 0.00718328 0.985789 -0.0442845 -0.162048 0.162208 1.51596e-17 0.986757)
(-0.0153757 -0.999879 0.00253416 0.986569 -0.0155832 -0.162602 0.162622 -2.26697e-17 0.986688)
(0.0129534 -0.999914 -0.0021405 0.986535 0.013129 -0.163022 0.163036 -8.56772e-18 0.98662)
(0.0412659 -0.999125 -0.00683684 0.985688 0.0418284 -0.163306 0.16345 1.92098e-17 0.986552)
(0.0695385 -0.997512 -0.0115509 0.984029 0.0704913 -0.163456 0.163863 -4.92178e-17 0.986483)
(0.0977479 -0.995078 -0.0162789 0.981559 0.0990942 -0.163468 0.164277 -5.6995e-19 0.986414)
(0.125871 -0.991824 -0.0210167 0.978281 0.127613 -0.163344 0.16469 -4.14254e-18 0.986345)
(0.153884 -0.987753 -0.0257604 0.974197 0.156025 -0.163082 0.165104 9.45151e-18 0.986276)
(0.181765 -0.982869 -0.030506 0.969312 0.184307 -0.162682 0.165517 -2.49322e-17 0.986207)
(0.20949 -0.977175 -0.0352493 0.963629 0.212435 -0.162143 0.16593 -1.80159e-17 0.986137)
(0.237036 -0.970677 -0.0399865 0.957154 0.240386 -0.161466 0.166343 -4.61695e-18 0.986068)
(0.264382 -0.963381 -0.0447134 0.949892 0.268136 -0.16065 0.166756 -1.86887e-17 0.985998)
(0.291504 -0.955292 -0.049426 0.941849 0.295665 -0.159695 0.167169 -2.8525e-17 0.985928)
(0.31838 -0.946417 -0.0541201 0.933033 0.322948 -0.158602 0.167582 5.52345e-18 0.985858)
(0.344989 -0.936764 -0.0587918 0.92345 0.349963 -0.157371 0.167994 3.78851e-18 0.985788)
(0.371308 -0.92634 -0.0634368 0.91311 0.376688 -0.156002 0.168407 1.37305e-17 0.985718)
(0.397316 -0.915155 -0.0680512 0.90202 0.403101 -0.154496 0.168819 -2.94072e-17 0.985647)
(0.422991 -0.903218 -0.0726309 0.890191 0.429181 -0.152853 0.169231 -3.22927e-18 0.985576)
(0.448313 -0.890539 -0.0771719 0.877631 0.454906 -0.151074 0.169643 1.03e-17 0.985505)
(0.47326 -0.877129 -0.08167 0.864353 0.480255 -0.149161 0.170055 1.18e-18 0.985434)
(0.497813 -0.862998 -0.0861214 0.850367 0.505207 -0.147113 0.170467 2.57271e-17 0.985363)
(0.521951 -0.848159 -0.0905219 0.835684 0.529742 -0.144933 0.170879 6.00453e-18 0.985292)
(0.545655 -0.832623 -0.0948677 0.820317 0.55384 -0.142621 0.171291 -3.38825e-17 0.985221)
(0.568905 -0.816404 -0.0991548 0.80428 0.577481 -0.140178 0.171702 -2.56156e-17 0.985149)
(0.591682 -0.799516 -0.103379 0.787584 0.600645 -0.137608 0.172114 2.81926e-17 0.985077)
(0.613968 -0.781971 -0.107537 0.770246 0.623315 -0.13491 0.172525 -1.05795e-17 0.985005)
(0.635745 -0.763786 -0.111625 0.752278 0.64547 -0.132086 0.172936 -2.64374e-17 0.984933)
(0.656994 -0.744974 -0.115639 0.733696 0.667094 -0.129139 0.173347 -5.28957e-17 0.984861)
(0.6777 -0.725552 -0.119575 0.714515 0.688168 -0.12607 0.173758 -3.49716e-17 0.984788)
(0.697843 -0.705535 -0.123429 0.694752 0.708675 -0.122882 0.174169 3.98818e-17 0.984716)
(0.71741 -0.684941 -0.127198 0.674422 0.728599 -0.119577 0.174579 2.11993e-18 0.984643)
(0.736383 -0.663785 -0.130879 0.653543 0.747923 -0.116156 0.17499 -9.0719e-19 0.98457)
(0.754747 -0.642087 -0.134468 0.632133 0.766632 -0.112622 0.1754 8.5196e-18 0.984497)
(0.772488 -0.619863 -0.137961 0.610208 0.78471 -0.108979 0.175811 -1.15894e-17 0.984424)
(0.78959 -0.597132 -0.141354 0.587787 0.802143 -0.105227 0.176221 -1.67176e-17 0.984351)
(0.806041 -0.573912 -0.144646 0.564889 0.818917 -0.101371 0.176631 -1.9659e-17 0.984277)
(0.821827 -0.550224 -0.147832 0.541532 0.835017 -0.0974122 0.177041 7.5965e-19 0.984203)
(0.836935 -0.526086 -0.15091 0.517737 0.850431 -0.0933544 0.177451 -1.80802e-17 0.98413)
(0.851353 -0.501518 -0.153875 0.493522 0.865147 -0.0892003 0.17786 -3.24702e-18 0.984056)
(0.865069 -0.476541 -0.156726 0.468908 0.879152 -0.084953 0.17827 1.02052e-17 0.983982)
(0.878074 -0.451176 -0.15946 0.443915 0.892435 -0.0806158 0.178679 1.33445e-17 0.983907)
(0.890355 -0.425442 -0.162073 0.418564 0.904986 -0.0761918 0.179089 -6.83473e-18 0.983833)
(0.901903 -0.399361 -0.164563 0.392875 0.916794 -0.0716845 0.179498 1.49462e-17 0.983758)
(0.91271 -0.372955 -0.166927 0.36687 0.927849 -0.0670973 0.179907 8.4264e-18 0.983684)
(0.922766 -0.346246 -0.169162 0.34057 0.938144 -0.0624337 0.180316 -5.94317e-18 0.983609)
(0.932064 -0.319255 -0.171267 0.313998 0.947669 -0.0576972 0.180725 1.09728e-17 0.983534)
(0.940596 -0.292004 -0.173239 0.287174 0.956417 -0.0528917 0.181134 -4.31038e-18 0.983459)
(0.948356 -0.264517 -0.175076 0.260121 0.964381 -0.0480209 0.181542 4.72388e-18 0.983383)
(0.955337 -0.236814 -0.176775 0.232861 0.971555 -0.0430885 0.181951 -5.56053e-18 0.983308)
(0.961535 -0.20892 -0.178335 0.205417 0.977933 -0.0380985 0.182359 -1.45941e-17 0.983232)
(0.966943 -0.180858 -0.179753 0.177811 0.983509 -0.0330548 0.182767 6.97511e-18 0.983156)
(0.971559 -0.152649 -0.181028 0.150066 0.98828 -0.0279615 0.183175 -2.62666e-18 0.98308)
(0.975379 -0.124318 -0.182159 0.122205 0.992242 -0.0228226 0.183583 -1.34045e-18 0.983004)
(0.978399 -0.0958866 -0.183143 0.0942496 0.995392 -0.0176423 0.183991 -1.2558e-18 0.982928)
(0.980618 -0.0673794 -0.18398 0.066224 0.997727 -0.0124247 0.184399 8.63678e-18 0.982852)
(0.982034 -0.0388193 -0.184667 0.0381507 0.999246 -0.00717405 0.184806 1.2022e-18 0.982775)
(0.982647 -0.0102297 -0.185204 0.0100527 0.999948 -0.00189468 0.185214 2.10849e-19 0.982698)
(0.982456 0.018366 -0.18559 -0.0180469 0.999831 0.00340912 0.185621 3.18483e-19 0.982621)
(0.981461 0.0469445 -0.185823 -0.0461251 0.998897 0.008733 0.186028 1.45218e-18 0.982544)
(0.979664 0.0754824 -0.185903 -0.074159 0.997147 0.0140726 0.186435 4.97897e-19 0.982467)
(0.977067 0.103956 -0.18583 -0.102126 0.994582 0.0194234 0.186842 -6.16336e-18 0.98239)
(0.973672 0.132343 -0.185602 -0.130002 0.991204 0.0247811 0.187249 -4.89819e-19 0.982313)
(0.969482 0.160619 -0.185219 -0.157766 0.987016 0.0301411 0.187656 -1.21971e-17 0.982235)
(0.964501 0.188762 -0.184681 -0.185394 0.982023 0.035499 0.188062 -4.5673e-18 0.982157)
(0.958733 0.216749 -0.183988 -0.212864 0.976227 0.0408503 0.188468 4.90411e-18 0.982079)
(0.952183 0.244556 -0.18314 -0.240154 0.969635 0.0461905 0.188875 -9.82937e-18 0.982001)
(0.944857 0.272161 -0.182136 -0.267241 0.962252 0.0515149 0.189281 -1.3134e-17 0.981923)
(0.936761 0.299542 -0.180977 -0.294104 0.954083 0.0568193 0.189687 7.04474e-18 0.981845)
(0.927903 0.326676 -0.179664 -0.32072 0.945136 0.0620988 0.190093 4.3915e-18 0.981766)
(0.918289 0.353542 -0.178196 -0.347068 0.935419 0.0673492 0.190499 -1.57762e-18 0.981687)
(0.907928 0.380116 -0.176575 -0.373126 0.924939 0.0725659 0.190904 5.96099e-18 0.981609)
(0.896828 0.406379 -0.174801 -0.398873 0.913705 0.0777442 0.19131 -1.5266e-17 0.98153)
(0.885 0.432308 -0.172875 -0.424289 0.901726 0.0828799 0.191715 -4.08913e-17 0.981451)
(0.872452 0.457882 -0.170798 -0.449352 0.889013 0.0879684 0.19212 2.32843e-17 0.981371)
(0.859196 0.48308 -0.168571 -0.474043 0.875576 0.0930053 0.192525 3.12441e-17 0.981292)
(0.845242 0.507883 -0.166195 -0.498341 0.861426 0.0979861 0.19293 1.11493e-17 0.981212)
(0.830603 0.532269 -0.163673 -0.522227 0.846575 0.102906 0.193335 -4.22583e-17 0.981133)
(0.815289 0.55622 -0.161005 -0.545681 0.831035 0.107762 0.19374 3.8828e-17 0.981053)
(0.799315 0.579715 -0.158193 -0.568685 0.814819 0.112549 0.194145 8.22514e-18 0.980973)
(0.782694 0.602736 -0.155239 -0.59122 0.79794 0.117262 0.194549 -1.29376e-17 0.980893)
(0.765439 0.625264 -0.152144 -0.613267 0.780413 0.121897 0.194953 1.50482e-17 0.980813)
(0.747564 0.647281 -0.148912 -0.63481 0.762251 0.126451 0.195358 1.35557e-17 0.980732)
(0.729085 0.668769 -0.145543 -0.65583 0.74347 0.130919 0.195762 2.04267e-17 0.980652)
(0.710017 0.689711 -0.142041 -0.67631 0.724085 0.135298 0.196166 1.76881e-17 0.980571)
(0.690375 0.710089 -0.138407 -0.696235 0.704112 0.139582 0.196569 4.28998e-17 0.98049)
(0.670176 0.729887 -0.134644 -0.715588 0.683568 0.143768 0.196973 -3.49764e-17 0.980409)
(0.649436 0.74909 -0.130756 -0.734354 0.662468 0.147853 0.197377 2.584e-17 0.980328)
(0.628173 0.767681 -0.126744 -0.752517 0.640832 0.151832 0.19778 -1.57823e-17 0.980246)
(0.606404 0.785647 -0.122611 -0.770063 0.618675 0.155702 0.198183 -2.44547e-17 0.980165)
(0.584147 0.802971 -0.118361 -0.786979 0.596018 0.159459 0.198586 -5.1795e-18 0.980083)
(0.56142 0.819641 -0.113996 -0.80325 0.572877 0.1631 0.198989 3.61755e-17 0.980002)
(0.538243 0.835643 -0.109521 -0.818864 0.549272 0.166621 0.199392 2.25746e-17 0.97992)
(0.514633 0.850965 -0.104937 -0.833807 0.525223 0.170018 0.199795 -6.93178e-18 0.979838)
(0.490611 0.865593 -0.100249 -0.848069 0.500749 0.173289 0.200197 -1.38915e-18 0.979756)
(0.466197 0.879516 -0.0954594 -0.861638 0.475869 0.176431 0.2006 -2.78388e-18 0.979673)
(0.441409 0.892723 -0.0905727 -0.874503 0.450605 0.179439 0.201002 -2.44078e-17 0.979591)
(0.416269 0.905204 -0.0855923 -0.886655 0.424977 0.182312 0.201404 1.43246e-17 0.979508)
(0.390797 0.916948 -0.0805221 -0.898082 0.399006 0.185046 0.201806 3.85086e-18 0.979425)
(0.365014 0.927947 -0.0753658 -0.908777 0.372713 0.187639 0.202208 3.54283e-17 0.979343)
(0.338941 0.93819 -0.0701274 -0.918732 0.34612 0.190087 0.20261 3.28035e-17 0.979259)
(0.3126 0.947671 -0.064811 -0.927937 0.319248 0.192388 0.203012 -2.85863e-17 0.979176)
(0.286011 0.956382 -0.0594207 -0.936387 0.292118 0.194541 0.203413 3.67027e-17 0.979093)
(0.259197 0.964316 -0.0539608 -0.944074 0.264754 0.196542 0.203815 3.13075e-18 0.979009)
(0.232179 0.971466 -0.0484354 -0.950994 0.237178 0.198389 0.204216 3.85069e-17 0.978926)
(0.20498 0.977828 -0.042849 -0.957139 0.209411 0.20008 0.204617 -1.01305e-17 0.978842)
(0.177622 0.983395 -0.037206 -0.962506 0.181477 0.201614 0.205018 -3.20084e-18 0.978758)
(0.150126 0.988165 -0.0315107 -0.967091 0.153398 0.202987 0.205419 1.48698e-17 0.978674)
(0.122516 0.992132 -0.0257679 -0.97089 0.125196 0.2042 0.205819 5.57508e-17 0.97859)
(0.0948136 0.995294 -0.0199819 -0.973901 0.0968963 0.20525 0.20622 -1.37439e-17 0.978506)
(0.0670414 0.99765 -0.0141576 -0.976122 0.06852 0.206135 0.20662 2.02569e-17 0.978421)
(0.0392221 0.999196 -0.00829958 -0.97755 0.0400906 0.206854 0.207021 1.22956e-17 0.978337)
(0.0113782 0.999932 -0.00241255 -0.978186 0.0116312 0.207407 0.207421 2.06302e-17 0.978252)
(-0.0164676 0.999858 0.0034987 -0.978028 -0.0168352 0.207791 0.207821 -2.27108e-17 0.978167)
(-0.0442929 0.998974 0.00942936 -0.977078 -0.0452855 0.208007 0.208221 -1.95051e-17 0.978082)
(-0.072075 0.997281 0.0153746 -0.975337 -0.0736966 0.208053 0.20862 4.51493e-17 0.977997)
(-0.0997915 0.99478 0.0213295 -0.972806 -0.102046 0.207929 0.20902 2.78677e-17 0.977911)
(-0.12742 0.991473 0.0272893 -0.969488 -0.130309 0.207634 0.209419 2.90628e-17 0.977826)
(-0.154938 0.987365 0.0332489 -0.965386 -0.158465 0.207167 0.209818 7.83194e-17 0.97774)
(-0.182323 0.982457 0.0392036 -0.960503 -0.18649 0.20653 0.210218 2.00568e-17 0.977655)
(-0.209554 0.976754 0.0451482 -0.954844 -0.214362 0.205721 0.210617 4.942e-17 0.977569)
(-0.236607 0.970262 0.051078 -0.948414 -0.242058 0.20474 0.211016 -2.56237e-18 0.977483)
(-0.263462 0.962985 0.0569878 -0.941218 -0.269555 0.203589 0.211414 -1.83263e-17 0.977397)
(-0.290097 0.95493 0.0628729 -0.933263 -0.296832 0.202266 0.211813 6.01951e-17 0.97731)
(-0.31649 0.946103 0.0687282 -0.924554 -0.323867 0.200774 0.212211 8.83507e-18 0.977224)
(-0.342621 0.936511 0.0745488 -0.9151 -0.350637 0.199111 0.21261 3.12214e-18 0.977137)
(-0.368467 0.926164 0.0803298 -0.904909 -0.377121 0.19728 0.213008 -4.43411e-18 0.977051)
(-0.394008 0.915068 0.0860662 -0.893989 -0.403299 0.195281 0.213406 2.1193e-17 0.976964)
(-0.419224 0.903234 0.0917533 -0.882349 -0.429147 0.193115 0.213804 3.3048e-17 0.976877)
(-0.444095 0.890672 0.097386 -0.869999 -0.454647 0.190783 0.214201 -4.27177e-17 0.97679)
(-0.4686 0.87739 0.10296 -0.856949 -0.479777 0.188287 0.214599 3.45543e-17 0.976702)
(-0.492719 0.863401 0.108469 -0.843211 -0.504518 0.185628 0.214996 -2.53612e-17 0.976615)
(-0.516435 0.848716 0.113911 -0.828795 -0.528848 0.182808 0.215394 4.68517e-18 0.976527)
(-0.539727 0.833347 0.119278 -0.813713 -0.55275 0.179829 0.215791 7.80115e-17 0.97644)
(-0.562576 0.817307 0.124568 -0.797979 -0.576203 0.176692 0.216188 -1.59742e-18 0.976352)
(-0.584966 0.800608 0.129775 -0.781605 -0.599188 0.1734 0.216585 2.10853e-17 0.976264)
(-0.606877 0.783265 0.134895 -0.764604 -0.621688 0.169954 0.216982 -2.48426e-17 0.976176)
(-0.628293 0.765291 0.139923 -0.746991 -0.643685 0.166357 0.217378 3.83459e-17 0.976087)
(-0.649195 0.746701 0.144855 -0.72878 -0.66516 0.162612 0.217775 9.7116e-18 0.975999)
(-0.669569 0.727511 0.149686 -0.709985 -0.686096 0.158722 0.218171 4.97949e-17 0.975911)
(-0.689396 0.707735 0.154413 -0.690624 -0.706478 0.154688 0.218567 6.34832e-17 0.975822)
(-0.708663 0.687391 0.15903 -0.67071 -0.726288 0.150513 0.218963 9.16549e-17 0.975733)
(-0.727353 0.666494 0.163534 -0.650261 -0.74551 0.146202 0.219359 -1.9469e-17 0.975644)
(-0.745451 0.645063 0.167921 -0.629294 -0.76413 0.141755 0.219755 5.29996e-17 0.975555)
(-0.762943 0.623113 0.172187 -0.607825 -0.782132 0.137178 0.22015 5.95764e-17 0.975466)
(-0.779816 0.600663 0.176327 -0.585873 -0.799502 0.132474 0.220546 -3.29024e-17 0.975377)
(-0.796056 0.577731 0.180338 -0.563454 -0.816227 0.127644 0.220941 8.69492e-18 0.975287)
(-0.81165 0.554336 0.184216 -0.540587 -0.832293 0.122695 0.221336 1.64151e-17 0.975198)
(-0.826586 0.530497 0.187959 -0.517292 -0.847687 0.117628 0.221731 7.23834e-18 0.975108)
(-0.840852 0.506233 0.191561 -0.493586 -0.862397 0.112447 0.222126 5.8229e-17 0.975018)
(-0.854438 0.481563 0.19502 -0.469489 -0.876411 0.107158 0.222521 2.12501e-17 0.974928)
(-0.867332 0.456508 0.198332 -0.445022 -0.889719 0.101763 0.222915 -3.209e-17 0.974838)
(-0.879524 0.431089 0.201494 -0.420203 -0.90231 0.0962663 0.22331 2.31809e-17 0.974748)
(-0.891005 0.405324 0.204504 -0.395052 -0.914173 0.0906726 0.223704 3.88065e-18 0.974657)
(-0.901766 0.379236 0.207358 -0.369591 -0.9253 0.0849861 0.224098 6.99747e-18 0.974567)
(-0.911799 0.352846 0.210053 -0.34384 -0.935682 0.0792111 0.224492 2.00374e-17 0.974476)
(-0.921096 0.326174 0.212587 -0.317819 -0.94531 0.0733519 0.224886 1.20936e-17 0.974385)
(-0.929649 0.299242 0.214957 -0.29155 -0.954177 0.0674132 0.22528 4.32217e-17 0.974294)
(-0.937453 0.272072 0.21716 -0.265054 -0.962277 0.0613995 0.225673 -1.27916e-18 0.974203)
(-0.944501 0.244687 0.219195 -0.238352 -0.969602 0.0553155 0.226067 1.26417e-17 0.974112)
(-0.950788 0.217107 0.221058 -0.211467 -0.976148 0.049166 0.22646 -3.11953e-17 0.974021)
(-0.956309 0.189355 0.222749 -0.184419 -0.981909 0.0429558 0.226853 -1.85638e-17 0.973929)
(-0.961061 0.161454 0.224264 -0.15723 -0.98688 0.0366898 0.227246 -5.12471e-18 0.973837)
(-0.965039 0.133426 0.225603 -0.129923 -0.991059 0.0303729 0.227639 2.15869e-17 0.973746)
(-0.968241 0.105293 0.226764 -0.102519 -0.994441 0.0240102 0.228031 -8.90035e-18 0.973654)
(-0.970665 0.0770788 0.227744 -0.075041 -0.997025 0.0176066 0.228424 5.16086e-18 0.973562)
(-0.97231 0.0488051 0.228544 -0.0475103 -0.998808 0.0111674 0.228816 2.977e-19 0.97347)
(-0.973173 0.0204949 0.22916 -0.0199493 -0.99979 0.00469761 0.229208 2.08747e-18 0.973377)
(-0.973255 -0.00782905 0.229593 0.0076199 -0.999969 -0.00179755 0.2296 6.3478e-19 0.973285)
(-0.972557 -0.036144 0.229842 0.0351751 -0.999347 -0.00831286 0.229992 4.1818e-18 0.973192)
(-0.971078 -0.0644274 0.229906 0.0626942 -0.997922 -0.014843 0.230384 -7.97213e-18 0.9731)
(-0.968821 -0.0926563 0.229783 0.0901552 -0.995698 -0.0213828 0.230776 -1.201e-18 0.973007)
(-0.965788 -0.120808 0.229474 0.117536 -0.992676 -0.0279269 0.231167 -1.73831e-18 0.972914)
(-0.961982 -0.148861 0.228979 0.144815 -0.988858 -0.03447 0.231559 -1.27757e-17 0.972821)
(-0.957406 -0.176791 0.228296 0.17197 -0.984248 -0.0410067 0.23195 4.9298e-19 0.972728)
(-0.952064 -0.204577 0.227427 0.198979 -0.97885 -0.0475317 0.232341 3.22438e-18 0.972634)
(-0.94596 -0.232197 0.226371 0.225821 -0.972669 -0.0540396 0.232732 -1.40154e-17 0.972541)
(-0.939101 -0.259628 0.225128 0.252474 -0.965709 -0.0605251 0.233122 -1.61761e-18 0.972447)
(-0.931492 -0.286848 0.2237 0.278918 -0.957976 -0.0669828 0.233513 -3.5242e-17 0.972354)
(-0.923138 -0.313836 0.222086 0.305131 -0.949477 -0.0734074 0.233903 1.86648e-17 0.97226)
(-0.914049 -0.340571 0.220287 0.331091 -0.940219 -0.0797935 0.234294 -2.19475e-17 0.972166)
(-0.90423 -0.36703 0.218305 0.356779 -0.930209 -0.0861359 0.234684 8.95645e-18 0.972072)
(-0.893691 -0.393193 0.21614 0.382175 -0.919456 -0.0924293 0.235074 -1.38648e-17 0.971978)
(-0.882439 -0.419039 0.213793 0.407257 -0.907968 -0.0986683 0.235463 -3.30939e-17 0.971883)
(-0.870485 -0.444547 0.211267 0.432006 -0.895756 -0.104848 0.235853 -8.60728e-18 0.971789)
(-0.857839 -0.469697 0.208562 0.456402 -0.882828 -0.110962 0.236243 -2.25009e-17 0.971694)
(-0.84451 -0.494469 0.205679 0.480426 -0.869195 -0.117007 0.236632 -2.57984e-17 0.971599)
(-0.830509 -0.518844 0.202622 0.504059 -0.854869 -0.122977 0.237021 -5.57463e-17 0.971504)
(-0.815849 -0.542801 0.199392 0.527282 -0.839861 -0.128866 0.23741 -3.76699e-17 0.971409)
(-0.800542 -0.566322 0.19599 0.550077 -0.824184 -0.134671 0.237799 -1.15504e-17 0.971314)
(-0.784599 -0.589389 0.19242 0.572426 -0.807849 -0.140385 0.238188 -1.98331e-17 0.971219)
(-0.768034 -0.611982 0.188683 0.594311 -0.790871 -0.146005 0.238576 -6.50296e-17 0.971124)
(-0.750861 -0.634085 0.184783 0.615714 -0.773263 -0.151524 0.238965 -4.60202e-17 0.971028)
(-0.733093 -0.655679 0.180721 0.63662 -0.75504 -0.156939 0.239353 -8.30423e-19 0.970933)
(-0.714745 -0.676748 0.176501 0.657012 -0.736215 -0.162244 0.239741 1.74672e-17 0.970837)
(-0.695832 -0.697274 0.172126 0.676872 -0.716805 -0.167436 0.240129 -1.23869e-16 0.970741)
(-0.676369 -0.717242 0.167598 0.696187 -0.696824 -0.172509 0.240517 -2.58683e-17 0.970645)
(-0.656372 -0.736636 0.162921 0.714941 -0.67629 -0.177459 0.240905 7.87581e-17 0.970549)
(-0.635858 -0.75544 0.158099 0.733118 -0.655218 -0.182282 0.241292 3.44698e-17 0.970452)
(-0.614843 -0.77364 0.153134 0.750706 -0.633626 -0.186973 0.24168 -9.82049e-17 0.970356)
(-0.593343 -0.791221 0.148031 0.76769 -0.61153 -0.191528 0.242067 -7.73204e-17 0.97026)
(-0.571377 -0.80817 0.142793 0.784056 -0.58895 -0.195944 0.242454 -5.13217e-17 0.970163)
(-0.548962 -0.824473 0.137424 0.799793 -0.565902 -0.200216 0.242841 2.77673e-17 0.970066)
(-0.526117 -0.840117 0.131928 0.814887 -0.542406 -0.20434 0.243228 3.03792e-17 0.969969)
(-0.502859 -0.85509 0.126309 0.829328 -0.518479 -0.208312 0.243614 -1.41867e-16 0.969872)
(-0.479207 -0.869381 0.120571 0.843104 -0.494142 -0.21213 0.244001 3.47084e-17 0.969775)
(-0.455181 -0.882978 0.114719 0.856204 -0.469415 -0.215788 0.244387 -7.63099e-18 0.969678)
(-0.430799 -0.89587 0.108756 0.868618 -0.444315 -0.219285 0.244773 -5.94459e-17 0.96958)
(-0.406082 -0.908049 0.102689 0.880338 -0.418865 -0.222616 0.245159 -3.96671e-17 0.969483)
(-0.38105 -0.919503 0.0965197 0.891352 -0.393084 -0.225779 0.245545 -5.96333e-18 0.969385)
(-0.355721 -0.930224 0.0902546 0.901654 -0.366992 -0.228771 0.245931 2.51966e-17 0.969287)
(-0.330117 -0.940204 0.0838981 0.911236 -0.340612 -0.231587 0.246316 -3.63008e-17 0.96919)
(-0.304258 -0.949435 0.077455 0.92009 -0.313963 -0.234227 0.246701 -2.31098e-17 0.969092)
(-0.278166 -0.957911 0.0709303 0.928209 -0.287067 -0.236687 0.247087 1.83224e-17 0.968993)
(-0.251859 -0.965623 0.064329 0.935588 -0.259945 -0.238964 0.247472 -4.79277e-17 0.968895)
(-0.225361 -0.972568 0.0576563 0.942221 -0.23262 -0.241057 0.247857 -1.91502e-17 0.968797)
(-0.198692 -0.978738 0.0509173 0.948102 -0.205112 -0.242963 0.248241 -6.89008e-18 0.968698)
(-0.171873 -0.984131 0.0441173 0.953229 -0.177444 -0.24468 0.248626 1.63893e-17 0.9686)
(-0.144925 -0.988741 0.0372615 0.957596 -0.149639 -0.246207 0.24901 -1.8674e-17 0.968501)
(-0.117871 -0.992565 0.0303555 0.961202 -0.121717 -0.24754 0.249395 -3.16375e-17 0.968402)
(-0.0907309 -0.9956 0.0234045 0.964043 -0.0937009 -0.24868 0.249779 -2.92589e-17 0.968303)
(-0.0635274 -0.997845 0.0164141 0.966117 -0.0656137 -0.249624 0.250163 -1.6241e-17 0.968204)
(-0.0362819 -0.999297 0.0093898 0.967424 -0.0374773 -0.25037 0.250546 2.9804e-17 0.968105)
(-0.009016 -0.999957 0.00233716 0.967963 -0.00931399 -0.250919 0.25093 4.55699e-17 0.968005)
(0.0182487 -0.999822 -0.00473821 0.967734 0.0188538 -0.251269 0.251313 -5.82974e-18 0.967906)
(0.0454905 -0.998895 -0.0118307 0.966736 0.0470037 -0.251419 0.251697 4.80287e-18 0.967806)
(0.0726878 -0.997175 -0.0189346 0.964973 0.0751135 -0.251368 0.25208 5.68476e-18 0.967706)
(0.099819 -0.994665 -0.0260443 0.962444 0.103161 -0.251116 0.252463 -4.15279e-17 0.967607)
(0.126863 -0.991366 -0.033154 0.959153 0.131123 -0.250663 0.252846 -4.82479e-18 0.967507)
(0.153797 -0.987282 -0.040258 0.955103 0.158979 -0.250008 0.253228 -1.97677e-17 0.967407)
(0.180602 -0.982416 -0.0473507 0.950297 0.186706 -0.249151 0.253611 -5.76558e-17 0.967306)
(0.207255 -0.976772 -0.0544262 0.94474 0.214282 -0.248094 0.253993 -1.49172e-17 0.967206)
(0.233736 -0.970355 -0.0614789 0.938435 0.241686 -0.246834 0.254376 -2.20636e-18 0.967106)
(0.260023 -0.96317 -0.068503 0.93139 0.268895 -0.245375 0.254758 -7.31247e-17 0.967005)
(0.286096 -0.955223 -0.0754928 0.923609 0.295888 -0.243715 0.25514 6.80035e-18 0.966904)
(0.311934 -0.94652 -0.0824426 0.915099 0.322645 -0.241856 0.255521 -1.86169e-17 0.966803)
(0.337517 -0.937069 -0.0893467 0.905867 0.349143 -0.239799 0.255903 -1.97287e-17 0.966703)
(0.362826 -0.926878 -0.0961994 0.895922 0.375362 -0.237544 0.256284 -5.70602e-17 0.966601)
(0.387839 -0.915955 -0.102995 0.885271 0.401282 -0.235094 0.256665 -1.00164e-18 0.9665)
(0.412537 -0.904308 -0.109728 0.873922 0.426881 -0.232449 0.257047 -6.69544e-17 0.966399)
(0.436902 -0.891947 -0.116393 0.861886 0.45214 -0.229612 0.257427 -2.23545e-17 0.966298)
(0.460913 -0.878882 -0.122985 0.849173 0.477039 -0.226583 0.257808 -6.26116e-18 0.966196)
(0.484552 -0.865124 -0.129497 0.835791 0.501558 -0.223365 0.258189 -1.79155e-18 0.966094)
(0.507801 -0.850683 -0.135924 0.821754 0.525678 -0.219961 0.258569 -4.48546e-18 0.965993)
(0.530642 -0.835572 -0.142262 0.807072 0.549381 -0.216371 0.25895 -9.04526e-17 0.965891)
(0.553055 -0.819803 -0.148504 0.791756 0.572646 -0.212599 0.25933 -1.60093e-17 0.965789)
(0.575025 -0.803387 -0.154646 0.77582 0.595457 -0.208647 0.25971 -1.08126e-17 0.965687)
(0.596534 -0.786339 -0.160682 0.759277 0.617796 -0.204518 0.26009 1.98521e-17 0.965585)
(0.617565 -0.768672 -0.166607 0.742139 0.639644 -0.200215 0.260469 -9.03684e-18 0.965482)
(0.638101 -0.750399 -0.172417 0.72442 0.660985 -0.195741 0.260849 3.439e-17 0.96538)
(0.658128 -0.731537 -0.178106 0.706136 0.681802 -0.191098 0.261228 -2.13539e-17 0.965277)
(0.677628 -0.712099 -0.183669 0.6873 0.702079 -0.18629 0.261607 1.85926e-17 0.965174)
(0.696588 -0.692102 -0.189102 0.667928 0.7218 -0.181321 0.261986 -7.22335e-17 0.965072)
(0.714993 -0.671561 -0.194399 0.648035 0.740949 -0.176194 0.262365 9.6272e-18 0.964969)
(0.732828 -0.650493 -0.199557 0.627638 0.759512 -0.170913 0.262744 3.75967e-17 0.964866)
(0.750079 -0.628914 -0.204571 0.606753 0.777475 -0.165481 0.263122 -1.46062e-17 0.964763)
(0.766733 -0.606842 -0.209436 0.585395 0.794823 -0.159903 0.263501 1.7107e-17 0.964659)
(0.782778 -0.584293 -0.214149 0.563584 0.811542 -0.154183 0.263879 -2.67718e-17 0.964556)
(0.798201 -0.561287 -0.218704 0.541335 0.827621 -0.148324 0.264257 -4.58412e-17 0.964452)
(0.81299 -0.537842 -0.223099 0.518667 0.843046 -0.142332 0.264635 -4.51288e-17 0.964349)
(0.827134 -0.513975 -0.227329 0.495598 0.857805 -0.13621 0.265012 -1.19528e-17 0.964245)
(0.840623 -0.489706 -0.23139 0.472146 0.871887 -0.129963 0.26539 -2.3998e-17 0.964141)
(0.853445 -0.465055 -0.235279 0.44833 0.885282 -0.123596 0.265767 -1.61449e-17 0.964037)
(0.865591 -0.44004 -0.238992 0.424169 0.897978 -0.117114 0.266145 -2.63045e-17 0.963933)
(0.877052 -0.414681 -0.242526 0.399682 0.909967 -0.110521 0.266522 -3.273e-17 0.963829)
(0.88782 -0.388999 -0.245877 0.374888 0.921238 -0.103823 0.266898 1.25534e-17 0.963725)
(0.897886 -0.363014 -0.249043 0.349808 0.931784 -0.0970247 0.267275 -1.61548e-17 0.96362)
(0.907242 -0.336746 -0.25202 0.32446 0.941595 -0.0901307 0.267652 3.28721e-17 0.963516)
(0.915882 -0.310217 -0.254805 0.298866 0.950666 -0.0831468 0.268028 1.63871e-17 0.963411)
(0.923799 -0.283446 -0.257397 0.273045 0.958988 -0.0760782 0.268404 2.6074e-17 0.963306)
(0.930988 -0.256456 -0.259791 0.247018 0.966556 -0.0689303 0.26878 9.3252e-18 0.963201)
(0.937443 -0.229267 -0.261987 0.220806 0.973364 -0.0617086 0.269156 -2.80147e-18 0.963096)
(0.94316 -0.201901 -0.263981 0.194429 0.979406 -0.0544187 0.269532 -1.52344e-17 0.962991)
(0.948133 -0.174379 -0.265772 0.167907 0.984679 -0.0470663 0.269908 1.29837e-17 0.962886)
(0.952361 -0.146724 -0.267358 0.141263 0.989178 -0.0396569 0.270283 -1.05424e-18 0.962781)
(0.95584 -0.118956 -0.268737 0.114516 0.9929 -0.0321964 0.270658 -9.39035e-19 0.962675)
(0.958567 -0.0910979 -0.269907 0.0876881 0.995842 -0.0246906 0.271033 3.00769e-18 0.96257)
(0.960542 -0.0631715 -0.270866 0.0608003 0.998003 -0.0171453 0.271408 1.88327e-18 0.962464)
(0.961762 -0.0351986 -0.271615 0.0338737 0.99938 -0.0095664 0.271783 8.44356e-19 0.962359)
(0.962228 -0.00720123 -0.272151 0.00692941 0.999974 -0.00195987 0.272158 -7.41892e-19 0.962253)
(0.961939 0.0207987 -0.272473 -0.0200114 0.999784 0.00566833 0.272532 -2.9548e-18 0.962147)
(0.960895 0.0487793 -0.272582 -0.0469277 0.99881 0.0133122 0.272906 1.77531e-18 0.962041)
(0.959099 0.0767186 -0.272475 -0.0737982 0.997053 0.0209657 0.273281 -5.23365e-18 0.961934)
(0.956552 0.104595 -0.272154 -0.100602 0.994515 0.0286228 0.273655 4.03508e-18 0.961828)
(0.953257 0.132386 -0.271616 -0.127318 0.991198 0.0362774 0.274028 -6.65509e-18 0.961722)
(0.949216 0.16007 -0.270864 -0.153926 0.987106 0.0439235 0.274402 -2.76087e-17 0.961615)
(0.944433 0.187626 -0.269895 -0.180404 0.982241 0.051555 0.274775 -1.57312e-17 0.961508)
(0.938912 0.215032 -0.268712 -0.206732 0.976607 0.0591657 0.275149 -1.90923e-18 0.961402)
(0.932658 0.242266 -0.267314 -0.232889 0.97021 0.0667497 0.275522 -1.52945e-17 0.961295)
(0.925676 0.269308 -0.265701 -0.258856 0.963054 0.0743007 0.275895 -1.01887e-18 0.961188)
(0.917972 0.296137 -0.263876 -0.284611 0.955146 0.0818129 0.276267 1.42149e-17 0.961081)
(0.909553 0.32273 -0.261837 -0.310135 0.946491 0.0892801 0.27664 -6.81936e-18 0.960974)
(0.900425 0.349069 -0.259588 -0.335408 0.937097 0.0966964 0.277013 -2.58287e-17 0.960866)
(0.890596 0.375131 -0.257128 -0.360411 0.926972 0.104056 0.277385 -3.46454e-17 0.960759)
(0.880075 0.400897 -0.254459 -0.385123 0.916123 0.111352 0.277757 8.5134e-18 0.960651)
(0.868869 0.426348 -0.251584 -0.409526 0.904559 0.11858 0.278129 1.73692e-17 0.960544)
(0.856988 0.451462 -0.248503 -0.4336 0.89229 0.125732 0.278501 2.78224e-17 0.960436)
(0.844441 0.476221 -0.24522 -0.457328 0.879326 0.132805 0.278872 3.87013e-18 0.960328)
(0.83124 0.500605 -0.241735 -0.480691 0.865676 0.139791 0.279244 2.08385e-17 0.96022)
(0.817393 0.524595 -0.238051 -0.50367 0.851352 0.146685 0.279615 -1.94022e-18 0.960112)
(0.802914 0.548173 -0.23417 -0.526249 0.836365 0.153481 0.279986 1.74851e-17 0.960004)
(0.787812 0.571321 -0.230096 -0.548409 0.820727 0.160174 0.280357 3.44239e-17 0.959896)
(0.772101 0.594021 -0.225831 -0.570134 0.80445 0.166758 0.280728 -2.92191e-17 0.959787)
(0.755793 0.616254 -0.221378 -0.591406 0.787547 0.173228 0.281098 -2.53567e-17 0.959679)
(0.738901 0.638004 -0.21674 -0.61221 0.770033 0.179578 0.281469 -2.21936e-17 0.95957)
(0.721438 0.659255 -0.21192 -0.63253 0.75192 0.185804 0.281839 5.20539e-17 0.959462)
(0.703419 0.679989 -0.206922 -0.652349 0.733222 0.191899 0.282209 -5.09137e-17 0.959353)
(0.684858 0.700191 -0.201749 -0.671654 0.713956 0.197859 0.282579 -1.96079e-17 0.959244)
(0.665769 0.719845 -0.196405 -0.690428 0.694135 0.203679 0.282949 -3.06111e-18 0.959135)
(0.646168 0.738936 -0.190893 -0.708659 0.673776 0.209354 0.283319 1.87546e-17 0.959026)
(0.626071 0.757449 -0.185218 -0.726331 0.652894 0.214879 0.283688 -1.18109e-17 0.958917)
(0.605493 0.77537 -0.179384 -0.743431 0.631507 0.22025 0.284057 1.97168e-17 0.958807)
(0.584451 0.792686 -0.173395 -0.759947 0.60963 0.225461 0.284426 -2.17096e-17 0.958698)
(0.562961 0.809383 -0.167255 -0.775865 0.587281 0.230508 0.284795 -8.96478e-18 0.958588)
(0.54104 0.825448 -0.160969 -0.791174 0.564478 0.235388 0.285164 -3.07771e-18 0.958479)
(0.518706 0.840869 -0.154541 -0.805863 0.541238 0.240096 0.285533 6.31066e-17 0.958369)
(0.495976 0.855635 -0.147977 -0.81992 0.51758 0.244627 0.285901 3.45324e-17 0.958259)
(0.472868 0.869733 -0.14128 -0.833334 0.493523 0.248978 0.286269 -3.77414e-17 0.958149)
(0.449401 0.883154 -0.134457 -0.846096 0.469084 0.253145 0.286637 -3.85246e-17 0.958039)
(0.425592 0.895886 -0.127512 -0.858195 0.444284 0.257124 0.287005 3.25624e-17 0.957929)
(0.401461 0.907921 -0.12045 -0.869624 0.419141 0.260912 0.287373 3.19048e-17 0.957819)
(0.377026 0.91925 -0.113276 -0.880373 0.393675 0.264505 0.287741 -1.89677e-17 0.957708)
(0.352307 0.929863 -0.105997 -0.890434 0.367907 0.267901 0.288108 2.29902e-17 0.957598)
(0.327323 0.939752 -0.098617 -0.899801 0.341856 0.271095 0.288475 -1.00085e-17 0.957487)
(0.302093 0.948911 -0.091142 -0.908466 0.315543 0.274086 0.288842 5.01062e-18 0.957377)
(0.276638 0.957333 -0.0835778 -0.916422 0.288987 0.276869 0.289209 -9.92951e-17 0.957266)
(0.250976 0.965011 -0.0759299 -0.923665 0.262211 0.279444 0.289576 4.81094e-17 0.957155)
(0.225129 0.971939 -0.0682043 -0.930188 0.235234 0.281806 0.289942 -7.04158e-18 0.957044)
(0.199117 0.978112 -0.0604069 -0.935988 0.208078 0.283955 0.290309 3.70051e-17 0.956933)
(0.172959 0.983527 -0.0525435 -0.94106 0.180764 0.285887 0.290675 -4.35337e-17 0.956822)
(0.146676 0.988178 -0.0446202 -0.9454 0.153312 0.2876 0.291041 4.03901e-18 0.956711)
(0.120288 0.992063 -0.0366431 -0.949006 0.125745 0.289094 0.291407 4.70358e-17 0.956599)
(0.0938165 0.995178 -0.0286183 -0.951876 0.0980843 0.290366 0.291773 4.49974e-17 0.956488)
(0.0672815 0.997522 -0.0205521 -0.954007 0.0703505 0.291414 0.292138 1.39364e-17 0.956376)
(0.0407037 0.999094 -0.0124505 -0.955398 0.0425653 0.292239 0.292504 5.11805e-17 0.956264)
(0.0141037 0.999891 -0.00431995 -0.956049 0.0147505 0.292837 0.292869 -6.88901e-17 0.956153)
(-0.0124979 0.999915 0.00383332 -0.955959 -0.0130726 0.293209 0.293234 -8.13887e-18 0.956041)
(-0.0390805 0.999164 0.012003 -0.95513 -0.0408822 0.293353 0.293599 -2.35557e-17 0.955929)
(-0.0656235 0.99764 0.0201826 -0.953561 -0.068657 0.29327 0.293963 -1.19837e-17 0.955817)
(-0.0921063 0.995345 0.0283659 -0.951256 -0.0963753 0.292958 0.294328 -6.12693e-18 0.955705)
(-0.118509 0.99228 0.0365465 -0.948215 -0.124016 0.292417 0.294692 9.39428e-17 0.955592)
(-0.14481 0.988448 0.044718 -0.944443 -0.151557 0.291648 0.295056 5.83499e-17 0.95548)
(-0.17099 0.983853 0.0528739 -0.939941 -0.178978 0.29065 0.29542 -2.94598e-17 0.955367)
(-0.197029 0.978498 0.0610078 -0.934715 -0.206258 0.289424 0.295784 1.12883e-17 0.955255)
(-0.222906 0.972387 0.0691134 -0.928768 -0.233375 0.28797 0.296148 7.97352e-17 0.955142)
(-0.248602 0.965526 0.0771843 -0.922105 -0.260308 0.286289 0.296511 8.22984e-18 0.955029)
(-0.274097 0.957919 0.0852141 -0.914733 -0.287037 0.284382 0.296875 -6.17994e-18 0.954916)
(-0.299371 0.949574 0.0931964 -0.906657 -0.313542 0.282249 0.297238 3.19688e-17 0.954803)
(-0.324405 0.940497 0.101125 -0.897884 -0.339801 0.279893 0.297601 3.13133e-17 0.95469)
(-0.349179 0.930696 0.108993 -0.888421 -0.365795 0.277313 0.297964 1.3439e-17 0.954577)
(-0.373676 0.920177 0.116796 -0.878276 -0.391503 0.274513 0.298326 9.64545e-17 0.954464)
(-0.397875 0.908949 0.124525 -0.867456 -0.416907 0.271493 0.298689 1.22535e-16 0.954351)
(-0.421759 0.897022 0.132176 -0.855972 -0.441985 0.268255 0.299051 4.67456e-17 0.954237)
(-0.445309 0.884405 0.139742 -0.843832 -0.46672 0.264802 0.299413 -5.40175e-17 0.954124)
(-0.468507 0.871107 0.147217 -0.831045 -0.491093 0.261136 0.299775 8.832e-17 0.95401)
(-0.491336 0.85714 0.154596 -0.817622 -0.515084 0.257259 0.300137 6.18804e-17 0.953896)
(-0.513779 0.842514 0.161871 -0.803575 -0.538675 0.253174 0.300498 2.50215e-17 0.953782)
(-0.535817 0.82724 0.169038 -0.788913 -0.561848 0.248883 0.30086 4.17527e-17 0.953668)
(-0.557435 0.811331 0.17609 -0.773649 -0.584586 0.24439 0.301221 3.83019e-17 0.953554)
(-0.578616 0.7948 0.183022 -0.757794 -0.606871 0.239697 0.301582 2.9297e-17 0.95344)
(-0.599343 0.777659 0.189828 -0.741362 -0.628687 0.234808 0.301943 2.64601e-17 0.953326)
(-0.619602 0.759921 0.196502 -0.724365 -0.650016 0.229727 0.302304 1.20851e-16 0.953212)
(-0.639377 0.7416 0.20304 -0.706817 -0.670842 0.224456 0.302664 -1.55493e-17 0.953097)
(-0.658653 0.722712 0.209435 -0.688732 -0.691149 0.218999 0.303025 -2.31292e-17 0.952983)
(-0.677416 0.70327 0.215683 -0.670123 -0.710923 0.213361 0.303385 -5.38144e-17 0.952868)
(-0.695651 0.683289 0.221779 -0.651006 -0.730148 0.207546 0.303745 -2.75966e-17 0.952753)
(-0.713344 0.662786 0.227716 -0.631395 -0.748809 0.201556 0.304105 3.16522e-17 0.952639)
(-0.730483 0.641776 0.233491 -0.611307 -0.766892 0.195398 0.304464 -1.47885e-17 0.952524)
(-0.747055 0.620275 0.239099 -0.590755 -0.784384 0.189075 0.304824 -5.29245e-18 0.952409)
(-0.763046 0.5983 0.244535 -0.569758 -0.801272 0.182591 0.305183 1.14274e-16 0.952294)
(-0.778446 0.575869 0.249794 -0.54833 -0.817542 0.175952 0.305542 -4.24025e-18 0.952178)
(-0.793242 0.552998 0.254872 -0.526489 -0.833182 0.169163 0.305901 2.54714e-17 0.952063)
(-0.807425 0.529706 0.259764 -0.504252 -0.848181 0.162228 0.30626 -9.20581e-19 0.951948)
(-0.820982 0.50601 0.264467 -0.481636 -0.862528 0.155152 0.306619 1.14538e-16 0.951832)
(-0.833905 0.481928 0.268977 -0.458659 -0.876211 0.147941 0.306977 2.85455e-17 0.951717)
(-0.846183 0.45748 0.273289 -0.435339 -0.88922 0.1406 0.307336 -1.70605e-17 0.951601)
(-0.857808 0.432684 0.2774 -0.411693 -0.901546 0.133134 0.307694 2.34856e-17 0.951485)
(-0.868771 0.407559 0.281306 -0.38774 -0.913179 0.125549 0.308052 7.12941e-17 0.95137)
(-0.879064 0.382125 0.285004 -0.363498 -0.924111 0.117851 0.308409 9.0242e-17 0.951254)
(-0.888679 0.356402 0.288491 -0.338987 -0.934333 0.110045 0.308767 -4.285e-18 0.951138)
(-0.897611 0.330408 0.291763 -0.314225 -0.943838 0.102137 0.309124 4.10828e-17 0.951022)
(-0.905851 0.304165 0.294818 -0.289232 -0.95262 0.0941333 0.309482 3.11702e-19 0.950905)
(-0.913395 0.277691 0.297653 -0.264026 -0.96067 0.0860395 0.309839 2.42398e-17 0.950789)
(-0.920237 0.251009 0.300265 -0.238627 -0.967985 0.0778618 0.310196 -9.68586e-18 0.950673)
(-0.926372 0.224138 0.302651 -0.213055 -0.974558 0.0696064 0.310552 1.9394e-17 0.950556)
(-0.931796 0.197098 0.30481 -0.18733 -0.980384 0.0612795 0.310909 9.70814e-18 0.95044)
(-0.936505 0.169911 0.306739 -0.16147 -0.985459 0.0528874 0.311265 2.18277e-17 0.950323)
(-0.940496 0.142597 0.308437 -0.135497 -0.989781 0.0444364 0.311621 2.98382e-17 0.950206)
(-0.943767 0.115178 0.309901 -0.10943 -0.993345 0.035933 0.311977 -1.56946e-17 0.950089)
(-0.946314 0.0876742 0.311131 -0.0832881 -0.996149 0.0273836 0.312333 1.62544e-18 0.949973)
(-0.948138 0.0601067 0.312124 -0.0570926 -0.998192 0.0187947 0.312689 -5.42429e-18 0.949856)
(-0.949237 0.0324966 0.312879 -0.0308633 -0.999472 0.0101729 0.313044 -2.57947e-18 0.949738)
(-0.94961 0.0048651 0.313396 -0.00462 -0.999988 0.00152472 0.3134 8.90333e-20 0.949621)
(-0.949258 -0.0227667 0.313674 0.0216171 -0.999741 -0.00714316 0.313755 1.22463e-18 0.949504)
(-0.948181 -0.0503777 0.313711 0.0478279 -0.99873 -0.0158241 0.31411 2.72447e-19 0.949387)
(-0.946381 -0.0779468 0.313508 0.0739925 -0.996958 -0.0245115 0.314465 8.20302e-18 0.949269)
(-0.943859 -0.105453 0.313064 0.100091 -0.994424 -0.0331987 0.314819 -1.91469e-17 0.949152)
(-0.940619 -0.132875 0.312379 0.126103 -0.991133 -0.0418789 0.315174 6.58525e-18 0.949034)
(-0.936662 -0.160193 0.311453 0.15201 -0.987086 -0.0505454 0.315528 -1.31203e-17 0.948916)
(-0.931992 -0.187385 0.310287 0.177791 -0.982287 -0.0591916 0.315882 3.27982e-18 0.948798)
(-0.926613 -0.214431 0.30888 0.203427 -0.976739 -0.0678108 0.316236 -4.93716e-17 0.948681)
(-0.920531 -0.24131 0.307234 0.228898 -0.970448 -0.0763964 0.31659 -4.39022e-17 0.948563)
(-0.913749 -0.268002 0.305349 0.254185 -0.963418 -0.0849415 0.316943 -2.41585e-17 0.948444)
(-0.906273 -0.294487 0.303226 0.279269 -0.955656 -0.0934396 0.317297 -3.63279e-17 0.948326)
(-0.898111 -0.320743 0.300867 0.304132 -0.947166 -0.101884 0.31765 -4.61553e-17 0.948208)
(-0.889267 -0.346753 0.298273 0.328753 -0.937957 -0.110268 0.318003 -2.41082e-17 0.94809)
(-0.87975 -0.372495 0.295445 0.353115 -0.928034 -0.118586 0.318356 -7.70209e-17 0.947971)
(-0.869567 -0.397951 0.292385 0.377199 -0.917407 -0.12683 0.318709 -2.2e-17 0.947853)
(-0.858726 -0.4231 0.289096 0.400987 -0.906083 -0.134995 0.319061 4.1656e-18 0.947734)
(-0.847236 -0.447925 0.285578 0.424461 -0.894071 -0.143073 0.319413 -6.17636e-17 0.947615)
(-0.835106 -0.472406 0.281835 0.447603 -0.881381 -0.151059 0.319766 -7.06747e-17 0.947497)
(-0.822345 -0.496525 0.277869 0.470396 -0.868023 -0.158946 0.320118 1.51887e-17 0.947378)
(-0.808965 -0.520263 0.273683 0.492824 -0.854006 -0.166728 0.320469 -7.74369e-17 0.947259)
(-0.794975 -0.543603 0.269279 0.514868 -0.839343 -0.174399 0.320821 6.41328e-17 0.94714)
(-0.780386 -0.566527 0.26466 0.536513 -0.824043 -0.181953 0.321172 -7.97711e-17 0.947021)
(-0.76521 -0.589018 0.25983 0.557742 -0.80812 -0.189383 0.321524 -6.69306e-18 0.946902)
(-0.749459 -0.611059 0.254791 0.57854 -0.791585 -0.196685 0.321875 4.29586e-17 0.946782)
(-0.733144 -0.632634 0.249548 0.598891 -0.774451 -0.203851 0.322226 1.34153e-17 0.946663)
(-0.71628 -0.653725 0.244104 0.618779 -0.756732 -0.210876 0.322576 7.303e-18 0.946543)
(-0.698878 -0.674318 0.238463 0.638191 -0.738441 -0.217756 0.322927 -6.49819e-17 0.946424)
(-0.680953 -0.694397 0.232628 0.657111 -0.719592 -0.224483 0.323277 -3.18032e-18 0.946304)
(-0.662518 -0.713947 0.226604 0.675525 -0.7002 -0.231053 0.323628 -7.56655e-17 0.946185)
(-0.643588 -0.732953 0.220395 0.693421 -0.680279 -0.23746 0.323978 -6.15093e-17 0.946065)
(-0.624178 -0.751401 0.214006 0.710784 -0.659846 -0.2437 0.324327 1.95038e-17 0.945945)
(-0.604302 -0.769277 0.207441 0.727602 -0.638915 -0.249767 0.324677 -1.06573e-16 0.945825)
(-0.583975 -0.786569 0.200705 0.743862 -0.617502 -0.255656 0.325027 3.60852e-17 0.945705)
(-0.563214 -0.803262 0.193802 0.759553 -0.595625 -0.261362 0.325376 -3.30185e-17 0.945585)
(-0.542035 -0.819346 0.186738 0.774662 -0.5733 -0.266881 0.325725 1.3561e-17 0.945465)
(-0.520452 -0.834807 0.179517 0.78918 -0.550542 -0.272209 0.326074 2.26259e-17 0.945344)
(-0.498484 -0.849635 0.172146 0.803095 -0.527372 -0.27734 0.326423 -5.88904e-17 0.945224)
(-0.476148 -0.863817 0.164629 0.816397 -0.503805 -0.282271 0.326771 -2.26743e-17 0.945103)
(-0.45346 -0.877345 0.156972 0.829076 -0.479861 -0.286997 0.32712 4.99367e-17 0.944983)
(-0.430438 -0.890207 0.14918 0.841123 -0.455557 -0.291514 0.327468 -4.79059e-17 0.944862)
(-0.4071 -0.902394 0.14126 0.852529 -0.430911 -0.29582 0.327816 -9.11133e-17 0.944742)
(-0.383462 -0.913898 0.133216 0.863287 -0.405943 -0.299909 0.328164 -1.07087e-16 0.944621)
(-0.359544 -0.92471 0.125055 0.873389 -0.380671 -0.303778 0.328512 6.83853e-17 0.9445)
(-0.335364 -0.934822 0.116783 0.882827 -0.355115 -0.307425 0.328859 -1.36309e-17 0.944379)
(-0.310939 -0.944227 0.108406 0.891594 -0.329295 -0.310846 0.329207 1.15444e-17 0.944258)
(-0.286289 -0.952918 0.0999302 0.899685 -0.303228 -0.314038 0.329554 -2.51541e-17 0.944137)
(-0.261433 -0.960888 0.0913617 0.907093 -0.276937 -0.316998 0.329901 -7.07166e-17 0.944016)
(-0.236388 -0.968132 0.0827071 0.913814 -0.250439 -0.319724 0.330248 -4.89593e-17 0.943894)
(-0.211175 -0.974645 0.0739727 0.919844 -0.223757 -0.322212 0.330594 -4.7802e-17 0.943773)
(-0.185813 -0.980422 0.0651651 0.925177 -0.196908 -0.324462 0.330941 -5.23832e-17 0.943651)
(-0.16032 -0.985459 0.0562907 0.92981 -0.169915 -0.32647 0.331287 2.52864e-17 0.94353)
(-0.134716 -0.989752 0.0473564 0.93374 -0.142797 -0.328235 0.331633 3.45175e-18 0.943408)
(-0.109021 -0.993299 0.0383687 0.936965 -0.115575 -0.329755 0.331979 5.3558e-17 0.943287)
(-0.0832531 -0.996097 0.0293343 0.939483 -0.08827 -0.331028 0.332325 -3.45895e-18 0.943165)
(-0.0574327 -0.998144 0.0202601 0.941293 -0.0609015 -0.332053 0.332671 1.35617e-17 0.943043)
(-0.031579 -0.999439 0.0111529 0.942392 -0.0334907 -0.332829 0.333016 -1.03819e-16 0.942921)
(-0.00571164 -0.999982 0.00201956 0.942782 -0.00605817 -0.333355 0.333361 3.76973e-17 0.942799)
(0.02015 -0.999772 -0.00713308 0.942462 0.0213753 -0.33363 0.333706 -7.83188e-17 0.942677)
(0.0459865 -0.998809 -0.0162981 0.941432 0.0487892 -0.333653 0.334051 -6.70992e-17 0.942555)
(0.0717783 -0.997095 -0.0254685 0.939695 0.0761628 -0.333425 0.334396 -1.16017e-17 0.942433)
(0.0975061 -0.994632 -0.0346374 0.937252 0.103476 -0.332943 0.33474 2.32273e-18 0.94231)
(0.123151 -0.991421 -0.0437979 0.934105 0.130707 -0.33221 0.335085 -9.30047e-18 0.942188)
(0.148692 -0.987465 -0.0529429 0.930257 0.157837 -0.331224 0.335429 3.25113e-17 0.942066)
(0.174113 -0.982768 -0.0620656 0.925711 0.184844 -0.329987 0.335773 1.16495e-17 0.941943)
(0.199392 -0.977333 -0.071159 0.920472 0.211709 -0.328498 0.336117 -5.81122e-17 0.94182)
(0.224512 -0.971164 -0.0802161 0.914543 0.238412 -0.326758 0.33646 -4.20239e-17 0.941698)
(0.249453 -0.964267 -0.08923 0.90793 0.264932 -0.324769 0.336804 -5.34364e-17 0.941575)
(0.274197 -0.956647 -0.0981939 0.900637 0.29125 -0.322531 0.337147 -2.4188e-17 0.941452)
(0.298726 -0.94831 -0.107101 0.892672 0.317345 -0.320045 0.33749 7.02542e-18 0.941329)
(0.323021 -0.939263 -0.115944 0.88404 0.343199 -0.317314 0.337833 -3.11498e-17 0.941206)
(0.347065 -0.929512 -0.124717 0.874748 0.368793 -0.314338 0.338176 3.05053e-17 0.941083)
(0.370838 -0.919065 -0.133412 0.864803 0.394106 -0.31112 0.338518 -8.277e-17 0.94096)
(0.394324 -0.907931 -0.142023 0.854214 0.419121 -0.307662 0.338861 -1.41079e-17 0.940837)
(0.417505 -0.896117 -0.150544 0.842989 0.443818 -0.303965 0.339203 -1.91483e-18 0.940713)
(0.440365 -0.883634 -0.158968 0.831137 0.468179 -0.300033 0.339545 4.2789e-17 0.94059)
(0.462885 -0.87049 -0.167288 0.818666 0.492187 -0.295868 0.339887 1.65091e-17 0.940466)
(0.48505 -0.856696 -0.175497 0.805588 0.515822 -0.291472 0.340228 -4.48553e-17 0.940343)
(0.506843 -0.842262 -0.18359 0.791911 0.539069 -0.286849 0.34057 -9.45271e-18 0.940219)
(0.528248 -0.8272 -0.191561 0.777647 0.561908 -0.282001 0.340911 1.0645e-16 0.940096)
(0.549249 -0.81152 -0.199402 0.762806 0.584324 -0.276933 0.341252 -5.21789e-17 0.939972)
(0.56983 -0.795236 -0.207108 0.747401 0.606301 -0.271647 0.341593 5.45423e-17 0.939848)
(0.589978 -0.778358 -0.214673 0.731442 0.62782 -0.266147 0.341934 1.42358e-17 0.939724)
(0.609676 -0.760901 -0.222091 0.714943 0.648868 -0.260437 0.342274 2.1375e-17 0.9396)
(0.628911 -0.742878 -0.229355 0.697916 0.669427 -0.254521 0.342615 3.81132e-17 0.939476)
(0.647668 -0.724301 -0.236462 0.680374 0.689483 -0.248403 0.342955 3.31067e-17 0.939352)
(0.665933 -0.705186 -0.243404 0.662331 0.709022 -0.242087 0.343295 4.63002e-18 0.939228)
(0.683694 -0.685547 -0.250176 0.643799 0.728028 -0.235578 0.343635 4.51409e-17 0.939103)
(0.700937 -0.665398 -0.256773 0.624795 0.746489 -0.22888 0.343974 -1.65147e-17 0.938979)
(0.71765 -0.644755 -0.26319 0.605332 0.764389 -0.221998 0.344314 -4.995e-17 0.938855)
(0.733821 -0.623634 -0.269421 0.585424 0.781716 -0.214937 0.344653 -1.40974e-17 0.93873)
(0.749437 -0.60205 -0.275462 0.565088 0.798458 -0.207703 0.344992 -6.94221e-17 0.938606)
(0.764489 -0.58002 -0.281308 0.544338 0.814602 -0.200299 0.345331 7.66789e-17 0.938481)
(0.778964 -0.55756 -0.286953 0.52319 0.830137 -0.192732 0.34567 -2.60446e-17 0.938356)
(0.792852 -0.534687 -0.292395 0.50166 0.84505 -0.185006 0.346009 6.00229e-17 0.938231)
(0.806144 -0.511419 -0.297627 0.479766 0.859331 -0.177129 0.346347 -3.98231e-19 0.938106)
(0.81883 -0.487773 -0.302646 0.457522 0.87297 -0.169104 0.346685 4.27515e-19 0.937982)
(0.830901 -0.463767 -0.307448 0.434947 0.885957 -0.160938 0.347023 2.12148e-17 0.937857)
(0.842348 -0.439418 -0.312028 0.412056 0.898283 -0.152637 0.347361 5.49509e-17 0.937731)
(0.853163 -0.414746 -0.316384 0.388868 0.909937 -0.144207 0.347699 -4.1015e-17 0.937606)
(0.863339 -0.389768 -0.320511 0.3654 0.920913 -0.135653 0.348036 -1.20749e-17 0.937481)
(0.872868 -0.364503 -0.324406 0.341669 0.931202 -0.126983 0.348374 2.75124e-17 0.937356)
(0.881744 -0.33897 -0.328066 0.317693 0.940797 -0.118203 0.348711 4.11343e-17 0.93723)
(0.88996 -0.313189 -0.331487 0.293491 0.949691 -0.109318 0.349048 -9.68802e-18 0.937105)
(0.897511 -0.287178 -0.334667 0.26908 0.957877 -0.100336 0.349385 -2.90921e-17 0.936979)
(0.904392 -0.260958 -0.337603 0.244479 0.96535 -0.0912624 0.349721 -1.3692e-17 0.936854)
(0.910598 -0.234546 -0.340293 0.219706 0.972105 -0.0821047 0.350058 -1.33596e-17 0.936728)
(0.916125 -0.207964 -0.342733 0.19478 0.978136 -0.0728695 0.350394 1.94508e-17 0.936602)
(0.920969 -0.181232 -0.344922 0.169719 0.98344 -0.0635633 0.35073 1.37991e-17 0.936477)
(0.925127 -0.154368 -0.346858 0.144542 0.988013 -0.0541932 0.351066 -9.34047e-18 0.936351)
(0.928597 -0.127393 -0.348538 0.119268 0.991852 -0.0447661 0.351401 -5.2772e-18 0.936225)
(0.931376 -0.100327 -0.349962 0.0939162 0.994954 -0.0352888 0.351737 3.05083e-18 0.936099)
(0.933462 -0.0731907 -0.351128 0.0685045 0.997318 -0.0257684 0.352072 -4.4688e-18 0.935973)
(0.934856 -0.0460035 -0.352034 0.0430522 0.998941 -0.016212 0.352407 3.87853e-18 0.935847)
(0.935555 -0.0187859 -0.35268 0.0175783 0.999824 -0.00662658 0.352742 1.07084e-18 0.93572)
(0.935561 0.00844201 -0.353065 -0.0078983 0.999964 0.00298068 0.353077 -1.47761e-18 0.935594)
(0.934873 0.03566 -0.353187 -0.0333588 0.999364 0.0126027 0.353412 3.96634e-19 0.935468)
(0.933492 0.0628478 -0.353047 -0.0587842 0.998023 0.0222322 0.353746 -1.6641e-18 0.935341)
(0.931421 0.0899855 -0.352644 -0.0841558 0.995943 0.0318621 0.354081 -6.14232e-19 0.935215)
(0.92866 0.117053 -0.351978 -0.109455 0.993126 0.0414852 0.354415 -2.18588e-17 0.935088)
(0.925213 0.14403 -0.35105 -0.134662 0.989573 0.0510943 0.354748 -1.72309e-17 0.934962)
(0.921083 0.170896 -0.349859 -0.15976 0.985289 0.0606823 0.355082 -1.80982e-18 0.934835)
(0.916272 0.197633 -0.348406 -0.184729 0.980276 0.0702419 0.355416 1.36124e-17 0.934708)
(0.910786 0.22422 -0.346691 -0.209552 0.974539 0.079766 0.355749 8.63977e-18 0.934582)
(0.904628 0.250637 -0.344717 -0.234209 0.968081 0.0892474 0.356082 -1.35895e-17 0.934455)
(0.897804 0.276866 -0.342482 -0.258683 0.960909 0.0986791 0.356415 7.41938e-18 0.934328)
(0.890318 0.302886 -0.33999 -0.282956 0.953027 0.108054 0.356748 1.04892e-17 0.934201)
(0.882178 0.328679 -0.337242 -0.30701 0.944442 0.117365 0.357081 6.85908e-18 0.934074)
(0.87339 0.354225 -0.334239 -0.330827 0.93516 0.126605 0.357413 2.84023e-17 0.933946)
(0.863959 0.379506 -0.330982 -0.35439 0.925189 0.135767 0.357745 1.48941e-17 0.933819)
(0.853895 0.404504 -0.327475 -0.377682 0.914536 0.144844 0.358077 3.47853e-17 0.933692)
(0.843204 0.4292 -0.323719 -0.400686 0.90321 0.153829 0.358409 -2.63146e-17 0.933565)
(0.831896 0.453575 -0.319717 -0.423384 0.891218 0.162716 0.358741 2.83974e-17 0.933437)
(0.819978 0.477613 -0.315471 -0.445761 0.87857 0.171498 0.359073 1.84298e-17 0.93331)
(0.807461 0.501295 -0.310984 -0.467799 0.865277 0.180167 0.359404 5.33335e-17 0.933182)
(0.794353 0.524604 -0.306259 -0.489484 0.851347 0.188718 0.359735 9.98466e-18 0.933054)
(0.780664 0.547523 -0.3013 -0.510799 0.836791 0.197144 0.360066 9.99384e-18 0.932927)
(0.766406 0.570035 -0.296109 -0.531728 0.82162 0.205439 0.360397 4.26605e-17 0.932799)
(0.75159 0.592125 -0.290691 -0.552258 0.805846 0.213596 0.360728 1.75214e-17 0.932671)
(0.736225 0.613775 -0.285048 -0.572372 0.789481 0.221608 0.361058 -5.01069e-18 0.932543)
(0.720325 0.63497 -0.279186 -0.592056 0.772537 0.229471 0.361388 6.60019e-17 0.932415)
(0.703901 0.655695 -0.273107 -0.611296 0.755026 0.237177 0.361718 -7.76916e-19 0.932287)
(0.686966 0.675934 -0.266816 -0.630079 0.736962 0.244721 0.362048 -1.07993e-17 0.932159)
(0.669532 0.695674 -0.260317 -0.64839 0.718358 0.252097 0.362378 -1.0058e-17 0.932031)
(0.651613 0.714899 -0.253615 -0.666216 0.699228 0.259299 0.362708 5.74622e-17 0.931903)
(0.633222 0.733595 -0.246715 -0.683545 0.679587 0.266322 0.363037 1.37721e-17 0.931775)
(0.614373 0.75175 -0.239621 -0.700365 0.659449 0.27316 0.363366 7.69304e-17 0.931646)
(0.59508 0.769349 -0.232339 -0.716663 0.638828 0.279809 0.363695 2.4736e-18 0.931518)
(0.575358 0.786381 -0.224873 -0.732427 0.617742 0.286262 0.364024 1.01037e-17 0.93139)
(0.555222 0.802833 -0.217229 -0.747647 0.596204 0.292514 0.364353 -2.02256e-17 0.931261)
(0.534686 0.818693 -0.209411 -0.762312 0.574232 0.298562 0.364681 -2.02439e-17 0.931132)
(0.513766 0.83395 -0.201427 -0.77641 0.551841 0.304399 0.365009 3.39518e-17 0.931004)
(0.492477 0.848592 -0.193281 -0.789933 0.529048 0.310022 0.365337 1.87185e-17 0.930875)
(0.470836 0.86261 -0.184979 -0.802871 0.50587 0.315427 0.365665 5.07463e-18 0.930746)
(0.448859 0.875993 -0.176527 -0.815214 0.482324 0.320607 0.365993 1.77771e-17 0.930618)
(0.426562 0.888732 -0.167931 -0.826955 0.458428 0.325561 0.366321 -1.72656e-18 0.930489)
(0.403961 0.900817 -0.159198 -0.838084 0.434198 0.330283 0.366648 -4.24875e-17 0.93036)
(0.381073 0.912241 -0.150333 -0.848594 0.409654 0.33477 0.366975 2.10814e-17 0.930231)
(0.357916 0.922994 -0.141343 -0.858479 0.384814 0.339018 0.367302 5.75494e-18 0.930102)
(0.334506 0.93307 -0.132234 -0.86773 0.359694 0.343024 0.367629 -1.02038e-17 0.929973)
(0.310861 0.942461 -0.123013 -0.876341 0.334315 0.346784 0.367956 5.41699e-17 0.929843)
(0.286998 0.951161 -0.113687 -0.884308 0.308695 0.350296 0.368282 2.04438e-17 0.929714)
(0.262935 0.959164 -0.104262 -0.891624 0.282852 0.353556 0.368608 -1.79041e-17 0.929585)
(0.23869 0.966463 -0.0947445 -0.898284 0.256806 0.356562 0.368934 1.18155e-16 0.929455)
(0.21428 0.973054 -0.0851424 -0.904285 0.230575 0.35931 0.36926 1.28113e-18 0.929326)
(0.189723 0.978933 -0.0754621 -0.909621 0.20418 0.3618 0.369586 1.02581e-17 0.929196)
(0.165039 0.984096 -0.0657108 -0.914291 0.177639 0.364029 0.369912 9.13586e-17 0.929067)
(0.140243 0.988538 -0.0558954 -0.91829 0.150972 0.365993 0.370237 -7.70711e-18 0.928937)
(0.115356 0.992257 -0.0460232 -0.921616 0.124198 0.367693 0.370562 6.44156e-17 0.928808)
(0.0903952 0.995251 -0.0361012 -0.924268 0.0973375 0.369126 0.370887 3.47429e-17 0.928678)
(0.0653786 0.997518 -0.0261368 -0.926244 0.0704094 0.370291 0.371212 2.3211e-17 0.928548)
(0.0403247 0.999056 -0.0161372 -0.927542 0.0434338 0.371186 0.371537 3.34912e-17 0.928418)
(0.0152519 0.999865 -0.00610973 -0.928163 0.0164301 0.371811 0.371861 -6.97538e-17 0.928288)
(-0.00982149 0.999944 0.00393835 -0.928106 -0.0105817 0.372165 0.372185 3.18784e-17 0.928158)
(-0.0348772 0.999294 0.0139997 -0.927373 -0.037582 0.372246 0.37251 2.10015e-17 0.928028)
(-0.0598969 0.997914 0.0240668 -0.925963 -0.0645512 0.372056 0.372834 -3.23382e-17 0.927898)
(-0.0848624 0.995808 0.0341325 -0.923879 -0.0914695 0.371593 0.373157 4.43809e-17 0.927768)
(-0.109756 0.992976 0.0441892 -0.921122 -0.118317 0.370857 0.373481 7.87055e-17 0.927638)
(-0.134558 0.989421 0.0542297 -0.917695 -0.145075 0.36985 0.373804 6.70497e-17 0.927508)
(-0.159253 0.985145 0.0642465 -0.913601 -0.171724 0.36857 0.374127 1.53582e-16 0.927377)
(-0.18382 0.980153 0.0742322 -0.908844 -0.198243 0.367019 0.37445 -2.46836e-17 0.927247)
(-0.208244 0.974448 0.0841796 -0.903427 -0.224615 0.365197 0.374773 4.42087e-17 0.927117)
(-0.232506 0.968034 0.0940812 -0.897354 -0.250819 0.363106 0.375096 1.0411e-17 0.926986)
(-0.256588 0.960917 0.10393 -0.890631 -0.276837 0.360746 0.375418 5.40558e-17 0.926855)
(-0.280474 0.953102 0.113718 -0.883263 -0.30265 0.358119 0.375741 2.27641e-17 0.926725)
(-0.304145 0.944594 0.123439 -0.875256 -0.32824 0.355227 0.376063 4.62174e-17 0.926594)
(-0.327585 0.935402 0.133085 -0.866616 -0.353587 0.352071 0.376385 5.32359e-17 0.926463)
(-0.350778 0.92553 0.142649 -0.857349 -0.378673 0.348653 0.376706 8.0175e-17 0.926333)
(-0.373705 0.914988 0.152124 -0.847463 -0.403481 0.344976 0.377028 -7.75761e-17 0.926202)
(-0.396352 0.903782 0.161503 -0.836967 -0.427993 0.341042 0.377349 -1.57103e-17 0.926071)
(-0.4187 0.891922 0.170779 -0.825866 -0.45219 0.336853 0.37767 6.45031e-17 0.92594)
(-0.440736 0.879416 0.179945 -0.814171 -0.476055 0.332412 0.377992 7.76212e-17 0.925809)
(-0.462442 0.866273 0.188994 -0.80189 -0.499571 0.327722 0.378312 1.11762e-16 0.925678)
(-0.483804 0.852503 0.19792 -0.789032 -0.522722 0.322786 0.378633 -4.0869e-17 0.925547)
(-0.504805 0.838117 0.206715 -0.775607 -0.54549 0.317607 0.378953 4.08528e-17 0.925416)
(-0.525431 0.823126 0.215374 -0.761625 -0.567859 0.31219 0.379274 -1.57904e-17 0.925285)
(-0.545668 0.807539 0.22389 -0.747098 -0.589814 0.306537 0.379594 4.08205e-17 0.925153)
(-0.565501 0.79137 0.232256 -0.732035 -0.611337 0.300652 0.379914 3.82811e-17 0.925022)
(-0.584915 0.77463 0.240465 -0.716448 -0.632415 0.29454 0.380234 1.1994e-16 0.924891)
(-0.603897 0.75733 0.248513 -0.700348 -0.653032 0.288204 0.380553 1.25272e-16 0.924759)
(-0.622434 0.739485 0.256393 -0.683748 -0.673173 0.28165 0.380872 5.28567e-17 0.924628)
(-0.640513 0.721107 0.264099 -0.666661 -0.692824 0.27488 0.381192 -3.01595e-17 0.924496)
(-0.65812 0.70221 0.271624 -0.649098 -0.71197 0.267901 0.381511 1.04258e-16 0.924364)
(-0.675243 0.682807 0.278964 -0.631073 -0.730599 0.260716 0.381829 6.80442e-17 0.924233)
(-0.691871 0.662913 0.286113 -0.612599 -0.748696 0.253331 0.382148 -4.43547e-18 0.924101)
(-0.707991 0.642543 0.293065 -0.59369 -0.76625 0.245751 0.382467 0 0.923969)
(-0.723593 0.621711 0.299815 -0.57436 -0.783247 0.237982 0.382785 1.06244e-17 0.923838)
(-0.738665 0.600433 0.306358 -0.554623 -0.799675 0.230028 0.383103 -3.72164e-17 0.923706)
(-0.753196 0.578724 0.312689 -0.534494 -0.815524 0.221895 0.383421 1.098e-16 0.923574)
(-0.767178 0.5566 0.318803 -0.513987 -0.830781 0.213589 0.383739 7.88851e-17 0.923442)
(-0.780599 0.534077 0.324695 -0.493118 -0.845436 0.205116 0.384056 5.76061e-17 0.92331)
(-0.793451 0.511172 0.330361 -0.471902 -0.859479 0.196481 0.384374 6.40111e-17 0.923178)
(-0.805725 0.487901 0.335796 -0.450355 -0.872899 0.187691 0.384691 4.91215e-17 0.923045)
(-0.817413 0.464282 0.340997 -0.428492 -0.885688 0.178752 0.385008 -9.13049e-17 0.922913)
(-0.828506 0.440331 0.345958 -0.406329 -0.897836 0.16967 0.385325 2.56123e-17 0.922781)
(-0.838996 0.416066 0.350677 -0.383883 -0.909334 0.160452 0.385641 1.87315e-17 0.922649)
(-0.848878 0.391505 0.355149 -0.361169 -0.920176 0.151104 0.385958 -2.67812e-18 0.922516)
(-0.858143 0.366665 0.359371 -0.338206 -0.930353 0.141633 0.386274 4.02047e-17 0.922384)
(-0.866786 0.341564 0.36334 -0.315008 -0.939859 0.132045 0.38659 -2.14601e-17 0.922252)
(-0.874801 0.316221 0.367052 -0.291593 -0.948686 0.122348 0.386906 3.30215e-17 0.922119)
(-0.882183 0.290654 0.370505 -0.267979 -0.956828 0.112548 0.387222 3.69772e-17 0.921987)
(-0.888926 0.264881 0.373695 -0.244182 -0.964281 0.102651 0.387537 0 0.921854)
(-0.895027 0.238922 0.37662 -0.220219 -0.971039 0.0926665 0.387853 4.37252e-17 0.921721)
(-0.900482 0.212794 0.379278 -0.196109 -0.977097 0.0825999 0.388168 -5.38691e-18 0.921589)
(-0.905286 0.186517 0.381666 -0.171867 -0.982452 0.0724588 0.388483 1.14399e-17 0.921456)
(-0.909437 0.16011 0.383782 -0.147513 -0.987099 0.0622504 0.388798 1.99462e-18 0.921323)
(-0.912933 0.133592 0.385625 -0.123063 -0.991036 0.0519821 0.389112 2.49341e-17 0.92119)
(-0.915771 0.106981 0.387192 -0.0985355 -0.994261 0.0416612 0.389427 -2.02664e-17 0.921057)
(-0.917951 0.0802971 0.388483 -0.0739476 -0.996771 0.0312951 0.389741 -1.84291e-18 0.920924)
(-0.91947 0.0535596 0.389496 -0.0493172 -0.998565 0.0208912 0.390055 5.41311e-18 0.920791)
(-0.920328 0.0267876 0.390229 -0.0246622 -0.999641 0.010457 0.390369 2.61286e-18 0.920658)
)
;

boundaryField
{
    left
    {
        type            calculated;
        value           uniform (1 0 0 0 1 -0 0 0 1);
    }
    right
    {
        type            calculated;
        value           uniform (-0.920525 1.10218e-15 0.390683 -1.01459e-15 -1 4.30604e-16 0.390683 1.12803e-31 0.920525);
    }
    beam
    {
        type            empty;
    }
}


// ************************************************************************* //
