# Time Dx Dy Dz magD
0.001 0.000867471 0.000867471 -1.27172e-06 0.00122679
0.002 0.00196287 0.00196287 -8.34589e-06 0.00277593
0.003 0.00337675 0.00337675 -2.78218e-05 0.00477553
0.004 0.00510271 0.00510271 -6.46094e-05 0.00721662
0.005 0.00709117 0.00709117 -0.000121106 0.0100292
0.006 0.0093006 0.0093006 -0.000199204 0.0131545
0.007 0.0117007 0.0117007 -0.000301653 0.01655
0.008 0.014269 0.014269 -0.000431747 0.0201841
0.009 0.0169944 0.0169944 -0.000592816 0.024041
0.01 0.0198743 0.0198743 -0.000787857 0.0281175
0.011 0.0229069 0.0229069 -0.00101921 0.0324113
0.012 0.0260852 0.0260852 -0.00128849 0.0369126
0.013 0.0293985 0.0293985 -0.00159697 0.0416064
0.014 0.0328364 0.0328364 -0.00194602 0.0464784
0.015 0.036392 0.036392 -0.00233738 0.0515191
0.016 0.040062 0.040062 -0.00277313 0.0567241
0.017 0.0438445 0.0438445 -0.00325537 0.0620909
0.018 0.0477368 0.0477368 -0.00378592 0.0676161
0.019 0.0517349 0.0517349 -0.00436605 0.0732943
0.02 0.0558336 0.0558336 -0.00499673 0.0791186
0.021 0.0600284 0.0600284 -0.00567886 0.0850827
0.022 0.0643159 0.0643159 -0.00641364 0.0911822
0.023 0.0686937 0.0686937 -0.00720247 0.0974143
0.024 0.07316 0.07316 -0.00804675 0.103776
0.025 0.0777121 0.0777121 -0.00894767 0.110265
0.026 0.0823471 0.0823471 -0.00990613 0.116877
0.027 0.0870621 0.0870621 -0.0109229 0.123608
0.028 0.0918542 0.0918542 -0.011999 0.130454
0.029 0.0967212 0.0967212 -0.0131355 0.137414
0.03 0.101661 0.101661 -0.0143337 0.144483
0.031 0.106671 0.106671 -0.0155951 0.15166
0.032 0.11175 0.11175 -0.0169214 0.158942
0.033 0.116895 0.116895 -0.0183145 0.166326
0.034 0.122102 0.122102 -0.0197767 0.173808
0.035 0.127371 0.127371 -0.0213107 0.181386
0.036 0.132697 0.132697 -0.0229195 0.189056
0.037 0.138079 0.138079 -0.024606 0.196817
0.038 0.143513 0.143513 -0.0263731 0.204664
0.039 0.148998 0.148998 -0.0282231 0.212596
0.04 0.15453 0.15453 -0.0301576 0.22061
0.041 0.160108 0.160108 -0.0321772 0.228702
0.042 0.165731 0.165731 -0.0342817 0.236873
0.043 0.171396 0.171396 -0.0364698 0.245119
0.044 0.177103 0.177103 -0.03874 0.25344
0.045 0.182852 0.182852 -0.0410901 0.261836
0.046 0.188641 0.188641 -0.0435178 0.270305
0.047 0.194472 0.194472 -0.0460208 0.278848
0.048 0.200344 0.200344 -0.0485974 0.287466
0.049 0.206257 0.206257 -0.0512458 0.296159
0.05 0.212213 0.212213 -0.0539649 0.304928
0.051 0.218213 0.218213 -0.056754 0.313774
0.052 0.224254 0.224254 -0.059613 0.322697
0.053 0.230335 0.230335 -0.0625421 0.331693
0.054 0.236452 0.236452 -0.0655416 0.340756
0.055 0.242595 0.242595 -0.0686114 0.349875
0.056 0.248755 0.248755 -0.0717499 0.359035
0.057 0.254916 0.254916 -0.0749539 0.368215
0.058 0.261062 0.261062 -0.0782176 0.377392
0.059 0.267176 0.267176 -0.0815342 0.38654
0.06 0.273245 0.273245 -0.0848968 0.395643
0.061 0.279264 0.279264 -0.0883015 0.404689
0.062 0.285236 0.285236 -0.0917507 0.413687
0.063 0.291177 0.291177 -0.0952557 0.422661
0.064 0.297118 0.297118 -0.098838 0.431656
0.065 0.303097 0.303097 -0.102528 0.440736
0.066 0.309164 0.309164 -0.106363 0.449975
0.067 0.315365 0.315365 -0.11038 0.45945
0.068 0.321744 0.321744 -0.11461 0.469227
0.069 0.328331 0.328331 -0.119073 0.479354
0.07 0.335138 0.335138 -0.123774 0.489851
0.071 0.342157 0.342157 -0.128704 0.500707
0.072 0.349365 0.349365 -0.133834 0.511882
0.073 0.356724 0.356724 -0.139126 0.523316
0.074 0.36419 0.36419 -0.144533 0.534938
0.075 0.371719 0.371719 -0.150008 0.546673
0.076 0.379272 0.379272 -0.155503 0.558458
0.077 0.386819 0.386819 -0.16098 0.570239
0.078 0.394338 0.394338 -0.166407 0.581976
0.079 0.401814 0.401814 -0.17176 0.593642
0.08 0.409238 0.409238 -0.177022 0.605218
0.081 0.416604 0.416604 -0.182179 0.61669
0.082 0.423908 0.423908 -0.187217 0.628049
0.083 0.431146 0.431146 -0.192124 0.639285
0.084 0.438316 0.438316 -0.196888 0.65039
0.085 0.445418 0.445418 -0.201497 0.661359
0.086 0.452453 0.452453 -0.20594 0.67219
0.087 0.459424 0.459424 -0.21021 0.682882
0.088 0.466335 0.466335 -0.214299 0.693441
0.089 0.473193 0.473193 -0.218204 0.703872
0.09 0.480005 0.480005 -0.221922 0.714184
0.091 0.486778 0.486778 -0.225455 0.724386
0.092 0.493521 0.493521 -0.228803 0.73449
0.093 0.50024 0.50024 -0.23197 0.744507
0.094 0.506941 0.506941 -0.234963 0.754445
0.095 0.513631 0.513631 -0.237791 0.764315
0.096 0.520311 0.520311 -0.240466 0.774126
0.097 0.526986 0.526986 -0.243 0.783886
0.098 0.533655 0.533655 -0.245411 0.7936
0.099 0.540318 0.540318 -0.247715 0.803275
0.1 0.546974 0.546974 -0.249932 0.812912
0.101 0.553619 0.553619 -0.252081 0.822516
0.102 0.560249 0.560249 -0.254183 0.832086
0.103 0.56686 0.56686 -0.256259 0.841623
0.104 0.573446 0.573446 -0.258328 0.851124
0.105 0.580001 0.580001 -0.260408 0.860589
0.106 0.58652 0.58652 -0.262519 0.870015
0.107 0.592998 0.592998 -0.264675 0.879402
0.108 0.599434 0.599434 -0.26689 0.888748
0.109 0.605826 0.605826 -0.269173 0.898057
0.11 0.612176 0.612176 -0.271533 0.907331
0.111 0.618488 0.618488 -0.273973 0.916578
0.112 0.624768 0.624768 -0.276498 0.925808
0.113 0.631025 0.631025 -0.27911 0.935033
0.114 0.637268 0.637268 -0.281811 0.944266
0.115 0.643508 0.643508 -0.284606 0.953523
0.116 0.649755 0.649755 -0.287502 0.962819
0.117 0.656018 0.656018 -0.290507 0.972169
0.118 0.662303 0.662303 -0.293635 0.981587
0.119 0.668617 0.668617 -0.2969 0.991084
0.12 0.67496 0.67496 -0.300315 1.00067
0.121 0.68133 0.68133 -0.303892 1.01033
0.122 0.687722 0.687722 -0.307642 1.02008
0.123 0.694126 0.694126 -0.311566 1.0299
0.124 0.70053 0.70053 -0.315659 1.03977
0.125 0.706921 0.706921 -0.319911 1.04967
0.126 0.713282 0.713282 -0.324301 1.05958
0.127 0.719603 0.719603 -0.328804 1.06947
0.128 0.725874 0.725874 -0.333395 1.07932
0.129 0.732091 0.732091 -0.338049 1.08912
0.13 0.73826 0.73826 -0.342749 1.09888
0.131 0.744392 0.744392 -0.347488 1.1086
0.132 0.75051 0.75051 -0.352271 1.11831
0.133 0.75664 0.75664 -0.357114 1.12807
0.134 0.762818 0.762818 -0.362045 1.13792
0.135 0.769078 0.769078 -0.367098 1.14792
0.136 0.775458 0.775458 -0.372307 1.15814
0.137 0.781987 0.781987 -0.377703 1.16862
0.138 0.788688 0.788688 -0.383312 1.1794
0.139 0.795576 0.795576 -0.389145 1.19051
0.14 0.802651 0.802651 -0.395205 1.20195
0.141 0.809902 0.809902 -0.401485 1.2137
0.142 0.81731 0.81731 -0.407966 1.22574
0.143 0.824846 0.824846 -0.414628 1.23801
0.144 0.832477 0.832477 -0.421444 1.25046
0.145 0.84017 0.84017 -0.428392 1.26305
0.146 0.847891 0.847891 -0.43545 1.27572
0.147 0.85561 0.85561 -0.442602 1.28842
0.148 0.863301 0.863301 -0.449836 1.30113
0.149 0.870943 0.870943 -0.457145 1.3138
0.15 0.878522 0.878522 -0.464527 1.32642
0.151 0.886026 0.886026 -0.471981 1.33897
0.152 0.893452 0.893452 -0.47951 1.35146
0.153 0.900798 0.900798 -0.487118 1.36388
0.154 0.908068 0.908068 -0.494812 1.37623
0.155 0.915269 0.915269 -0.5026 1.38854
0.156 0.92241 0.92241 -0.510494 1.40082
0.157 0.929503 0.929503 -0.51851 1.41308
0.158 0.936558 0.936558 -0.526664 1.42536
0.159 0.943587 0.943587 -0.534979 1.43768
0.16 0.950597 0.950597 -0.543478 1.45005
0.161 0.957596 0.957596 -0.552187 1.4625
0.162 0.964588 0.964588 -0.561131 1.47504
0.163 0.971574 0.971574 -0.570336 1.48768
0.164 0.97855 0.97855 -0.579829 1.50044
0.165 0.985514 0.985514 -0.589631 1.51332
0.166 0.992459 0.992459 -0.599765 1.52632
0.167 0.999377 0.999377 -0.610248 1.53945
0.168 1.00626 1.00626 -0.621099 1.5527
0.169 1.01311 1.01311 -0.632329 1.56608
0.17 1.0199 1.0199 -0.643952 1.57958
0.171 1.02665 1.02665 -0.655973 1.59321
0.172 1.03334 1.03334 -0.668398 1.60697
0.173 1.03997 1.03997 -0.681227 1.62085
0.174 1.04655 1.04655 -0.694455 1.63487
0.175 1.05307 1.05307 -0.708071 1.64902
0.176 1.05952 1.05952 -0.72206 1.6633
0.177 1.06593 1.06593 -0.736399 1.6777
0.178 1.07228 1.07228 -0.75106 1.69223
0.179 1.07857 1.07857 -0.766013 1.70687
0.18 1.0848 1.0848 -0.78122 1.7216
0.181 1.09098 1.09098 -0.796649 1.73641
0.182 1.09708 1.09708 -0.812262 1.75126
0.183 1.10309 1.10309 -0.82803 1.76614
0.184 1.10901 1.10901 -0.843924 1.78101
0.185 1.1148 1.1148 -0.85992 1.79584
0.186 1.12046 1.12046 -0.875999 1.81059
0.187 1.12594 1.12594 -0.892142 1.82521
0.188 1.13124 1.13124 -0.908335 1.83969
0.189 1.13633 1.13633 -0.92456 1.85399
0.19 1.1412 1.1412 -0.940802 1.86809
0.191 1.14585 1.14585 -0.957041 1.88198
0.192 1.15028 1.15028 -0.973259 1.89566
0.193 1.1545 1.1545 -0.989436 1.90912
0.194 1.15854 1.15854 -1.00556 1.92239
0.195 1.16241 1.16241 -1.02161 1.93548
0.196 1.16615 1.16615 -1.03758 1.94843
0.197 1.16977 1.16977 -1.05348 1.96125
0.198 1.17329 1.17329 -1.06931 1.97399
0.199 1.17675 1.17675 -1.08509 1.98668
0.2 1.18015 1.18015 -1.10084 1.99934
0.201 1.18351 1.18351 -1.1166 2.01201
0.202 1.18682 1.18682 -1.1324 2.0247
0.203 1.1901 1.1901 -1.14826 2.03744
0.204 1.19333 1.19333 -1.1642 2.05023
0.205 1.1965 1.1965 -1.18026 2.06306
0.206 1.1996 1.1996 -1.19643 2.07594
0.207 1.20261 1.20261 -1.21271 2.08883
0.208 1.20551 1.20551 -1.2291 2.10172
0.209 1.20829 1.20829 -1.24558 2.11457
0.21 1.21092 1.21092 -1.26213 2.12735
0.211 1.21339 1.21339 -1.27871 2.14002
0.212 1.21567 1.21567 -1.2953 2.15256
0.213 1.21776 1.21776 -1.31189 2.16493
0.214 1.21965 1.21965 -1.32844 2.17712
0.215 1.22134 1.22134 -1.34495 2.18911
0.216 1.22282 1.22282 -1.36141 2.20091
0.217 1.22411 1.22411 -1.37781 2.21252
0.218 1.2252 1.2252 -1.39417 2.22395
0.219 1.22612 1.22612 -1.41048 2.23521
0.22 1.22687 1.22687 -1.42674 2.24634
0.221 1.22748 1.22748 -1.44296 2.25733
0.222 1.22795 1.22795 -1.45914 2.26822
0.223 1.2283 1.2283 -1.47527 2.27901
0.224 1.22854 1.22854 -1.49133 2.2897
0.225 1.22869 1.22869 -1.5073 2.30029
0.226 1.22875 1.22875 -1.52316 2.31077
0.227 1.22874 1.22874 -1.53887 2.32114
0.228 1.22865 1.22865 -1.5544 2.33138
0.229 1.2285 1.2285 -1.56972 2.34147
0.23 1.22831 1.22831 -1.5848 2.3514
0.231 1.22808 1.22808 -1.59962 2.36117
0.232 1.22783 1.22783 -1.61415 2.37078
0.233 1.22757 1.22757 -1.62839 2.38024
0.234 1.22733 1.22733 -1.64234 2.38955
0.235 1.22711 1.22711 -1.65601 2.39875
0.236 1.22693 1.22693 -1.66943 2.40784
0.237 1.22679 1.22679 -1.68262 2.41686
0.238 1.22669 1.22669 -1.69559 2.42582
0.239 1.22664 1.22664 -1.70839 2.43473
0.24 1.22663 1.22663 -1.72103 2.4436
0.241 1.22666 1.22666 -1.73352 2.45245
0.242 1.22672 1.22672 -1.74588 2.46126
0.243 1.2268 1.2268 -1.7581 2.47002
0.244 1.2269 1.2269 -1.77016 2.47872
0.245 1.22701 1.22701 -1.78204 2.48733
0.246 1.22713 1.22713 -1.79371 2.49582
0.247 1.22725 1.22725 -1.80514 2.50416
0.248 1.22736 1.22736 -1.81629 2.51232
0.249 1.22746 1.22746 -1.82713 2.52026
0.25 1.22753 1.22753 -1.83764 2.52796
0.251 1.22758 1.22758 -1.84779 2.5354
0.252 1.22759 1.22759 -1.85759 2.54256
0.253 1.22756 1.22756 -1.86704 2.54944
0.254 1.22747 1.22747 -1.87616 2.55604
0.255 1.22731 1.22731 -1.88498 2.56237
0.256 1.22709 1.22709 -1.89354 2.56846
0.257 1.22681 1.22681 -1.90189 2.57435
0.258 1.22646 1.22646 -1.91007 2.58008
0.259 1.22607 1.22607 -1.91814 2.58568
0.26 1.22562 1.22562 -1.92616 2.59122
0.261 1.22515 1.22515 -1.93417 2.59673
0.262 1.22467 1.22467 -1.9422 2.60227
0.263 1.22419 1.22419 -1.95029 2.60786
0.264 1.22373 1.22373 -1.95845 2.61354
0.265 1.22329 1.22329 -1.9667 2.61931
0.266 1.22289 1.22289 -1.97502 2.62519
0.267 1.22252 1.22252 -1.9834 2.63116
0.268 1.22219 1.22219 -1.99181 2.6372
0.269 1.22189 1.22189 -2.00023 2.64328
0.27 1.22162 1.22162 -2.0086 2.64937
