
77
(
(0 23 0)
(3.16268 22.7815 0)
(6.26527 22.1302 0)
(9.24883 21.0585 0)
(12.0567 19.5866 0)
(37.157 4.13597 0)
(42.6545 1.62708 0)
(48.5989 0.540098 0)
(54.6285 0.941167 0)
(60.3765 2.80588 0)
(92.0824 17.6294 0)
(96.9419 19.4163 0)
(102.034 20.3554 0)
(107.211 20.4198 0)
(112.324 19.6075 0)
(160.754 7.62663 0)
(187.146 10.5289 0)
(205.383 29.8256 0)
(206.792 56.3392 0)
(190.703 77.4599 0)
(148.92 104.109 0)
(126.688 149.264 0)
(156.485 189.827 0)
(206.221 182.115 0)
(222.335 134.433 0)
(212.785 91.6566 0)
(230.612 39.0158 0)
(285.549 30.6037 0)
(318.31 75.4985 0)
(293.541 125.251 0)
(250.125 152.634 0)
(224.128 203.777 0)
(256.772 250.955 0)
(313.796 244.653 0)
(335.349 191.484 0)
(325.175 125.359 0)
(348.344 44.2363 0)
(425 9 0)
(550 15 -5)
(553.163 15 -4.78152)
(556.265 15 -4.13021)
(559.249 15 -3.05847)
(562.057 15 -1.58664)
(587.157 15 13.864)
(592.654 15 16.3729)
(598.599 15 17.4599)
(604.628 15 17.0588)
(610.376 15 15.1941)
(642.082 15 0.370588)
(646.942 15 -1.41627)
(652.034 15 -2.35541)
(657.211 15 -2.41976)
(662.324 15 -1.60747)
(710.754 15 10.3734)
(737.146 15 7.47108)
(755.383 15 -11.8256)
(756.792 15 -38.3392)
(740.703 15 -59.4599)
(698.92 15 -86.109)
(676.688 15 -131.264)
(706.485 15 -171.827)
(756.221 15 -164.115)
(772.335 15 -116.433)
(762.785 15 -73.6566)
(780.612 15 -21.0158)
(835.549 15 -12.6037)
(868.31 15 -57.4985)
(843.541 15 -107.251)
(800.125 15 -134.634)
(774.128 15 -185.777)
(806.772 15 -232.955)
(863.796 15 -226.653)
(885.349 15 -173.484)
(875.175 15 -107.359)
(898.344 15 -26.2363)
(975 15 9)
(2152.99 15 9)
)


77
(
(1 0 0)
(0.990501 -0.137508 0)
(0.962183 -0.272403 0)
(0.915586 -0.402123 0)
(0.851593 -0.524203 0)
(0.851593 -0.524203 0)
(0.953997 -0.299816 0)
(0.998363 -0.0571896 0)
(0.981993 0.188916 0)
(0.905882 0.423529 0)
(0.905882 0.423529 0)
(0.964468 0.2642 0)
(0.995259 0.097257 0)
(0.997369 -0.0724889 0)
(0.970737 -0.240146 0)
(0.970737 -0.240146 0)
(0.895353 0.445358 0)
(0.394141 0.91905 0)
(-0.294524 0.955644 0)
(-0.843113 0.537736 0)
(-0.843113 0.537736 0)
(0.08791 0.996128 0)
(0.92426 0.381762 0)
(0.765249 -0.643734 0)
(-0.21788 -0.975976 0)
(-0.21788 -0.975976 0)
(0.766061 -0.642768 0)
(0.923294 0.384093 0)
(0.0841399 0.996454 0)
(-0.845816 0.533475 0)
(-0.845816 0.533475 0)
(0.0674438 0.997723 0)
(0.909916 0.414792 0)
(0.797369 -0.603492 0)
(-0.152071 -0.98837 0)
(-0.152071 -0.98837 0)
(0.651125 -0.75897 0)
(1 0 0)
(1 0 0)
(0.990501 0 0.137508)
(0.962183 0 0.272403)
(0.915586 0 0.402123)
(0.851593 0 0.524203)
(0.851593 0 0.524203)
(0.953997 0 0.299816)
(0.998363 0 0.0571896)
(0.981993 0 -0.188916)
(0.905882 0 -0.423529)
(0.905882 0 -0.423529)
(0.964468 0 -0.2642)
(0.995259 0 -0.097257)
(0.997369 0 0.0724889)
(0.970737 0 0.240146)
(0.970737 0 0.240146)
(0.895353 0 -0.445358)
(0.394141 0 -0.91905)
(-0.294524 0 -0.955644)
(-0.843113 0 -0.537736)
(-0.843113 0 -0.537736)
(0.08791 0 -0.996128)
(0.92426 0 -0.381762)
(0.765249 0 0.643734)
(-0.21788 0 0.975976)
(-0.21788 0 0.975976)
(0.766061 0 0.642768)
(0.923294 0 -0.384093)
(0.0841399 0 -0.996454)
(-0.845816 0 -0.533475)
(-0.845816 0 -0.533475)
(0.0674438 0 -0.997723)
(0.909916 0 -0.414792)
(0.797369 0 0.603492)
(-0.152071 0 0.98837)
(-0.152071 0 0.98837)
(0.651125 0 0.75897)
(1 0 0)
(1 0 0)
)

