/*--------------------------------*- C++ -*----------------------------------*\
| =========                 |                                                 |
| \\      /  F ield         | OpenFOAM: The Open Source CFD Toolbox           |
|  \\    /   O peration     | Version:  2312                                  |
|   \\  /    A nd           | Website:  www.openfoam.com                      |
|    \\/     M anipulation  |                                                 |
\*---------------------------------------------------------------------------*/
FoamFile
{
    version     2.0;
    format      ascii;
    arch        "LSB;label=32;scalar=64";
    class       pointVectorField;
    location    "0.18/beam";
    object      pointW;
}
// * * * * * * * * * * * * * * * * * * * * * * * * * * * * * * * * * * * * * //

dimensions      [0 1 0 0 0 0 0];

internalField   nonuniform List<vector> 
1952
(
(-0.000249984284 -3.200484913e-15 7.819156514e-06)
(-0.0002451808359 -3.13898213e-15 7.66891142e-06)
(-0.0002309554802 -2.956836165e-15 7.223962317e-06)
(-0.0002078544325 -2.661065812e-15 6.501394063e-06)
(-0.000176765762 -2.262946774e-15 5.52898421e-06)
(-0.0001388837685 -1.778091563e-15 4.344088778e-06)
(-9.56646106e-05 -1.224714774e-15 2.992254356e-06)
(-4.876949629e-05 -6.245004514e-16 1.525441192e-06)
(1.698337003e-13 0 -7.427974791e-15)
(4.876949662e-05 6.245004514e-16 -1.525441206e-06)
(9.566461091e-05 1.224714774e-15 -2.99225437e-06)
(0.0001388837688 1.778091563e-15 -4.344088791e-06)
(0.0001767657622 2.262946774e-15 -5.52898422e-06)
(0.0002078544327 2.661065812e-15 -6.501394071e-06)
(0.0002309554803 2.956836165e-15 -7.223962323e-06)
(0.000245180836 3.13898213e-15 -7.668911423e-06)
(0.000249984284 3.200484913e-15 -7.819156514e-06)
(0.0002451808359 3.13898213e-15 -7.66891142e-06)
(0.0002309554802 2.956836165e-15 -7.223962317e-06)
(0.0002078544325 2.661065812e-15 -6.501394063e-06)
(0.000176765762 2.262946774e-15 -5.52898421e-06)
(0.0001388837685 1.778091563e-15 -4.344088778e-06)
(9.56646106e-05 1.224714774e-15 -2.992254356e-06)
(4.876949629e-05 6.245004514e-16 -1.525441192e-06)
(-1.698336766e-13 0 7.427974049e-15)
(-4.876949662e-05 -6.245004514e-16 1.525441206e-06)
(-9.566461091e-05 -1.224714774e-15 2.99225437e-06)
(-0.0001388837688 -1.778091563e-15 4.344088791e-06)
(-0.0001767657622 -2.262946774e-15 5.52898422e-06)
(-0.0002078544327 -2.661065812e-15 6.501394071e-06)
(-0.0002309554803 -2.956836165e-15 7.223962323e-06)
(-0.000245180836 -3.13898213e-15 7.668911423e-06)
(-0.0002693767735 1.882591068e-12 -0.002763298932)
(-0.0002645736758 1.882652562e-12 -0.002763449155)
(-0.0002503493578 1.8828346e-12 -0.002763894039)
(-0.0002272499953 1.883129937e-12 -0.002764616502)
(-0.0001961635926 1.883528056e-12 -0.00276558877)
(-0.0001582843626 1.884012911e-12 -0.002766773492)
(-0.0001150683575 1.884566288e-12 -0.002768125129)
(-6.817666409e-05 1.885166502e-12 -0.002769591728)
(-1.941072528e-05 1.885791003e-12 -0.002771116947)
(2.935521352e-05 1.886415503e-12 -0.002772642165)
(7.624690688e-05 1.88701485e-12 -0.002774108764)
(0.000119462912 1.887568227e-12 -0.002775460401)
(0.000157342142 1.888053082e-12 -0.002776645124)
(0.0001884285446 1.888451201e-12 -0.002777617392)
(0.0002115279071 1.888746971e-12 -0.002778339854)
(0.000225752225 1.888929009e-12 -0.002778784739)
(0.0002305553226 1.888990477e-12 -0.002778934962)
(0.0002257522249 1.888929009e-12 -0.002778784739)
(0.0002115279069 1.888746971e-12 -0.002778339854)
(0.0001884285444 1.888451201e-12 -0.002777617392)
(0.0001573421417 1.888053082e-12 -0.002776645124)
(0.0001194629117 1.887568227e-12 -0.002775460401)
(7.624690657e-05 1.88701485e-12 -0.002774108764)
(2.935521318e-05 1.886415503e-12 -0.002772642165)
(-1.941072562e-05 1.885791003e-12 -0.002771116947)
(-6.817666442e-05 1.885166502e-12 -0.002769591728)
(-0.0001150683578 1.884566288e-12 -0.002768125129)
(-0.0001582843629 1.884012911e-12 -0.002766773492)
(-0.0001961635929 1.883528056e-12 -0.00276558877)
(-0.0002272499955 1.883129937e-12 -0.002764616502)
(-0.000250349358 1.8828346e-12 -0.002763894039)
(-0.0002645736759 1.882652562e-12 -0.002763449155)
(-0.0002887068969 3.769883788e-12 -0.005534012695)
(-0.0002839048586 3.769945185e-12 -0.005534162852)
(-0.0002696836778 3.770127223e-12 -0.00553460754)
(-0.0002465894099 3.770422776e-12 -0.005535329684)
(-0.0002155098634 3.770820461e-12 -0.005536301522)
(-0.0001776389877 3.771304883e-12 -0.005537485722)
(-0.000134432514 3.771857826e-12 -0.005538836762)
(-8.755116266e-05 3.772457173e-12 -0.005540302714)
(-3.87959793e-05 3.773080806e-12 -0.005541827259)
(9.959204054e-06 3.773704439e-12 -0.005543351804)
(5.684055534e-05 3.774304654e-12 -0.005544817755)
(0.0001000470291 3.774857597e-12 -0.005546168796)
(0.0001379179047 3.775342018e-12 -0.005547352995)
(0.0001689974511 3.775739704e-12 -0.005548324834)
(0.000192091719 3.776035257e-12 -0.005549046978)
(0.0002063128997 3.776217078e-12 -0.005549491665)
(0.0002111149379 3.776278474e-12 -0.005549641822)
(0.0002063128996 3.776217078e-12 -0.005549491665)
(0.0001920917188 3.776035257e-12 -0.005549046978)
(0.0001689974509 3.775739704e-12 -0.005548324834)
(0.0001379179044 3.775342018e-12 -0.005547352995)
(0.0001000470288 3.774857597e-12 -0.005546168796)
(5.684055503e-05 3.774304654e-12 -0.005544817755)
(9.95920372e-06 3.773704439e-12 -0.005543351804)
(-3.879597964e-05 3.773080806e-12 -0.005541827259)
(-8.755116299e-05 3.772457173e-12 -0.005540302714)
(-0.0001344325143 3.771857826e-12 -0.005538836762)
(-0.000177638988 3.771304883e-12 -0.005537485722)
(-0.0002155098636 3.770820461e-12 -0.005536301522)
(-0.0002465894101 3.770422776e-12 -0.005535329684)
(-0.0002696836779 3.770127223e-12 -0.00553460754)
(-0.0002839048586 3.769945185e-12 -0.005534162852)
(-0.0003079473553 5.662140621e-12 -0.008303906258)
(-0.0003031471095 5.662202044e-12 -0.008304056303)
(-0.000288931237 5.662383756e-12 -0.008304500658)
(-0.0002658455894 5.662679093e-12 -0.008305222263)
(-0.0002347776438 5.663075911e-12 -0.008306193375)
(-0.0001969209041 5.663559899e-12 -0.00830737669)
(-0.0001537305579 5.664111975e-12 -0.008308726721)
(-0.0001068667058 5.664710888e-12 -0.008310191577)
(-5.812972114e-05 5.665333654e-12 -0.008311714983)
(-9.392736463e-06 5.665956419e-12 -0.00831323839)
(3.747111559e-05 5.6665562e-12 -0.008314703246)
(8.066146177e-05 5.667108276e-12 -0.008316053277)
(0.0001185182015 5.667592264e-12 -0.008317236592)
(0.000149586147 5.667989082e-12 -0.008318207704)
(0.0001726717945 5.668284418e-12 -0.008318929309)
(0.0001868876669 5.668465914e-12 -0.008319373664)
(0.0001916879127 5.668527294e-12 -0.008319523709)
(0.0001868876669 5.668465914e-12 -0.008319373664)
(0.0001726717944 5.668284418e-12 -0.008318929309)
(0.0001495861468 5.667989082e-12 -0.008318207704)
(0.0001185182012 5.667592264e-12 -0.008317236592)
(8.066146149e-05 5.667108276e-12 -0.008316053277)
(3.747111527e-05 5.6665562e-12 -0.008314703246)
(-9.392736798e-06 5.665956419e-12 -0.00831323839)
(-5.812972148e-05 5.665333654e-12 -0.008311714983)
(-0.0001068667062 5.664710888e-12 -0.008310191577)
(-0.0001537305582 5.664111975e-12 -0.008308726721)
(-0.0001969209044 5.663559899e-12 -0.00830737669)
(-0.0002347776441 5.663075911e-12 -0.008306193375)
(-0.0002658455896 5.662679093e-12 -0.008305222263)
(-0.0002889312371 5.662383756e-12 -0.008304500658)
(-0.0003031471095 5.662202044e-12 -0.008304056303)
(-0.0003270689148 7.561751471e-12 -0.01107254538)
(-0.0003222712342 7.561812721e-12 -0.01107269526)
(-0.0003080629586 7.561994217e-12 -0.01107313914)
(-0.0002849896478 7.562288903e-12 -0.01107385997)
(-0.0002539383048 7.562685287e-12 -0.01107483005)
(-0.0002161017954 7.563168408e-12 -0.0110760121)
(-0.0001729345299 7.563719182e-12 -0.01107736068)
(-0.0001260957216 7.564317228e-12 -0.01107882397)
(-7.738478163e-05 7.564939127e-12 -0.01108034575)
(-2.86738417e-05 7.565561025e-12 -0.01108186753)
(1.816496659e-05 7.566159071e-12 -0.01108333082)
(6.133223212e-05 7.566709846e-12 -0.0110846794)
(9.916874141e-05 7.567192966e-12 -0.01108586145)
(0.0001302200844 7.56758935e-12 -0.01108683153)
(0.0001532933951 7.567884036e-12 -0.01108755236)
(0.0001675016706 7.568065315e-12 -0.01108799624)
(0.0001722993512 7.568126632e-12 -0.01108814612)
(0.0001675016706 7.568065315e-12 -0.01108799624)
(0.0001532933949 7.567884036e-12 -0.01108755236)
(0.0001302200842 7.56758935e-12 -0.01108683153)
(9.916874117e-05 7.567192966e-12 -0.01108586145)
(6.133223184e-05 7.566709846e-12 -0.0110846794)
(1.816496627e-05 7.566159071e-12 -0.01108333082)
(-2.867384204e-05 7.565561025e-12 -0.01108186753)
(-7.738478197e-05 7.564939127e-12 -0.01108034575)
(-0.0001260957219 7.564317228e-12 -0.01107882397)
(-0.0001729345302 7.563719182e-12 -0.01107736068)
(-0.0002161017957 7.563168408e-12 -0.0110760121)
(-0.000253938305 7.562685287e-12 -0.01107483005)
(-0.000284989648 7.562288903e-12 -0.01107385997)
(-0.0003080629587 7.561994217e-12 -0.01107313914)
(-0.0003222712342 7.561812721e-12 -0.01107269526)
(-0.0003460399268 9.470997411e-12 -0.01383946875)
(-0.0003412456384 9.471058486e-12 -0.01383961843)
(-0.0003270474089 9.471239331e-12 -0.01384006168)
(-0.0003039904123 9.471533367e-12 -0.01384078149)
(-0.0002729610245 9.471928884e-12 -0.01384175019)
(-0.0002351512678 9.472410703e-12 -0.01384293057)
(-0.0001920145241 9.47296061e-12 -0.01384427725)
(-0.0001452088336 9.473557355e-12 -0.01384573847)
(-9.653233519e-05 9.474177519e-12 -0.01384725809)
(-4.78558368e-05 9.474797683e-12 -0.01384877771)
(-1.050146336e-06 9.475394427e-12 -0.01385023893)
(4.208659737e-05 9.475944335e-12 -0.01385158561)
(7.989635399e-05 9.476426154e-12 -0.01385276599)
(0.0001109257418 9.476821671e-12 -0.01385373469)
(0.0001339827383 9.477115273e-12 -0.0138544545)
(0.0001481809678 9.477296118e-12 -0.01385489775)
(0.0001529752561 9.477357269e-12 -0.01385504743)
(0.0001481809677 9.477296118e-12 -0.01385489775)
(0.0001339827382 9.477115273e-12 -0.0138544545)
(0.0001109257416 9.476821671e-12 -0.01385373469)
(7.989635374e-05 9.476426154e-12 -0.01385276599)
(4.208659708e-05 9.475944335e-12 -0.01385158561)
(-1.050146655e-06 9.475394427e-12 -0.01385023893)
(-4.785583714e-05 9.474797683e-12 -0.01384877771)
(-9.653233554e-05 9.474177519e-12 -0.01384725809)
(-0.0001452088339 9.473557355e-12 -0.01384573847)
(-0.0001920145244 9.47296061e-12 -0.01384427725)
(-0.0002351512681 9.472410703e-12 -0.01384293057)
(-0.0002729610247 9.471928884e-12 -0.01384175019)
(-0.0003039904125 9.471533367e-12 -0.01384078149)
(-0.000327047409 9.471239331e-12 -0.01384006168)
(-0.0003412456385 9.471058486e-12 -0.01383961843)
(-0.0003648259143 1.13920158e-11 -0.01660418003)
(-0.0003600359126 1.139207674e-11 -0.01660432943)
(-0.0003458503783 1.139225715e-11 -0.01660477189)
(-0.0003228139979 1.13925501e-11 -0.01660549041)
(-0.0002918123546 1.139294431e-11 -0.01660645738)
(-0.0002540364051 1.139342483e-11 -0.01660763565)
(-0.0002109382317 1.1393973e-11 -0.01660897992)
(-0.000164174392 1.139456758e-11 -0.01661043852)
(-0.0001155414171 1.139518601e-11 -0.01661195543)
(-6.690844232e-05 1.139580444e-11 -0.01661347233)
(-2.014460265e-05 1.139639902e-11 -0.01661493093)
(2.29535708e-05 1.139694719e-11 -0.0166162752)
(6.072952023e-05 1.139742771e-11 -0.01661745347)
(9.173116345e-05 1.139782192e-11 -0.01661842044)
(0.0001147675438 1.139811487e-11 -0.01661913896)
(0.0001289530781 1.139829529e-11 -0.01661958142)
(0.0001337430796 1.13983562e-11 -0.01661973083)
(0.000128953078 1.139829529e-11 -0.01661958142)
(0.0001147675437 1.139811487e-11 -0.01661913896)
(9.173116326e-05 1.139782192e-11 -0.01661842044)
(6.072951998e-05 1.139742771e-11 -0.01661745347)
(2.295357051e-05 1.139694719e-11 -0.0166162752)
(-2.014460298e-05 1.139639902e-11 -0.01661493093)
(-6.690844266e-05 1.139580444e-11 -0.01661347233)
(-0.0001155414175 1.139518601e-11 -0.01661195543)
(-0.0001641743923 1.139456758e-11 -0.01661043852)
(-0.000210938232 1.1393973e-11 -0.01660897992)
(-0.0002540364054 1.139342483e-11 -0.01660763565)
(-0.0002918123549 1.139294431e-11 -0.01660645738)
(-0.0003228139981 1.13925501e-11 -0.01660549041)
(-0.0003458503784 1.139225715e-11 -0.01660477189)
(-0.0003600359127 1.139207674e-11 -0.01660432943)
(-0.0003833892341 1.332676665e-11 -0.01936614058)
(-0.0003786044928 1.332682727e-11 -0.01936628965)
(-0.0003644345369 1.332700703e-11 -0.01936673114)
(-0.0003414234549 1.33272989e-11 -0.01936744809)
(-0.0003104558575 1.332769181e-11 -0.01936841293)
(-0.0002727213933 1.332817016e-11 -0.0193695886)
(-0.00022967055 1.332871617e-11 -0.01937092992)
(-0.0001829580661 1.332930901e-11 -0.01937238532)
(-0.0001343784997 1.332992484e-11 -0.01937389889)
(-8.579893333e-05 1.333054066e-11 -0.01937541246)
(-3.908644944e-05 1.333113351e-11 -0.01937686786)
(3.964393849e-06 1.333167951e-11 -0.01937820918)
(4.169885796e-05 1.333215786e-11 -0.01937938485)
(7.266645536e-05 1.333255078e-11 -0.0193803497)
(9.567753727e-05 1.333284264e-11 -0.01938106664)
(0.0001098474931 1.333302219e-11 -0.01938150813)
(0.0001146322343 1.3333083e-11 -0.01938165721)
(0.000109847493 1.333302219e-11 -0.01938150813)
(9.567753714e-05 1.333284264e-11 -0.01938106664)
(7.266645516e-05 1.333255078e-11 -0.0193803497)
(4.169885771e-05 1.333215786e-11 -0.01937938485)
(3.964393558e-06 1.333167951e-11 -0.01937820918)
(-3.908644976e-05 1.333113351e-11 -0.01937686786)
(-8.579893367e-05 1.333054066e-11 -0.01937541246)
(-0.0001343785001 1.332992484e-11 -0.01937389889)
(-0.0001829580664 1.332930901e-11 -0.01937238532)
(-0.0002296705503 1.332871617e-11 -0.01937092992)
(-0.0002727213936 1.332817016e-11 -0.0193695886)
(-0.0003104558577 1.332769181e-11 -0.01936841293)
(-0.0003414234551 1.33272989e-11 -0.01936744809)
(-0.000364434537 1.332700703e-11 -0.01936673114)
(-0.0003786044928 1.332682727e-11 -0.01936628965)
(-0.0004016888297 1.527700053e-11 -0.02212476343)
(-0.000396910411 1.527706097e-11 -0.02212491211)
(-0.0003827591794 1.527723976e-11 -0.02212535243)
(-0.0003597785046 1.527753054e-11 -0.02212606748)
(-0.000328851828 1.527792129e-11 -0.02212702978)
(-0.0002911672266 1.52783979e-11 -0.02212820234)
(-0.0002481732711 1.527894131e-11 -0.02212954011)
(-0.0002015225136 1.527953111e-11 -0.02213099167)
(-0.0001530071408 1.528014434e-11 -0.02213250124)
(-0.000104491768 1.528075756e-11 -0.02213401081)
(-5.784101048e-05 1.528134737e-11 -0.02213546236)
(-1.484705504e-05 1.528189077e-11 -0.02213680013)
(2.283754633e-05 1.528236739e-11 -0.0221379727)
(5.376422281e-05 1.528275813e-11 -0.02213893499)
(7.674489763e-05 1.528304848e-11 -0.02213965004)
(9.08961291e-05 1.528322748e-11 -0.02214009036)
(9.567454771e-05 1.528328776e-11 -0.02214023904)
(9.089612903e-05 1.528322748e-11 -0.02214009036)
(7.67448975e-05 1.528304848e-11 -0.02213965004)
(5.376422262e-05 1.528275813e-11 -0.02213893499)
(2.283754608e-05 1.528236739e-11 -0.0221379727)
(-1.484705534e-05 1.528189077e-11 -0.02213680013)
(-5.784101081e-05 1.528134737e-11 -0.02213546236)
(-0.0001044917683 1.528075756e-11 -0.02213401081)
(-0.0001530071411 1.528014434e-11 -0.02213250124)
(-0.000201522514 1.527953111e-11 -0.02213099166)
(-0.0002481732715 1.527894131e-11 -0.02212954011)
(-0.0002911672269 1.52783979e-11 -0.02212820234)
(-0.0003288518283 1.527792129e-11 -0.02212702978)
(-0.0003597785048 1.527753054e-11 -0.02212606748)
(-0.0003827591796 1.527723976e-11 -0.02212535243)
(-0.000396910411 1.527706097e-11 -0.02212491211)
(-0.0004196800908 1.724422854e-11 -0.0248794084)
(-0.0004149091528 1.724428868e-11 -0.02487955661)
(-0.0004007800754 1.724446649e-11 -0.02487999555)
(-0.0003778353774 1.724475554e-11 -0.02488070836)
(-0.0003469571173 1.724514455e-11 -0.02488166764)
(-0.0003093315121 1.724561813e-11 -0.02488283654)
(-0.0002664048648 1.724615849e-11 -0.02488417012)
(-0.0002198271402 1.724674483e-11 -0.02488561713)
(-0.0001713877194 1.724735459e-11 -0.02488712197)
(-0.0001229482987 1.724796434e-11 -0.02488862681)
(-7.637057413e-05 1.724855155e-11 -0.02489007382)
(-3.344392683e-05 1.724909191e-11 -0.0248914074)
(4.181678338e-06 1.724956549e-11 -0.0248925763)
(3.505993832e-05 1.72499545e-11 -0.02489353557)
(5.80046363e-05 1.725024312e-11 -0.02489424839)
(7.213371365e-05 1.725042093e-11 -0.02489468733)
(7.690465153e-05 1.725048099e-11 -0.02489483554)
(7.213371358e-05 1.725042093e-11 -0.02489468733)
(5.800463617e-05 1.725024312e-11 -0.02489424839)
(3.505993812e-05 1.72499545e-11 -0.02489353557)
(4.181678086e-06 1.724956549e-11 -0.0248925763)
(-3.344392713e-05 1.724909191e-11 -0.0248914074)
(-7.637057446e-05 1.724855155e-11 -0.02489007382)
(-0.000122948299 1.724796434e-11 -0.02488862681)
(-0.0001713877198 1.724735459e-11 -0.02488712197)
(-0.0002198271406 1.724674483e-11 -0.02488561713)
(-0.0002664048651 1.724615849e-11 -0.02488417012)
(-0.0003093315124 1.724561813e-11 -0.02488283654)
(-0.0003469571176 1.724514455e-11 -0.02488166764)
(-0.0003778353776 1.724475554e-11 -0.02488070836)
(-0.0004007800755 1.724446649e-11 -0.02487999555)
(-0.0004149091529 1.724428868e-11 -0.02487955661)
(-0.0004373148257 1.922969445e-11 -0.02762937867)
(-0.0004325526271 1.922975407e-11 -0.02762952634)
(-0.000418449431 1.92299308e-11 -0.02762996367)
(-0.0003955467625 1.923021811e-11 -0.02763067387)
(-0.0003647250645 1.923060409e-11 -0.02763162964)
(-0.0003271683811 1.923107463e-11 -0.02763279425)
(-0.0002843203658 1.923161153e-11 -0.02763412294)
(-0.0002378279612 1.923219396e-11 -0.02763556465)
(-0.0001894772707 1.923280025e-11 -0.02763706398)
(-0.0001411265801 1.923340653e-11 -0.02763856331)
(-9.463417561e-05 1.923398897e-11 -0.02764000501)
(-5.178616036e-05 1.923452586e-11 -0.02764133371)
(-1.422947691e-05 1.923499641e-11 -0.02764249832)
(1.659222098e-05 1.923538238e-11 -0.02764345409)
(3.949488939e-05 1.923566926e-11 -0.02764416429)
(5.359808541e-05 1.923584621e-11 -0.02764460162)
(5.8360284e-05 1.923590591e-11 -0.02764474929)
(5.359808534e-05 1.923584621e-11 -0.02764460162)
(3.949488925e-05 1.923566926e-11 -0.02764416429)
(1.659222078e-05 1.923538238e-11 -0.02764345409)
(-1.422947717e-05 1.923499641e-11 -0.02764249832)
(-5.178616066e-05 1.923452586e-11 -0.02764133371)
(-9.463417594e-05 1.923398897e-11 -0.02764000501)
(-0.0001411265805 1.923340653e-11 -0.02763856331)
(-0.000189477271 1.923280025e-11 -0.02763706398)
(-0.0002378279616 1.923219396e-11 -0.02763556465)
(-0.0002843203661 1.923161153e-11 -0.02763412294)
(-0.0003271683814 1.923107463e-11 -0.02763279425)
(-0.0003647250648 1.923060409e-11 -0.02763162964)
(-0.0003955467627 1.923021811e-11 -0.02763067387)
(-0.0004184494311 1.92299308e-11 -0.02762996367)
(-0.0004325526271 1.922975407e-11 -0.02762952634)
(-0.0004545413561 2.123434974e-11 -0.030373919)
(-0.0004497892574 2.123440898e-11 -0.03037406605)
(-0.0004357159722 2.123458419e-11 -0.03037450153)
(-0.000412861877 2.12348689e-11 -0.03037520871)
(-0.0003821055476 2.123525227e-11 -0.03037616043)
(-0.0003446285165 2.123571935e-11 -0.0303773201)
(-0.0003018713758 2.123625234e-11 -0.03037864316)
(-0.0002554775751 2.123683e-11 -0.03038007875)
(-0.0002072294295 2.123743108e-11 -0.03038157172)
(-0.000158981284 2.123803217e-11 -0.03038306469)
(-0.0001125874833 2.12386107e-11 -0.03038450028)
(-6.983034265e-05 2.123914369e-11 -0.03038582334)
(-3.235331163e-05 2.123961076e-11 -0.03038698301)
(-1.596982214e-06 2.123999414e-11 -0.03038793473)
(2.125711287e-05 2.124027885e-11 -0.03038864191)
(3.533039801e-05 2.124045427e-11 -0.03038907739)
(4.008249664e-05 2.124051337e-11 -0.03038922444)
(3.533039793e-05 2.124045427e-11 -0.03038907739)
(2.125711273e-05 2.124027885e-11 -0.03038864191)
(-1.596982416e-06 2.123999414e-11 -0.03038793473)
(-3.235331189e-05 2.123961076e-11 -0.03038698301)
(-6.983034295e-05 2.123914369e-11 -0.03038582334)
(-0.0001125874836 2.12386107e-11 -0.03038450028)
(-0.0001589812844 2.123803217e-11 -0.03038306469)
(-0.0002072294299 2.123743108e-11 -0.03038157172)
(-0.0002554775755 2.123683e-11 -0.03038007875)
(-0.0003018713762 2.123625234e-11 -0.03037864316)
(-0.0003446285168 2.123571935e-11 -0.0303773201)
(-0.0003821055478 2.123525227e-11 -0.03037616043)
(-0.0004128618772 2.12348689e-11 -0.03037520871)
(-0.0004357159723 2.123458419e-11 -0.03037450153)
(-0.0004497892575 2.123440898e-11 -0.03037406605)
(-0.0004713047431 2.325883187e-11 -0.03311221568)
(-0.0004665642057 2.325889069e-11 -0.03311236201)
(-0.0004525251589 2.325906416e-11 -0.03311279537)
(-0.0004297266647 2.325934671e-11 -0.03311349912)
(-0.0003990451613 2.325972661e-11 -0.0331144462)
(-0.0003616593068 2.326018935e-11 -0.03311560024)
(-0.0003190061886 2.326071757e-11 -0.03311691686)
(-0.0002727252578 2.326129046e-11 -0.03311834547)
(-0.0002245944936 2.326188634e-11 -0.03311983117)
(-0.0001764637293 2.326248222e-11 -0.03312131688)
(-0.0001301827985 2.326305511e-11 -0.03312274549)
(-8.752968031e-05 2.326358333e-11 -0.03312406211)
(-5.014382592e-05 2.326404607e-11 -0.03312521615)
(-1.946232255e-05 2.326442598e-11 -0.03312616323)
(3.336171564e-06 2.326470765e-11 -0.03312686697)
(1.737521827e-05 2.326488156e-11 -0.03312730033)
(2.211575568e-05 2.32649402e-11 -0.03312744667)
(1.73752182e-05 2.326488156e-11 -0.03312730033)
(3.336171424e-06 2.326470765e-11 -0.03312686697)
(-1.946232276e-05 2.326442598e-11 -0.03312616323)
(-5.014382618e-05 2.326404607e-11 -0.03312521615)
(-8.752968062e-05 2.326358333e-11 -0.03312406211)
(-0.0001301827989 2.326305511e-11 -0.03312274549)
(-0.0001764637297 2.326248222e-11 -0.03312131688)
(-0.0002245944939 2.326188634e-11 -0.03311983117)
(-0.0002727252581 2.326129046e-11 -0.03311834547)
(-0.0003190061889 2.326071757e-11 -0.03311691686)
(-0.0003616593072 2.326018935e-11 -0.03311560024)
(-0.0003990451615 2.325972661e-11 -0.0331144462)
(-0.0004297266649 2.325934671e-11 -0.03311349912)
(-0.000452525159 2.325906416e-11 -0.03311279537)
(-0.0004665642057 2.325889069e-11 -0.03311236201)
(-0.0004875471402 2.530344622e-11 -0.03584339826)
(-0.0004828197212 2.53035043e-11 -0.03584354378)
(-0.0004688195245 2.530367626e-11 -0.03584397475)
(-0.0004460841202 2.530395555e-11 -0.0358446746)
(-0.0004154875213 2.530433155e-11 -0.03584561644)
(-0.0003782051242 2.530478951e-11 -0.03584676409)
(-0.0003356700393 2.53053121e-11 -0.03584807343)
(-0.0002895171811 2.530587892e-11 -0.03584949413)
(-0.0002415196085 2.530646873e-11 -0.03585097162)
(-0.0001935220358 2.530705853e-11 -0.03585244911)
(-0.0001473691776 2.530762535e-11 -0.03585386982)
(-0.0001048340928 2.530814794e-11 -0.03585517915)
(-6.755169576e-05 2.530860591e-11 -0.0358563268)
(-3.695509689e-05 2.530898191e-11 -0.03585726865)
(-1.421969273e-05 2.53092612e-11 -0.0358579685)
(-2.194960852e-07 2.530943315e-11 -0.03585839946)
(4.507922898e-06 2.530949119e-11 -0.03585854498)
(-2.194961575e-07 2.530943315e-11 -0.03585839946)
(-1.421969288e-05 2.53092612e-11 -0.0358579685)
(-3.69550971e-05 2.530898191e-11 -0.03585726865)
(-6.755169602e-05 2.530860591e-11 -0.0358563268)
(-0.0001048340931 2.530814794e-11 -0.03585517915)
(-0.000147369178 2.530762535e-11 -0.03585386982)
(-0.0001935220362 2.530705853e-11 -0.03585244911)
(-0.0002415196089 2.530646873e-11 -0.03585097162)
(-0.0002895171815 2.530587892e-11 -0.03584949413)
(-0.0003356700397 2.53053121e-11 -0.03584807343)
(-0.0003782051245 2.530478951e-11 -0.03584676409)
(-0.0004154875216 2.530433155e-11 -0.03584561644)
(-0.0004460841204 2.530395555e-11 -0.0358446746)
(-0.0004688195246 2.530367626e-11 -0.03584397475)
(-0.0004828197213 2.53035043e-11 -0.03584354378)
(-0.0005032082793 2.736815229e-11 -0.03856654323)
(-0.0004984956237 2.73682097e-11 -0.03856668784)
(-0.000484539149 2.73683797e-11 -0.03856711611)
(-0.0004618747464 2.736865552e-11 -0.0385678116)
(-0.0004313736992 2.736902718e-11 -0.03856874756)
(-0.0003942077334 2.736947951e-11 -0.03856988805)
(-0.0003518054836 2.736999603e-11 -0.03857118921)
(-0.0003057967586 2.737055634e-11 -0.03857260105)
(-0.0002579490802 2.737113921e-11 -0.03857406932)
(-0.0002101014018 2.737172208e-11 -0.03857553758)
(-0.0001640926769 2.737228152e-11 -0.03857694942)
(-0.0001216904271 2.737279804e-11 -0.03857825059)
(-8.452446131e-05 2.737325037e-11 -0.03857939107)
(-5.402341421e-05 2.737362203e-11 -0.03858032703)
(-3.135901168e-05 2.737389785e-11 -0.03858102252)
(-1.7402537e-05 2.737406786e-11 -0.03858145079)
(-1.268988153e-05 2.737412525e-11 -0.0385815954)
(-1.740253708e-05 2.737406786e-11 -0.03858145079)
(-3.135901182e-05 2.737389785e-11 -0.03858102252)
(-5.402341442e-05 2.737362203e-11 -0.03858032703)
(-8.452446157e-05 2.737325037e-11 -0.03857939107)
(-0.0001216904274 2.737279804e-11 -0.03857825059)
(-0.0001640926772 2.737228152e-11 -0.03857694942)
(-0.0002101014022 2.737172208e-11 -0.03857553758)
(-0.0002579490806 2.737113921e-11 -0.03857406932)
(-0.000305796759 2.737055634e-11 -0.03857260105)
(-0.0003518054839 2.736999603e-11 -0.03857118921)
(-0.0003942077337 2.736947951e-11 -0.03856988805)
(-0.0004313736995 2.736902718e-11 -0.03856874756)
(-0.0004618747466 2.736865552e-11 -0.0385678116)
(-0.0004845391491 2.73683797e-11 -0.03856711611)
(-0.0004984956238 2.73682097e-11 -0.03856668784)
(-0.0005182260719 2.945255477e-11 -0.04128067956)
(-0.0005135299016 2.945261136e-11 -0.04128082316)
(-0.0004996222478 2.945277919e-11 -0.04128124844)
(-0.0004770371271 2.945305111e-11 -0.04128193907)
(-0.0004466427752 2.945341757e-11 -0.04128286849)
(-0.0004096068189 2.945386383e-11 -0.041284001)
(-0.0003673528958 2.94543734e-11 -0.04128529307)
(-0.0003215051132 2.945492548e-11 -0.04128669504)
(-0.0002738248099 2.945550054e-11 -0.04128815304)
(-0.0002261445066 2.94560756e-11 -0.04128961104)
(-0.0001802967241 2.945662768e-11 -0.04129101301)
(-0.0001380428009 2.945713725e-11 -0.04129230508)
(-0.0001010068447 2.945758351e-11 -0.04129343759)
(-7.061249285e-05 2.945794997e-11 -0.04129436701)
(-4.802737229e-05 2.945822232e-11 -0.04129505764)
(-3.411971852e-05 2.945838994e-11 -0.04129548291)
(-2.942354831e-05 2.945844657e-11 -0.04129562652)
(-3.411971859e-05 2.945838994e-11 -0.04129548291)
(-4.802737243e-05 2.945822232e-11 -0.04129505764)
(-7.061249306e-05 2.945794997e-11 -0.04129436701)
(-0.000101006845 2.945758351e-11 -0.04129343759)
(-0.0001380428012 2.945713725e-11 -0.04129230508)
(-0.0001802967244 2.945662768e-11 -0.04129101301)
(-0.000226144507 2.94560756e-11 -0.04128961104)
(-0.0002738248103 2.945550054e-11 -0.04128815304)
(-0.0003215051135 2.945492548e-11 -0.04128669504)
(-0.0003673528961 2.94543734e-11 -0.04128529307)
(-0.0004096068193 2.945386383e-11 -0.041284001)
(-0.0004466427754 2.945341757e-11 -0.04128286849)
(-0.0004770371273 2.945305111e-11 -0.04128193907)
(-0.0004996222479 2.945277919e-11 -0.04128124844)
(-0.0005135299017 2.945261136e-11 -0.04128082316)
(-0.0005325373244 3.155590013e-11 -0.0439847961)
(-0.0005278594235 3.155595587e-11 -0.04398493858)
(-0.0005140058739 3.1556121e-11 -0.04398536056)
(-0.0004915086152 3.155638858e-11 -0.04398604581)
(-0.000461232505 3.15567494e-11 -0.04398696801)
(-0.0004243406281 3.155718872e-11 -0.04398809172)
(-0.0003822510835 3.155769049e-11 -0.04398937375)
(-0.0003365816605 3.155823519e-11 -0.04399076482)
(-0.0002890868457 3.155880071e-11 -0.04399221149)
(-0.000241592031 3.155936623e-11 -0.04399365816)
(-0.000195922608 3.155991007e-11 -0.04399504923)
(-0.0001538330634 3.156041184e-11 -0.04399633126)
(-0.0001169411866 3.156085115e-11 -0.04399745497)
(-8.666507647e-05 3.156121198e-11 -0.04399837716)
(-6.416781778e-05 3.156148043e-11 -0.04399906242)
(-5.031426834e-05 3.156164555e-11 -0.04399948439)
(-4.563636743e-05 3.156170119e-11 -0.04399962688)
(-5.031426841e-05 3.156164555e-11 -0.04399948439)
(-6.416781793e-05 3.156148043e-11 -0.04399906242)
(-8.666507668e-05 3.156121198e-11 -0.04399837716)
(-0.0001169411868 3.156085115e-11 -0.04399745497)
(-0.0001538330638 3.156041184e-11 -0.04399633126)
(-0.0001959226084 3.155991007e-11 -0.04399504923)
(-0.0002415920314 3.155936623e-11 -0.04399365816)
(-0.0002890868461 3.155880071e-11 -0.04399221149)
(-0.0003365816608 3.155823519e-11 -0.04399076482)
(-0.0003822510839 3.155769049e-11 -0.04398937375)
(-0.0004243406284 3.155718872e-11 -0.04398809172)
(-0.0004612325053 3.15567494e-11 -0.04398696801)
(-0.0004915086154 3.155638858e-11 -0.04398604581)
(-0.0005140058741 3.1556121e-11 -0.04398536056)
(-0.0005278594235 3.155595587e-11 -0.04398493858)
(-0.0005460785406 3.367707921e-11 -0.04667785062)
(-0.0005414207381 3.3677134e-11 -0.04667799189)
(-0.00052762671 3.367729598e-11 -0.04667841024)
(-0.0005052261101 3.367755987e-11 -0.04667908961)
(-0.0004750800804 3.367791419e-11 -0.04668000389)
(-0.0004383467084 3.367834614e-11 -0.04668111796)
(-0.0003964380003 3.36788388e-11 -0.04668238899)
(-0.0003509647947 3.367937353e-11 -0.04668376812)
(-0.0003036740402 3.367992951e-11 -0.04668520237)
(-0.0002563832856 3.368048548e-11 -0.04668663662)
(-0.00021091008 3.368102021e-11 -0.04668801576)
(-0.000169001372 3.368151287e-11 -0.04668928678)
(-0.0001322680001 3.368194482e-11 -0.04669040085)
(-0.0001021219704 3.368229914e-11 -0.04669131513)
(-7.97213706e-05 3.36825626e-11 -0.0466919945)
(-6.592734255e-05 3.36827248e-11 -0.04669241285)
(-6.126954012e-05 3.368277959e-11 -0.04669255412)
(-6.592734263e-05 3.36827248e-11 -0.04669241285)
(-7.972137075e-05 3.36825626e-11 -0.0466919945)
(-0.0001021219707 3.368229914e-11 -0.04669131513)
(-0.0001322680003 3.368194482e-11 -0.04669040085)
(-0.0001690013723 3.368151287e-11 -0.04668928678)
(-0.0002109100804 3.368102021e-11 -0.04668801576)
(-0.000256383286 3.368048548e-11 -0.04668663662)
(-0.0003036740405 3.367992951e-11 -0.04668520237)
(-0.0003509647951 3.367937353e-11 -0.04668376812)
(-0.0003964380007 3.36788388e-11 -0.04668238899)
(-0.0004383467087 3.367834614e-11 -0.04668111796)
(-0.0004750800806 3.367791419e-11 -0.04668000389)
(-0.0005052261103 3.367755987e-11 -0.04667908961)
(-0.0005276267101 3.367729598e-11 -0.04667841024)
(-0.0005414207382 3.3677134e-11 -0.04667799189)
(-0.0005587867958 3.581463657e-11 -0.04935878047)
(-0.0005541509464 3.58146903e-11 -0.0493589204)
(-0.0005404219323 3.581484935e-11 -0.04935933482)
(-0.0005181269108 3.581510782e-11 -0.0493600078)
(-0.0004881229654 3.58154552e-11 -0.04936091347)
(-0.000451562725 3.581587891e-11 -0.04936201705)
(-0.000409851541 3.581636203e-11 -0.04936327611)
(-0.0003645926596 3.581688592e-11 -0.04936464226)
(-0.0003175247957 3.581743149e-11 -0.04936606302)
(-0.0002704569318 3.581797706e-11 -0.04936748377)
(-0.0002251980504 3.581850094e-11 -0.04936884992)
(-0.0001834868664 3.581898406e-11 -0.04937010898)
(-0.0001469266262 3.581940777e-11 -0.04937121256)
(-0.0001169226807 3.581975515e-11 -0.04937211824)
(-9.462765935e-05 3.582001362e-11 -0.04937279122)
(-8.089864528e-05 3.582017246e-11 -0.04937320563)
(-7.626279599e-05 3.582022615e-11 -0.04937334556)
(-8.089864536e-05 3.582017246e-11 -0.04937320563)
(-9.46276595e-05 3.582001362e-11 -0.04937279122)
(-0.0001169226809 3.581975515e-11 -0.04937211824)
(-0.0001469266264 3.581940777e-11 -0.04937121256)
(-0.0001834868668 3.581898406e-11 -0.04937010898)
(-0.0002251980508 3.581850094e-11 -0.04936884992)
(-0.0002704569322 3.581797706e-11 -0.04936748377)
(-0.0003175247961 3.581743149e-11 -0.04936606302)
(-0.00036459266 3.581688592e-11 -0.04936464226)
(-0.0004098515414 3.581636203e-11 -0.04936327611)
(-0.0004515627253 3.581587891e-11 -0.04936201705)
(-0.0004881229656 3.58154552e-11 -0.04936091347)
(-0.0005181269111 3.581510782e-11 -0.0493600078)
(-0.0005404219324 3.581484935e-11 -0.04935933482)
(-0.0005541509465 3.58146903e-11 -0.0493589204)
(-0.0005706006542 3.796678764e-11 -0.05202651441)
(-0.0005659886165 3.796684018e-11 -0.05202665291)
(-0.0005523301205 3.796699565e-11 -0.05202706307)
(-0.0005301496159 3.79672487e-11 -0.05202772915)
(-0.0005002997836 3.796758871e-11 -0.05202862554)
(-0.0004639273324 3.796800287e-11 -0.0520297178)
(-0.000422430395 3.796847559e-11 -0.05203096395)
(-0.0003774039827 3.79689882e-11 -0.05203231609)
(-0.0003305778796 3.796952162e-11 -0.05203372227)
(-0.0002837517765 3.797005505e-11 -0.05203512846)
(-0.0002387253643 3.797056853e-11 -0.05203648059)
(-0.0001972284269 3.797104124e-11 -0.05203772674)
(-0.0001608559757 3.797145541e-11 -0.052038819)
(-0.0001310061435 3.797179541e-11 -0.05203971539)
(-0.0001088256389 3.797204803e-11 -0.05204038147)
(-9.516714299e-05 3.797220372e-11 -0.05204079163)
(-9.055510541e-05 3.797225623e-11 -0.05204093013)
(-9.516714306e-05 3.797220372e-11 -0.05204079163)
(-0.0001088256391 3.797204803e-11 -0.05204038147)
(-0.0001310061437 3.797179541e-11 -0.05203971539)
(-0.000160855976 3.797145541e-11 -0.052038819)
(-0.0001972284272 3.797104124e-11 -0.05203772674)
(-0.0002387253646 3.797056853e-11 -0.05203648059)
(-0.0002837517769 3.797005505e-11 -0.05203512846)
(-0.00033057788 3.796952162e-11 -0.05203372227)
(-0.000377403983 3.79689882e-11 -0.05203231609)
(-0.0004224303953 3.796847559e-11 -0.05203096395)
(-0.0004639273327 3.796800287e-11 -0.0520297178)
(-0.0005002997839 3.796758871e-11 -0.05202862554)
(-0.0005301496161 3.79672487e-11 -0.05202772915)
(-0.0005523301207 3.796699565e-11 -0.05202706307)
(-0.0005659886166 3.796684018e-11 -0.05202665291)
(-0.0005814611037 4.013144392e-11 -0.05467998555)
(-0.0005768747172 4.013149513e-11 -0.05468012251)
(-0.0005632921867 4.013164692e-11 -0.05468052812)
(-0.0005412350452 4.013189347e-11 -0.0546811868)
(-0.0005115512311 4.013222567e-11 -0.05468207324)
(-0.0004753810755 4.013262986e-11 -0.05468315337)
(-0.000434114935 4.013309129e-11 -0.05468438568)
(-0.0003893389497 4.013359263e-11 -0.05468572281)
(-0.0003427732831 4.013411305e-11 -0.05468711338)
(-0.0002962076166 4.013463346e-11 -0.05468850395)
(-0.0002514316313 4.013513393e-11 -0.05468984108)
(-0.0002101654908 4.013559537e-11 -0.05469107339)
(-0.0001739953353 4.013599956e-11 -0.05469215353)
(-0.0001443115212 4.013633176e-11 -0.05469303996)
(-0.0001222543798 4.013657831e-11 -0.05469369864)
(-0.0001086718494 4.013673009e-11 -0.05469410425)
(-0.000104085463 4.013678146e-11 -0.05469424122)
(-0.0001086718495 4.013673009e-11 -0.05469410425)
(-0.0001222543799 4.013657831e-11 -0.05469369864)
(-0.0001443115215 4.013633176e-11 -0.05469303996)
(-0.0001739953355 4.013599956e-11 -0.05469215353)
(-0.0002101654911 4.013559537e-11 -0.05469107339)
(-0.0002514316317 4.013513393e-11 -0.05468984108)
(-0.000296207617 4.013463346e-11 -0.05468850395)
(-0.0003427732835 4.013411305e-11 -0.05468711338)
(-0.0003893389501 4.013359263e-11 -0.05468572281)
(-0.0004341149353 4.013309129e-11 -0.05468438568)
(-0.0004753810759 4.013262986e-11 -0.05468315337)
(-0.0005115512314 4.013222567e-11 -0.05468207324)
(-0.0005412350454 4.013189347e-11 -0.0546811868)
(-0.0005632921869 4.013164692e-11 -0.05468052812)
(-0.0005768747173 4.013149513e-11 -0.05468012251)
(-0.0005913124762 4.230624705e-11 -0.05731814482)
(-0.0005867535372 4.230629692e-11 -0.05731828014)
(-0.0005732522924 4.230644459e-11 -0.05731868091)
(-0.0005513271534 4.230668463e-11 -0.05731933172)
(-0.0005218209842 4.230700772e-11 -0.05732020757)
(-0.0004858672914 4.230740151e-11 -0.0573212748)
(-0.000444848111 4.23078508e-11 -0.0573224924)
(-0.0004003400907 4.230833912e-11 -0.05732381356)
(-0.0003540530997 4.230884566e-11 -0.05732518752)
(-0.0003077661087 4.23093522e-11 -0.05732656148)
(-0.0002632580884 4.230983966e-11 -0.05732788264)
(-0.000222238908 4.231028895e-11 -0.05732910023)
(-0.0001862852153 4.231068274e-11 -0.05733016746)
(-0.0001567790462 4.231100583e-11 -0.05733104331)
(-0.0001348539072 4.231124587e-11 -0.05733169413)
(-0.0001213526625 4.231139375e-11 -0.05733209489)
(-0.0001167937236 4.231144371e-11 -0.05733223022)
(-0.0001213526625 4.231139375e-11 -0.05733209489)
(-0.0001348539074 4.231124587e-11 -0.05733169413)
(-0.0001567790464 4.231100583e-11 -0.05733104331)
(-0.0001862852156 4.231068274e-11 -0.05733016746)
(-0.0002222389084 4.231028895e-11 -0.05732910023)
(-0.0002632580888 4.230983966e-11 -0.05732788264)
(-0.000307766109 4.23093522e-11 -0.05732656148)
(-0.0003540531001 4.230884566e-11 -0.05732518752)
(-0.0004003400911 4.230833912e-11 -0.05732381356)
(-0.0004448481113 4.23078508e-11 -0.0573224924)
(-0.0004858672917 4.230740151e-11 -0.0573212748)
(-0.0005218209845 4.230700772e-11 -0.05732020757)
(-0.0005513271536 4.230668463e-11 -0.05731933172)
(-0.0005732522925 4.230644459e-11 -0.05731868091)
(-0.0005867535373 4.230629692e-11 -0.05731828014)
(-0.000600103328 4.448861227e-11 -0.05993997485)
(-0.0005955735659 4.44886608e-11 -0.05994010845)
(-0.0005821587281 4.448880413e-11 -0.0599405041)
(-0.0005603739083 4.448903745e-11 -0.0599411466)
(-0.0005310565764 4.448935144e-11 -0.05994201126)
(-0.0004953329846 4.448973395e-11 -0.05994306487)
(-0.0004545763239 4.449017023e-11 -0.05994426692)
(-0.0004103531517 4.449064294e-11 -0.0599455712)
(-0.0003643623939 4.44911356e-11 -0.05994692762)
(-0.0003183716362 4.449162826e-11 -0.05994828403)
(-0.000274148464 4.449210098e-11 -0.05994958832)
(-0.0002333918033 4.449253726e-11 -0.05995079037)
(-0.0001976682116 4.449291977e-11 -0.05995184397)
(-0.0001683508797 4.449323375e-11 -0.05995270863)
(-0.0001465660601 4.449346664e-11 -0.05995335114)
(-0.0001331512223 4.449361019e-11 -0.05995374679)
(-0.0001286214603 4.449365869e-11 -0.05995388038)
(-0.0001331512223 4.449361019e-11 -0.05995374679)
(-0.0001465660602 4.449346664e-11 -0.05995335114)
(-0.00016835088 4.449323375e-11 -0.05995270863)
(-0.0001976682119 4.449291977e-11 -0.05995184397)
(-0.0002333918037 4.449253726e-11 -0.05995079037)
(-0.0002741484644 4.449210098e-11 -0.05994958832)
(-0.0003183716366 4.449162826e-11 -0.05994828403)
(-0.0003643623943 4.44911356e-11 -0.05994692762)
(-0.0004103531521 4.449064294e-11 -0.0599455712)
(-0.0004545763243 4.449017023e-11 -0.05994426692)
(-0.0004953329849 4.448973395e-11 -0.05994306487)
(-0.0005310565767 4.448935144e-11 -0.05994201126)
(-0.0005603739086 4.448903745e-11 -0.0599411466)
(-0.0005821587282 4.448880413e-11 -0.0599405041)
(-0.000595573566 4.44886608e-11 -0.05994010845)
(-0.0006077864448 4.667553459e-11 -0.06254421062)
(-0.0006032874947 4.667558159e-11 -0.0625443424)
(-0.000589963906 4.667572058e-11 -0.06254473268)
(-0.0005683272691 4.667594653e-11 -0.06254536647)
(-0.0005392093569 4.667625054e-11 -0.0625462194)
(-0.000503728761 4.667662047e-11 -0.0625472587)
(-0.0004632493316 4.667704331e-11 -0.06254844444)
(-0.0004193269703 4.667750127e-11 -0.06254973102)
(-0.0003736490469 4.667797832e-11 -0.06255106904)
(-0.0003279711234 4.667845537e-11 -0.06255240705)
(-0.0002840487621 4.667891334e-11 -0.06255369363)
(-0.0002435693328 4.667933618e-11 -0.06255487937)
(-0.0002080887369 4.667970611e-11 -0.06255591868)
(-0.0001789708248 4.668001012e-11 -0.06255677161)
(-0.0001573341879 4.668023607e-11 -0.06255740539)
(-0.0001440105993 4.668037506e-11 -0.06255779567)
(-0.0001395116493 4.668042204e-11 -0.06255792746)
(-0.0001440105994 4.668037506e-11 -0.06255779567)
(-0.0001573341881 4.668023607e-11 -0.06255740539)
(-0.000178970825 4.668001012e-11 -0.06255677161)
(-0.0002080887372 4.667970611e-11 -0.06255591868)
(-0.0002435693331 4.667933618e-11 -0.06255487937)
(-0.0002840487625 4.667891334e-11 -0.06255369363)
(-0.0003279711238 4.667845537e-11 -0.06255240705)
(-0.0003736490472 4.667797832e-11 -0.06255106904)
(-0.0004193269707 4.667750127e-11 -0.06254973102)
(-0.000463249332 4.667704331e-11 -0.06254844444)
(-0.0005037287613 4.667662047e-11 -0.0625472587)
(-0.0005392093572 4.667625054e-11 -0.0625462194)
(-0.0005683272693 4.667594653e-11 -0.06254536647)
(-0.0005899639062 4.667572058e-11 -0.06254473268)
(-0.0006032874948 4.667558159e-11 -0.0625443424)
(-0.0006143235907 4.886488752e-11 -0.06513081831)
(-0.0006098569848 4.886493282e-11 -0.0651309482)
(-0.0005966291833 4.886506716e-11 -0.06513133288)
(-0.0005751480983 4.886528552e-11 -0.06513195758)
(-0.0005462395233 4.886557912e-11 -0.06513279828)
(-0.0005110140076 4.886593647e-11 -0.06513382269)
(-0.0004708255966 4.886634456e-11 -0.06513499142)
(-0.0004272190059 4.886678735e-11 -0.06513625956)
(-0.0003818694742 4.886724792e-11 -0.06513757838)
(-0.0003365199426 4.886770849e-11 -0.06513889721)
(-0.0002929133519 4.886815128e-11 -0.06514016535)
(-0.0002527249409 4.886855937e-11 -0.06514133408)
(-0.0002174994253 4.886891673e-11 -0.06514235848)
(-0.0001885908503 4.886921033e-11 -0.06514319918)
(-0.0001671097654 4.886942825e-11 -0.06514382388)
(-0.000153881964 4.886956259e-11 -0.06514420857)
(-0.0001494153582 4.886960798e-11 -0.06514433846)
(-0.0001538819641 4.886956259e-11 -0.06514420857)
(-0.0001671097656 4.886942825e-11 -0.06514382388)
(-0.0001885908505 4.886921033e-11 -0.06514319918)
(-0.0002174994256 4.886891673e-11 -0.06514235848)
(-0.0002527249412 4.886855937e-11 -0.06514133408)
(-0.0002929133523 4.886815128e-11 -0.06514016535)
(-0.000336519943 4.886770849e-11 -0.06513889721)
(-0.0003818694746 4.886724792e-11 -0.06513757838)
(-0.0004272190063 4.886678735e-11 -0.06513625956)
(-0.0004708255969 4.886634456e-11 -0.06513499142)
(-0.0005110140079 4.886593647e-11 -0.06513382269)
(-0.0005462395236 4.886557912e-11 -0.06513279828)
(-0.0005751480986 4.886528552e-11 -0.06513195758)
(-0.0005966291834 4.886506716e-11 -0.06513133288)
(-0.0006098569849 4.886493282e-11 -0.0651309482)
(-0.000619677555 5.105277799e-11 -0.06769778821)
(-0.0006152446765 5.105282169e-11 -0.06769791615)
(-0.0006021167581 5.105295115e-11 -0.06769829504)
(-0.0005807978769 5.105316126e-11 -0.06769891033)
(-0.0005521075906 5.105344402e-11 -0.06769973837)
(-0.0005171480628 5.105378837e-11 -0.06770074735)
(-0.0004772631145 5.105418128e-11 -0.06770189849)
(-0.0004339857973 5.105460846e-11 -0.06770314753)
(-0.0003889787 5.105505168e-11 -0.0677044465)
(-0.0003439716028 5.10554949e-11 -0.06770574547)
(-0.0003006942855 5.105592121e-11 -0.06770699451)
(-0.0002608093373 5.105631412e-11 -0.06770814564)
(-0.0002258498096 5.105665847e-11 -0.06770915462)
(-0.0001971595233 5.105694123e-11 -0.06770998266)
(-0.0001758406422 5.105715135e-11 -0.06771059796)
(-0.0001627127239 5.10572808e-11 -0.06771097685)
(-0.0001582798454 5.105732443e-11 -0.06771110479)
(-0.000162712724 5.10572808e-11 -0.06771097685)
(-0.0001758406423 5.105715135e-11 -0.06771059796)
(-0.0001971595235 5.105694123e-11 -0.06770998266)
(-0.0002258498099 5.105665847e-11 -0.06770915462)
(-0.0002608093376 5.105631412e-11 -0.06770814564)
(-0.0003006942859 5.105592121e-11 -0.06770699451)
(-0.0003439716032 5.10554949e-11 -0.06770574547)
(-0.0003889787004 5.105505168e-11 -0.0677044465)
(-0.0004339857977 5.105460846e-11 -0.06770314753)
(-0.0004772631149 5.105418128e-11 -0.06770189849)
(-0.0005171480632 5.105378837e-11 -0.06770074735)
(-0.0005521075908 5.105344402e-11 -0.06769973837)
(-0.0005807978771 5.105316126e-11 -0.06769891033)
(-0.0006021167583 5.105295115e-11 -0.06769829504)
(-0.0006152446766 5.105282169e-11 -0.06769791615)
(-0.0006238233747 5.323733352e-11 -0.07024552148)
(-0.0006194254677 5.323737555e-11 -0.0702456474)
(-0.0006064011173 5.32374997e-11 -0.07024602033)
(-0.0005852504236 5.323770114e-11 -0.07024662595)
(-0.0005567864789 5.323797262e-11 -0.07024744096)
(-0.0005221027516 5.323830352e-11 -0.07024843407)
(-0.0004825324611 5.323868126e-11 -0.0702495671)
(-0.0004395965645 5.323909109e-11 -0.0702507965)
(-0.0003949445344 5.323951696e-11 -0.07025207504)
(-0.0003502925043 5.323994284e-11 -0.07025335357)
(-0.0003073566077 5.32403518e-11 -0.07025458297)
(-0.0002677863173 5.324072953e-11 -0.070255716)
(-0.0002331025901 5.324106043e-11 -0.07025670911)
(-0.0002046386454 5.324133192e-11 -0.07025752412)
(-0.0001834879518 5.324153379e-11 -0.07025812974)
(-0.0001704636014 5.324165794e-11 -0.07025850267)
(-0.0001660656946 5.32416999e-11 -0.07025862859)
(-0.0001704636015 5.324165794e-11 -0.07025850267)
(-0.0001834879519 5.324153379e-11 -0.07025812974)
(-0.0002046386456 5.324133192e-11 -0.07025752412)
(-0.0002331025904 5.324106043e-11 -0.07025670911)
(-0.0002677863176 5.324072953e-11 -0.070255716)
(-0.0003073566081 5.32403518e-11 -0.07025458297)
(-0.0003502925047 5.323994284e-11 -0.07025335357)
(-0.0003949445348 5.323951696e-11 -0.07025207504)
(-0.0004395965649 5.323909109e-11 -0.0702507965)
(-0.0004825324615 5.323868126e-11 -0.0702495671)
(-0.0005221027519 5.323830352e-11 -0.07024843407)
(-0.0005567864791 5.323797262e-11 -0.07024744096)
(-0.0005852504238 5.323770114e-11 -0.07024662595)
(-0.0006064011174 5.32374997e-11 -0.07024602033)
(-0.0006194254678 5.323737555e-11 -0.0702456474)
(-0.0006267390915 5.541484183e-11 -0.07277220301)
(-0.0006223772131 5.54148821e-11 -0.07277232688)
(-0.0006094595608 5.541500093e-11 -0.07277269372)
(-0.000588482138 5.541519413e-11 -0.07277328945)
(-0.0005602513757 5.541545391e-11 -0.07277409115)
(-0.0005258517847 5.541577093e-11 -0.07277506805)
(-0.0004866056622 5.541613219e-11 -0.07277618257)
(-0.0004440215053 5.541652467e-11 -0.07277739189)
(-0.0003997352738 5.541693233e-11 -0.07277864955)
(-0.0003554490423 5.541733999e-11 -0.0727799072)
(-0.0003128648855 5.541773247e-11 -0.07278111652)
(-0.000273618763 5.541809373e-11 -0.07278223105)
(-0.000239219172 5.541841075e-11 -0.07278320794)
(-0.0002109884098 5.541867052e-11 -0.07278400965)
(-0.0001900109871 5.541886416e-11 -0.07278460537)
(-0.0001770933349 5.54189832e-11 -0.07278497221)
(-0.0001727314566 5.541902331e-11 -0.07278509608)
(-0.0001770933349 5.54189832e-11 -0.07278497221)
(-0.0001900109872 5.541886416e-11 -0.07278460537)
(-0.00021098841 5.541867052e-11 -0.07278400965)
(-0.0002392191723 5.541841075e-11 -0.07278320794)
(-0.0002736187633 5.541809373e-11 -0.07278223105)
(-0.0003128648858 5.541773247e-11 -0.07278111652)
(-0.0003554490427 5.541733999e-11 -0.0727799072)
(-0.0003997352742 5.541693233e-11 -0.07277864955)
(-0.0004440215057 5.541652467e-11 -0.07277739189)
(-0.0004866056626 5.541613219e-11 -0.07277618257)
(-0.000525851785 5.541577093e-11 -0.07277506805)
(-0.000560251376 5.541545391e-11 -0.07277409115)
(-0.0005884821382 5.541519413e-11 -0.07277328945)
(-0.0006094595609 5.541500093e-11 -0.07277269372)
(-0.0006223772131 5.54148821e-11 -0.07277232688)
(-0.0006284134951 5.758378885e-11 -0.075278413)
(-0.0006240885318 5.758382725e-11 -0.07527853478)
(-0.0006112802028 5.758394087e-11 -0.07527889543)
(-0.000590480314 5.758412497e-11 -0.07527948111)
(-0.0005624884714 5.758437347e-11 -0.07528026929)
(-0.0005283800075 5.758467574e-11 -0.07528122971)
(-0.0004894660288 5.758502095e-11 -0.07528232543)
(-0.0004472422657 5.758539565e-11 -0.07528351435)
(-0.0004033308329 5.75857851e-11 -0.0752847508)
(-0.0003594194001 5.758617454e-11 -0.07528598724)
(-0.0003171956372 5.758654924e-11 -0.07528717616)
(-0.0002782816584 5.758689445e-11 -0.07528827188)
(-0.0002441731946 5.758719673e-11 -0.0752892323)
(-0.0002161813521 5.758744523e-11 -0.07529002048)
(-0.0001953814633 5.758762976e-11 -0.07529060616)
(-0.0001825731344 5.758774338e-11 -0.07529096681)
(-0.0001782481711 5.758778172e-11 -0.07529108859)
(-0.0001825731345 5.758774338e-11 -0.07529096681)
(-0.0001953814634 5.758762976e-11 -0.07529060616)
(-0.0002161813523 5.758744523e-11 -0.07529002048)
(-0.0002441731949 5.758719673e-11 -0.0752892323)
(-0.0002782816588 5.758689445e-11 -0.07528827188)
(-0.0003171956375 5.758654924e-11 -0.07528717616)
(-0.0003594194005 5.758617454e-11 -0.07528598724)
(-0.0004033308333 5.75857851e-11 -0.0752847508)
(-0.0004472422661 5.758539565e-11 -0.07528351435)
(-0.0004894660291 5.758502095e-11 -0.07528232543)
(-0.0005283800078 5.758467574e-11 -0.07528122971)
(-0.0005624884717 5.758437347e-11 -0.07528026929)
(-0.0005904803142 5.758412497e-11 -0.07527948111)
(-0.000611280203 5.758394087e-11 -0.07527889543)
(-0.0006240885318 5.758382725e-11 -0.07527853478)
(-0.0006288410568 5.97410249e-11 -0.07776256994)
(-0.0006245536782 5.974106138e-11 -0.07776268961)
(-0.0006118566561 5.974116969e-11 -0.07776304401)
(-0.0005912375224 5.974134512e-11 -0.07776361955)
(-0.0005634889344 5.974158191e-11 -0.07776439408)
(-0.0005296768796 5.974186987e-11 -0.07776533786)
(-0.000491101071 5.97421986e-11 -0.07776641461)
(-0.0004492442407 5.974255465e-11 -0.07776758294)
(-0.0004057144068 5.974292588e-11 -0.07776879797)
(-0.0003621845729 5.974329712e-11 -0.077770013)
(-0.0003203277427 5.974365317e-11 -0.07777118133)
(-0.000281751934 5.97439819e-11 -0.07777225808)
(-0.0002479398794 5.974426986e-11 -0.07777320186)
(-0.0002201912914 5.974450665e-11 -0.0777739764)
(-0.0001995721577 5.974468207e-11 -0.07777455193)
(-0.0001868751358 5.974479017e-11 -0.07777490634)
(-0.0001825877572 5.97448268e-11 -0.07777502601)
(-0.0001868751358 5.974479017e-11 -0.07777490634)
(-0.0001995721579 5.974468207e-11 -0.07777455193)
(-0.0002201912916 5.974450665e-11 -0.0777739764)
(-0.0002479398796 5.974426986e-11 -0.07777320186)
(-0.0002817519343 5.97439819e-11 -0.07777225808)
(-0.000320327743 5.974365317e-11 -0.07777118133)
(-0.0003621845733 5.974329712e-11 -0.077770013)
(-0.0004057144072 5.974292588e-11 -0.07776879797)
(-0.0004492442411 5.974255465e-11 -0.07776758294)
(-0.0004911010713 5.97421986e-11 -0.07776641461)
(-0.00052967688 5.974186987e-11 -0.07776533786)
(-0.0005634889346 5.974158191e-11 -0.07776439408)
(-0.0005912375226 5.974134512e-11 -0.07776361955)
(-0.0006118566563 5.974116969e-11 -0.07776304401)
(-0.0006245536782 5.974106138e-11 -0.07776268961)
(-0.000628025034 6.188577809e-11 -0.08022546504)
(-0.0006237757155 6.188581277e-11 -0.0802255826)
(-0.0006111914083 6.188591545e-11 -0.08022593073)
(-0.0005907553161 6.188608263e-11 -0.08022649609)
(-0.0005632530597 6.188630684e-11 -0.08022725692)
(-0.0005297411636 6.18865805e-11 -0.08022818401)
(-0.0004915078027 6.188689231e-11 -0.08022924171)
(-0.0004500225466 6.188723058e-11 -0.08023038937)
(-0.0004068791387 6.188758273e-11 -0.08023158291)
(-0.0003637357307 6.188793488e-11 -0.08023277644)
(-0.0003222504747 6.188827402e-11 -0.08023392411)
(-0.0002840171138 6.188858584e-11 -0.08023498181)
(-0.0002505052177 6.188885949e-11 -0.0802359089)
(-0.0002230029614 6.18890837e-11 -0.08023666973)
(-0.0002025668693 6.188925045e-11 -0.08023723508)
(-0.0001899825621 6.188935313e-11 -0.08023758322)
(-0.0001857332438 6.188938782e-11 -0.08023770078)
(-0.0001899825622 6.188935313e-11 -0.08023758322)
(-0.0002025668694 6.188925045e-11 -0.08023723508)
(-0.0002230029616 6.18890837e-11 -0.08023666973)
(-0.000250505218 6.188885949e-11 -0.0802359089)
(-0.0002840171141 6.188858584e-11 -0.08023498181)
(-0.0003222504751 6.188827402e-11 -0.08023392411)
(-0.0003637357311 6.188793488e-11 -0.08023277644)
(-0.0004068791391 6.188758273e-11 -0.08023158291)
(-0.000450022547 6.188723058e-11 -0.08023038937)
(-0.000491507803 6.188689231e-11 -0.08022924171)
(-0.000529741164 6.18865805e-11 -0.08022818401)
(-0.00056325306 6.188630684e-11 -0.08022725692)
(-0.0005907553164 6.188608263e-11 -0.08022649609)
(-0.0006111914085 6.188591545e-11 -0.08022593073)
(-0.0006237757156 6.188581277e-11 -0.0802255826)
(-0.00062597671 6.401584992e-11 -0.0826657796)
(-0.0006217656892 6.401588266e-11 -0.08266589504)
(-0.0006092948002 6.401598002e-11 -0.08266623693)
(-0.0005890428917 6.401613831e-11 -0.08266679213)
(-0.0005617885039 6.401635081e-11 -0.0826675393)
(-0.0005285786394 6.401660972e-11 -0.08266844974)
(-0.0004906898629 6.401690506e-11 -0.08266948844)
(-0.0004495784997 6.401722555e-11 -0.0826706155)
(-0.0004068239288 6.401755862e-11 -0.0826717876)
(-0.000364069358 6.401789168e-11 -0.08267295971)
(-0.0003229579947 6.401821304e-11 -0.08267408676)
(-0.0002850692183 6.401850838e-11 -0.08267512547)
(-0.0002518593538 6.401876728e-11 -0.08267603591)
(-0.0002246049661 6.401897979e-11 -0.08267678308)
(-0.0002043530577 6.401913765e-11 -0.08267733828)
(-0.0001918821687 6.401923479e-11 -0.08267768016)
(-0.0001876711481 6.401926764e-11 -0.08267779561)
(-0.0001918821688 6.401923479e-11 -0.08267768016)
(-0.0002043530578 6.401913765e-11 -0.08267733828)
(-0.0002246049663 6.401897979e-11 -0.08267678308)
(-0.0002518593541 6.401876728e-11 -0.08267603591)
(-0.0002850692187 6.401850838e-11 -0.08267512547)
(-0.0003229579951 6.401821304e-11 -0.08267408676)
(-0.0003640693584 6.401789168e-11 -0.08267295971)
(-0.0004068239292 6.401755862e-11 -0.0826717876)
(-0.0004495785 6.401722555e-11 -0.0826706155)
(-0.0004906898633 6.401690506e-11 -0.08266948844)
(-0.0005285786397 6.401660972e-11 -0.08266844974)
(-0.0005617885042 6.401635081e-11 -0.0826675393)
(-0.0005890428919 6.401613831e-11 -0.08266679213)
(-0.0006092948004 6.401598002e-11 -0.08266623693)
(-0.0006217656893 6.401588266e-11 -0.08266589504)
(-0.0006227138651 6.613156918e-11 -0.08508453931)
(-0.0006185411683 6.61316002e-11 -0.08508465266)
(-0.0006061837752 6.613169192e-11 -0.08508498834)
(-0.0005861161767 6.613184132e-11 -0.08508553348)
(-0.0005591098276 6.613204168e-11 -0.0850862671)
(-0.0005262022017 6.613228628e-11 -0.08508716103)
(-0.0004886582461 6.613256514e-11 -0.0850881809)
(-0.000447921032 6.613286741e-11 -0.08508928752)
(-0.000405555565 6.613318226e-11 -0.08509043837)
(-0.000363190098 6.613349712e-11 -0.08509158922)
(-0.0003224528839 6.613380026e-11 -0.08509269584)
(-0.0002849089284 6.613407912e-11 -0.08509371572)
(-0.0002520013025 6.613432371e-11 -0.08509460965)
(-0.0002249949535 6.613452407e-11 -0.08509534327)
(-0.000204927355 6.613467348e-11 -0.0850958884)
(-0.000192569962 6.61347652e-11 -0.08509622409)
(-0.0001883972653 6.613479616e-11 -0.08509633744)
(-0.0001925699621 6.61347652e-11 -0.08509622409)
(-0.0002049273552 6.613467348e-11 -0.0850958884)
(-0.0002249949537 6.613452407e-11 -0.08509534327)
(-0.0002520013028 6.613432371e-11 -0.08509460965)
(-0.0002849089287 6.613407912e-11 -0.08509371572)
(-0.0003224528843 6.613380026e-11 -0.08509269584)
(-0.0003631900984 6.613349712e-11 -0.08509158922)
(-0.0004055555654 6.613318226e-11 -0.08509043837)
(-0.0004479210324 6.613286741e-11 -0.08508928752)
(-0.0004886582465 6.613256514e-11 -0.0850881809)
(-0.000526202202 6.613228628e-11 -0.08508716103)
(-0.0005591098279 6.613204168e-11 -0.0850862671)
(-0.0005861161769 6.613184132e-11 -0.08508553348)
(-0.0006061837754 6.613169192e-11 -0.08508498834)
(-0.0006185411684 6.61316002e-11 -0.08508465266)
(-0.0006182643167 6.823201037e-11 -0.08748070846)
(-0.0006141297185 6.823203959e-11 -0.08748081975)
(-0.0006018851538 6.82321259e-11 -0.08748114933)
(-0.0005820007813 6.823226619e-11 -0.08748168454)
(-0.0005552410121 6.823245528e-11 -0.08748240482)
(-0.0005226338473 6.823268556e-11 -0.08748328249)
(-0.0004854326846 6.823294794e-11 -0.08748428381)
(-0.0004450674192 6.82332333e-11 -0.0874853703)
(-0.0004030887675 6.823352994e-11 -0.08748650022)
(-0.0003611101159 6.823382658e-11 -0.08748763013)
(-0.0003207448506 6.823411107e-11 -0.08748871662)
(-0.0002835436879 6.823437345e-11 -0.08748971794)
(-0.0002509365231 6.823460373e-11 -0.08749059561)
(-0.000224176754 6.823479282e-11 -0.08749131589)
(-0.0002042923815 6.823493355e-11 -0.08749185111)
(-0.0001920478169 6.823502006e-11 -0.08749218069)
(-0.0001879132188 6.823504912e-11 -0.08749229197)
(-0.000192047817 6.823502006e-11 -0.08749218069)
(-0.0002042923817 6.823493355e-11 -0.08749185111)
(-0.0002241767542 6.823479282e-11 -0.08749131589)
(-0.0002509365234 6.823460373e-11 -0.08749059561)
(-0.0002835436882 6.823437345e-11 -0.08748971794)
(-0.0003207448509 6.823411107e-11 -0.08748871662)
(-0.0003611101163 6.823382658e-11 -0.08748763013)
(-0.0004030887679 6.823352994e-11 -0.08748650022)
(-0.0004450674196 6.82332333e-11 -0.0874853703)
(-0.0004854326849 6.823294794e-11 -0.08748428381)
(-0.0005226338476 6.823268556e-11 -0.08748328249)
(-0.0005552410123 6.823245528e-11 -0.08748240482)
(-0.0005820007815 6.823226619e-11 -0.08748168454)
(-0.000601885154 6.82321259e-11 -0.08748114933)
(-0.0006141297185 6.823203959e-11 -0.08748081975)
(-0.0006126598194 7.031886046e-11 -0.08985556269)
(-0.0006085628735 7.031888787e-11 -0.08985567196)
(-0.0005964298159 7.031896918e-11 -0.08985599556)
(-0.0005767265234 7.03191008e-11 -0.08985652106)
(-0.000550210446 7.031927818e-11 -0.08985722827)
(-0.0005179002232 7.031949458e-11 -0.08985809002)
(-0.0004810378384 7.031974135e-11 -0.08985907317)
(-0.0004410401654 7.032000936e-11 -0.08986013995)
(-0.0003994437986 7.032028779e-11 -0.08986124936)
(-0.0003578474318 7.032056621e-11 -0.08986235878)
(-0.0003178497588 7.032083336e-11 -0.08986342555)
(-0.000280987374 7.032108012e-11 -0.08986440871)
(-0.0002486771513 7.032129653e-11 -0.08986527045)
(-0.000222161074 7.03214739e-11 -0.08986597766)
(-0.0002024577816 7.032160596e-11 -0.08986650317)
(-0.000190324724 7.032168706e-11 -0.08986682677)
(-0.0001862277782 7.032171452e-11 -0.08986693604)
(-0.000190324724 7.032168706e-11 -0.08986682677)
(-0.0002024577817 7.032160596e-11 -0.08986650317)
(-0.0002221610742 7.03214739e-11 -0.08986597766)
(-0.0002486771516 7.032129653e-11 -0.08986527045)
(-0.0002809873744 7.032108012e-11 -0.08986440871)
(-0.0003178497591 7.032083336e-11 -0.08986342555)
(-0.0003578474322 7.032056621e-11 -0.08986235878)
(-0.000399443799 7.032028779e-11 -0.08986124936)
(-0.0004410401657 7.032000936e-11 -0.08986013995)
(-0.0004810378388 7.031974135e-11 -0.08985907317)
(-0.0005179002235 7.031949458e-11 -0.08985809002)
(-0.0005502104462 7.031927818e-11 -0.08985722827)
(-0.0005767265236 7.03191008e-11 -0.08985652106)
(-0.000596429816 7.031896918e-11 -0.08985599556)
(-0.0006085628736 7.031888787e-11 -0.08985567196)
(-0.0006059437066 7.239263786e-11 -0.09220835985)
(-0.0006018837112 7.239266359e-11 -0.09220846715)
(-0.000589860082 7.239273959e-11 -0.09220878494)
(-0.0005703344942 7.239286341e-11 -0.092209301)
(-0.0005440575663 7.239302951e-11 -0.0922099955)
(-0.0005120387506 7.239323203e-11 -0.09221084176)
(-0.000475508829 7.239346319e-11 -0.09221180725)
(-0.0004358718965 7.239371342e-11 -0.09221285486)
(-0.0003946506888 7.23939745e-11 -0.09221394434)
(-0.0003534294812 7.239423557e-11 -0.09221503382)
(-0.0003137925487 7.239448667e-11 -0.09221608142)
(-0.0002772626271 7.239471782e-11 -0.09221704691)
(-0.0002452438115 7.239492035e-11 -0.09221789317)
(-0.0002189668836 7.239508645e-11 -0.09221858767)
(-0.0001994412959 7.239520984e-11 -0.09221910374)
(-0.0001874176668 7.239528606e-11 -0.09221942152)
(-0.0001833576715 7.239531181e-11 -0.09221952883)
(-0.0001874176669 7.239528606e-11 -0.09221942152)
(-0.0001994412961 7.239520984e-11 -0.09221910374)
(-0.0002189668838 7.239508645e-11 -0.09221858767)
(-0.0002452438118 7.239492035e-11 -0.09221789317)
(-0.0002772626274 7.239471782e-11 -0.09221704691)
(-0.000313792549 7.239448667e-11 -0.09221608142)
(-0.0003534294816 7.239423557e-11 -0.09221503382)
(-0.0003946506892 7.23939745e-11 -0.09221394434)
(-0.0004358718968 7.239371342e-11 -0.09221285486)
(-0.0004755088294 7.239346319e-11 -0.09221180725)
(-0.0005120387509 7.239323203e-11 -0.09221084176)
(-0.0005440575666 7.239302951e-11 -0.0922099955)
(-0.0005703344944 7.239286341e-11 -0.092209301)
(-0.0005898600821 7.239273959e-11 -0.09220878494)
(-0.0006018837113 7.239266359e-11 -0.09220846715)
(-0.0005981602811 7.445644767e-11 -0.09454063021)
(-0.0005941363162 7.44564717e-11 -0.09454073562)
(-0.0005822193906 7.445654293e-11 -0.09454104778)
(-0.0005628670826 7.445665829e-11 -0.09454155472)
(-0.0005368233492 7.445681354e-11 -0.09454223694)
(-0.0005050886843 7.445700306e-11 -0.09454306824)
(-0.0004688829474 7.445721904e-11 -0.09454401665)
(-0.0004295977726 7.445745322e-11 -0.09454504574)
(-0.0003887423824 7.445769695e-11 -0.09454611595)
(-0.0003478869922 7.445794068e-11 -0.09454718617)
(-0.0003086018175 7.445817574e-11 -0.09454821525)
(-0.0002723960805 7.445839171e-11 -0.09454916367)
(-0.0002406614158 7.445858123e-11 -0.09454999496)
(-0.0002146176824 7.445873649e-11 -0.09455067718)
(-0.0001952653744 7.445885184e-11 -0.09455118412)
(-0.0001833484489 7.445892286e-11 -0.09455149629)
(-0.0001793244841 7.445894694e-11 -0.0945516017)
(-0.000183348449 7.445892286e-11 -0.09455149629)
(-0.0001952653746 7.445885184e-11 -0.09455118412)
(-0.0002146176826 7.445873649e-11 -0.09455067718)
(-0.000240661416 7.445858123e-11 -0.09454999496)
(-0.0002723960809 7.445839171e-11 -0.09454916367)
(-0.0003086018178 7.445817574e-11 -0.09454821525)
(-0.0003478869926 7.445794068e-11 -0.09454718617)
(-0.0003887423828 7.445769695e-11 -0.09454611595)
(-0.000429597773 7.445745322e-11 -0.09454504574)
(-0.0004688829477 7.445721904e-11 -0.09454401665)
(-0.0005050886846 7.445700306e-11 -0.09454306824)
(-0.0005368233494 7.445681354e-11 -0.09454223694)
(-0.0005628670828 7.445665829e-11 -0.09454155472)
(-0.0005822193908 7.445654293e-11 -0.09454104778)
(-0.0005941363163 7.44564717e-11 -0.09454073562)
(-0.0005893661238 7.651217689e-11 -0.0968519202)
(-0.0005853770278 7.651219935e-11 -0.09685202378)
(-0.0005735633663 7.651226549e-11 -0.09685233056)
(-0.0005543787524 7.651237369e-11 -0.09685282874)
(-0.0005285606965 7.651251854e-11 -0.09685349919)
(-0.000497101023 7.651269505e-11 -0.09685431613)
(-0.0004612090207 7.651289671e-11 -0.09685524817)
(-0.0004222642649 7.651311529e-11 -0.09685625948)
(-0.0003817629001 7.651334254e-11 -0.09685731122)
(-0.0003412615354 7.651356979e-11 -0.09685836295)
(-0.0003023167796 7.651378836e-11 -0.09685937426)
(-0.0002664247773 7.651399002e-11 -0.0968603063)
(-0.0002349651039 7.651416653e-11 -0.09686112325)
(-0.000209147048 7.651431138e-11 -0.09686179369)
(-0.0001899624342 7.651441915e-11 -0.09686229187)
(-0.0001781487728 7.65144855e-11 -0.09686259865)
(-0.0001741596769 7.651450779e-11 -0.09686270224)
(-0.0001781487728 7.65144855e-11 -0.09686259865)
(-0.0001899624343 7.651441915e-11 -0.09686229187)
(-0.0002091470482 7.651431138e-11 -0.09686179369)
(-0.0002349651041 7.651416653e-11 -0.09686112325)
(-0.0002664247776 7.651399002e-11 -0.0968603063)
(-0.0003023167799 7.651378836e-11 -0.09685937426)
(-0.0003412615357 7.651356979e-11 -0.09685836295)
(-0.0003817629005 7.651334254e-11 -0.09685731122)
(-0.0004222642653 7.651311529e-11 -0.09685625948)
(-0.0004612090211 7.651289671e-11 -0.09685524817)
(-0.0004971010233 7.651269505e-11 -0.09685431613)
(-0.0005285606968 7.651251854e-11 -0.09685349918)
(-0.0005543787526 7.651237369e-11 -0.09685282874)
(-0.0005735633665 7.651226549e-11 -0.09685233056)
(-0.0005853770279 7.651219935e-11 -0.09685202378)
(-0.0005796150121 7.8564132e-11 -0.09914399879)
(-0.0005756594326 7.85641529e-11 -0.09914410064)
(-0.0005639450299 7.856421438e-11 -0.09914440228)
(-0.0005449216057 7.856431478e-11 -0.09914489212)
(-0.0005193204739 7.856444965e-11 -0.09914555134)
(-0.0004881251256 7.856461402e-11 -0.0991463546)
(-0.000452534689 7.85648018e-11 -0.09914727103)
(-0.0004139171483 7.85650052e-11 -0.09914826541)
(-0.0003737560773 7.856521683e-11 -0.09914929954)
(-0.0003335950062 7.856542847e-11 -0.09915033366)
(-0.0002949774655 7.856563186e-11 -0.09915132804)
(-0.000259387029 7.856581965e-11 -0.09915224447)
(-0.0002281916807 7.856598401e-11 -0.09915304774)
(-0.000202590549 7.856611889e-11 -0.09915370695)
(-0.0001835671249 7.856621885e-11 -0.09915419679)
(-0.0001718527222 7.856628054e-11 -0.09915449843)
(-0.0001678971428 7.856630143e-11 -0.09915460029)
(-0.0001718527223 7.856628054e-11 -0.09915449843)
(-0.000183567125 7.856621885e-11 -0.09915419679)
(-0.0002025905492 7.856611889e-11 -0.09915370695)
(-0.000228191681 7.856598401e-11 -0.09915304774)
(-0.0002593870293 7.856581965e-11 -0.09915224447)
(-0.0002949774659 7.856563186e-11 -0.09915132804)
(-0.0003335950066 7.856542847e-11 -0.09915033366)
(-0.0003737560776 7.856521683e-11 -0.09914929954)
(-0.0004139171486 7.85650052e-11 -0.09914826541)
(-0.0004525346894 7.85648018e-11 -0.09914727103)
(-0.0004881251259 7.856461402e-11 -0.0991463546)
(-0.0005193204742 7.856444965e-11 -0.09914555134)
(-0.0005449216059 7.856431478e-11 -0.09914489212)
(-0.00056394503 7.856421438e-11 -0.09914440228)
(-0.0005756594327 7.85641529e-11 -0.09914410064)
(-0.0005689722569 8.061518353e-11 -0.101416666)
(-0.0005650486492 8.061520288e-11 -0.1014167663)
(-0.0005534289302 8.061526013e-11 -0.101417063)
(-0.0005345592664 8.061535337e-11 -0.101417545)
(-0.0005091650604 8.06154787e-11 -0.1014181936)
(-0.0004782218542 8.061563136e-11 -0.1014189839)
(-0.0004429190838 8.06158057e-11 -0.1014198856)
(-0.0004046136764 8.061599478e-11 -0.1014208639)
(-0.0003647772145 8.061619167e-11 -0.1014218814)
(-0.0003249407527 8.061638856e-11 -0.1014228989)
(-0.0002866353453 8.061657678e-11 -0.1014238772)
(-0.0002513325749 8.061675112e-11 -0.1014247789)
(-0.0002203893688 8.061690378e-11 -0.1014255692)
(-0.0001949951628 8.061702911e-11 -0.1014262178)
(-0.000176125499 8.061712235e-11 -0.1014266998)
(-0.0001645057802 8.06171796e-11 -0.1014269965)
(-0.0001605821725 8.061719898e-11 -0.1014270967)
(-0.0001645057803 8.06171796e-11 -0.1014269965)
(-0.0001761254992 8.061712235e-11 -0.1014266998)
(-0.0001949951631 8.061702911e-11 -0.1014262178)
(-0.000220389369 8.061690378e-11 -0.1014255692)
(-0.0002513325753 8.061675112e-11 -0.1014247789)
(-0.0002866353456 8.061657678e-11 -0.1014238772)
(-0.0003249407531 8.061638856e-11 -0.1014228989)
(-0.0003647772149 8.061619167e-11 -0.1014218814)
(-0.0004046136767 8.061599478e-11 -0.1014208639)
(-0.0004429190841 8.06158057e-11 -0.1014198856)
(-0.0004782218545 8.061563136e-11 -0.1014189839)
(-0.0005091650607 8.06154787e-11 -0.1014181936)
(-0.0005345592666 8.061535337e-11 -0.101417545)
(-0.0005534289304 8.061526013e-11 -0.101417063)
(-0.0005650486492 8.061520288e-11 -0.1014167663)
(-0.0005574952186 8.267030271e-11 -0.1036718743)
(-0.0005536019184 8.267032068e-11 -0.1036719729)
(-0.000542071955 8.26703738e-11 -0.1036722651)
(-0.0005233480483 8.267046032e-11 -0.1036727397)
(-0.0004981499979 8.267057655e-11 -0.1036733783)
(-0.0004674458099 8.267071836e-11 -0.1036741564)
(-0.0004324157329 8.267087969e-11 -0.1036750442)
(-0.0003944062125 8.267105576e-11 -0.1036760075)
(-0.0003548774642 8.267123791e-11 -0.1036770093)
(-0.0003153487158 8.267142006e-11 -0.1036780111)
(-0.0002773391954 8.267159526e-11 -0.1036789744)
(-0.0002423091185 8.267175659e-11 -0.1036798622)
(-0.0002116049306 8.267189841e-11 -0.1036806403)
(-0.0001864068801 8.267201463e-11 -0.1036812789)
(-0.0001676829735 8.267210072e-11 -0.1036817535)
(-0.0001561530102 8.267215406e-11 -0.1036820457)
(-0.0001522597101 8.267217197e-11 -0.1036821443)
(-0.0001561530103 8.267215406e-11 -0.1036820457)
(-0.0001676829736 8.267210072e-11 -0.1036817535)
(-0.0001864068803 8.267201463e-11 -0.1036812789)
(-0.0002116049308 8.267189841e-11 -0.1036806403)
(-0.0002423091188 8.267175659e-11 -0.1036798622)
(-0.0002773391958 8.267159526e-11 -0.1036789744)
(-0.0003153487162 8.267142006e-11 -0.1036780111)
(-0.0003548774645 8.267123791e-11 -0.1036770093)
(-0.0003944062128 8.267105576e-11 -0.1036760075)
(-0.0004324157332 8.267087969e-11 -0.1036750442)
(-0.0004674458102 8.267071836e-11 -0.1036741564)
(-0.0004981499981 8.267057655e-11 -0.1036733783)
(-0.0005233480485 8.267046032e-11 -0.1036727397)
(-0.0005420719552 8.26703738e-11 -0.1036722651)
(-0.0005536019184 8.267032068e-11 -0.1036719729)
(-0.0005452500106 8.473263893e-11 -0.10590959)
(-0.0005413852664 8.473265568e-11 -0.1059096872)
(-0.0005299398712 8.473270479e-11 -0.1059099752)
(-0.0005113532975 8.473278502e-11 -0.1059104428)
(-0.0004863400655 8.473289258e-11 -0.105911072)
(-0.0004558610816 8.473302355e-11 -0.1059118388)
(-0.0004210879375 8.473317317e-11 -0.1059127136)
(-0.0003833572031 8.473333493e-11 -0.1059136628)
(-0.0003441183838 8.473350407e-11 -0.1059146499)
(-0.0003048795645 8.47336732e-11 -0.1059156371)
(-0.0002671488301 8.473383583e-11 -0.1059165863)
(-0.000232375686 8.473398545e-11 -0.1059174611)
(-0.0002018967021 8.473411642e-11 -0.1059182279)
(-0.0001768834702 8.473422398e-11 -0.1059188571)
(-0.0001582968967 8.473430421e-11 -0.1059193247)
(-0.0001468515015 8.473435332e-11 -0.1059196127)
(-0.0001429867573 8.473436991e-11 -0.1059197099)
(-0.0001468515016 8.473435332e-11 -0.1059196127)
(-0.0001582968968 8.473430421e-11 -0.1059193247)
(-0.0001768834705 8.473422398e-11 -0.1059188571)
(-0.0002018967024 8.473411642e-11 -0.1059182279)
(-0.0002323756863 8.473398545e-11 -0.1059174611)
(-0.0002671488304 8.473383583e-11 -0.1059165863)
(-0.0003048795648 8.47336732e-11 -0.1059156371)
(-0.0003441183842 8.473350407e-11 -0.1059146499)
(-0.0003833572035 8.473333493e-11 -0.1059136628)
(-0.0004210879379 8.473317317e-11 -0.1059127136)
(-0.000455861082 8.473302355e-11 -0.1059118388)
(-0.0004863400658 8.473289258e-11 -0.105911072)
(-0.0005113532977 8.473278502e-11 -0.1059104428)
(-0.0005299398713 8.473270479e-11 -0.1059099752)
(-0.0005413852665 8.473265568e-11 -0.1059096872)
(-0.000532287927 8.680699976e-11 -0.1081318304)
(-0.0005284500033 8.680701503e-11 -0.1081319263)
(-0.0005170840369 8.680706089e-11 -0.1081322102)
(-0.0004986264505 8.680713483e-11 -0.1081326714)
(-0.0004737868056 8.680723414e-11 -0.1081332919)
(-0.00044351934 8.680735557e-11 -0.1081340481)
(-0.0004089875148 8.680749392e-11 -0.1081349108)
(-0.0003715186245 8.680764354e-11 -0.1081358468)
(-0.000332552115 8.680779966e-11 -0.1081368203)
(-0.0002935856055 8.680795579e-11 -0.1081377938)
(-0.0002561167152 8.680810628e-11 -0.1081387299)
(-0.0002215848901 8.680824462e-11 -0.1081395926)
(-0.0001913174245 8.680836605e-11 -0.1081403487)
(-0.0001664777796 8.680846536e-11 -0.1081409693)
(-0.0001480201933 8.680853931e-11 -0.1081414304)
(-0.000136654227 8.680858473e-11 -0.1081417144)
(-0.0001328163034 8.680860012e-11 -0.1081418102)
(-0.000136654227 8.680858473e-11 -0.1081417144)
(-0.0001480201934 8.680853931e-11 -0.1081414304)
(-0.0001664777798 8.680846536e-11 -0.1081409693)
(-0.0001913174248 8.680836605e-11 -0.1081403487)
(-0.0002215848904 8.680824462e-11 -0.1081395926)
(-0.0002561167155 8.680810628e-11 -0.1081387299)
(-0.0002935856059 8.680795579e-11 -0.1081377938)
(-0.0003325521154 8.680779966e-11 -0.1081368203)
(-0.0003715186248 8.680764354e-11 -0.1081358468)
(-0.0004089875152 8.680749392e-11 -0.1081349108)
(-0.0004435193403 8.680735557e-11 -0.1081340481)
(-0.0004737868059 8.680723414e-11 -0.1081332919)
(-0.0004986264507 8.680713483e-11 -0.1081326714)
(-0.0005170840371 8.680706089e-11 -0.1081322102)
(-0.0005284500034 8.680701503e-11 -0.1081319263)
(-0.0005186642249 8.889586383e-11 -0.1103385688)
(-0.0005148514713 8.889587807e-11 -0.1103386634)
(-0.0005035600458 8.889592014e-11 -0.1103389437)
(-0.000485223509 8.889598823e-11 -0.1103393988)
(-0.0004605467688 8.889608017e-11 -0.1103400112)
(-0.0004304778049 8.889619206e-11 -0.1103407575)
(-0.0003961724483 8.889631956e-11 -0.1103416089)
(-0.0003589492885 8.88964579e-11 -0.1103425327)
(-0.0003202383314 8.889660189e-11 -0.1103434934)
(-0.0002815273742 8.889674587e-11 -0.1103444542)
(-0.0002443042144 8.889688508e-11 -0.110345378)
(-0.0002099988578 8.889701258e-11 -0.1103462294)
(-0.000179929894 8.889712447e-11 -0.1103469757)
(-0.0001552531539 8.889721641e-11 -0.1103475881)
(-0.0001369166171 8.88972845e-11 -0.1103480432)
(-0.0001256251917 8.889732657e-11 -0.1103483235)
(-0.0001218124382 8.889734066e-11 -0.1103484181)
(-0.0001256251918 8.889732657e-11 -0.1103483235)
(-0.0001369166173 8.88972845e-11 -0.1103480432)
(-0.0001552531541 8.889721641e-11 -0.1103475881)
(-0.0001799298943 8.889712447e-11 -0.1103469757)
(-0.0002099988581 8.889701258e-11 -0.1103462294)
(-0.0002443042148 8.889688508e-11 -0.110345378)
(-0.0002815273746 8.889674587e-11 -0.1103444542)
(-0.0003202383317 8.889660189e-11 -0.1103434934)
(-0.0003589492889 8.88964579e-11 -0.1103425327)
(-0.0003961724486 8.889631956e-11 -0.1103416089)
(-0.0004304778053 8.889619206e-11 -0.1103407575)
(-0.000460546769 8.889608017e-11 -0.1103400112)
(-0.0004852235092 8.889598823e-11 -0.1103393988)
(-0.0005035600459 8.889592014e-11 -0.1103389437)
(-0.0005148514714 8.889587807e-11 -0.1103386634)
(-0.0005044114254 9.10028751e-11 -0.1125316935)
(-0.0005006224051 9.100288817e-11 -0.112531787)
(-0.0004894012656 9.100292677e-11 -0.1125320637)
(-0.0004711788686 9.100298943e-11 -0.1125325132)
(-0.0004466557343 9.1003074e-11 -0.112533118)
(-0.0004167739414 9.100317678e-11 -0.112533855)
(-0.000382682126 9.100329431e-11 -0.1125346958)
(-0.00034569067 9.100342181e-11 -0.1125356082)
(-0.0003072206778 9.100355452e-11 -0.112536557)
(-0.0002687506856 9.100368722e-11 -0.1125375058)
(-0.0002317592296 9.100381473e-11 -0.1125384182)
(-0.0001976674143 9.100393225e-11 -0.112539259)
(-0.0001677856214 9.100403504e-11 -0.112539996)
(-0.0001432624871 9.10041196e-11 -0.1125406008)
(-0.0001250400902 9.100418271e-11 -0.1125410503)
(-0.0001138189508 9.10042213e-11 -0.112541327)
(-0.0001100299306 9.100423442e-11 -0.1125414205)
(-0.0001138189508 9.10042213e-11 -0.112541327)
(-0.0001250400903 9.100418271e-11 -0.1125410503)
(-0.0001432624873 9.10041196e-11 -0.1125406008)
(-0.0001677856217 9.100403504e-11 -0.112539996)
(-0.0001976674146 9.100393225e-11 -0.112539259)
(-0.00023175923 9.100381473e-11 -0.1125384182)
(-0.000268750686 9.100368722e-11 -0.1125375058)
(-0.0003072206782 9.100355452e-11 -0.112536557)
(-0.0003456906704 9.100342181e-11 -0.1125356082)
(-0.0003826821264 9.100329431e-11 -0.1125346958)
(-0.0004167739417 9.100317678e-11 -0.112533855)
(-0.0004466557345 9.1003074e-11 -0.112533118)
(-0.0004711788688 9.100298943e-11 -0.1125325132)
(-0.0004894012658 9.100292677e-11 -0.1125320637)
(-0.0005006224052 9.100288817e-11 -0.112531787)
(-0.0004895608806 9.312882072e-11 -0.1147109574)
(-0.0004857944564 9.312883277e-11 -0.1147110497)
(-0.000474640235 9.312886812e-11 -0.1147113232)
(-0.0004565265086 9.312892558e-11 -0.1147117673)
(-0.0004321496198 9.312900321e-11 -0.1147123649)
(-0.0004024460293 9.312909775e-11 -0.1147130931)
(-0.000368557523 9.31292053e-11 -0.114713924)
(-0.0003317866683 9.312932196e-11 -0.1147148255)
(-0.0002935460948 9.312944339e-11 -0.114715763)
(-0.0002553055213 9.312956482e-11 -0.1147167005)
(-0.0002185346666 9.312968235e-11 -0.114717602)
(-0.0001846461604 9.31297899e-11 -0.1147184328)
(-0.0001549425699 9.312988445e-11 -0.1147191611)
(-0.0001305656811 9.312996208e-11 -0.1147197587)
(-0.0001124519548 9.313001954e-11 -0.1147202028)
(-0.0001012977335 9.31300551e-11 -0.1147204763)
(-9.753130943e-05 9.313006704e-11 -0.1147205686)
(-0.0001012977336 9.31300551e-11 -0.1147204763)
(-0.000112451955 9.313001954e-11 -0.1147202028)
(-0.0001305656814 9.312996208e-11 -0.1147197587)
(-0.0001549425701 9.312988445e-11 -0.1147191611)
(-0.0001846461607 9.31297899e-11 -0.1147184328)
(-0.000218534667 9.312968235e-11 -0.114717602)
(-0.0002553055217 9.312956482e-11 -0.1147167005)
(-0.0002935460952 9.312944339e-11 -0.114715763)
(-0.0003317866687 9.312932196e-11 -0.1147148255)
(-0.0003685575234 9.31292053e-11 -0.114713924)
(-0.0004024460296 9.312909775e-11 -0.1147130931)
(-0.0004321496201 9.312900321e-11 -0.1147123649)
(-0.0004565265089 9.312892558e-11 -0.1147117673)
(-0.0004746402352 9.312886812e-11 -0.1147113232)
(-0.0004857944565 9.312883277e-11 -0.1147110497)
(-0.0004741150325 9.527522992e-11 -0.1168778821)
(-0.0004703704837 9.527524082e-11 -0.1168779734)
(-0.0004592810458 9.527527313e-11 -0.1168782437)
(-0.0004412725237 9.527532539e-11 -0.1168786826)
(-0.0004170372155 9.527539608e-11 -0.1168792733)
(-0.0003875061429 9.527548195e-11 -0.1168799931)
(-0.0003538144606 9.527558039e-11 -0.1168808143)
(-0.0003172571705 9.527568665e-11 -0.1168817054)
(-0.0002792386977 9.527579767e-11 -0.116882632)
(-0.0002412202248 9.527590869e-11 -0.1168835587)
(-0.0002046629347 9.527601494e-11 -0.1168844497)
(-0.0001709712525 9.527611339e-11 -0.1168852709)
(-0.0001414401799 9.527619926e-11 -0.1168859907)
(-0.0001172048718 9.527626995e-11 -0.1168865814)
(-9.919634973e-05 9.527632264e-11 -0.1168870204)
(-8.810691194e-05 9.527635473e-11 -0.1168872907)
(-8.436236321e-05 9.52763657e-11 -0.1168873819)
(-8.810691202e-05 9.527635473e-11 -0.1168872907)
(-9.919634988e-05 9.527632264e-11 -0.1168870204)
(-0.000117204872 9.527626995e-11 -0.1168865814)
(-0.0001414401802 9.527619926e-11 -0.1168859907)
(-0.0001709712528 9.527611339e-11 -0.1168852709)
(-0.0002046629351 9.527601494e-11 -0.1168844497)
(-0.0002412202252 9.527590869e-11 -0.1168835587)
(-0.000279238698 9.527579767e-11 -0.116882632)
(-0.0003172571709 9.527568665e-11 -0.1168817054)
(-0.000353814461 9.527558039e-11 -0.1168808143)
(-0.0003875061432 9.527548195e-11 -0.1168799931)
(-0.0004170372158 9.527539608e-11 -0.1168792733)
(-0.0004412725239 9.527532539e-11 -0.1168786826)
(-0.000459281046 9.527527313e-11 -0.1168782437)
(-0.0004703704838 9.527524082e-11 -0.1168779734)
(-0.0004580739428 9.744037635e-11 -0.1190317734)
(-0.0004543510082 9.744038627e-11 -0.1190318636)
(-0.0004433255809 9.744041533e-11 -0.1190321308)
(-0.0004254210076 9.744046282e-11 -0.1190325647)
(-0.0004013255905 9.744052657e-11 -0.1190331486)
(-0.0003719649773 9.74406042e-11 -0.1190338601)
(-0.0003384677702 9.74406931e-11 -0.1190346719)
(-0.0003021214961 9.744078894e-11 -0.1190355526)
(-0.0002643224736 9.744088869e-11 -0.1190364686)
(-0.0002265234511 9.744098844e-11 -0.1190373846)
(-0.0001901771771 9.744108515e-11 -0.1190382654)
(-0.0001566799701 9.744117405e-11 -0.1190390771)
(-0.0001273193569 9.744125168e-11 -0.1190397886)
(-0.0001032239398 9.744131543e-11 -0.1190403726)
(-8.531936663e-05 9.744136292e-11 -0.1190408064)
(-7.429393933e-05 9.744139198e-11 -0.1190410736)
(-7.057100489e-05 9.744140183e-11 -0.1190411638)
(-7.429393941e-05 9.744139198e-11 -0.1190410736)
(-8.531936678e-05 9.744136292e-11 -0.1190408064)
(-0.0001032239401 9.744131543e-11 -0.1190403726)
(-0.0001273193571 9.744125168e-11 -0.1190397886)
(-0.0001566799704 9.744117405e-11 -0.1190390771)
(-0.0001901771775 9.744108515e-11 -0.1190382654)
(-0.0002265234515 9.744098844e-11 -0.1190373846)
(-0.000264322474 9.744088869e-11 -0.1190364686)
(-0.0003021214965 9.744078894e-11 -0.1190355526)
(-0.0003384677705 9.74406931e-11 -0.1190346719)
(-0.0003719649776 9.74406042e-11 -0.1190338601)
(-0.0004013255908 9.744052657e-11 -0.1190331486)
(-0.0004254210078 9.744046282e-11 -0.1190325647)
(-0.000443325581 9.744041533e-11 -0.1190321308)
(-0.0004543510083 9.744038627e-11 -0.1190318636)
(-0.0004414096585 9.962307623e-11 -0.1211736159)
(-0.0004377085634 9.962308496e-11 -0.1211737051)
(-0.0004267478133 9.962311098e-11 -0.1211739691)
(-0.0004089482716 9.962315304e-11 -0.121174398)
(-0.0003849942027 9.962320986e-11 -0.121174975)
(-0.0003558058243 9.962327881e-11 -0.1211756782)
(-0.0003225051181 9.962335774e-11 -0.1211764804)
(-0.0002863720581 9.962344318e-11 -0.1211773509)
(-0.0002487947717 9.962353251e-11 -0.1211782562)
(-0.0002112174853 9.962362185e-11 -0.1211791615)
(-0.0001750844254 9.962370729e-11 -0.1211800319)
(-0.0001417837192 9.962378622e-11 -0.1211808342)
(-0.0001125953408 9.962385517e-11 -0.1211815373)
(-8.8641272e-05 9.962391198e-11 -0.1211821144)
(-7.084173036e-05 9.962395449e-11 -0.1211825432)
(-5.988098028e-05 9.962398051e-11 -0.1211828073)
(-5.617988527e-05 9.962398926e-11 -0.1211828964)
(-5.988098035e-05 9.962398051e-11 -0.1211828073)
(-7.084173051e-05 9.962395449e-11 -0.1211825432)
(-8.864127222e-05 9.962391198e-11 -0.1211821144)
(-0.0001125953411 9.962385517e-11 -0.1211815373)
(-0.0001417837195 9.962378622e-11 -0.1211808342)
(-0.0001750844257 9.962370729e-11 -0.1211800319)
(-0.0002112174857 9.962362185e-11 -0.1211791615)
(-0.0002487947721 9.962353251e-11 -0.1211782562)
(-0.0002863720585 9.962344318e-11 -0.1211773509)
(-0.0003225051184 9.962335774e-11 -0.1211764804)
(-0.0003558058246 9.962327881e-11 -0.1211756782)
(-0.000384994203 9.962320986e-11 -0.121174975)
(-0.0004089482718 9.962315304e-11 -0.121174398)
(-0.0004267478134 9.962311098e-11 -0.1211739691)
(-0.0004377085635 9.962308496e-11 -0.1211737051)
(-0.000424100738 1.018187952e-10 -0.1233022004)
(-0.0004204220986 1.01818803e-10 -0.1233022884)
(-0.000409527851 1.018188255e-10 -0.1233025493)
(-0.000391836305 1.018188624e-10 -0.1233029729)
(-0.0003680275733 1.018189122e-10 -0.123303543)
(-0.0003390162904 1.018189725e-10 -0.1233042377)
(-0.0003059176306 1.018190415e-10 -0.1233050302)
(-0.0002700038018 1.018191156e-10 -0.1233058901)
(-0.0002326545092 1.018191937e-10 -0.1233067844)
(-0.0001953052166 1.018192718e-10 -0.1233076788)
(-0.0001593913878 1.018193459e-10 -0.1233085387)
(-0.000126292728 1.018194149e-10 -0.1233093312)
(-9.728144516e-05 1.018194752e-10 -0.1233100259)
(-7.347271359e-05 1.01819525e-10 -0.123310596)
(-5.578116764e-05 1.018195615e-10 -0.1233110196)
(-4.488692004e-05 1.018195842e-10 -0.1233112804)
(-4.12082808e-05 1.018195918e-10 -0.1233113685)
(-4.488692012e-05 1.018195842e-10 -0.1233112804)
(-5.578116779e-05 1.018195615e-10 -0.1233110196)
(-7.347271381e-05 1.01819525e-10 -0.123310596)
(-9.728144544e-05 1.018194752e-10 -0.1233100259)
(-0.0001262927283 1.018194149e-10 -0.1233093312)
(-0.0001593913882 1.018193459e-10 -0.1233085387)
(-0.000195305217 1.018192718e-10 -0.1233076788)
(-0.0002326545096 1.018191937e-10 -0.1233067844)
(-0.0002700038022 1.018191156e-10 -0.1233058901)
(-0.0003059176309 1.018190415e-10 -0.1233050302)
(-0.0003390162908 1.018189725e-10 -0.1233042377)
(-0.0003680275736 1.018189122e-10 -0.123303543)
(-0.0003918363052 1.018188624e-10 -0.1233029729)
(-0.0004095278511 1.018188255e-10 -0.1233025493)
(-0.0004204220987 1.01818803e-10 -0.1233022884)
(-0.0004061111186 1.040237116e-10 -0.1254180652)
(-0.0004024557865 1.040237181e-10 -0.1254181521)
(-0.000391630563 1.040237375e-10 -0.1254184097)
(-0.0003740511077 1.040237688e-10 -0.1254188279)
(-0.0003503932242 1.040238108e-10 -0.1254193908)
(-0.000321565752 1.040238616e-10 -0.1254200767)
(-0.0002886767998 1.040239201e-10 -0.1254208592)
(-0.0002529905151 1.04023983e-10 -0.1254217083)
(-0.0002158778615 1.040240489e-10 -0.1254225913)
(-0.0001787652078 1.040241148e-10 -0.1254234743)
(-0.0001430789232 1.040241786e-10 -0.1254243234)
(-0.000110189971 1.040242371e-10 -0.1254251059)
(-8.136249883e-05 1.040242879e-10 -0.1254257918)
(-5.770461545e-05 1.040243299e-10 -0.1254263547)
(-4.012516021e-05 1.040243612e-10 -0.1254267729)
(-2.929993677e-05 1.040243804e-10 -0.1254270305)
(-2.564460478e-05 1.040243869e-10 -0.1254271174)
(-2.929993685e-05 1.040243804e-10 -0.1254270305)
(-4.012516037e-05 1.040243612e-10 -0.1254267729)
(-5.770461567e-05 1.040243299e-10 -0.1254263547)
(-8.136249911e-05 1.040242879e-10 -0.1254257918)
(-0.0001101899713 1.040242371e-10 -0.1254251059)
(-0.0001430789235 1.040241786e-10 -0.1254243234)
(-0.0001787652082 1.040241148e-10 -0.1254234743)
(-0.0002158778619 1.040240489e-10 -0.1254225913)
(-0.0002529905155 1.04023983e-10 -0.1254217083)
(-0.0002886768002 1.040239201e-10 -0.1254208592)
(-0.0003215657524 1.040238616e-10 -0.1254200767)
(-0.0003503932245 1.040238108e-10 -0.1254193908)
(-0.0003740511079 1.040237688e-10 -0.1254188279)
(-0.0003916305631 1.040237375e-10 -0.1254184097)
(-0.0004024557866 1.040237181e-10 -0.1254181521)
(-0.0003874333637 1.062309884e-10 -0.1275197821)
(-0.0003838021238 1.062309937e-10 -0.1275198679)
(-0.0003730482489 1.062310092e-10 -0.1275201221)
(-0.0003555846591 1.062310348e-10 -0.1275205349)
(-0.000332082704 1.062310691e-10 -0.1275210903)
(-0.0003034452326 1.062311107e-10 -0.1275217672)
(-0.0002707730503 1.062311584e-10 -0.1275225394)
(-0.0002353219726 1.062312096e-10 -0.1275233773)
(-0.0001984539271 1.062312634e-10 -0.1275242487)
(-0.0001615858816 1.062313171e-10 -0.1275251201)
(-0.0001261348039 1.062313683e-10 -0.127525958)
(-9.346262166e-05 1.06231416e-10 -0.1275267303)
(-6.482515034e-05 1.062314577e-10 -0.1275274071)
(-4.132319522e-05 1.062314919e-10 -0.1275279626)
(-2.385960554e-05 1.062315171e-10 -0.1275283754)
(-1.310573075e-05 1.062315328e-10 -0.1275286296)
(-9.474490917e-06 1.06231538e-10 -0.1275287154)
(-1.310573083e-05 1.062315328e-10 -0.1275286296)
(-2.385960569e-05 1.062315171e-10 -0.1275283754)
(-4.132319544e-05 1.062314919e-10 -0.1275279626)
(-6.482515063e-05 1.062314577e-10 -0.1275274071)
(-9.346262199e-05 1.06231416e-10 -0.1275267303)
(-0.0001261348043 1.062313683e-10 -0.127525958)
(-0.000161585882 1.062313171e-10 -0.1275251201)
(-0.0001984539275 1.062312634e-10 -0.1275242487)
(-0.000235321973 1.062312096e-10 -0.1275233773)
(-0.0002707730506 1.062311584e-10 -0.1275225394)
(-0.0003034452329 1.062311107e-10 -0.1275217672)
(-0.0003320827042 1.062310691e-10 -0.1275210903)
(-0.0003555846594 1.062310348e-10 -0.1275205349)
(-0.000373048249 1.062310092e-10 -0.1275201221)
(-0.0003838021238 1.062309937e-10 -0.1275198679)
(-0.0003680693261 1.084350748e-10 -0.1296079644)
(-0.0003644625536 1.084350788e-10 -0.1296080491)
(-0.0003537811388 1.084350908e-10 -0.1296082998)
(-0.0003364352195 1.084351103e-10 -0.1296087071)
(-0.0003130916216 1.084351367e-10 -0.1296092551)
(-0.0002846471107 1.084351684e-10 -0.1296099228)
(-0.000252195075 1.084352053e-10 -0.1296106847)
(-0.0002169828682 1.084352443e-10 -0.1296115113)
(-0.0001803632413 1.084352859e-10 -0.129612371)
(-0.0001437436143 1.084353276e-10 -0.1296132307)
(-0.0001085314075 1.084353666e-10 -0.1296140574)
(-7.607937184e-05 1.084354035e-10 -0.1296148192)
(-4.763486106e-05 1.084354351e-10 -0.129615487)
(-2.429126314e-05 1.084354616e-10 -0.129616035)
(-6.945343897e-06 1.084354811e-10 -0.1296164422)
(3.736070812e-06 1.084354932e-10 -0.129616693)
(7.34284319e-06 1.084354973e-10 -0.1296167777)
(3.736070735e-06 1.084354932e-10 -0.129616693)
(-6.945344049e-06 1.084354811e-10 -0.1296164422)
(-2.429126336e-05 1.084354616e-10 -0.129616035)
(-4.763486135e-05 1.084354351e-10 -0.129615487)
(-7.607937217e-05 1.084354035e-10 -0.1296148192)
(-0.0001085314079 1.084353666e-10 -0.1296140574)
(-0.0001437436147 1.084353276e-10 -0.1296132307)
(-0.0001803632416 1.084352859e-10 -0.129612371)
(-0.0002169828686 1.084352443e-10 -0.1296115113)
(-0.0002521950754 1.084352053e-10 -0.1296106847)
(-0.0002846471111 1.084351684e-10 -0.1296099228)
(-0.0003130916218 1.084351367e-10 -0.1296092551)
(-0.0003364352198 1.084351103e-10 -0.1296087071)
(-0.000353781139 1.084350908e-10 -0.1296082998)
(-0.0003644625537 1.084350788e-10 -0.1296080491)
(-0.0003480754052 1.106281083e-10 -0.1316816876)
(-0.0003444926517 1.106281113e-10 -0.1316817712)
(-0.000333882369 1.106281195e-10 -0.1316820186)
(-0.0003166519634 1.106281334e-10 -0.1316824204)
(-0.0002934638203 1.10628152e-10 -0.1316829611)
(-0.0002652087335 1.106281746e-10 -0.13168362)
(-0.0002329728095 1.106282002e-10 -0.1316843718)
(-0.0001979950956 1.106282279e-10 -0.1316851874)
(-0.0001616193342 1.106282574e-10 -0.1316860357)
(-0.0001252435727 1.106282869e-10 -0.131686884)
(-9.026585887e-05 1.106283147e-10 -0.1316876996)
(-5.802993495e-05 1.106283403e-10 -0.1316884514)
(-2.977484815e-05 1.106283628e-10 -0.1316891103)
(-6.586705076e-06 1.106283815e-10 -0.131689651)
(1.064370039e-05 1.106283953e-10 -0.1316900528)
(2.125398306e-05 1.10628404e-10 -0.1316903002)
(2.483673642e-05 1.106284068e-10 -0.1316903838)
(2.125398299e-05 1.10628404e-10 -0.1316903002)
(1.064370024e-05 1.106283953e-10 -0.1316900528)
(-6.586705295e-06 1.106283815e-10 -0.131689651)
(-2.977484843e-05 1.106283628e-10 -0.1316891103)
(-5.802993528e-05 1.106283403e-10 -0.1316884514)
(-9.026585924e-05 1.106283147e-10 -0.1316876996)
(-0.0001252435731 1.106282869e-10 -0.131686884)
(-0.0001616193346 1.106282574e-10 -0.1316860357)
(-0.000197995096 1.106282279e-10 -0.1316851874)
(-0.0002329728099 1.106282002e-10 -0.1316843718)
(-0.0002652087338 1.106281746e-10 -0.13168362)
(-0.0002934638206 1.10628152e-10 -0.1316829611)
(-0.0003166519637 1.106281334e-10 -0.1316824204)
(-0.0003338823691 1.106281195e-10 -0.1316820186)
(-0.0003444926518 1.106281113e-10 -0.1316817712)
(-0.0003275336721 1.128042702e-10 -0.133742471)
(-0.0003239733564 1.128042719e-10 -0.1337425535)
(-0.000313429523 1.128042772e-10 -0.1337427979)
(-0.0002963070267 1.128042854e-10 -0.1337431946)
(-0.0002732641045 1.128042972e-10 -0.1337437286)
(-0.0002451859714 1.12804311e-10 -0.1337443793)
(-0.0002131519321 1.128043271e-10 -0.1337451216)
(-0.000178393274 1.12804344e-10 -0.1337459271)
(-0.0001422453238 1.128043622e-10 -0.1337467648)
(-0.0001060973737 1.128043804e-10 -0.1337476025)
(-7.133871558e-05 1.128043973e-10 -0.1337484079)
(-3.930467632e-05 1.128044134e-10 -0.1337491503)
(-1.12265433e-05 1.128044273e-10 -0.1337498009)
(1.181637885e-05 1.12804439e-10 -0.1337503349)
(2.893887506e-05 1.128044476e-10 -0.1337507317)
(3.948270847e-05 1.128044527e-10 -0.1337509761)
(4.304302404e-05 1.128044546e-10 -0.1337510586)
(3.94827084e-05 1.128044527e-10 -0.1337509761)
(2.893887491e-05 1.128044476e-10 -0.1337507317)
(1.181637864e-05 1.12804439e-10 -0.1337503349)
(-1.122654358e-05 1.128044273e-10 -0.1337498009)
(-3.930467665e-05 1.128044134e-10 -0.1337491503)
(-7.133871594e-05 1.128043973e-10 -0.1337484079)
(-0.0001060973741 1.128043804e-10 -0.1337476025)
(-0.0001422453242 1.128043622e-10 -0.1337467648)
(-0.0001783932744 1.12804344e-10 -0.1337459271)
(-0.0002131519325 1.128043271e-10 -0.1337451216)
(-0.0002451859717 1.12804311e-10 -0.1337443793)
(-0.0002732641047 1.128042972e-10 -0.1337437286)
(-0.0002963070269 1.128042854e-10 -0.1337431946)
(-0.0003134295231 1.128042772e-10 -0.1337427979)
(-0.0003239733565 1.128042719e-10 -0.1337425535)
(-0.0003065848923 1.149561625e-10 -0.1357906716)
(-0.0003030441202 1.149561633e-10 -0.1357907532)
(-0.0002925581645 1.149561659e-10 -0.1357909949)
(-0.000275529658 1.1495617e-10 -0.1357913873)
(-0.0002526132243 1.149561752e-10 -0.1357919154)
(-0.0002246892193 1.149561817e-10 -0.135792559)
(-0.000192831023 1.149561895e-10 -0.1357932932)
(-0.0001582631641 1.149561973e-10 -0.1357940898)
(-0.0001223136393 1.14956206e-10 -0.1357949183)
(-8.636411455e-05 1.149562147e-10 -0.1357957468)
(-5.179625564e-05 1.149562225e-10 -0.1357965435)
(-1.993805944e-05 1.149562303e-10 -0.1357972777)
(7.985945507e-06 1.149562368e-10 -0.1357979212)
(3.090237915e-05 1.14956242e-10 -0.1357984494)
(4.793088559e-05 1.149562461e-10 -0.1357988418)
(5.84168412e-05 1.149562487e-10 -0.1357990835)
(6.195761328e-05 1.149562495e-10 -0.1357991651)
(5.841684112e-05 1.149562487e-10 -0.1357990835)
(4.793088544e-05 1.149562461e-10 -0.1357988418)
(3.090237894e-05 1.14956242e-10 -0.1357984494)
(7.985945234e-06 1.149562368e-10 -0.1357979212)
(-1.993805976e-05 1.149562303e-10 -0.1357972777)
(-5.1796256e-05 1.149562225e-10 -0.1357965435)
(-8.636411493e-05 1.149562147e-10 -0.1357957468)
(-0.0001223136397 1.14956206e-10 -0.1357949183)
(-0.0001582631645 1.149561973e-10 -0.1357940898)
(-0.0001928310234 1.149561895e-10 -0.1357932932)
(-0.0002246892196 1.149561817e-10 -0.135792559)
(-0.0002526132245 1.149561752e-10 -0.1357919154)
(-0.0002755296582 1.1495617e-10 -0.1357913873)
(-0.0002925581646 1.149561659e-10 -0.1357909949)
(-0.0003030441202 1.149561633e-10 -0.1357907532)
(-0.0002853775757 1.170789994e-10 -0.1378292242)
(-0.0002818522675 1.170789996e-10 -0.137829305)
(-0.0002714121081 1.170789999e-10 -0.1378295446)
(-0.0002544579719 1.170790001e-10 -0.1378299336)
(-0.0002316416234 1.17079001e-10 -0.1378304571)
(-0.0002038395737 1.170790019e-10 -0.1378310951)
(-0.000172120515 1.170790032e-10 -0.1378318229)
(-0.0001377036277 1.170790045e-10 -0.1378326126)
(-0.0001019111088 1.170790053e-10 -0.1378334339)
(-6.611858998e-05 1.170790062e-10 -0.1378342551)
(-3.170170271e-05 1.170790075e-10 -0.1378350448)
(1.735602551e-08 1.170790088e-10 -0.1378357726)
(2.781940569e-05 1.170790097e-10 -0.1378364106)
(5.063575412e-05 1.170790105e-10 -0.1378369341)
(6.758989027e-05 1.170790112e-10 -0.1378373231)
(7.803004952e-05 1.170790115e-10 -0.1378375627)
(8.155535764e-05 1.170790116e-10 -0.1378376436)
(7.803004945e-05 1.170790115e-10 -0.1378375627)
(6.758989013e-05 1.170790112e-10 -0.1378373231)
(5.063575391e-05 1.170790105e-10 -0.1378369341)
(2.781940542e-05 1.170790097e-10 -0.1378364106)
(1.735570976e-08 1.170790088e-10 -0.1378357726)
(-3.170170306e-05 1.170790075e-10 -0.1378350448)
(-6.611859035e-05 1.170790062e-10 -0.1378342551)
(-0.0001019111092 1.170790053e-10 -0.1378334339)
(-0.000137703628 1.170790045e-10 -0.1378326126)
(-0.0001721205153 1.170790032e-10 -0.1378318229)
(-0.000203839574 1.170790019e-10 -0.1378310951)
(-0.0002316416237 1.17079001e-10 -0.1378304571)
(-0.0002544579721 1.170790001e-10 -0.1378299336)
(-0.0002714121083 1.170789999e-10 -0.1378295446)
(-0.0002818522675 1.170789996e-10 -0.137829305)
(-0.0002640819212 1.19167055e-10 -0.1398597848)
(-0.0002605672187 1.191670546e-10 -0.1398598652)
(-0.0002501584678 1.191670536e-10 -0.1398601034)
(-0.0002332553369 1.191670517e-10 -0.13986049)
(-0.0002105076297 1.191670491e-10 -0.1398610104)
(-0.0001827892205 1.191670465e-10 -0.1398616445)
(-0.0001511655862 1.19167043e-10 -0.1398623679)
(-0.0001168522396 1.191670391e-10 -0.1398631529)
(-8.116739993e-05 1.191670356e-10 -0.1398639692)
(-4.548256028e-05 1.191670321e-10 -0.1398647856)
(-1.116921372e-05 1.191670282e-10 -0.1398655705)
(2.045442054e-05 1.191670248e-10 -0.139866294)
(4.817282976e-05 1.191670222e-10 -0.1398669281)
(7.092053686e-05 1.191670196e-10 -0.1398674484)
(8.782366773e-05 1.191670181e-10 -0.1398678351)
(9.823241852e-05 1.191670171e-10 -0.1398680732)
(0.000101747121 1.191670167e-10 -0.1398681536)
(9.823241845e-05 1.191670171e-10 -0.1398680732)
(8.782366759e-05 1.191670181e-10 -0.1398678351)
(7.092053666e-05 1.191670196e-10 -0.1398674484)
(4.81728295e-05 1.191670222e-10 -0.1398669281)
(2.045442023e-05 1.191670248e-10 -0.139866294)
(-1.116921406e-05 1.191670282e-10 -0.1398655705)
(-4.548256065e-05 1.191670321e-10 -0.1398647856)
(-8.116740031e-05 1.191670356e-10 -0.1398639692)
(-0.00011685224 1.191670391e-10 -0.1398631529)
(-0.0001511655865 1.19167043e-10 -0.1398623679)
(-0.0001827892208 1.191670465e-10 -0.1398616445)
(-0.00021050763 1.191670491e-10 -0.1398610104)
(-0.0002332553371 1.191670517e-10 -0.13986049)
(-0.000250158468 1.191670536e-10 -0.1398601034)
(-0.0002605672188 1.191670546e-10 -0.1398598652)
(-0.000242821958 1.212182974e-10 -0.1418860925)
(-0.0002393129427 1.212182967e-10 -0.1418861726)
(-0.0002289210346 1.212182947e-10 -0.14188641)
(-0.0002120452551 1.21218291e-10 -0.1418867954)
(-0.0001893343567 1.212182867e-10 -0.1418873141)
(-0.0001616607995 1.212182815e-10 -0.1418879461)
(-0.0001300883364 1.21218275e-10 -0.1418886672)
(-9.583051329e-05 1.212182689e-10 -0.1418894496)
(-6.020341638e-05 1.21218262e-10 -0.1418902633)
(-2.457631948e-05 1.212182551e-10 -0.141891077)
(9.681503591e-06 1.212182481e-10 -0.1418918594)
(4.125396666e-05 1.212182416e-10 -0.1418925805)
(6.892752386e-05 1.212182364e-10 -0.1418932126)
(9.163842219e-05 1.212182321e-10 -0.1418937313)
(0.0001085142016 1.212182288e-10 -0.1418941167)
(0.0001189061096 1.212182269e-10 -0.141894354)
(0.0001224151249 1.212182262e-10 -0.1418944342)
(0.0001189061096 1.212182269e-10 -0.141894354)
(0.0001085142014 1.212182288e-10 -0.1418941167)
(9.163842199e-05 1.212182321e-10 -0.1418937313)
(6.89275236e-05 1.212182364e-10 -0.1418932126)
(4.125396635e-05 1.212182416e-10 -0.1418925805)
(9.681503252e-06 1.212182481e-10 -0.1418918594)
(-2.457631984e-05 1.212182551e-10 -0.141891077)
(-6.020341675e-05 1.21218262e-10 -0.1418902633)
(-9.583051365e-05 1.212182689e-10 -0.1418894496)
(-0.0001300883367 1.21218275e-10 -0.1418886672)
(-0.0001616607998 1.212182815e-10 -0.1418879461)
(-0.000189334357 1.212182867e-10 -0.1418873141)
(-0.0002120452553 1.21218291e-10 -0.1418867954)
(-0.0002289210347 1.212182947e-10 -0.14188641)
(-0.0002393129428 1.212182967e-10 -0.1418861726)
(-0.0002216787693 1.232329459e-10 -0.1439098136)
(-0.0002181714204 1.232329448e-10 -0.1439098937)
(-0.0002077844475 1.232329419e-10 -0.1439101308)
(-0.0001909166824 1.232329369e-10 -0.1439105158)
(-0.0001682165696 1.232329299e-10 -0.1439110341)
(-0.0001405561546 1.232329217e-10 -0.1439116655)
(-0.0001089986855 1.232329122e-10 -0.1439123859)
(-7.475713162e-05 1.232329013e-10 -0.1439131676)
(-3.914695423e-05 1.232328909e-10 -0.1439139805)
(-3.536776833e-06 1.232328805e-10 -0.1439147934)
(3.0704777e-05 1.232328705e-10 -0.1439155751)
(6.226224613e-05 1.23232861e-10 -0.1439162955)
(8.9922661e-05 1.232328527e-10 -0.1439169269)
(0.0001126227738 1.232328458e-10 -0.1439174452)
(0.0001294905388 1.232328408e-10 -0.1439178302)
(0.0001398775117 1.232328377e-10 -0.1439180673)
(0.0001433848605 1.232328366e-10 -0.1439181474)
(0.0001398775116 1.232328377e-10 -0.1439180673)
(0.0001294905386 1.232328408e-10 -0.1439178302)
(0.0001126227736 1.232328458e-10 -0.1439174452)
(8.992266075e-05 1.232328527e-10 -0.1439169269)
(6.226224583e-05 1.23232861e-10 -0.1439162955)
(3.070477667e-05 1.232328705e-10 -0.1439155751)
(-3.536777186e-06 1.232328805e-10 -0.1439147934)
(-3.914695459e-05 1.232328909e-10 -0.1439139805)
(-7.475713198e-05 1.232329013e-10 -0.1439131676)
(-0.0001089986858 1.232329122e-10 -0.1439123859)
(-0.0001405561549 1.232329217e-10 -0.1439116655)
(-0.0001682165698 1.232329299e-10 -0.1439110341)
(-0.0001909166826 1.232329369e-10 -0.1439105158)
(-0.0002077844476 1.232329419e-10 -0.1439101308)
(-0.0002181714205 1.232329448e-10 -0.1439098937)
(-0.0002005948398 1.252224668e-10 -0.1459335083)
(-0.0001970875003 1.25222466e-10 -0.1459335884)
(-0.0001867005551 1.252224639e-10 -0.1459338255)
(-0.0001698328351 1.252224604e-10 -0.1459342106)
(-0.0001471327829 1.252224557e-10 -0.1459347288)
(-0.0001194724419 1.2522245e-10 -0.1459353602)
(-8.7915057e-05 1.252224435e-10 -0.1459360806)
(-5.367359461e-05 1.252224366e-10 -0.1459368623)
(-1.806351234e-05 1.252224288e-10 -0.1459376752)
(1.754656992e-05 1.25222421e-10 -0.1459384881)
(5.178803229e-05 1.25222414e-10 -0.1459392698)
(8.334541712e-05 1.252224075e-10 -0.1459399902)
(0.0001110057581 1.252224019e-10 -0.1459406216)
(0.0001337058103 1.252223971e-10 -0.1459411398)
(0.0001505735302 1.252223932e-10 -0.1459415249)
(0.0001609604753 1.252223912e-10 -0.145941762)
(0.0001644678147 1.252223905e-10 -0.1459418421)
(0.0001609604753 1.252223912e-10 -0.145941762)
(0.00015057353 1.252223932e-10 -0.1459415249)
(0.0001337058101 1.252223971e-10 -0.1459411398)
(0.0001110057578 1.252224019e-10 -0.1459406216)
(8.334541682e-05 1.252224075e-10 -0.1459399902)
(5.178803196e-05 1.25222414e-10 -0.1459392698)
(1.754656957e-05 1.25222421e-10 -0.1459384881)
(-1.80635127e-05 1.252224288e-10 -0.1459376752)
(-5.367359496e-05 1.252224366e-10 -0.1459368623)
(-8.791505733e-05 1.252224435e-10 -0.1459360806)
(-0.0001194724422 1.2522245e-10 -0.1459353602)
(-0.0001471327831 1.252224557e-10 -0.1459347288)
(-0.0001698328353 1.252224604e-10 -0.1459342106)
(-0.0001867005552 1.252224639e-10 -0.1459338255)
(-0.0001970875004 1.25222466e-10 -0.1459335884)
)
;

boundaryField
{
    left
    {
        type            calculated;
    }
    right
    {
        type            calculated;
    }
    beam
    {
        type            empty;
    }
}


// ************************************************************************* //
