/*--------------------------------*- C++ -*----------------------------------*\
| =========                 |                                                 |
| \\      /  F ield         | OpenFOAM: The Open Source CFD Toolbox           |
|  \\    /   O peration     | Version:  2312                                  |
|   \\  /    A nd           | Website:  www.openfoam.com                      |
|    \\/     M anipulation  |                                                 |
\*---------------------------------------------------------------------------*/
FoamFile
{
    version     2.0;
    format      ascii;
    arch        "LSB;label=32;scalar=64";
    class       pointVectorField;
    location    "0.21/beam";
    object      pointW;
}
// * * * * * * * * * * * * * * * * * * * * * * * * * * * * * * * * * * * * * //

dimensions      [0 1 0 0 0 0 0];

internalField   nonuniform List<vector> 
1952
(
(-0.0002768371796 -4.018072901e-15 9.591348582e-06)
(-0.0002715177532 -3.940858057e-15 9.407050816e-06)
(-0.0002557643334 -3.712308239e-15 8.861255122e-06)
(-0.0002301818096 -3.341077415e-15 7.974918596e-06)
(-0.0001957536458 -2.841043373e-15 6.782114506e-06)
(-0.0001538024316 -2.232155433e-15 5.328665518e-06)
(-0.0001059407437 -1.537832361e-15 3.670441239e-06)
(-5.400823429e-05 -7.840950111e-16 1.871178577e-06)
(2.945304197e-13 0 -1.640550823e-14)
(5.400823487e-05 7.840950111e-16 -1.871178609e-06)
(0.0001059407443 1.537832361e-15 -3.670441269e-06)
(0.0001538024321 2.232155433e-15 -5.328665545e-06)
(0.0001957536462 2.841043373e-15 -6.782114529e-06)
(0.0002301818099 3.341077415e-15 -7.974918615e-06)
(0.0002557643336 3.712308239e-15 -8.861255134e-06)
(0.0002715177533 3.940858057e-15 -9.407050822e-06)
(0.0002768371796 4.018072901e-15 -9.591348582e-06)
(0.0002715177532 3.940858057e-15 -9.407050816e-06)
(0.0002557643334 3.712308239e-15 -8.861255122e-06)
(0.0002301818096 3.341077415e-15 -7.974918596e-06)
(0.0001957536458 2.841043373e-15 -6.782114506e-06)
(0.0001538024316 2.232155433e-15 -5.328665518e-06)
(0.0001059407437 1.537832361e-15 -3.670441239e-06)
(5.400823429e-05 7.840950111e-16 -1.871178577e-06)
(-2.945303935e-13 0 1.640550732e-14)
(-5.400823487e-05 -7.840950111e-16 1.871178609e-06)
(-0.0001059407443 -1.537832361e-15 3.670441269e-06)
(-0.0001538024321 -2.232155433e-15 5.328665545e-06)
(-0.0001957536462 -2.841043373e-15 6.782114529e-06)
(-0.0002301818099 -3.341077415e-15 7.974918615e-06)
(-0.0002557643336 -3.712308239e-15 8.861255134e-06)
(-0.0002715177533 -3.940858057e-15 9.407050822e-06)
(-0.000257195055 3.27065634e-12 -0.003063512334)
(-0.0002518751621 3.270733619e-12 -0.003063696664)
(-0.0002361203613 3.270962277e-12 -0.003064242556)
(-0.0002105355946 3.271333725e-12 -0.003065129048)
(-0.0001761044125 3.271833759e-12 -0.003066322061)
(-0.0001341495205 3.272442647e-12 -0.003067775766)
(-8.62836366e-05 3.273137837e-12 -0.003069434281)
(-3.434657427e-05 3.273892442e-12 -0.00307123386)
(1.966639521e-05 3.274676537e-12 -0.003073105367)
(7.367936467e-05 3.275460632e-12 -0.003074976874)
(0.000125616427 3.276214369e-12 -0.003076776453)
(0.0001734823109 3.27690956e-12 -0.003078434968)
(0.0002154372028 3.277518448e-12 -0.003079888672)
(0.0002498683848 3.278018482e-12 -0.003081081686)
(0.0002754531513 3.278389929e-12 -0.003081968178)
(0.0002912079521 3.278618804e-12 -0.003082514069)
(0.0002965278448 3.278696074e-12 -0.003082698399)
(0.000291207952 3.278618804e-12 -0.003082514069)
(0.0002754531511 3.278389929e-12 -0.003081968178)
(0.0002498683845 3.278018482e-12 -0.003081081686)
(0.0002154372024 3.277518448e-12 -0.003079888672)
(0.0001734823104 3.27690956e-12 -0.003078434968)
(0.0001256164264 3.276214369e-12 -0.003076776452)
(7.367936409e-05 3.275460632e-12 -0.003074976874)
(1.966639462e-05 3.274676537e-12 -0.003073105367)
(-3.434657485e-05 3.273892442e-12 -0.00307123386)
(-8.628363715e-05 3.273137837e-12 -0.003069434281)
(-0.000134149521 3.272442647e-12 -0.003067775766)
(-0.000176104413 3.271833759e-12 -0.003066322061)
(-0.000210535595 3.271333725e-12 -0.003065129048)
(-0.0002361203615 3.270962277e-12 -0.003064242556)
(-0.0002518751623 3.270733619e-12 -0.003063696664)
(-0.0002376389564 6.542473996e-12 -0.006137151931)
(-0.0002323176628 6.542551331e-12 -0.006137336359)
(-0.0002165587138 6.542780423e-12 -0.006137882538)
(-0.0001909672108 6.543152738e-12 -0.006138769498)
(-0.000156526963 6.543653206e-12 -0.00613996314)
(-0.0001145610244 6.544262961e-12 -0.006141417611)
(-6.668253753e-05 6.544959019e-12 -0.006143077001)
(-1.473180032e-05 6.545713624e-12 -0.006144877528)
(3.929539062e-05 6.546498586e-12 -0.006146750023)
(9.332258155e-05 6.547283549e-12 -0.006148622517)
(0.0001452733187 6.548039888e-12 -0.006150423044)
(0.0001931518056 6.548735946e-12 -0.006152082434)
(0.0002351177441 6.549345701e-12 -0.006153536905)
(0.0002695579917 6.549846169e-12 -0.006154730547)
(0.0002951494947 6.55021805e-12 -0.006155617507)
(0.0003109084436 6.550447142e-12 -0.006156163686)
(0.000316229737 6.550524501e-12 -0.006156348114)
(0.0003109084435 6.550447142e-12 -0.006156163686)
(0.0002951494944 6.55021805e-12 -0.006155617507)
(0.0002695579914 6.549846169e-12 -0.006154730547)
(0.0002351177437 6.549345701e-12 -0.006153536905)
(0.0001931518051 6.548735946e-12 -0.006152082434)
(0.0001452733182 6.548039888e-12 -0.006150423044)
(9.332258097e-05 6.547283549e-12 -0.006148622516)
(3.929539003e-05 6.546498586e-12 -0.006146750022)
(-1.473180089e-05 6.545713624e-12 -0.006144877528)
(-6.668253808e-05 6.544959019e-12 -0.006143077001)
(-0.0001145610249 6.544262961e-12 -0.006141417611)
(-0.0001565269634 6.543653206e-12 -0.00613996314)
(-0.0001909672111 6.543152738e-12 -0.006138769498)
(-0.000216558714 6.542780423e-12 -0.006137882538)
(-0.000232317663 6.542551331e-12 -0.006137336359)
(-0.0002182066923 9.810586036e-12 -0.009211868605)
(-0.0002128830588 9.810663566e-12 -0.009212053195)
(-0.00019711718 9.810893417e-12 -0.009212599856)
(-0.0001715144234 9.811265949e-12 -0.009213487596)
(-0.0001370590309 9.811767718e-12 -0.00921468229)
(-9.50746383e-05 9.812379208e-12 -0.009216138042)
(-4.71750974e-05 9.813076567e-12 -0.009217798894)
(4.798484543e-06 9.813832906e-12 -0.009219601007)
(5.884943331e-05 9.814619603e-12 -0.00922147515)
(0.0001129003821 9.8154063e-12 -0.009223349293)
(0.000164873964 9.816164374e-12 -0.009225151407)
(0.0002127735048 9.816861733e-12 -0.009226812258)
(0.0002547578974 9.817473223e-12 -0.00922826801)
(0.0002892132897 9.817974992e-12 -0.009229462704)
(0.0003148160462 9.818347524e-12 -0.009230350445)
(0.000330581925 9.818576941e-12 -0.009230897105)
(0.0003359055584 9.818654514e-12 -0.009231081695)
(0.0003305819248 9.818576941e-12 -0.009230897105)
(0.000314816046 9.818347524e-12 -0.009230350445)
(0.0002892132894 9.817974992e-12 -0.009229462704)
(0.000254757897 9.817473223e-12 -0.00922826801)
(0.0002127735043 9.816861733e-12 -0.009226812258)
(0.0001648739634 9.816164374e-12 -0.009225151407)
(0.0001129003815 9.8154063e-12 -0.009223349293)
(5.884943272e-05 9.814619603e-12 -0.00922147515)
(4.798483967e-06 9.813832906e-12 -0.009219601007)
(-4.717509794e-05 9.813076567e-12 -0.009217798894)
(-9.507463879e-05 9.812379208e-12 -0.009216138042)
(-0.0001370590313 9.811767718e-12 -0.00921468229)
(-0.0001715144237 9.811265949e-12 -0.009213487596)
(-0.0001971171802 9.810893417e-12 -0.009212599856)
(-0.0002128830589 9.810663566e-12 -0.009212053195)
(-0.000198936527 1.30731523e-11 -0.01228820722)
(-0.0001936096063 1.307323011e-11 -0.01228839203)
(-0.0001778339925 1.30734605e-11 -0.01228893937)
(-0.000152215427 1.307383412e-11 -0.01228982821)
(-0.0001177387594 1.307433762e-11 -0.01229102438)
(-7.572844274e-05 1.307495084e-11 -0.01229248193)
(-2.779932534e-05 1.307565037e-11 -0.01229414484)
(2.420634869e-05 1.307640975e-11 -0.01229594918)
(7.829067226e-05 1.307719905e-11 -0.01229782564)
(0.0001323749958 1.307798835e-11 -0.0122997021)
(0.0001843806698 1.307874772e-11 -0.01230150645)
(0.0002323097872 1.307944725e-11 -0.01230316935)
(0.0002743201038 1.308006047e-11 -0.0123046269)
(0.0003087967713 1.308056398e-11 -0.01230582308)
(0.0003344153367 1.308093803e-11 -0.01230671191)
(0.0003501909504 1.30811682e-11 -0.01230725925)
(0.000355517871 1.308124598e-11 -0.01230744407)
(0.0003501909503 1.30811682e-11 -0.01230725925)
(0.0003344153365 1.308093803e-11 -0.01230671191)
(0.000308796771 1.308056398e-11 -0.01230582308)
(0.0002743201034 1.308006047e-11 -0.0123046269)
(0.0002323097867 1.307944725e-11 -0.01230316935)
(0.0001843806693 1.307874772e-11 -0.01230150645)
(0.0001323749952 1.307798835e-11 -0.0122997021)
(7.829067167e-05 1.307719905e-11 -0.01229782564)
(2.420634812e-05 1.307640975e-11 -0.01229594918)
(-2.779932588e-05 1.307565037e-11 -0.01229414484)
(-7.572844322e-05 1.307495084e-11 -0.01229248193)
(-0.0001177387599 1.307433762e-11 -0.01229102438)
(-0.0001522154273 1.307383412e-11 -0.01228982821)
(-0.0001778339928 1.30734605e-11 -0.01228893937)
(-0.0001936096065 1.307323011e-11 -0.01228839203)
(-0.0001798672988 1.632834576e-11 -0.01536671798)
(-0.0001745361331 1.632842386e-11 -0.01536690309)
(-0.0001587479476 1.632865501e-11 -0.0153674513)
(-0.0001331089667 1.632903058e-11 -0.01536834156)
(-9.860482459e-05 1.632953581e-11 -0.01536953964)
(-5.656102981e-05 1.633015164e-11 -0.01537099952)
(-8.593717645e-06 1.63308542e-11 -0.01537266508)
(4.345339978e-05 1.633161661e-11 -0.01537447231)
(9.758082321e-05 1.633240938e-11 -0.01537635176)
(0.0001517082466 1.633320215e-11 -0.01537823122)
(0.000203755364 1.63339637e-11 -0.01538003844)
(0.0002517226761 1.633466626e-11 -0.015381704)
(0.0002937664708 1.633528209e-11 -0.01538316388)
(0.0003282706128 1.633578732e-11 -0.01538436196)
(0.0003539095937 1.633616246e-11 -0.01538525222)
(0.000369697779 1.633639383e-11 -0.01538580043)
(0.0003750289446 1.633647192e-11 -0.01538598554)
(0.0003696977789 1.633639383e-11 -0.01538580043)
(0.0003539095935 1.633616246e-11 -0.01538525222)
(0.0003282706125 1.633578732e-11 -0.01538436196)
(0.0002937664704 1.633528209e-11 -0.01538316388)
(0.0002517226756 1.633466626e-11 -0.015381704)
(0.0002037553635 1.63339637e-11 -0.01538003844)
(0.0001517082461 1.633320215e-11 -0.01537823122)
(9.758082262e-05 1.633240938e-11 -0.01537635176)
(4.345339921e-05 1.633161661e-11 -0.01537447231)
(-8.593718186e-06 1.63308542e-11 -0.01537266508)
(-5.65610303e-05 1.633015164e-11 -0.01537099952)
(-9.8604825e-05 1.632953581e-11 -0.01536953964)
(-0.000133108967 1.632903058e-11 -0.01536834156)
(-0.0001587479479 1.632865501e-11 -0.0153674513)
(-0.0001745361332 1.632842386e-11 -0.01536690309)
(-0.0001610385187 1.957435711e-11 -0.01844795791)
(-0.0001557021372 1.957443561e-11 -0.01844814339)
(-0.0001398985053 1.957466784e-11 -0.01844869267)
(-0.0001142344402 1.957504514e-11 -0.01844958468)
(-7.96965407e-05 1.957555298e-11 -0.01845078511)
(-3.761161203e-05 1.957617141e-11 -0.01845224785)
(1.040262935e-05 1.957687745e-11 -0.01845391667)
(6.25006675e-05 1.957764419e-11 -0.01845572744)
(0.0001166810469 1.957844043e-11 -0.01845761058)
(0.0001708614264 1.957923667e-11 -0.01845949372)
(0.0002229594645 1.958000255e-11 -0.01846130448)
(0.0002709737058 1.958070858e-11 -0.01846297331)
(0.0003130586344 1.958132701e-11 -0.01846443605)
(0.0003475965338 1.958183485e-11 -0.01846563648)
(0.0003732605988 1.958221215e-11 -0.01846652848)
(0.0003890642306 1.958244461e-11 -0.01846707776)
(0.000394400612 1.958252304e-11 -0.01846726324)
(0.0003890642305 1.958244461e-11 -0.01846707776)
(0.0003732605986 1.958221215e-11 -0.01846652848)
(0.0003475965335 1.958183485e-11 -0.01846563648)
(0.000313058634 1.958132701e-11 -0.01846443605)
(0.0002709737053 1.958070858e-11 -0.01846297331)
(0.0002229594639 1.958000255e-11 -0.01846130448)
(0.0001708614258 1.957923667e-11 -0.01845949372)
(0.0001166810464 1.957844043e-11 -0.01845761058)
(6.250066693e-05 1.957764419e-11 -0.01845572744)
(1.040262881e-05 1.957687745e-11 -0.01845391667)
(-3.761161252e-05 1.957617141e-11 -0.01845224785)
(-7.969654112e-05 1.957555298e-11 -0.01845078511)
(-0.0001142344405 1.957504514e-11 -0.01844958468)
(-0.0001398985055 1.957466784e-11 -0.01844869267)
(-0.0001557021373 1.957443561e-11 -0.01844814339)
(-0.0001424904436 2.280939936e-11 -0.02153249196)
(-0.000137147861 2.280947826e-11 -0.02153267787)
(-0.0001213258644 2.280971202e-11 -0.02153322843)
(-9.563197628e-05 2.281009149e-11 -0.02153412251)
(-6.10539419e-05 2.281060193e-11 -0.02153532574)
(-1.892010828e-05 2.281122426e-11 -0.02153679188)
(2.914992822e-05 2.28119342e-11 -0.0215384646)
(8.130850708e-05 2.281270485e-11 -0.02154027958)
(0.000135551847 2.281350629e-11 -0.0215421671)
(0.000189795187 2.281430773e-11 -0.02154405463)
(0.0002419537658 2.281507752e-11 -0.02154586961)
(0.0002900238022 2.281578745e-11 -0.02154754232)
(0.0003321576358 2.281640979e-11 -0.02154900846)
(0.0003667356701 2.281692023e-11 -0.02155021169)
(0.0003924295581 2.28172997e-11 -0.02155110577)
(0.0004082515546 2.281753345e-11 -0.02155165633)
(0.0004135941371 2.281761243e-11 -0.02155184224)
(0.0004082515544 2.281753345e-11 -0.02155165633)
(0.0003924295579 2.28172997e-11 -0.02155110577)
(0.0003667356698 2.281692023e-11 -0.02155021169)
(0.0003321576354 2.281640979e-11 -0.02154900846)
(0.0002900238018 2.281578745e-11 -0.02154754232)
(0.0002419537653 2.281507752e-11 -0.02154586961)
(0.0001897951864 2.281430773e-11 -0.02154405463)
(0.0001355518464 2.281350629e-11 -0.0215421671)
(8.130850651e-05 2.281270485e-11 -0.02154027958)
(2.914992768e-05 2.28119342e-11 -0.0215384646)
(-1.892010877e-05 2.281122426e-11 -0.02153679188)
(-6.105394231e-05 2.281060193e-11 -0.02153532574)
(-9.56319766e-05 2.281009149e-11 -0.02153412251)
(-0.0001213258646 2.280971202e-11 -0.02153322843)
(-0.0001371478611 2.280947826e-11 -0.02153267787)
(-0.0001242641194 2.603171266e-11 -0.02462089382)
(-0.0001189143345 2.603179206e-11 -0.02462108023)
(-0.0001030710088 2.603202723e-11 -0.02462163228)
(-7.734248363e-05 2.603240973e-11 -0.02462252877)
(-4.271783573e-05 2.603292365e-11 -0.02462373525)
(-5.272028561e-07 2.603354988e-11 -0.02462520535)
(4.760763531e-05 2.603426459e-11 -0.02462688258)
(9.983652746e-05 2.603503958e-11 -0.02462870247)
(0.0001541529911 2.603584622e-11 -0.02463059509)
(0.0002084694547 2.603665287e-11 -0.02463248771)
(0.0002606983468 2.603742872e-11 -0.0246343076)
(0.0003088331849 2.603814343e-11 -0.02463598483)
(0.0003510238177 2.603876966e-11 -0.02463745493)
(0.0003856484656 2.603928358e-11 -0.02463866141)
(0.0004113769907 2.603966565e-11 -0.0246395579)
(0.0004272203163 2.603990081e-11 -0.02464010995)
(0.000432570101 2.603998025e-11 -0.02464029636)
(0.0004272203162 2.603990081e-11 -0.02464010995)
(0.0004113769904 2.603966565e-11 -0.0246395579)
(0.0003856484652 2.603928358e-11 -0.02463866141)
(0.0003510238173 2.603876966e-11 -0.02463745493)
(0.0003088331845 2.603814343e-11 -0.02463598483)
(0.0002606983463 2.603742872e-11 -0.0246343076)
(0.0002084694541 2.603665287e-11 -0.02463248771)
(0.0001541529905 2.603584622e-11 -0.02463059509)
(9.983652689e-05 2.603503958e-11 -0.02462870247)
(4.760763477e-05 2.603426459e-11 -0.02462688258)
(-5.272033372e-07 2.603354988e-11 -0.02462520535)
(-4.271783613e-05 2.603292365e-11 -0.02462373525)
(-7.734248395e-05 2.603240973e-11 -0.02462252877)
(-0.0001030710091 2.603202723e-11 -0.02462163228)
(-0.0001189143347 2.603179206e-11 -0.02462108023)
(-0.0001064013965 2.923956908e-11 -0.02771374628)
(-0.0001010433925 2.923964911e-11 -0.02771393326)
(-8.517572601e-05 2.92398859e-11 -0.02771448701)
(-5.940767293e-05 2.924027123e-11 -0.02771538626)
(-2.472982963e-05 2.924078904e-11 -0.02771659645)
(1.752562259e-05 2.924142048e-11 -0.02771807109)
(6.573441245e-05 2.924214039e-11 -0.02771975348)
(0.0001180435462 2.924292145e-11 -0.02772157897)
(0.0001724434586 2.924373417e-11 -0.02772347742)
(0.000226843371 2.924454689e-11 -0.02772537587)
(0.0002791525047 2.924532795e-11 -0.02772720135)
(0.0003273612945 2.924604786e-11 -0.02772888375)
(0.0003696167467 2.92466793e-11 -0.02773035838)
(0.0004042945899 2.924719711e-11 -0.02773156857)
(0.0004300626429 2.924758157e-11 -0.02773246782)
(0.0004459303093 2.924781858e-11 -0.02773302157)
(0.0004512883131 2.924789861e-11 -0.02773320856)
(0.0004459303092 2.924781858e-11 -0.02773302157)
(0.0004300626427 2.924758157e-11 -0.02773246782)
(0.0004042945896 2.924719711e-11 -0.02773156857)
(0.0003696167463 2.92466793e-11 -0.02773035838)
(0.0003273612941 2.924604786e-11 -0.02772888375)
(0.0002791525042 2.924532795e-11 -0.02772720135)
(0.0002268433705 2.924454689e-11 -0.02772537587)
(0.000172443458 2.924373417e-11 -0.02772347742)
(0.0001180435456 2.924292145e-11 -0.02772157897)
(6.573441192e-05 2.924214039e-11 -0.02771975348)
(1.752562211e-05 2.924142048e-11 -0.02771807109)
(-2.472983004e-05 2.924078904e-11 -0.02771659645)
(-5.940767325e-05 2.924027123e-11 -0.02771538626)
(-8.517572623e-05 2.92398859e-11 -0.02771448701)
(-0.0001010433926 2.923964911e-11 -0.02771393326)
(-8.894491168e-05 3.243127746e-11 -0.03081164122)
(-8.357765621e-05 3.243135805e-11 -0.03081182885)
(-6.76825914e-05 3.243159712e-11 -0.03081238451)
(-4.187004528e-05 3.243198548e-11 -0.03081328688)
(-7.132324639e-06 3.243250763e-11 -0.03081450126)
(3.519608899e-05 3.243314384e-11 -0.03081598099)
(8.348811974e-05 3.243386983e-11 -0.03081766921)
(0.0001358875743 3.243465739e-11 -0.03081950101)
(0.0001903814177 3.243547705e-11 -0.03082140603)
(0.0002448752611 3.24362967e-11 -0.03082331105)
(0.0002972747156 3.243708427e-11 -0.03082514286)
(0.0003455667463 3.243781025e-11 -0.03082683107)
(0.0003878951599 3.243844646e-11 -0.03082831081)
(0.0004226328804 3.243896861e-11 -0.03082952519)
(0.0004484454264 3.243935654e-11 -0.03083042755)
(0.0004643404911 3.243959561e-11 -0.03083098322)
(0.0004697077465 3.243967634e-11 -0.03083117085)
(0.000464340491 3.243959561e-11 -0.03083098322)
(0.0004484454262 3.243935654e-11 -0.03083042755)
(0.0004226328801 3.243896861e-11 -0.03082952519)
(0.0003878951594 3.243844646e-11 -0.03082831081)
(0.0003455667458 3.243781025e-11 -0.03082683107)
(0.0002972747151 3.243708427e-11 -0.03082514286)
(0.0002448752605 3.24362967e-11 -0.03082331105)
(0.0001903814171 3.243547705e-11 -0.03082140603)
(0.0001358875737 3.243465739e-11 -0.03081950101)
(8.348811921e-05 3.243386983e-11 -0.03081766921)
(3.519608851e-05 3.243314384e-11 -0.03081598099)
(-7.132325044e-06 3.243250763e-11 -0.03081450126)
(-4.18700456e-05 3.243198548e-11 -0.03081328688)
(-6.768259162e-05 3.243159712e-11 -0.03081238451)
(-8.357765633e-05 3.243135805e-11 -0.03081182885)
(-7.193803518e-05 3.560518819e-11 -0.03391517907)
(-6.656048163e-05 3.56052696e-11 -0.03391536742)
(-5.063491917e-05 3.560551073e-11 -0.03391592523)
(-2.477284686e-05 3.560590234e-11 -0.03391683106)
(1.003152459e-05 3.560642926e-11 -0.03391805011)
(5.244115319e-05 3.560707154e-11 -0.03391953554)
(0.0001008258412 3.560780447e-11 -0.03392123024)
(0.0001533258339 3.56085994e-11 -0.03392306909)
(0.0002079242339 3.5609426e-11 -0.03392498144)
(0.0002625226339 3.561025259e-11 -0.03392689379)
(0.0003150226266 3.561104753e-11 -0.03392873264)
(0.0003634073146 3.561178045e-11 -0.03393042734)
(0.0004058169431 3.561242273e-11 -0.03393191277)
(0.0004406213145 3.561294966e-11 -0.03393313182)
(0.0004664833867 3.561334127e-11 -0.03393403765)
(0.000482408949 3.56135824e-11 -0.03393459546)
(0.0004877865025 3.561366383e-11 -0.03393478381)
(0.0004824089489 3.56135824e-11 -0.03393459546)
(0.0004664833865 3.561334127e-11 -0.03393403765)
(0.0004406213141 3.561294966e-11 -0.03393313182)
(0.0004058169427 3.561242273e-11 -0.03393191277)
(0.0003634073141 3.561178045e-11 -0.03393042734)
(0.0003150226261 3.561104753e-11 -0.03392873264)
(0.0002625226334 3.561025259e-11 -0.03392689379)
(0.0002079242334 3.5609426e-11 -0.03392498144)
(0.0001533258334 3.56085994e-11 -0.03392306909)
(0.0001008258407 3.560780447e-11 -0.03392123024)
(5.244115271e-05 3.560707154e-11 -0.03391953554)
(1.003152419e-05 3.560642926e-11 -0.03391805011)
(-2.477284718e-05 3.560590234e-11 -0.03391683106)
(-5.063491939e-05 3.560551073e-11 -0.03391592523)
(-6.656048174e-05 3.56052696e-11 -0.03391536742)
(-5.542478705e-05 3.875969784e-11 -0.03702496782)
(-5.003587686e-05 3.875978022e-11 -0.03702515697)
(-3.407668184e-05 3.876002362e-11 -0.03702571714)
(-8.159992457e-06 3.876041892e-11 -0.03702662681)
(2.671788095e-05 3.876095148e-11 -0.03702785102)
(6.921707275e-05 3.876159983e-11 -0.03702934273)
(0.0001177039425 3.876233969e-11 -0.03703104462)
(0.0001703148078 3.876314287e-11 -0.03703289125)
(0.000225028512 3.876397814e-11 -0.03703481169)
(0.0002797422161 3.876481341e-11 -0.03703673213)
(0.0003323530815 3.876561572e-11 -0.03703857877)
(0.0003808399511 3.876635558e-11 -0.03704028065)
(0.0004233391429 3.876700393e-11 -0.03704177237)
(0.0004582170162 3.876753649e-11 -0.03704299657)
(0.0004841337055 3.876793179e-11 -0.03704390625)
(0.0005000929004 3.876817541e-11 -0.03704446641)
(0.0005054818105 3.876825759e-11 -0.03704465556)
(0.0005000929003 3.876817541e-11 -0.03704446641)
(0.0004841337052 3.876793179e-11 -0.03704390625)
(0.0004582170159 3.876753649e-11 -0.03704299657)
(0.0004233391425 3.876700393e-11 -0.03704177237)
(0.0003808399507 3.876635558e-11 -0.03704028065)
(0.0003323530809 3.876561572e-11 -0.03703857877)
(0.0002797422156 3.876481341e-11 -0.03703673213)
(0.0002250285114 3.876397814e-11 -0.03703481169)
(0.0001703148073 3.876314287e-11 -0.03703289125)
(0.0001177039419 3.876233969e-11 -0.03703104462)
(6.921707228e-05 3.876159983e-11 -0.03702934273)
(2.671788055e-05 3.876095148e-11 -0.03702785102)
(-8.159992771e-06 3.876041892e-11 -0.03702662681)
(-3.407668206e-05 3.876002362e-11 -0.03702571714)
(-5.003587697e-05 3.875978022e-11 -0.03702515697)
(-3.944971668e-05 4.189325359e-11 -0.04014162154)
(-3.404838229e-05 4.189333678e-11 -0.04014181157)
(-1.805239316e-05 4.189358279e-11 -0.04014237432)
(7.924047466e-06 4.189398264e-11 -0.0401432882)
(4.288233223e-05 4.18945204e-11 -0.04014451806)
(8.547950642e-05 4.189517613e-11 -0.04014601667)
(0.0001340781632 4.18959238e-11 -0.04014772642)
(0.0001868103235 4.189673521e-11 -0.04014958159)
(0.0002416501708 4.189757916e-11 -0.04015151091)
(0.0002964900181 4.18984231e-11 -0.04015344023)
(0.0003492221784 4.189923452e-11 -0.0401552954)
(0.0003978208351 4.189998218e-11 -0.04015700515)
(0.0004404180092 4.190063791e-11 -0.04015850376)
(0.0004753762939 4.190117567e-11 -0.04015973362)
(0.0005013527344 4.190157553e-11 -0.0401606475)
(0.0005173487235 4.190182175e-11 -0.04016121025)
(0.0005227500577 4.190190475e-11 -0.04016140028)
(0.0005173487233 4.190182175e-11 -0.04016121025)
(0.0005013527342 4.190157553e-11 -0.0401606475)
(0.0004753762936 4.190117567e-11 -0.04015973362)
(0.0004404180088 4.190063791e-11 -0.04015850376)
(0.0003978208346 4.189998218e-11 -0.04015700515)
(0.0003492221778 4.189923452e-11 -0.0401552954)
(0.0002964900175 4.18984231e-11 -0.04015344023)
(0.0002416501702 4.189757916e-11 -0.04015151091)
(0.000186810323 4.189673521e-11 -0.04014958159)
(0.0001340781627 4.18959238e-11 -0.04014772642)
(8.547950596e-05 4.189517613e-11 -0.04014601667)
(4.288233183e-05 4.18945204e-11 -0.04014451806)
(7.924047154e-06 4.189398264e-11 -0.0401432882)
(-1.805239337e-05 4.189358279e-11 -0.04014237432)
(-3.40483824e-05 4.189333678e-11 -0.04014181157)
(-2.405775663e-05 4.500435728e-11 -0.04326575842)
(-1.864292523e-05 4.500444125e-11 -0.0432659494)
(-2.606964835e-06 4.50046903e-11 -0.04326651497)
(2.34343865e-05 4.50050947e-11 -0.04326743343)
(5.848002608e-05 4.500563897e-11 -0.04326866945)
(0.0001011836434 4.500630207e-11 -0.04327017557)
(0.0001499037399 4.500705841e-11 -0.04327189389)
(0.000202767669 4.50078785e-11 -0.04327375835)
(0.0002577445517 4.500873198e-11 -0.04327569734)
(0.0003127214344 4.500958547e-11 -0.04327763632)
(0.0003655853634 4.501040643e-11 -0.04327950078)
(0.0004143054599 4.501116277e-11 -0.0432812191)
(0.0004570090772 4.501182586e-11 -0.04328272522)
(0.0004920547167 4.501237013e-11 -0.04328396124)
(0.0005180960679 4.501277411e-11 -0.0432848797)
(0.0005341320282 4.501302293e-11 -0.04328544527)
(0.0005395468595 4.501310702e-11 -0.04328563625)
(0.0005341320281 4.501302293e-11 -0.04328544527)
(0.0005180960677 4.501277411e-11 -0.0432848797)
(0.0004920547163 4.501237013e-11 -0.04328396124)
(0.0004570090768 4.501182586e-11 -0.04328272522)
(0.0004143054595 4.501116277e-11 -0.0432812191)
(0.0003655853629 4.501040643e-11 -0.04327950078)
(0.0003127214339 4.500958547e-11 -0.04327763632)
(0.0002577445511 4.500873198e-11 -0.04327569734)
(0.0002027676684 4.50078785e-11 -0.04327375835)
(0.0001499037394 4.500705841e-11 -0.04327189389)
(0.0001011836429 4.500630207e-11 -0.04327017557)
(5.848002568e-05 4.500563897e-11 -0.04326866945)
(2.343438619e-05 4.50050947e-11 -0.04326743343)
(-2.606965048e-06 4.50046903e-11 -0.04326651497)
(-1.864292534e-05 4.500444125e-11 -0.0432659494)
(-9.294041714e-06 4.809156897e-11 -0.0463979984)
(-3.864639734e-06 4.809165403e-11 -0.04639819041)
(1.221447125e-05 4.809190589e-11 -0.04639875904)
(3.832589633e-05 4.809231485e-11 -0.04639968245)
(7.346583897e-05 4.809286563e-11 -0.04640092514)
(0.0001162843659 4.809353653e-11 -0.04640243939)
(0.0001651355616 4.809430198e-11 -0.04640416697)
(0.0002181417403 4.809513291e-11 -0.0464060415)
(0.0002732665584 4.80959968e-11 -0.04640799095)
(0.0003283913765 4.80968607e-11 -0.04640994039)
(0.0003813975551 4.809769076e-11 -0.04641181492)
(0.0004302487508 4.809845621e-11 -0.0464135425)
(0.0004730672777 4.809912711e-11 -0.04641505675)
(0.0005082072202 4.809967789e-11 -0.04641629944)
(0.0005343186452 4.810008728e-11 -0.04641722286)
(0.0005503977561 4.810033914e-11 -0.04641779148)
(0.000555827158 4.81004243e-11 -0.04641798349)
(0.000550397756 4.810033914e-11 -0.04641779148)
(0.000534318645 4.810008728e-11 -0.04641722286)
(0.0005082072199 4.809967789e-11 -0.04641629944)
(0.0004730672773 4.809912711e-11 -0.04641505675)
(0.0004302487503 4.809845621e-11 -0.0464135425)
(0.0003813975546 4.809769076e-11 -0.04641181492)
(0.0003283913759 4.80968607e-11 -0.04640994039)
(0.0002732665578 4.80959968e-11 -0.04640799095)
(0.0002181417398 4.809513291e-11 -0.0464060415)
(0.0001651355611 4.809430198e-11 -0.04640416697)
(0.0001162843654 4.809353653e-11 -0.04640243939)
(7.346583858e-05 4.809286563e-11 -0.04640092514)
(3.832589602e-05 4.809231485e-11 -0.04639968245)
(1.221447104e-05 4.809190589e-11 -0.04639875904)
(-3.864639842e-06 4.809165403e-11 -0.04639819041)
(4.796292276e-06 5.115351012e-11 -0.0495389604)
(1.024133401e-05 5.115359622e-11 -0.04953915352)
(2.636676196e-05 5.115385155e-11 -0.04953972543)
(5.255340275e-05 5.115426529e-11 -0.04954065417)
(8.779456836e-05 5.1154823e-11 -0.04954190405)
(0.0001307364369 5.115550258e-11 -0.04954342704)
(0.0001797283518 5.115627756e-11 -0.04954516461)
(0.0002328872184 5.115711847e-11 -0.04954704996)
(0.0002881708272 5.115799364e-11 -0.04954901067)
(0.000343454436 5.115886881e-11 -0.04955097137)
(0.0003966133025 5.115970972e-11 -0.04955285673)
(0.0004456052174 5.11604847e-11 -0.04955459429)
(0.0004885470859 5.116116428e-11 -0.04955611728)
(0.0005237882514 5.116172199e-11 -0.04955736716)
(0.0005499748921 5.116213659e-11 -0.04955829591)
(0.0005661003199 5.116239171e-11 -0.04955886782)
(0.0005715453616 5.116247785e-11 -0.04955906093)
(0.0005661003198 5.116239171e-11 -0.04955886782)
(0.0005499748919 5.116213659e-11 -0.04955829591)
(0.0005237882511 5.116172199e-11 -0.04955736716)
(0.0004885470855 5.116116428e-11 -0.04955611728)
(0.0004456052169 5.11604847e-11 -0.04955459429)
(0.000396613302 5.115970972e-11 -0.04955285673)
(0.0003434544355 5.115886881e-11 -0.04955097137)
(0.0002881708266 5.115799364e-11 -0.04954901067)
(0.0002328872178 5.115711847e-11 -0.04954704996)
(0.0001797283513 5.115627756e-11 -0.04954516461)
(0.0001307364365 5.115550258e-11 -0.04954342704)
(8.779456797e-05 5.1154823e-11 -0.04954190405)
(5.255340245e-05 5.115426529e-11 -0.04954065417)
(2.636676175e-05 5.115385155e-11 -0.04953972543)
(1.024133391e-05 5.115359622e-11 -0.04953915352)
(1.816833564e-05 5.418886593e-11 -0.05268925917)
(2.363007624e-05 5.418895324e-11 -0.05268945347)
(3.980495767e-05 5.418921149e-11 -0.0526900289)
(6.607190768e-05 5.418963151e-11 -0.05269096335)
(0.0001014211509 5.41901966e-11 -0.05269222092)
(0.0001444947137 5.419088529e-11 -0.05269375328)
(0.000193636877 5.419167068e-11 -0.05269550153)
(0.0002469587713 5.419252287e-11 -0.05269739848)
(0.0003024119239 5.419340931e-11 -0.05269937125)
(0.0003578650766 5.419429575e-11 -0.05270134402)
(0.0004111869708 5.419514794e-11 -0.05270324097)
(0.0004603291341 5.419593333e-11 -0.05270498922)
(0.0005034026968 5.419662202e-11 -0.05270652158)
(0.0005387519399 5.41971871e-11 -0.05270777914)
(0.0005650188899 5.419760669e-11 -0.0527087136)
(0.0005811937712 5.419786538e-11 -0.05270928903)
(0.0005866555117 5.419795263e-11 -0.05270948333)
(0.0005811937711 5.419786538e-11 -0.05270928903)
(0.0005650188897 5.419760669e-11 -0.0527087136)
(0.0005387519396 5.41971871e-11 -0.05270777914)
(0.0005034026964 5.419662202e-11 -0.05270652158)
(0.0004603291336 5.419593333e-11 -0.05270498922)
(0.0004111869703 5.419514794e-11 -0.05270324097)
(0.000357865076 5.419429575e-11 -0.05270134402)
(0.0003024119234 5.419340931e-11 -0.05269937125)
(0.0002469587707 5.419252287e-11 -0.05269739848)
(0.0001936368765 5.419167068e-11 -0.05269550153)
(0.0001444947132 5.419088529e-11 -0.05269375328)
(0.0001014211506 5.41901966e-11 -0.05269222092)
(6.607190738e-05 5.418963151e-11 -0.05269096335)
(3.980495746e-05 5.418921149e-11 -0.0526900289)
(2.363007613e-05 5.418895324e-11 -0.05268945347)
(3.077764664e-05 5.719638707e-11 -0.05584950189)
(3.625712902e-05 5.719647564e-11 -0.05584969746)
(5.248455254e-05 5.71967378e-11 -0.05585027664)
(7.883682748e-05 5.719716324e-11 -0.05585121718)
(0.0001143008984 5.719773613e-11 -0.05585248294)
(0.0001575143802 5.719843392e-11 -0.05585402529)
(0.0002068161758 5.71992306e-11 -0.05585578493)
(0.0002603112796 5.720009449e-11 -0.05585769424)
(0.0003159445649 5.720099307e-11 -0.05585967986)
(0.0003715778502 5.720189166e-11 -0.05586166548)
(0.000425072954 5.720275555e-11 -0.05586357479)
(0.0004743747495 5.720355222e-11 -0.05586533443)
(0.0005175882313 5.720425002e-11 -0.05586687678)
(0.0005530523021 5.720482291e-11 -0.05586814254)
(0.000579404577 5.720524835e-11 -0.05586908308)
(0.0005956320004 5.720551051e-11 -0.05586966226)
(0.0006011114827 5.720559901e-11 -0.05586985783)
(0.0005956320003 5.720551051e-11 -0.05586966226)
(0.0005794045768 5.720524835e-11 -0.05586908308)
(0.0005530523018 5.720482291e-11 -0.05586814254)
(0.0005175882309 5.720425002e-11 -0.05586687678)
(0.0004743747491 5.720355222e-11 -0.05586533443)
(0.0004250729535 5.720275555e-11 -0.05586357479)
(0.0003715778497 5.720189166e-11 -0.05586166548)
(0.0003159445644 5.720099307e-11 -0.05585967986)
(0.0002603112791 5.720009449e-11 -0.05585769424)
(0.0002068161753 5.71992306e-11 -0.05585578493)
(0.0001575143798 5.719843392e-11 -0.05585402529)
(0.000114300898 5.719773613e-11 -0.05585248294)
(7.883682718e-05 5.719716324e-11 -0.05585121718)
(5.248455234e-05 5.71967378e-11 -0.05585027664)
(3.625712892e-05 5.719647564e-11 -0.05584969746)
(4.258050815e-05 6.017489073e-11 -0.05902028459)
(4.807875265e-05 6.017498045e-11 -0.05902048151)
(6.436173996e-05 6.01752463e-11 -0.05902106466)
(9.080424688e-05 6.017567824e-11 -0.05902201167)
(0.0001263897491 6.017625894e-11 -0.05902328612)
(0.0001697511969 6.017696671e-11 -0.05902483906)
(0.0002192218052 6.017777466e-11 -0.05902661079)
(0.0002729000798 6.017865026e-11 -0.05902853321)
(0.0003287238573 6.017956185e-11 -0.05903053247)
(0.0003845476347 6.018047345e-11 -0.05903253173)
(0.0004382259094 6.018134992e-11 -0.05903445416)
(0.0004876965176 6.018215787e-11 -0.05903622589)
(0.0005310579653 6.018286564e-11 -0.05903777882)
(0.0005666434675 6.018344633e-11 -0.05903905328)
(0.0005930859743 6.018387828e-11 -0.05904000028)
(0.0006093689615 6.018414413e-11 -0.05904058344)
(0.0006148672059 6.018423383e-11 -0.05904078035)
(0.0006093689614 6.018414413e-11 -0.05904058344)
(0.0005930859741 6.018387828e-11 -0.05904000028)
(0.0005666434672 6.018344633e-11 -0.05903905328)
(0.0005310579649 6.018286564e-11 -0.05903777882)
(0.0004876965171 6.018215787e-11 -0.05903622589)
(0.0004382259089 6.018134992e-11 -0.05903445416)
(0.0003845476342 6.018047345e-11 -0.05903253173)
(0.0003287238568 6.017956185e-11 -0.05903053247)
(0.0002729000793 6.017865026e-11 -0.05902853321)
(0.0002192218047 6.017777466e-11 -0.05902661079)
(0.0001697511965 6.017696671e-11 -0.05902483906)
(0.0001263897488 6.017625894e-11 -0.05902328612)
(9.080424658e-05 6.017567824e-11 -0.05902201167)
(6.436173976e-05 6.01752463e-11 -0.05902106466)
(4.807875254e-05 6.017498045e-11 -0.05902048151)
(5.353418971e-05 6.312326089e-11 -0.06220218837)
(5.905218752e-05 6.312335192e-11 -0.0622023867)
(7.539367405e-05 6.312362156e-11 -0.06220297406)
(0.0001019311799 6.312405937e-11 -0.06220392789)
(0.0001376445287 6.312464917e-11 -0.06220521153)
(0.0001811617593 6.312536735e-11 -0.06220677566)
(0.0002308100985 6.312618657e-11 -0.06220856016)
(0.0002846812209 6.312707648e-11 -0.06221049644)
(0.0003407055541 6.312800109e-11 -0.06221251011)
(0.0003967298873 6.31289257e-11 -0.06221452378)
(0.0004506010097 6.312981474e-11 -0.06221646006)
(0.0005002493489 6.313063397e-11 -0.06221824456)
(0.0005437665794 6.313135214e-11 -0.06221980869)
(0.0005794799282 6.313194195e-11 -0.06222109233)
(0.0006060174339 6.313237975e-11 -0.06222204616)
(0.0006223589203 6.313264961e-11 -0.06222263352)
(0.000627876918 6.313274069e-11 -0.06222283185)
(0.0006223589202 6.313264961e-11 -0.06222263352)
(0.0006060174337 6.313237975e-11 -0.06222204616)
(0.0005794799279 6.313194195e-11 -0.06222109233)
(0.000543766579 6.313135214e-11 -0.06221980869)
(0.0005002493484 6.313063397e-11 -0.06221824456)
(0.0004506010092 6.312981474e-11 -0.06221646006)
(0.0003967298868 6.31289257e-11 -0.06221452378)
(0.0003407055536 6.312800109e-11 -0.06221251011)
(0.0002846812204 6.312707648e-11 -0.06221049644)
(0.0002308100981 6.312618657e-11 -0.06220856016)
(0.0001811617589 6.312536735e-11 -0.06220677566)
(0.0001376445283 6.312464917e-11 -0.06220521153)
(0.0001019311796 6.312405937e-11 -0.06220392789)
(7.539367385e-05 6.312362156e-11 -0.06220297406)
(5.905218742e-05 6.312335192e-11 -0.0622023867)
(6.35972148e-05 6.604044769e-11 -0.0653957756)
(6.91359214e-05 6.604054012e-11 -0.06539597543)
(8.553873674e-05 6.604081388e-11 -0.06539656721)
(0.0001121758366 6.60412584e-11 -0.06539752823)
(0.0001480232159 6.604185645e-11 -0.06539882153)
(0.0001917037646 6.604258546e-11 -0.06540039744)
(0.0002415384317 6.604341726e-11 -0.06540219537)
(0.0002956117298 6.604432019e-11 -0.06540414623)
(0.0003518463197 6.604525867e-11 -0.06540617507)
(0.0004080809096 6.604619716e-11 -0.0654082039)
(0.0004621542077 6.604709921e-11 -0.06541015476)
(0.0005119888748 6.604793101e-11 -0.0654119527)
(0.0005556694234 6.604866003e-11 -0.0654135286)
(0.0005915168027 6.604925808e-11 -0.06541482191)
(0.0006181539024 6.604970303e-11 -0.06541578292)
(0.0006345567176 6.604997679e-11 -0.0654163747)
(0.0006400954241 6.605006931e-11 -0.06541657453)
(0.0006345567175 6.604997679e-11 -0.0654163747)
(0.0006181539022 6.604970303e-11 -0.06541578292)
(0.0005915168024 6.604925808e-11 -0.06541482191)
(0.0005556694231 6.604866003e-11 -0.0654135286)
(0.0005119888743 6.604793101e-11 -0.0654119527)
(0.0004621542072 6.604709921e-11 -0.06541015476)
(0.0004080809091 6.604619716e-11 -0.0654082039)
(0.0003518463192 6.604525867e-11 -0.06540617507)
(0.0002956117293 6.604432019e-11 -0.06540414623)
(0.0002415384312 6.604341726e-11 -0.06540219537)
(0.0001917037642 6.604258546e-11 -0.06540039744)
(0.0001480232155 6.604185645e-11 -0.06539882153)
(0.0001121758363 6.60412584e-11 -0.06539752823)
(8.553873655e-05 6.604081388e-11 -0.06539656721)
(6.913592129e-05 6.604054012e-11 -0.06539597543)
(7.272962724e-05 6.892546613e-11 -0.0686015862)
(7.828995587e-05 6.892555992e-11 -0.06860178759)
(9.475680464e-05 6.892583791e-11 -0.06860238401)
(0.0001214978905 6.892628916e-11 -0.06860335255)
(0.0001574852111 6.892689674e-11 -0.06860465598)
(0.0002013362802 6.89276366e-11 -0.06860624424)
(0.0002513654922 6.892848098e-11 -0.06860805626)
(0.000305649882 6.892939691e-11 -0.0686100224)
(0.0003621040008 6.893035014e-11 -0.06861206712)
(0.0004185581197 6.893130337e-11 -0.06861411185)
(0.0004728425095 6.893221931e-11 -0.06861607799)
(0.0005228717214 6.893306368e-11 -0.06861789001)
(0.0005667227905 6.893380354e-11 -0.06861947826)
(0.0006027101109 6.893441113e-11 -0.06862078169)
(0.0006294511967 6.893486238e-11 -0.06862175024)
(0.0006459180454 6.893514037e-11 -0.06862234665)
(0.0006514783739 6.893523419e-11 -0.06862254804)
(0.0006459180453 6.893514037e-11 -0.06862234665)
(0.0006294511965 6.893486238e-11 -0.06862175024)
(0.0006027101107 6.893441113e-11 -0.06862078169)
(0.0005667227901 6.893380354e-11 -0.06861947826)
(0.000522871721 6.893306368e-11 -0.06861789001)
(0.000472842509 6.893221931e-11 -0.06861607799)
(0.0004185581192 6.893130337e-11 -0.06861411185)
(0.0003621040003 6.893035014e-11 -0.06861206712)
(0.0003056498815 6.892939691e-11 -0.0686100224)
(0.0002513654917 6.892848098e-11 -0.06860805626)
(0.0002013362798 6.89276366e-11 -0.06860624424)
(0.0001574852107 6.892689674e-11 -0.06860465598)
(0.0001214978902 6.892628916e-11 -0.06860335255)
(9.475680444e-05 6.892583791e-11 -0.06860238401)
(7.828995577e-05 6.892555992e-11 -0.06860178759)
(8.089237866e-05 7.177707378e-11 -0.07181976969)
(8.647519163e-05 7.177716906e-11 -0.07181997272)
(0.0001030086275 7.177745139e-11 -0.07182057397)
(0.0001298578464 7.177790957e-11 -0.07182155037)
(0.0001659906891 7.177852627e-11 -0.07182286438)
(0.0002100190791 7.177927783e-11 -0.07182446552)
(0.0002602505945 7.178013522e-11 -0.07182629225)
(0.0003147544944 7.178106633e-11 -0.07182827434)
(0.0003714368971 7.178203344e-11 -0.07183033566)
(0.0004281192997 7.178300055e-11 -0.07183239698)
(0.0004826231996 7.17839308e-11 -0.07183437907)
(0.000532854715 7.178478818e-11 -0.0718362058)
(0.0005768831049 7.178553975e-11 -0.07183780694)
(0.0006130159475 7.178615645e-11 -0.07183912095)
(0.0006398651663 7.178661506e-11 -0.07184009735)
(0.0006563986021 7.178689717e-11 -0.0718406986)
(0.000661981415 7.17869924e-11 -0.07184090163)
(0.000656398602 7.178689717e-11 -0.0718406986)
(0.0006398651661 7.178661506e-11 -0.07184009735)
(0.0006130159472 7.178615645e-11 -0.07183912095)
(0.0005768831045 7.178553975e-11 -0.07183780694)
(0.0005328547145 7.178478818e-11 -0.0718362058)
(0.0004826231991 7.17839308e-11 -0.07183437907)
(0.0004281192992 7.178300055e-11 -0.07183239698)
(0.0003714368966 7.178203344e-11 -0.07183033566)
(0.0003147544939 7.178106633e-11 -0.07182827434)
(0.000260250594 7.178013522e-11 -0.07182629225)
(0.0002100190786 7.177927783e-11 -0.07182446552)
(0.0001659906888 7.177852627e-11 -0.07182286438)
(0.0001298578462 7.177790957e-11 -0.07182155037)
(0.0001030086273 7.177745139e-11 -0.07182057397)
(8.647519153e-05 7.177716906e-11 -0.07181997272)
(8.805190992e-05 7.459536875e-11 -0.07505190285)
(9.365802295e-05 7.459546555e-11 -0.07505210758)
(0.0001102604617 7.45957521e-11 -0.07505271387)
(0.0001372217368 7.459621766e-11 -0.07505369845)
(0.0001735053812 7.459684389e-11 -0.07505502346)
(0.0002177175251 7.459760717e-11 -0.07505663802)
(0.0002681586835 7.4598478e-11 -0.07505848004)
(0.0003228900574 7.459942213e-11 -0.07506047873)
(0.0003798090261 7.460040485e-11 -0.07506255732)
(0.0004367279947 7.460138757e-11 -0.0750646359)
(0.0004914593685 7.460233256e-11 -0.07506663459)
(0.0005419005269 7.460320339e-11 -0.07506847662)
(0.0005861126708 7.460396667e-11 -0.07507009117)
(0.0006223963151 7.46045929e-11 -0.07507141619)
(0.0006493575901 7.460505803e-11 -0.07507240077)
(0.0006659600288 7.46053448e-11 -0.07507300706)
(0.0006715661417 7.460544156e-11 -0.07507321178)
(0.0006659600287 7.46053448e-11 -0.07507300706)
(0.0006493575899 7.460505803e-11 -0.07507240077)
(0.0006223963148 7.46045929e-11 -0.07507141619)
(0.0005861126705 7.460396667e-11 -0.07507009117)
(0.0005419005265 7.460320339e-11 -0.07506847662)
(0.0004914593681 7.460233256e-11 -0.07506663459)
(0.0004367279942 7.460138757e-11 -0.0750646359)
(0.0003798090256 7.460040485e-11 -0.07506255732)
(0.0003228900569 7.459942213e-11 -0.07506047873)
(0.0002681586831 7.4598478e-11 -0.07505848004)
(0.0002177175247 7.459760717e-11 -0.07505663802)
(0.0001735053808 7.459684389e-11 -0.07505502346)
(0.0001372217365 7.459621766e-11 -0.07505369845)
(0.0001102604615 7.45957521e-11 -0.07505271387)
(9.365802285e-05 7.459546555e-11 -0.07505210758)
(9.417109769e-05 7.73782724e-11 -0.07829697693)
(9.980125631e-05 7.737837075e-11 -0.07829718341)
(0.0001164749058 7.737866164e-11 -0.07829779493)
(0.0001435518225 7.737913435e-11 -0.07829878798)
(0.0001799910937 7.737977056e-11 -0.0783001244)
(0.0002243928713 7.738054555e-11 -0.07830175285)
(0.0002750503806 7.738142982e-11 -0.07830361073)
(0.0003300165068 7.738239043e-11 -0.07830562663)
(0.0003871796108 7.738338789e-11 -0.07830772311)
(0.0004443427149 7.738438536e-11 -0.07830981958)
(0.0004993088411 7.738534509e-11 -0.07831183549)
(0.0005499663503 7.738622937e-11 -0.07831369337)
(0.0005943681278 7.738700436e-11 -0.07831532182)
(0.000630807399 7.738764057e-11 -0.07831665824)
(0.0006578843156 7.738811285e-11 -0.07831765129)
(0.000674557965 7.738840417e-11 -0.0783182628)
(0.0006801881235 7.73885024e-11 -0.07831846929)
(0.0006745579649 7.738840417e-11 -0.0783182628)
(0.0006578843154 7.738811285e-11 -0.07831765129)
(0.0006308073987 7.738764057e-11 -0.07831665824)
(0.0005943681275 7.738700436e-11 -0.07831532182)
(0.0005499663499 7.738622937e-11 -0.07831369337)
(0.0004993088406 7.738534509e-11 -0.07831183549)
(0.0004443427144 7.738438536e-11 -0.07830981958)
(0.0003871796103 7.738338789e-11 -0.07830772311)
(0.0003300165063 7.738239043e-11 -0.07830562663)
(0.0002750503801 7.738142982e-11 -0.07830361073)
(0.0002243928709 7.738054555e-11 -0.07830175285)
(0.0001799910934 7.737977056e-11 -0.0783001244)
(0.0001435518222 7.737913435e-11 -0.07829878798)
(0.0001164749056 7.737866164e-11 -0.07829779493)
(9.980125622e-05 7.737837075e-11 -0.07829718341)
(9.922127942e-05 8.012628825e-11 -0.08155687338)
(0.0001048761754 8.012638805e-11 -0.08155708169)
(0.0001216230844 8.012668393e-11 -0.08155769859)
(0.0001488189696 8.012716358e-11 -0.0815587004)
(0.0001854183451 8.012780977e-11 -0.08156004861)
(0.0002300152119 8.01285969e-11 -0.08156169142)
(0.0002808952965 8.012949505e-11 -0.08156356569)
(0.0003361029288 8.013046997e-11 -0.08156559937)
(0.0003935171919 8.013148305e-11 -0.08156771433)
(0.000450931455 8.013249612e-11 -0.08156982929)
(0.0005061390873 8.013347104e-11 -0.08157186297)
(0.0005570191719 8.013436919e-11 -0.08157373724)
(0.0006016160386 8.013515632e-11 -0.08157538005)
(0.000638215414 8.013580251e-11 -0.08157672826)
(0.0006654112992 8.013628259e-11 -0.08157773007)
(0.000682158208 8.013657804e-11 -0.08157834697)
(0.0006878131039 8.013667794e-11 -0.08157855528)
(0.0006821582079 8.013657804e-11 -0.08157834697)
(0.000665411299 8.013628259e-11 -0.08157773007)
(0.0006382154137 8.013580251e-11 -0.08157672826)
(0.0006016160383 8.013515632e-11 -0.08157538005)
(0.0005570191714 8.013436919e-11 -0.08157373724)
(0.0005061390869 8.013347104e-11 -0.08157186297)
(0.0004509314545 8.013249612e-11 -0.08156982929)
(0.0003935171914 8.013148305e-11 -0.08156771433)
(0.0003361029283 8.013046997e-11 -0.08156559937)
(0.000280895296 8.012949505e-11 -0.08156356569)
(0.0002300152115 8.01285969e-11 -0.08156169142)
(0.0001854183447 8.012780977e-11 -0.08156004861)
(0.0001488189694 8.012716358e-11 -0.0815587004)
(0.0001216230842 8.012668393e-11 -0.08155769859)
(0.0001048761753 8.012638805e-11 -0.08155708169)
(0.0001031714392 8.283746935e-11 -0.08483049651)
(0.0001088516843 8.283757079e-11 -0.08483070669)
(0.0001256736642 8.283787089e-11 -0.08483132914)
(0.0001529914599 8.283835813e-11 -0.08483233997)
(0.0001897548986 8.283901429e-11 -0.08483370031)
(0.0002345516788 8.2839814e-11 -0.0848353579)
(0.0002856598424 8.284072603e-11 -0.08483724903)
(0.0003411149528 8.284171526e-11 -0.08483930101)
(0.0003987865856 8.284274482e-11 -0.084841435)
(0.0004564582183 8.284377438e-11 -0.084843569)
(0.0005119133287 8.28447636e-11 -0.08484562097)
(0.0005630214922 8.284567563e-11 -0.0848475121)
(0.0006078182724 8.284647534e-11 -0.08484916969)
(0.000644581711 8.28471315e-11 -0.08485053003)
(0.0006718995066 8.284761874e-11 -0.08485154086)
(0.0006887214864 8.284791928e-11 -0.08485216331)
(0.0006944017314 8.284802056e-11 -0.0848523735)
(0.0006887214863 8.284791928e-11 -0.08485216331)
(0.0006718995064 8.284761874e-11 -0.08485154086)
(0.0006445817107 8.28471315e-11 -0.08485053003)
(0.0006078182721 8.284647534e-11 -0.08484916969)
(0.0005630214918 8.284567563e-11 -0.0848475121)
(0.0005119133282 8.28447636e-11 -0.08484562097)
(0.0004564582178 8.284377438e-11 -0.084843569)
(0.0003987865851 8.284274482e-11 -0.084841435)
(0.0003411149523 8.284171526e-11 -0.08483930101)
(0.0002856598419 8.284072603e-11 -0.08483724903)
(0.0002345516784 8.2839814e-11 -0.0848353579)
(0.0001897548982 8.283901429e-11 -0.08483370031)
(0.0001529914597 8.283835813e-11 -0.08483233997)
(0.000125673664 8.283787089e-11 -0.08483132914)
(0.0001088516842 8.283757079e-11 -0.08483070669)
(0.0001059974719 8.551237685e-11 -0.08811966124)
(0.0001117036166 8.551247991e-11 -0.08811987334)
(0.0001286022979 8.551278457e-11 -0.0881205015)
(0.0001560446515 8.551327962e-11 -0.08812152157)
(0.0001929757164 8.551394575e-11 -0.08812289436)
(0.0002379767516 8.55147576e-11 -0.08812456713)
(0.0002893179476 8.551568394e-11 -0.08812647556)
(0.0003450259106 8.551668835e-11 -0.08812854632)
(0.0004029605024 8.551773352e-11 -0.08813069985)
(0.0004608950942 8.551877869e-11 -0.08813285337)
(0.0005166030572 8.551978396e-11 -0.08813492413)
(0.0005679442531 8.552071031e-11 -0.08813683257)
(0.0006129452883 8.552152216e-11 -0.08813850533)
(0.0006498763531 8.552218829e-11 -0.08813987812)
(0.0006773187067 8.55226829e-11 -0.0881408982)
(0.0006942173879 8.5522988e-11 -0.08814152635)
(0.0006999235324 8.552309088e-11 -0.08814173846)
(0.0006942173878 8.5522988e-11 -0.08814152635)
(0.0006773187065 8.55226829e-11 -0.0881408982)
(0.0006498763528 8.552218829e-11 -0.08813987812)
(0.0006129452879 8.552152216e-11 -0.08813850533)
(0.0005679442527 8.552071031e-11 -0.08813683257)
(0.0005166030568 8.551978396e-11 -0.08813492413)
(0.0004608950937 8.551877869e-11 -0.08813285337)
(0.0004029605019 8.551773352e-11 -0.08813069985)
(0.0003450259101 8.551668835e-11 -0.08812854632)
(0.0002893179471 8.551568394e-11 -0.08812647556)
(0.0002379767512 8.55147576e-11 -0.08812456713)
(0.0001929757161 8.551394575e-11 -0.08812289436)
(0.0001560446513 8.551327962e-11 -0.08812152157)
(0.0001286022977 8.551278457e-11 -0.0881205015)
(0.0001117036165 8.551247991e-11 -0.08811987334)
(0.000107675243 8.814917571e-11 -0.09142317496)
(0.0001134077503 8.814928019e-11 -0.09142338904)
(0.0001303845044 8.814958962e-11 -0.09142402301)
(0.0001579536432 8.815009226e-11 -0.09142505255)
(0.0001950553316 8.815076837e-11 -0.09142643807)
(0.000240264274 8.81515928e-11 -0.09142812635)
(0.000291842669 8.815253302e-11 -0.09143005249)
(0.0003478080058 8.81535539e-11 -0.09143214245)
(0.0004060102586 8.815461468e-11 -0.09143431595)
(0.0004642125113 8.815567547e-11 -0.09143648945)
(0.0005201778481 8.815669549e-11 -0.09143857941)
(0.0005717562431 8.815763571e-11 -0.09144050555)
(0.0006169651854 8.815846013e-11 -0.09144219383)
(0.0006540668737 8.815913624e-11 -0.09144357935)
(0.0006816360125 8.815963931e-11 -0.09144460889)
(0.0006986127665 8.815994874e-11 -0.09144524286)
(0.0007043452737 8.81600532e-11 -0.09144545694)
(0.0006986127664 8.815994874e-11 -0.09144524286)
(0.0006816360123 8.815963931e-11 -0.09144460889)
(0.0006540668735 8.815913624e-11 -0.09144357935)
(0.0006169651851 8.815846013e-11 -0.09144219383)
(0.0005717562427 8.815763571e-11 -0.09144050555)
(0.0005201778477 8.815669549e-11 -0.09143857941)
(0.0004642125109 8.815567547e-11 -0.09143648945)
(0.0004060102581 8.815461468e-11 -0.09143431595)
(0.0003478080054 8.81535539e-11 -0.09143214245)
(0.0002918426686 8.815253302e-11 -0.09143005249)
(0.0002402642737 8.81515928e-11 -0.09142812635)
(0.0001950553313 8.815076837e-11 -0.09142643807)
(0.000157953643 8.815009226e-11 -0.09142505255)
(0.0001303845042 8.814958962e-11 -0.09142402301)
(0.0001134077502 8.814928019e-11 -0.09142338904)
(0.0001081858031 9.074846109e-11 -0.09474277881)
(0.00011394507 9.074856719e-11 -0.09474299489)
(0.0001310010719 9.074888128e-11 -0.09474363481)
(0.0001586989041 9.074939151e-11 -0.094744674)
(0.0001959737841 9.075007803e-11 -0.0947460725)
(0.0002413937629 9.07509146e-11 -0.0947477766)
(0.000293212927 9.075186913e-11 -0.09474972079)
(0.0003494395113 9.075290432e-11 -0.09475183033)
(0.0004079134535 9.075398159e-11 -0.0947540242)
(0.0004663873957 9.075505885e-11 -0.09475621807)
(0.00052261398 9.075609405e-11 -0.09475832761)
(0.0005744331441 9.075704858e-11 -0.0947602718)
(0.0006198531229 9.075788515e-11 -0.0947619759)
(0.0006571280027 9.075857167e-11 -0.09476337441)
(0.0006848258349 9.075908189e-11 -0.09476441359)
(0.0007018818367 9.07593962e-11 -0.09476505351)
(0.0007076411035 9.075950215e-11 -0.09476526959)
(0.0007018818367 9.07593962e-11 -0.09476505351)
(0.0006848258347 9.075908189e-11 -0.09476441359)
(0.0006571280025 9.075857167e-11 -0.09476337441)
(0.0006198531225 9.075788515e-11 -0.0947619759)
(0.0005744331437 9.075704858e-11 -0.0947602718)
(0.0005226139796 9.075609405e-11 -0.09475832761)
(0.0004663873953 9.075505885e-11 -0.09475621807)
(0.0004079134531 9.075398159e-11 -0.0947540242)
(0.0003494395109 9.075290432e-11 -0.09475183033)
(0.0002932129266 9.075186913e-11 -0.09474972079)
(0.0002413937625 9.07509146e-11 -0.0947477766)
(0.0001959737837 9.075007803e-11 -0.0947460725)
(0.0001586989039 9.074939151e-11 -0.094744674)
(0.0001310010718 9.074888128e-11 -0.09474363481)
(0.0001139450699 9.074856719e-11 -0.09474299489)
(0.0001075125077 9.330848745e-11 -0.09807717627)
(0.0001132988386 9.330859501e-11 -0.09807739438)
(0.0001304349904 9.330891398e-11 -0.09807804034)
(0.0001582629808 9.33094318e-11 -0.09807908933)
(0.0001957130235 9.331012829e-11 -0.09808050103)
(0.0002413464408 9.3310977e-11 -0.0980822212)
(0.0002934091145 9.331194584e-11 -0.09808418373)
(0.0003498999198 9.331299622e-11 -0.09808631318)
(0.0004086486438 9.331408909e-11 -0.09808852774)
(0.0004673973679 9.331518197e-11 -0.09809074231)
(0.0005238881732 9.331623321e-11 -0.09809287176)
(0.0005759508468 9.331720206e-11 -0.09809483429)
(0.000621584264 9.331805077e-11 -0.09809655446)
(0.0006590343067 9.331874726e-11 -0.09809796616)
(0.000686862297 9.331926508e-11 -0.09809901515)
(0.0007039984487 9.331958383e-11 -0.0980996611)
(0.0007097847795 9.331969153e-11 -0.09809987922)
(0.0007039984486 9.331958383e-11 -0.0980996611)
(0.0006868622968 9.331926508e-11 -0.09809901515)
(0.0006590343064 9.331874726e-11 -0.09809796616)
(0.0006215842637 9.331805077e-11 -0.09809655446)
(0.0005759508465 9.331720206e-11 -0.09809483429)
(0.0005238881727 9.331623321e-11 -0.09809287176)
(0.0004673973674 9.331518197e-11 -0.09809074231)
(0.0004086486434 9.331408909e-11 -0.09808852774)
(0.0003498999194 9.331299622e-11 -0.09808631318)
(0.0002934091141 9.331194584e-11 -0.09808418373)
(0.0002413464404 9.3310977e-11 -0.0980822212)
(0.0001957130232 9.331012829e-11 -0.09808050103)
(0.0001582629806 9.33094318e-11 -0.09807908933)
(0.0001304349903 9.330891398e-11 -0.09807804034)
(0.0001132988385 9.330859501e-11 -0.09807739438)
(0.0001056420203 9.582985634e-11 -0.10142803)
(0.0001114556506 9.58299656e-11 -0.1014282502)
(0.0001286726491 9.583028902e-11 -0.1014289022)
(0.0001566319292 9.583081377e-11 -0.1014299612)
(0.0001942586575 9.583152067e-11 -0.1014313862)
(0.0002401073687 9.583238196e-11 -0.1014331227)
(0.0002924156689 9.583336425e-11 -0.1014351038)
(0.0003491729923 9.583443067e-11 -0.1014372534)
(0.000408198887 9.583553916e-11 -0.101439489)
(0.0004672247817 9.583664765e-11 -0.1014417245)
(0.0005239821051 9.583771407e-11 -0.1014438741)
(0.0005762904053 9.583869635e-11 -0.1014458553)
(0.0006221391164 9.583955764e-11 -0.1014475917)
(0.0006597658447 9.584026454e-11 -0.1014490168)
(0.0006877251247 9.584078973e-11 -0.1014500757)
(0.0007049421231 9.584111315e-11 -0.1014507278)
(0.0007107557533 9.584122237e-11 -0.101450948)
(0.000704942123 9.584111315e-11 -0.1014507278)
(0.0006877251245 9.584078973e-11 -0.1014500757)
(0.0006597658444 9.584026454e-11 -0.1014490168)
(0.0006221391161 9.583955764e-11 -0.1014475917)
(0.0005762904049 9.583869635e-11 -0.1014458553)
(0.0005239821046 9.583771407e-11 -0.1014438741)
(0.0004672247813 9.583664765e-11 -0.1014417245)
(0.0004081988866 9.583553916e-11 -0.101439489)
(0.0003491729919 9.583443067e-11 -0.1014372534)
(0.0002924156685 9.583336425e-11 -0.1014351038)
(0.0002401073683 9.583238196e-11 -0.1014331227)
(0.0001942586572 9.583152067e-11 -0.1014313862)
(0.0001566319289 9.583081377e-11 -0.1014299612)
(0.0001286726489 9.583028902e-11 -0.1014289022)
(0.0001114556505 9.58299656e-11 -0.1014282502)
(0.0001025656375 9.831088525e-11 -0.1047939353)
(0.0001084067077 9.831099606e-11 -0.1047941576)
(0.0001257049692 9.831132371e-11 -0.1047948159)
(0.000153796215 9.831185649e-11 -0.1047958848)
(0.0001916005387 9.831257293e-11 -0.1047973234)
(0.0002376656525 9.831344636e-11 -0.1047990763)
(0.0002902208441 9.831444296e-11 -0.1048010762)
(0.0003472460578 9.831552412e-11 -0.1048032462)
(0.0004065505504 9.831664823e-11 -0.1048055029)
(0.000465855043 9.831777233e-11 -0.1048077596)
(0.0005228802568 9.831885349e-11 -0.1048099296)
(0.0005754354483 9.831985009e-11 -0.1048119295)
(0.000621500562 9.832072352e-11 -0.1048136824)
(0.0006593048857 9.832143997e-11 -0.104815121)
(0.0006873961314 9.832197274e-11 -0.10481619)
(0.0007046943928 9.832230082e-11 -0.1048168482)
(0.0007105354629 9.832241155e-11 -0.1048170705)
(0.0007046943927 9.832230082e-11 -0.1048168482)
(0.0006873961312 9.832197274e-11 -0.10481619)
(0.0006593048854 9.832143997e-11 -0.104815121)
(0.0006215005617 9.832072352e-11 -0.1048136824)
(0.000575435448 9.831985009e-11 -0.1048119295)
(0.0005228802563 9.831885349e-11 -0.1048099296)
(0.0004658550426 9.831777233e-11 -0.1048077596)
(0.00040655055 9.831664823e-11 -0.1048055029)
(0.0003472460574 9.831552412e-11 -0.1048032462)
(0.0002902208437 9.831444296e-11 -0.1048010762)
(0.0002376656521 9.831344636e-11 -0.1047990763)
(0.0001916005384 9.831257293e-11 -0.1047973234)
(0.0001537962148 9.831185649e-11 -0.1047958848)
(0.000125704969 9.831132371e-11 -0.1047948159)
(0.0001084067076 9.831099606e-11 -0.1047941576)
(9.827596833e-05 1.007521562e-10 -0.1081764742)
(0.0001041445485 1.007522685e-10 -0.1081766985)
(0.0001215242806 1.007526009e-10 -0.108177363)
(0.0001497478293 1.007531406e-10 -0.1081784421)
(0.0001877302023 1.007538671e-10 -0.1081798943)
(0.0002340122715 1.007547526e-10 -0.1081816637)
(0.0002868149853 1.007557627e-10 -0.1081836825)
(0.0003441087739 1.007568586e-10 -0.1081858731)
(0.0004036925762 1.007579983e-10 -0.1081881511)
(0.0004632763786 1.00759138e-10 -0.1081904292)
(0.0005205701672 1.007602339e-10 -0.1081926197)
(0.000573372881 1.00761244e-10 -0.1081946385)
(0.0006196549501 1.007621295e-10 -0.108196408)
(0.000657637323 1.00762856e-10 -0.1081978602)
(0.0006858608716 1.007633961e-10 -0.1081989392)
(0.0007032406037 1.007637283e-10 -0.1081996037)
(0.0007091091837 1.007638406e-10 -0.1081998281)
(0.0007032406036 1.007637283e-10 -0.1081996037)
(0.0006858608715 1.007633961e-10 -0.1081989392)
(0.0006576373227 1.00762856e-10 -0.1081978602)
(0.0006196549498 1.007621295e-10 -0.108196408)
(0.0005733728806 1.00761244e-10 -0.1081946385)
(0.0005205701668 1.007602339e-10 -0.1081926197)
(0.0004632763782 1.00759138e-10 -0.1081904292)
(0.0004036925758 1.007579983e-10 -0.1081881511)
(0.0003441087735 1.007568586e-10 -0.1081858731)
(0.0002868149849 1.007557627e-10 -0.1081836825)
(0.0002340122711 1.007547526e-10 -0.1081816637)
(0.0001877302019 1.007538671e-10 -0.1081798943)
(0.0001497478291 1.007531406e-10 -0.1081784421)
(0.0001215242804 1.007526009e-10 -0.108177363)
(0.0001041445484 1.007522685e-10 -0.1081766985)
(9.277256272e-05 1.031520266e-10 -0.1115741319)
(9.866862769e-05 1.031521404e-10 -0.1115743584)
(0.0001161297557 1.03152477e-10 -0.1115750291)
(0.0001444854862 1.031530243e-10 -0.1115761184)
(0.0001826457451 1.031537607e-10 -0.1115775842)
(0.000229144571 1.031546576e-10 -0.1115793703)
(0.0002821945802 1.03155681e-10 -0.1115814081)
(0.0003397566976 1.031567913e-10 -0.1115836192)
(0.0003996195537 1.031579466e-10 -0.1115859187)
(0.0004594824099 1.031591019e-10 -0.1115882182)
(0.0005170445273 1.031602121e-10 -0.1115904293)
(0.0005700945364 1.031612356e-10 -0.111592467)
(0.0006165933622 1.031621325e-10 -0.1115942532)
(0.0006547536211 1.031628689e-10 -0.111595719)
(0.0006831093515 1.031634157e-10 -0.1115968082)
(0.0007005704795 1.031637526e-10 -0.1115974789)
(0.0007064665443 1.031638664e-10 -0.1115977054)
(0.0007005704794 1.031637526e-10 -0.1115974789)
(0.0006831093513 1.031634157e-10 -0.1115968082)
(0.0006547536209 1.031628689e-10 -0.111595719)
(0.0006165933619 1.031621325e-10 -0.1115942532)
(0.000570094536 1.031612356e-10 -0.111592467)
(0.0005170445269 1.031602121e-10 -0.1115904293)
(0.0004594824095 1.031591019e-10 -0.1115882182)
(0.0003996195533 1.031579466e-10 -0.1115859187)
(0.0003397566972 1.031567913e-10 -0.1115836192)
(0.0002821945798 1.03155681e-10 -0.1115814081)
(0.0002291445707 1.031546576e-10 -0.1115793703)
(0.0001826457448 1.031537607e-10 -0.1115775842)
(0.000144485486 1.031530243e-10 -0.1115761184)
(0.0001161297556 1.03152477e-10 -0.1115750291)
(9.86686276e-05 1.031521404e-10 -0.1115743584)
(8.605420341e-05 1.055110348e-10 -0.1149884091)
(9.197765776e-05 1.055111499e-10 -0.1149886377)
(0.0001095198991 1.055114913e-10 -0.1149893147)
(0.0001380073523 1.055120453e-10 -0.1149904141)
(0.0001763448796 1.055127912e-10 -0.1149918936)
(0.0002230597096 1.055136998e-10 -0.1149936964)
(0.0002763561554 1.055147363e-10 -0.1149957531)
(0.0003341856699 1.055158608e-10 -0.1149979849)
(0.000394326611 1.055170309e-10 -0.1150003058)
(0.000454467552 1.055182009e-10 -0.1150026267)
(0.0005122970665 1.055193255e-10 -0.1150048584)
(0.0005655935123 1.05520362e-10 -0.1150069152)
(0.0006123083422 1.055212705e-10 -0.115008718)
(0.0006506458694 1.055220165e-10 -0.1150101975)
(0.0006791333225 1.055225705e-10 -0.1150112969)
(0.0006966755638 1.055229116e-10 -0.1150119739)
(0.0007025990181 1.055230268e-10 -0.1150122025)
(0.0006966755637 1.055229116e-10 -0.1150119739)
(0.0006791333224 1.055225705e-10 -0.1150112969)
(0.0006506458692 1.055220165e-10 -0.1150101975)
(0.0006123083419 1.055212705e-10 -0.115008718)
(0.0005655935119 1.05520362e-10 -0.1150069152)
(0.0005122970661 1.055193255e-10 -0.1150048584)
(0.0004544675516 1.055182009e-10 -0.1150026267)
(0.0003943266105 1.055170309e-10 -0.1150003058)
(0.0003341856695 1.055158608e-10 -0.1149979849)
(0.000276356155 1.055147363e-10 -0.1149957531)
(0.0002230597092 1.055136998e-10 -0.1149936964)
(0.0001763448793 1.055127912e-10 -0.1149918936)
(0.0001380073521 1.055120453e-10 -0.1149904141)
(0.000109519899 1.055114913e-10 -0.1149893147)
(9.197765768e-05 1.055111499e-10 -0.1149886377)
(7.812888564e-05 1.078275608e-10 -0.1184176815)
(8.407953951e-05 1.078276775e-10 -0.1184179122)
(0.000101702332 1.07828023e-10 -0.1184185954)
(0.0001303205948 1.078285837e-10 -0.118419705)
(0.0001688341617 1.078293388e-10 -0.1184211981)
(0.0002157634984 1.078302586e-10 -0.1184230175)
(0.0002693046727 1.078313081e-10 -0.1184250933)
(0.0003273997307 1.07832447e-10 -0.1184273455)
(0.000387816829 1.078336309e-10 -0.1184296879)
(0.0004482339272 1.078348149e-10 -0.1184320302)
(0.0005063289853 1.078359537e-10 -0.1184342825)
(0.0005598701595 1.078370032e-10 -0.1184363582)
(0.0006067994962 1.078379231e-10 -0.1184381776)
(0.000645313063 1.078386781e-10 -0.1184396708)
(0.0006739313258 1.078392393e-10 -0.1184407803)
(0.0006915541182 1.078395846e-10 -0.1184414635)
(0.0006975047719 1.078397012e-10 -0.1184416942)
(0.0006915541181 1.078395846e-10 -0.1184414635)
(0.0006739313256 1.078392393e-10 -0.1184407803)
(0.0006453130628 1.078386781e-10 -0.1184396708)
(0.0006067994959 1.078379231e-10 -0.1184381776)
(0.0005598701592 1.078370032e-10 -0.1184363582)
(0.0005063289849 1.078359537e-10 -0.1184342825)
(0.0004482339268 1.078348149e-10 -0.1184320302)
(0.0003878168286 1.078336309e-10 -0.1184296879)
(0.0003273997303 1.07832447e-10 -0.1184273455)
(0.0002693046723 1.078313081e-10 -0.1184250933)
(0.000215763498 1.078302586e-10 -0.1184230175)
(0.0001688341614 1.078293388e-10 -0.1184211981)
(0.0001303205946 1.078285837e-10 -0.118419705)
(0.0001017023318 1.07828023e-10 -0.1184185954)
(8.407953943e-05 1.078276775e-10 -0.1184179122)
(6.900170594e-05 1.101020867e-10 -0.1218633691)
(7.497930053e-05 1.101022048e-10 -0.1218636019)
(9.26818776e-05 1.10102554e-10 -0.1218642914)
(0.0001214297055 1.101031219e-10 -0.121865411)
(0.0001601176369 1.101038856e-10 -0.1218669177)
(0.0002072594394 1.101048163e-10 -0.1218687536)
(0.0002610430135 1.101058784e-10 -0.1218708482)
(0.0003194010885 1.101070303e-10 -0.121873121)
(0.0003800917164 1.10108229e-10 -0.1218754846)
(0.0004407823443 1.101094277e-10 -0.1218778482)
(0.0004991404192 1.101105795e-10 -0.121880121)
(0.0005529239934 1.101116416e-10 -0.1218822156)
(0.0006000657958 1.101125723e-10 -0.1218840516)
(0.0006387537272 1.10113336e-10 -0.1218855583)
(0.000667501555 1.101139039e-10 -0.1218866779)
(0.000685204132 1.101142535e-10 -0.1218873673)
(0.0006911817265 1.101143715e-10 -0.1218876001)
(0.0006852041319 1.101142535e-10 -0.1218873673)
(0.0006675015548 1.101139039e-10 -0.1218866779)
(0.0006387537269 1.10113336e-10 -0.1218855583)
(0.0006000657955 1.101125723e-10 -0.1218840516)
(0.000552923993 1.101116416e-10 -0.1218822156)
(0.0004991404189 1.101105795e-10 -0.121880121)
(0.0004407823439 1.101094277e-10 -0.1218778482)
(0.000380091716 1.10108229e-10 -0.1218754846)
(0.0003194010881 1.101070303e-10 -0.121873121)
(0.0002610430132 1.101058784e-10 -0.1218708482)
(0.000207259439 1.101048163e-10 -0.1218687536)
(0.0001601176366 1.101038856e-10 -0.1218669177)
(0.0001214297053 1.101031219e-10 -0.121865411)
(9.268187745e-05 1.10102554e-10 -0.1218642914)
(7.497930045e-05 1.101022048e-10 -0.1218636019)
(5.868918617e-05 1.12333014e-10 -0.1253237398)
(6.469337035e-05 1.123331334e-10 -0.1253239747)
(8.247469219e-05 1.123334867e-10 -0.1253246703)
(0.0001113503964 1.123340609e-10 -0.1253257999)
(0.0001502104199 1.123348337e-10 -0.1253273201)
(0.000197561919 1.123357752e-10 -0.1253291724)
(0.0002515847337 1.12336849e-10 -0.1253312857)
(0.0003102023977 1.123380148e-10 -0.1253335788)
(0.0003711629902 1.123392265e-10 -0.1253359635)
(0.0004321235826 1.123404382e-10 -0.1253383482)
(0.0004907412466 1.123416039e-10 -0.1253406413)
(0.0005447640613 1.123426777e-10 -0.1253427546)
(0.0005921155603 1.123436192e-10 -0.1253446069)
(0.0006309755837 1.12344392e-10 -0.1253461271)
(0.0006598512879 1.123449658e-10 -0.1253472567)
(0.0006776326096 1.123453194e-10 -0.1253479523)
(0.0006836367937 1.123454386e-10 -0.1253481872)
(0.0006776326096 1.123453194e-10 -0.1253479523)
(0.0006598512877 1.123449658e-10 -0.1253472567)
(0.0006309755835 1.12344392e-10 -0.1253461271)
(0.00059211556 1.123436192e-10 -0.1253446069)
(0.000544764061 1.123426777e-10 -0.1253427546)
(0.0004907412462 1.123416039e-10 -0.1253406413)
(0.0004321235823 1.123404382e-10 -0.1253383482)
(0.0003711629898 1.123392265e-10 -0.1253359635)
(0.0003102023973 1.123380148e-10 -0.1253335788)
(0.0002515847334 1.12336849e-10 -0.1253312857)
(0.0001975619186 1.123357752e-10 -0.1253291724)
(0.0001502104196 1.123348337e-10 -0.1253273201)
(0.0001113503962 1.123340609e-10 -0.1253257999)
(8.247469204e-05 1.123334867e-10 -0.1253246703)
(6.469337027e-05 1.123331334e-10 -0.1253239747)
(4.720279626e-05 1.145207785e-10 -0.1288001351)
(5.323315204e-05 1.145208992e-10 -0.128800372)
(7.109198077e-05 1.145212564e-10 -0.1288010737)
(0.0001000935511 1.145218369e-10 -0.1288022132)
(0.0001391229613 1.14522618e-10 -0.1288037466)
(0.0001866808605 1.145235694e-10 -0.1288056152)
(0.000240939155 1.145246554e-10 -0.128807747)
(0.000299812327 1.145258333e-10 -0.1288100601)
(0.0003610386403 1.14527058e-10 -0.1288124657)
(0.0004222649535 1.145282827e-10 -0.1288148713)
(0.0004811381256 1.145294614e-10 -0.1288171844)
(0.00053539642 1.145305474e-10 -0.1288193162)
(0.0005829543192 1.145314989e-10 -0.1288211848)
(0.0006219837293 1.145322799e-10 -0.1288227182)
(0.0006509852995 1.1453286e-10 -0.1288238577)
(0.0006688441282 1.145332174e-10 -0.1288245594)
(0.0006748744839 1.145333381e-10 -0.1288247963)
(0.0006688441281 1.145332174e-10 -0.1288245594)
(0.0006509852994 1.1453286e-10 -0.1288238577)
(0.000621983729 1.145322799e-10 -0.1288227182)
(0.0005829543189 1.145314989e-10 -0.1288211848)
(0.0005353964197 1.145305474e-10 -0.1288193162)
(0.0004811381252 1.145294614e-10 -0.1288171844)
(0.0004222649531 1.145282827e-10 -0.1288148713)
(0.0003610386399 1.14527058e-10 -0.1288124657)
(0.0002998123267 1.145258333e-10 -0.1288100601)
(0.0002409391546 1.145246554e-10 -0.128807747)
(0.0001866808602 1.145235694e-10 -0.1288056152)
(0.000139122961 1.14522618e-10 -0.1288037466)
(0.0001000935509 1.145218369e-10 -0.1288022132)
(7.109198062e-05 1.145212564e-10 -0.1288010737)
(5.323315196e-05 1.145208992e-10 -0.128800372)
(3.456755728e-05 1.166638309e-10 -0.1322907178)
(4.062357747e-05 1.166639528e-10 -0.1322909568)
(5.855841106e-05 1.166643141e-10 -0.1322916644)
(8.768340834e-05 1.166649004e-10 -0.1322928136)
(0.0001268789226 1.166656893e-10 -0.1322943602)
(0.000174639222 1.166666507e-10 -0.1322962447)
(0.0002291284328 1.166677475e-10 -0.1322983947)
(0.0002882521614 1.166689375e-10 -0.1323007276)
(0.0003497390459 1.166701753e-10 -0.1323031538)
(0.0004112259304 1.16671413e-10 -0.1323055799)
(0.000470349659 1.166726039e-10 -0.1323079128)
(0.0005248388697 1.166737006e-10 -0.1323100628)
(0.0005725991691 1.166746621e-10 -0.1323119473)
(0.0006117946833 1.16675451e-10 -0.1323134939)
(0.0006409196805 1.166760373e-10 -0.1323146431)
(0.000658854514 1.166763984e-10 -0.1323153508)
(0.0006649105342 1.166765202e-10 -0.1323155897)
(0.000658854514 1.166763984e-10 -0.1323153508)
(0.0006409196804 1.166760373e-10 -0.1323146431)
(0.0006117946831 1.16675451e-10 -0.1323134939)
(0.0005725991689 1.166746621e-10 -0.1323119473)
(0.0005248388694 1.166737006e-10 -0.1323100628)
(0.0004703496587 1.166726039e-10 -0.1323079128)
(0.00041122593 1.16671413e-10 -0.1323055799)
(0.0003497390455 1.166701753e-10 -0.1323031538)
(0.0002882521611 1.166689375e-10 -0.1323007276)
(0.0002291284324 1.166677475e-10 -0.1322983947)
(0.0001746392217 1.166666507e-10 -0.1322962447)
(0.0001268789223 1.166656893e-10 -0.1322943602)
(8.768340812e-05 1.166649004e-10 -0.1322928136)
(5.855841091e-05 1.166643141e-10 -0.1322916644)
(4.06235774e-05 1.166639528e-10 -0.1322909568)
(2.080128523e-05 1.187626063e-10 -0.1357967538)
(2.688239857e-05 1.187627294e-10 -0.1357969947)
(4.489154524e-05 1.18763094e-10 -0.1357977083)
(7.413722211e-05 1.187636864e-10 -0.135798867)
(0.0001134951432 1.187644831e-10 -0.1358004265)
(0.0001614533377 1.187654541e-10 -0.1358023267)
(0.0002161683248 1.187665617e-10 -0.1358044946)
(0.000275537033 1.18767763e-10 -0.1358068469)
(0.0003372786887 1.187690129e-10 -0.1358092932)
(0.0003990203445 1.187702627e-10 -0.1358117395)
(0.0004583890526 1.187714649e-10 -0.1358140918)
(0.0005131040396 1.187725725e-10 -0.1358162597)
(0.0005610622341 1.187735435e-10 -0.1358181599)
(0.0006004201552 1.187743402e-10 -0.1358197193)
(0.000629665832 1.187749322e-10 -0.1358208781)
(0.0006476749786 1.187752966e-10 -0.1358215916)
(0.0006537560918 1.187754197e-10 -0.1358218326)
(0.0006476749785 1.187752966e-10 -0.1358215916)
(0.0006296658318 1.187749322e-10 -0.1358208781)
(0.000600420155 1.187743402e-10 -0.1358197193)
(0.0005610622339 1.187735435e-10 -0.1358181599)
(0.0005131040393 1.187725725e-10 -0.1358162597)
(0.0004583890523 1.187714649e-10 -0.1358140918)
(0.0003990203441 1.187702627e-10 -0.1358117395)
(0.0003372786884 1.187690129e-10 -0.1358092932)
(0.0002755370326 1.18767763e-10 -0.1358068469)
(0.0002161683245 1.187665617e-10 -0.1358044946)
(0.0001614533374 1.187654541e-10 -0.1358023267)
(0.0001134951429 1.187644831e-10 -0.1358004265)
(7.41372219e-05 1.187636864e-10 -0.135798867)
(4.48915451e-05 1.18763094e-10 -0.1357977083)
(2.68823985e-05 1.187627294e-10 -0.1357969947)
(5.937354061e-06 1.208156753e-10 -0.1393163052)
(1.204290422e-05 1.208157996e-10 -0.1393165481)
(3.012442026e-05 1.208161674e-10 -0.1393172674)
(5.948762026e-05 1.20816765e-10 -0.1393184355)
(9.900370032e-05 1.208175695e-10 -0.1393200075)
(0.0001471546138 1.208185492e-10 -0.139321923)
(0.0002020894719 1.208196672e-10 -0.1393241084)
(0.000261696752 1.208208802e-10 -0.1393264797)
(0.0003236865152 1.208221414e-10 -0.1393289457)
(0.0003856762785 1.208234025e-10 -0.1393314118)
(0.0004452835585 1.208246155e-10 -0.1393337831)
(0.0005002184165 1.208257335e-10 -0.1393359684)
(0.00054836933 1.208267132e-10 -0.139337884)
(0.00058788541 1.208275177e-10 -0.139339456)
(0.0006172486099 1.208281149e-10 -0.1393406241)
(0.0006353301259 1.208284829e-10 -0.1393413434)
(0.000641435676 1.20828607e-10 -0.1393415863)
(0.0006353301258 1.208284829e-10 -0.1393413434)
(0.0006172486098 1.208281149e-10 -0.1393406241)
(0.0005878854098 1.208275177e-10 -0.139339456)
(0.0005483693297 1.208267132e-10 -0.139337884)
(0.0005002184162 1.208257335e-10 -0.1393359684)
(0.0004452835582 1.208246155e-10 -0.1393337831)
(0.0003856762781 1.208234025e-10 -0.1393314118)
(0.0003236865148 1.208221414e-10 -0.1393289457)
(0.0002616967516 1.208208802e-10 -0.1393264797)
(0.0002020894716 1.208196672e-10 -0.1393241084)
(0.0001471546135 1.208185492e-10 -0.139321923)
(9.900370006e-05 1.208175695e-10 -0.1393200075)
(5.948762006e-05 1.20816765e-10 -0.1393184355)
(3.012442012e-05 1.208161674e-10 -0.1393172674)
(1.204290415e-05 1.208157996e-10 -0.1393165481)
(-1.000019706e-05 1.228235663e-10 -0.1428505658)
(-3.870926992e-06 1.228236915e-10 -0.1428508105)
(1.428083528e-05 1.228240626e-10 -0.1428515355)
(4.375811056e-05 1.228246654e-10 -0.1428527127)
(8.342770958e-05 1.228254764e-10 -0.1428542969)
(0.0001317656882 1.228264647e-10 -0.1428562274)
(0.0001869139668 1.228275923e-10 -0.1428584298)
(0.0002467528196 1.228288157e-10 -0.1428608196)
(0.0003089834115 1.228300881e-10 -0.1428633049)
(0.0003712140034 1.228313605e-10 -0.1428657901)
(0.0004310528562 1.228325839e-10 -0.1428681799)
(0.0004862011348 1.228337115e-10 -0.1428703823)
(0.0005345391133 1.228346999e-10 -0.1428723128)
(0.0005742087123 1.228355109e-10 -0.142873897)
(0.0006036859875 1.228361137e-10 -0.1428750743)
(0.0006218377497 1.228364849e-10 -0.1428757992)
(0.0006279670197 1.228366102e-10 -0.142876044)
(0.0006218377496 1.228364849e-10 -0.1428757992)
(0.0006036859874 1.228361137e-10 -0.1428750743)
(0.0005742087121 1.228355109e-10 -0.142873897)
(0.0005345391131 1.228346999e-10 -0.1428723128)
(0.0004862011345 1.228337115e-10 -0.1428703823)
(0.0004310528559 1.228325839e-10 -0.1428681799)
(0.0003712140031 1.228313605e-10 -0.1428657901)
(0.0003089834111 1.228300881e-10 -0.1428633049)
(0.0002467528192 1.228288157e-10 -0.1428608196)
(0.0001869139664 1.228275923e-10 -0.1428584298)
(0.0001317656879 1.228264647e-10 -0.1428562274)
(8.342770933e-05 1.228254764e-10 -0.1428542969)
(4.375811036e-05 1.228246654e-10 -0.1428527127)
(1.428083514e-05 1.228240626e-10 -0.1428515355)
(-3.870927062e-06 1.228236915e-10 -0.1428508105)
(-2.696991827e-05 1.24785093e-10 -0.1463975023)
(-2.081772514e-05 1.247852194e-10 -0.1463977489)
(-2.598076504e-06 1.247855933e-10 -0.1463984792)
(2.69894418e-05 1.247862009e-10 -0.1463996653)
(6.680740246e-05 1.247870188e-10 -0.1464012614)
(0.0001153261618 1.24788015e-10 -0.1464032064)
(0.0001706806913 1.247891517e-10 -0.1464054253)
(0.0002307433374 1.247903846e-10 -0.146407833)
(0.0002932066675 1.247916675e-10 -0.146410337)
(0.0003556699977 1.247929503e-10 -0.1464128409)
(0.0004157326438 1.247941841e-10 -0.1464152486)
(0.0004710871732 1.247953208e-10 -0.1464174676)
(0.0005196059325 1.247963169e-10 -0.1464194125)
(0.0005594238931 1.247971349e-10 -0.1464210087)
(0.0005890114114 1.247977425e-10 -0.1464221947)
(0.0006072310599 1.247981166e-10 -0.1464229251)
(0.000613383253 1.247982429e-10 -0.1464231717)
(0.0006072310599 1.247981166e-10 -0.1464229251)
(0.0005890114112 1.247977425e-10 -0.1464221947)
(0.0005594238929 1.247971349e-10 -0.1464210087)
(0.0005196059323 1.247963169e-10 -0.1464194125)
(0.0004710871729 1.247953208e-10 -0.1464174676)
(0.0004157326434 1.247941841e-10 -0.1464152486)
(0.0003556699973 1.247929503e-10 -0.1464128409)
(0.0002932066672 1.247916675e-10 -0.146410337)
(0.0002307433371 1.247903846e-10 -0.146407833)
(0.000170680691 1.247891517e-10 -0.1464054253)
(0.0001153261615 1.24788015e-10 -0.1464032064)
(6.680740221e-05 1.247870188e-10 -0.1464012614)
(2.698944161e-05 1.247862009e-10 -0.1463996653)
(-2.598076638e-06 1.247855933e-10 -0.1463984792)
(-2.081772521e-05 1.247852194e-10 -0.1463977489)
(-4.494178525e-05 1.267010253e-10 -0.1499582407)
(-3.876752223e-05 1.267011525e-10 -0.1499584891)
(-2.048251384e-05 1.267015295e-10 -0.1499592248)
(9.21114443e-06 1.267021418e-10 -0.1499604194)
(4.917194494e-05 1.267029654e-10 -0.149962027)
(9.786475673e-05 1.267039694e-10 -0.1499639859)
(0.0001534178607 1.267051147e-10 -0.1499662209)
(0.0002136959709 1.267063572e-10 -0.1499686459)
(0.0002763833771 1.267076496e-10 -0.1499711679)
(0.0003390707834 1.267089419e-10 -0.1499736898)
(0.0003993488935 1.267101853e-10 -0.1499761148)
(0.0004549019975 1.267113307e-10 -0.1499783498)
(0.0005035948092 1.267123346e-10 -0.1499803087)
(0.0005435556097 1.267131582e-10 -0.1499819164)
(0.0005732492679 1.267137706e-10 -0.149983111)
(0.0005915342762 1.267141473e-10 -0.1499838466)
(0.0005977085392 1.267142747e-10 -0.149984095)
(0.0005915342762 1.267141473e-10 -0.1499838466)
(0.0005732492678 1.267137706e-10 -0.149983111)
(0.0005435556095 1.267131582e-10 -0.1499819164)
(0.000503594809 1.267123346e-10 -0.1499803087)
(0.0004549019972 1.267113307e-10 -0.1499783498)
(0.0003993488932 1.267101853e-10 -0.1499761148)
(0.000339070783 1.267089419e-10 -0.1499736898)
(0.0002763833768 1.267076496e-10 -0.1499711679)
(0.0002136959706 1.267063572e-10 -0.1499686459)
(0.0001534178604 1.267051147e-10 -0.1499662209)
(9.786475645e-05 1.267039694e-10 -0.1499639859)
(4.91719447e-05 1.267029654e-10 -0.149962027)
(9.211144241e-06 1.267021418e-10 -0.1499604194)
(-2.048251397e-05 1.267015295e-10 -0.1499592248)
(-3.876752229e-05 1.267011525e-10 -0.1499584891)
(-6.386669424e-05 1.285705925e-10 -0.1535306592)
(-5.767128821e-05 1.285707207e-10 -0.1535309093)
(-3.932366508e-05 1.285711004e-10 -0.1535316499)
(-9.528324547e-06 1.285717171e-10 -0.1535328527)
(3.056931678e-05 1.285725467e-10 -0.1535344714)
(7.942887108e-05 1.285735576e-10 -0.1535364438)
(0.0001351722098 1.285747108e-10 -0.1535386941)
(0.0001956567349 1.285759615e-10 -0.1535411358)
(0.0002585588064 1.285772634e-10 -0.1535436751)
(0.0003214608779 1.285785653e-10 -0.1535462144)
(0.000381945403 1.285798169e-10 -0.1535486561)
(0.0004376887417 1.285809701e-10 -0.1535509064)
(0.0004865482959 1.28581981e-10 -0.1535528788)
(0.0005266459372 1.285828106e-10 -0.1535544975)
(0.0005564412777 1.285834273e-10 -0.1535557003)
(0.0005747889008 1.285838068e-10 -0.153556441)
(0.0005809843067 1.28583935e-10 -0.1535566911)
(0.0005747889007 1.285838068e-10 -0.153556441)
(0.0005564412776 1.285834273e-10 -0.1535557003)
(0.000526645937 1.285828106e-10 -0.1535544975)
(0.0004865482957 1.28581981e-10 -0.1535528788)
(0.0004376887414 1.285809701e-10 -0.1535509064)
(0.0003819454027 1.285798169e-10 -0.1535486561)
(0.0003214608776 1.285785653e-10 -0.1535462144)
(0.0002585588061 1.285772634e-10 -0.1535436751)
(0.0001956567346 1.285759615e-10 -0.1535411358)
(0.0001351722095 1.285747108e-10 -0.1535386941)
(7.942887081e-05 1.285735576e-10 -0.1535364438)
(3.056931655e-05 1.285725467e-10 -0.1535344714)
(-9.528324732e-06 1.285717171e-10 -0.1535328527)
(-3.93236652e-05 1.285711004e-10 -0.1535316499)
(-5.767128828e-05 1.285707207e-10 -0.1535309093)
(-8.370899884e-05 1.303949949e-10 -0.1571158214)
(-7.749342791e-05 1.30395124e-10 -0.1571160732)
(-5.908608663e-05 1.30395506e-10 -0.1571168187)
(-2.919376775e-05 1.303961266e-10 -0.1571180293)
(1.103438404e-05 1.303969615e-10 -0.1571196586)
(6.005296721e-05 1.303979789e-10 -0.1571216439)
(0.0001159777403 1.303991398e-10 -0.1571239089)
(0.0001766591314 1.304003997e-10 -0.1571263665)
(0.0002397659376 1.304017094e-10 -0.1571289224)
(0.0003028727438 1.304030191e-10 -0.1571314783)
(0.0003635541349 1.30404279e-10 -0.1571339359)
(0.0004194789079 1.304054399e-10 -0.1571362009)
(0.000468497491 1.304064573e-10 -0.1571381862)
(0.0005087256428 1.304072922e-10 -0.1571398154)
(0.0005386179616 1.304079128e-10 -0.1571410261)
(0.0005570253028 1.304082951e-10 -0.1571417716)
(0.0005632408737 1.30408424e-10 -0.1571420233)
(0.0005570253027 1.304082951e-10 -0.1571417716)
(0.0005386179615 1.304079128e-10 -0.1571410261)
(0.0005087256426 1.304072922e-10 -0.1571398154)
(0.0004684974908 1.304064573e-10 -0.1571381862)
(0.0004194789076 1.304054399e-10 -0.1571362009)
(0.0003635541346 1.30404279e-10 -0.1571339359)
(0.0003028727434 1.304030191e-10 -0.1571314783)
(0.0002397659373 1.304017094e-10 -0.1571289224)
(0.0001766591311 1.304003997e-10 -0.1571263665)
(0.00011597774 1.303991398e-10 -0.1571239089)
(6.005296694e-05 1.303979789e-10 -0.1571216439)
(1.103438381e-05 1.303969615e-10 -0.1571196586)
(-2.919376793e-05 1.303961266e-10 -0.1571180293)
(-5.908608676e-05 1.30395506e-10 -0.1571168187)
(-7.749342798e-05 1.30395124e-10 -0.1571160732)
(-0.0001044125179 1.321740725e-10 -0.1607115243)
(-9.817782662e-05 1.321742024e-10 -0.1607117776)
(-7.971386064e-05 1.321745866e-10 -0.1607125277)
(-4.972958694e-05 1.321752109e-10 -0.1607137459)
(-9.377685239e-06 1.321760509e-10 -0.1607153852)
(3.9791689e-05 1.321770744e-10 -0.1607173827)
(9.588849795e-05 1.321782423e-10 -0.1607196617)
(0.0001567565573 1.321795095e-10 -0.1607221345)
(0.0002200574928 1.32180827e-10 -0.1607247061)
(0.0002833584282 1.321821446e-10 -0.1607272778)
(0.0003442264875 1.321834118e-10 -0.1607297506)
(0.0004003232965 1.321845797e-10 -0.1607320296)
(0.0004494926707 1.321856032e-10 -0.1607340271)
(0.0004898445723 1.321864432e-10 -0.1607356664)
(0.000519828846 1.321870675e-10 -0.1607368846)
(0.0005382928119 1.32187452e-10 -0.1607376347)
(0.0005445275031 1.321875816e-10 -0.160737888)
(0.0005382928118 1.32187452e-10 -0.1607376347)
(0.0005198288459 1.321870675e-10 -0.1607368846)
(0.0004898445722 1.321864432e-10 -0.1607356664)
(0.0004494926704 1.321856032e-10 -0.1607340271)
(0.0004003232962 1.321845797e-10 -0.1607320296)
(0.0003442264873 1.321834118e-10 -0.1607297506)
(0.0002833584279 1.321821446e-10 -0.1607272778)
(0.0002200574924 1.32180827e-10 -0.1607247061)
(0.000156756557 1.321795095e-10 -0.1607221345)
(9.588849766e-05 1.321782423e-10 -0.1607196617)
(3.979168874e-05 1.321770744e-10 -0.1607173827)
(-9.377685462e-06 1.321760509e-10 -0.1607153852)
(-4.972958712e-05 1.321752109e-10 -0.1607137459)
(-7.971386076e-05 1.321745866e-10 -0.1607125277)
(-9.817782668e-05 1.321742024e-10 -0.1607117776)
(-0.0001259364811 1.339096434e-10 -0.164318776)
(-0.0001196837592 1.33909774e-10 -0.1643190308)
(-0.0001011663957 1.339101605e-10 -0.1643197852)
(-7.109540807e-05 1.339107878e-10 -0.1643210104)
(-3.062680939e-05 1.339116327e-10 -0.1643226593)
(1.86847618e-05 1.339126618e-10 -0.1643246684)
(7.494380172e-05 1.339138357e-10 -0.1643269606)
(0.0001359878904 1.33915109e-10 -0.1643294477)
(0.000199471891 1.339164344e-10 -0.1643320343)
(0.0002629558917 1.339177597e-10 -0.1643346209)
(0.0003239999803 1.339190338e-10 -0.164337108)
(0.0003802590202 1.339202078e-10 -0.1643394002)
(0.0004295705914 1.339212369e-10 -0.1643414093)
(0.00047003919 1.339220818e-10 -0.1643430582)
(0.0005001101776 1.339227091e-10 -0.1643442834)
(0.000518627541 1.339230956e-10 -0.1643450378)
(0.0005248802628 1.33923226e-10 -0.1643452926)
(0.0005186275409 1.339230956e-10 -0.1643450378)
(0.0005001101775 1.339227091e-10 -0.1643442834)
(0.0004700391898 1.339220818e-10 -0.1643430582)
(0.0004295705911 1.339212369e-10 -0.1643414093)
(0.00038025902 1.339202078e-10 -0.1643394002)
(0.00032399998 1.339190338e-10 -0.164337108)
(0.0002629558914 1.339177597e-10 -0.1643346209)
(0.0001994718907 1.339164344e-10 -0.1643320343)
(0.0001359878901 1.33915109e-10 -0.1643294477)
(7.494380143e-05 1.339138357e-10 -0.1643269606)
(1.868476154e-05 1.339126618e-10 -0.1643246684)
(-3.062680961e-05 1.339116327e-10 -0.1643226593)
(-7.109540824e-05 1.339107878e-10 -0.1643210104)
(-0.0001011663959 1.339101605e-10 -0.1643197852)
(-0.0001196837592 1.33909774e-10 -0.1643190308)
(-0.0001482183631 1.356023155e-10 -0.1679353012)
(-0.0001419487585 1.356024466e-10 -0.1679355573)
(-0.000123381397 1.356028352e-10 -0.1679363159)
(-9.322921581e-05 1.356034655e-10 -0.1679375477)
(-5.265134939e-05 1.356043142e-10 -0.1679392055)
(-3.206633894e-06 1.356053486e-10 -0.1679412255)
(5.320430894e-05 1.356065286e-10 -0.1679435301)
(0.0001144132205 1.356078088e-10 -0.1679460307)
(0.0001780686319 1.356091402e-10 -0.1679486313)
(0.0002417240433 1.356104716e-10 -0.1679512319)
(0.0003029329548 1.356117519e-10 -0.1679537325)
(0.0003593438976 1.356129319e-10 -0.1679560371)
(0.000408788613 1.356139662e-10 -0.1679580571)
(0.0004493664794 1.35614815e-10 -0.1679597149)
(0.0004795186606 1.356154457e-10 -0.1679609467)
(0.000498086022 1.356158341e-10 -0.1679617053)
(0.0005043556266 1.356159652e-10 -0.1679619614)
(0.0004980860219 1.356158341e-10 -0.1679617053)
(0.0004795186604 1.356154457e-10 -0.1679609467)
(0.0004493664792 1.35614815e-10 -0.1679597149)
(0.0004087886128 1.356139662e-10 -0.1679580571)
(0.0003593438973 1.356129319e-10 -0.1679560371)
(0.0003029329545 1.356117519e-10 -0.1679537325)
(0.000241724043 1.356104716e-10 -0.1679512319)
(0.0001780686316 1.356091402e-10 -0.1679486313)
(0.0001144132202 1.356078088e-10 -0.1679460307)
(5.320430866e-05 1.356065286e-10 -0.1679435301)
(-3.206634145e-06 1.356053486e-10 -0.1679412255)
(-5.265134961e-05 1.356043142e-10 -0.1679392055)
(-9.322921598e-05 1.356034655e-10 -0.1679375477)
(-0.0001233813971 1.356028352e-10 -0.1679363159)
(-0.0001419487586 1.356024466e-10 -0.1679355573)
(-0.0001712128987 1.372546327e-10 -0.1715620597)
(-0.0001649275975 1.372547644e-10 -0.1715623171)
(-0.000146313751 1.372551545e-10 -0.1715630795)
(-0.000116086081 1.372557879e-10 -0.1715643175)
(-7.540662421e-05 1.372566405e-10 -0.1715659836)
(-2.583811936e-05 1.372576792e-10 -0.1715680138)
(3.071405341e-05 1.372588644e-10 -0.1715703299)
(9.207620701e-05 1.372601503e-10 -0.1715728431)
(0.0001558909855 1.372614878e-10 -0.1715754568)
(0.000219705764 1.372628252e-10 -0.1715780704)
(0.0002810679176 1.372641111e-10 -0.1715805836)
(0.0003376200904 1.372652964e-10 -0.1715828998)
(0.0003871885952 1.37266335e-10 -0.1715849299)
(0.0004278680519 1.372671876e-10 -0.171586596)
(0.0004580957218 1.372678215e-10 -0.171587834)
(0.0004767095683 1.372682116e-10 -0.1715885964)
(0.0004829948694 1.372683433e-10 -0.1715888538)
(0.0004767095683 1.372682116e-10 -0.1715885964)
(0.0004580957217 1.372678215e-10 -0.171587834)
(0.0004278680518 1.372671876e-10 -0.171586596)
(0.000387188595 1.37266335e-10 -0.1715849299)
(0.0003376200901 1.372652964e-10 -0.1715828998)
(0.0002810679174 1.372641111e-10 -0.1715805836)
(0.0002197057638 1.372628252e-10 -0.1715780704)
(0.0001558909852 1.372614878e-10 -0.1715754568)
(9.207620672e-05 1.372601503e-10 -0.1715728431)
(3.071405314e-05 1.372588644e-10 -0.1715703299)
(-2.58381196e-05 1.372576792e-10 -0.1715680138)
(-7.540662441e-05 1.372566405e-10 -0.1715659836)
(-0.0001160860812 1.372557879e-10 -0.1715643175)
(-0.0001463137511 1.372551545e-10 -0.1715630795)
(-0.0001649275976 1.372547644e-10 -0.1715623171)
(-0.0001948520982 1.388679951e-10 -0.1751967143)
(-0.0001885523356 1.388681274e-10 -0.175196973)
(-0.0001698956616 1.388685189e-10 -0.1751977388)
(-0.0001395984428 1.388691549e-10 -0.1751989826)
(-9.88253893e-05 1.38870011e-10 -0.1752006563)
(-4.914283553e-05 1.38871054e-10 -0.1752026959)
(7.539454435e-06 1.38872244e-10 -0.1752050227)
(6.90427922e-05 1.388735351e-10 -0.1752075475)
(0.000133004398 1.388748777e-10 -0.1752101732)
(0.0001969660037 1.388762204e-10 -0.1752127989)
(0.0002584693415 1.388775115e-10 -0.1752153237)
(0.0003151516314 1.388787015e-10 -0.1752176506)
(0.0003648341852 1.388797445e-10 -0.1752196901)
(0.0004056072386 1.388806006e-10 -0.1752213639)
(0.0004359044574 1.388812366e-10 -0.1752226076)
(0.0004545611313 1.388816285e-10 -0.1752233735)
(0.0004608608938 1.388817607e-10 -0.1752236321)
(0.0004545611312 1.388816285e-10 -0.1752233735)
(0.0004359044573 1.388812366e-10 -0.1752226076)
(0.0004056072385 1.388806006e-10 -0.1752213639)
(0.0003648341849 1.388797445e-10 -0.1752196901)
(0.0003151516312 1.388787015e-10 -0.1752176506)
(0.0002584693412 1.388775115e-10 -0.1752153237)
(0.0001969660034 1.388762204e-10 -0.1752127989)
(0.0001330043977 1.388748777e-10 -0.1752101732)
(6.904279192e-05 1.388735351e-10 -0.1752075475)
(7.53945417e-06 1.38872244e-10 -0.1752050227)
(-4.914283576e-05 1.38871054e-10 -0.1752026959)
(-9.882538951e-05 1.38870011e-10 -0.1752006563)
(-0.000139598443 1.388691549e-10 -0.1751989826)
(-0.0001698956617 1.388685189e-10 -0.1751977388)
(-0.0001885523356 1.388681274e-10 -0.175196973)
(-0.0002190869238 1.404455934e-10 -0.1788401848)
(-0.0002127739659 1.404457261e-10 -0.1788404445)
(-0.0001940782145 1.404461194e-10 -0.1788412136)
(-0.0001637175363 1.404467575e-10 -0.1788424625)
(-0.0001228590812 1.404476162e-10 -0.1788441433)
(-7.307246425e-05 1.404486631e-10 -0.1788461914)
(-1.62714498e-05 1.404498575e-10 -0.1788485281)
(4.536071044e-05 1.404511524e-10 -0.1788510635)
(0.0001094562877 1.404525003e-10 -0.1788537002)
(0.0001735518649 1.404538482e-10 -0.1788563369)
(0.0002351840251 1.40455144e-10 -0.1788588723)
(0.0002919850395 1.404563384e-10 -0.1788612089)
(0.0003417716564 1.404573853e-10 -0.178863257)
(0.0003826301115 1.40458244e-10 -0.1788649378)
(0.0004129907896 1.404588826e-10 -0.1788661868)
(0.000431686541 1.404592756e-10 -0.1788669559)
(0.0004379994988 1.404594084e-10 -0.1788672156)
(0.000431686541 1.404592756e-10 -0.1788669559)
(0.0004129907895 1.404588826e-10 -0.1788661868)
(0.0003826301113 1.40458244e-10 -0.1788649378)
(0.0003417716562 1.404573853e-10 -0.178863257)
(0.0002919850393 1.404563384e-10 -0.1788612089)
(0.0002351840249 1.40455144e-10 -0.1788588723)
(0.0001735518646 1.404538482e-10 -0.1788563369)
(0.0001094562874 1.404525003e-10 -0.1788537002)
(4.536071016e-05 1.404511524e-10 -0.1788510635)
(-1.627145006e-05 1.404498575e-10 -0.1788485281)
(-7.307246449e-05 1.404486631e-10 -0.1788461914)
(-0.0001228590814 1.404476162e-10 -0.1788441433)
(-0.0001637175364 1.404467575e-10 -0.1788424625)
(-0.0001940782146 1.404461194e-10 -0.1788412136)
(-0.000212773966 1.404457261e-10 -0.1788404445)
(-0.000243844809 1.41989398e-10 -0.1824900825)
(-0.0002375199624 1.419895311e-10 -0.1824903432)
(-0.0002187890023 1.419899257e-10 -0.1824911152)
(-0.0001883711477 1.419905656e-10 -0.1824923689)
(-0.0001474357463 1.419914273e-10 -0.182494056)
(-9.755536925e-05 1.419924777e-10 -0.1824961119)
(-4.064738486e-05 1.419936755e-10 -0.1824984573)
(2.110084353e-05 1.419949748e-10 -0.1825010023)
(8.531712811e-05 1.41996327e-10 -0.182503649)
(0.0001495334127 1.419976792e-10 -0.1825062956)
(0.0002112816411 1.419989794e-10 -0.1825088406)
(0.0002681896254 1.420001772e-10 -0.1825111861)
(0.0003180700024 1.420012276e-10 -0.1825132419)
(0.0003590054038 1.420020893e-10 -0.1825149291)
(0.0003894232584 1.420027297e-10 -0.1825161827)
(0.0004081542184 1.42003124e-10 -0.1825169547)
(0.000414479065 1.420032571e-10 -0.1825172154)
(0.0004081542183 1.42003124e-10 -0.1825169547)
(0.0003894232583 1.420027297e-10 -0.1825161827)
(0.0003590054037 1.420020893e-10 -0.1825149291)
(0.0003180700022 1.420012276e-10 -0.1825132419)
(0.0002681896252 1.420001772e-10 -0.1825111861)
(0.0002112816408 1.419989794e-10 -0.1825088406)
(0.0001495334124 1.419976792e-10 -0.1825062956)
(8.531712783e-05 1.41996327e-10 -0.182503649)
(2.110084326e-05 1.419949748e-10 -0.1825010023)
(-4.064738511e-05 1.419936755e-10 -0.1824984573)
(-9.755536948e-05 1.419924777e-10 -0.1824961119)
(-0.0001474357465 1.419914273e-10 -0.182494056)
(-0.0001883711479 1.419905656e-10 -0.1824923689)
(-0.0002187890024 1.419899257e-10 -0.1824911152)
(-0.0002375199624 1.419895311e-10 -0.1824903432)
(-0.0002690732805 1.435028855e-10 -0.1861472935)
(-0.0002627378804 1.43503019e-10 -0.1861475551)
(-0.0002439756666 1.435034147e-10 -0.1861483297)
(-0.000213507058 1.435040567e-10 -0.1861495875)
(-0.0001725033534 1.435049206e-10 -0.1861512803)
(-0.0001225397479 1.43505974e-10 -0.186153343)
(-6.553680912e-05 1.435071753e-10 -0.1861556963)
(-3.685550095e-06 1.435084794e-10 -0.1861582498)
(6.063788323e-05 1.435098351e-10 -0.1861609054)
(0.0001249613166 1.435111908e-10 -0.1861635609)
(0.0001868125756 1.43512494e-10 -0.1861661144)
(0.0002438155143 1.435136953e-10 -0.1861684677)
(0.0002937791198 1.435147487e-10 -0.1861705304)
(0.0003347828243 1.435156126e-10 -0.1861722232)
(0.0003652514329 1.435162551e-10 -0.1861734811)
(0.0003840136467 1.435166505e-10 -0.1861742556)
(0.0003903490466 1.43516784e-10 -0.1861745172)
(0.0003840136466 1.435166505e-10 -0.1861742556)
(0.0003652514328 1.435162551e-10 -0.1861734811)
(0.0003347828242 1.435156126e-10 -0.1861722232)
(0.0002937791196 1.435147487e-10 -0.1861705304)
(0.0002438155141 1.435136953e-10 -0.1861684677)
(0.0001868125753 1.43512494e-10 -0.1861661144)
(0.0001249613163 1.435111908e-10 -0.1861635609)
(6.063788296e-05 1.435098351e-10 -0.1861609054)
(-3.68555036e-06 1.435084794e-10 -0.1861582498)
(-6.553680937e-05 1.435071753e-10 -0.1861556963)
(-0.0001225397481 1.43505974e-10 -0.186153343)
(-0.0001725033536 1.435049206e-10 -0.1861512803)
(-0.0002135070581 1.435040567e-10 -0.1861495875)
(-0.0002439756667 1.435034147e-10 -0.1861483297)
(-0.0002627378805 1.43503019e-10 -0.1861475551)
(-0.000294694254 1.449881184e-10 -0.1898093794)
(-0.0002883496894 1.449882523e-10 -0.1898096417)
(-0.0002695603348 1.449886487e-10 -0.1898104185)
(-0.0002390476512 1.449892923e-10 -0.1898116801)
(-0.0001979846319 1.449901583e-10 -0.1898133778)
(-0.0001479487507 1.449912143e-10 -0.1898154465)
(-9.086335319e-05 1.449924187e-10 -0.1898178066)
(-2.892262207e-05 1.449937254e-10 -0.1898203675)
(3.549385952e-05 1.449950845e-10 -0.1898230307)
(9.99103411e-05 1.449964437e-10 -0.189825694)
(0.0001618510722 1.449977504e-10 -0.1898282548)
(0.0002189364697 1.449989547e-10 -0.189830615)
(0.0002689723509 1.450000107e-10 -0.1898326837)
(0.0003100353701 1.450008768e-10 -0.1898343814)
(0.0003405480536 1.450015208e-10 -0.1898356429)
(0.0003593374082 1.450019174e-10 -0.1898364197)
(0.0003656819728 1.450020512e-10 -0.189836682)
(0.0003593374081 1.450019174e-10 -0.1898364197)
(0.0003405480535 1.450015208e-10 -0.1898356429)
(0.00031003537 1.450008768e-10 -0.1898343814)
(0.0002689723507 1.450000107e-10 -0.1898326837)
(0.0002189364694 1.449989547e-10 -0.189830615)
(0.000161851072 1.449977504e-10 -0.1898282548)
(9.991034084e-05 1.449964437e-10 -0.189825694)
(3.549385925e-05 1.449950845e-10 -0.1898230307)
(-2.892262233e-05 1.449937254e-10 -0.1898203675)
(-9.086335344e-05 1.449924187e-10 -0.1898178066)
(-0.0001479487509 1.449912143e-10 -0.1898154465)
(-0.0001979846321 1.449901583e-10 -0.1898133778)
(-0.0002390476513 1.449892923e-10 -0.1898116801)
(-0.0002695603349 1.449886487e-10 -0.1898104185)
(-0.0002883496894 1.449882523e-10 -0.1898096417)
(-0.0003206446793 1.46448506e-10 -0.19347716)
(-0.0003142924528 1.4644864e-10 -0.1934774229)
(-0.0002954804078 1.464490369e-10 -0.1934782016)
(-0.0002649308765 1.464496818e-10 -0.1934794662)
(-0.0002238182688 1.464505492e-10 -0.193481168)
(-0.0001737219632 1.464516061e-10 -0.1934832417)
(-0.0001165676284 1.464528121e-10 -0.1934856076)
(-5.455209643e-05 1.464541205e-10 -0.1934881746)
(9.942175738e-06 1.464554814e-10 -0.1934908443)
(7.44364479e-05 1.464568423e-10 -0.193493514)
(0.0001364519798 1.464581507e-10 -0.1934960811)
(0.0001936063147 1.464593568e-10 -0.1934984469)
(0.0002437026202 1.464604137e-10 -0.1935005206)
(0.0002848152279 1.46461281e-10 -0.1935022225)
(0.0003153647591 1.464619255e-10 -0.193503487)
(0.0003341768041 1.464623226e-10 -0.1935042657)
(0.0003405290305 1.464624566e-10 -0.1935045287)
(0.000334176804 1.464623226e-10 -0.1935042657)
(0.000315364759 1.464619255e-10 -0.193503487)
(0.0002848152278 1.46461281e-10 -0.1935022225)
(0.00024370262 1.464604137e-10 -0.1935005206)
(0.0001936063145 1.464593568e-10 -0.1934984469)
(0.0001364519796 1.464581507e-10 -0.1934960811)
(7.443644764e-05 1.464568423e-10 -0.193493514)
(9.942175477e-06 1.464554814e-10 -0.1934908443)
(-5.455209668e-05 1.464541205e-10 -0.1934881746)
(-0.0001165676286 1.464528121e-10 -0.1934856076)
(-0.0001737219635 1.464516061e-10 -0.1934832417)
(-0.000223818269 1.464505492e-10 -0.193481168)
(-0.0002649308767 1.464496818e-10 -0.1934794662)
(-0.0002954804079 1.464490369e-10 -0.1934782016)
(-0.0003142924529 1.4644864e-10 -0.1934774229)
(-0.0003468107014 1.478868739e-10 -0.1971479955)
(-0.0003404527222 1.47887006e-10 -0.1971482589)
(-0.0003216236402 1.478873974e-10 -0.197149039)
(-0.0002910464421 1.47888033e-10 -0.1971503059)
(-0.0002498966011 1.478888882e-10 -0.1971520108)
(-0.0001997549264 1.478899308e-10 -0.1971540883)
(-0.0001425488303 1.478911199e-10 -0.1971564584)
(-8.047713461e-05 1.478924101e-10 -0.1971590302)
(-1.592445388e-05 1.478937519e-10 -0.1971617047)
(4.862822685e-05 1.478950937e-10 -0.1971643792)
(0.0001106999225 1.478963839e-10 -0.197166951)
(0.0001679060186 1.478975731e-10 -0.1971693211)
(0.0002180476933 1.478986157e-10 -0.1971713986)
(0.0002591975342 1.478994709e-10 -0.1971731035)
(0.0002897747323 1.479001069e-10 -0.1971743704)
(0.0003086038142 1.479004981e-10 -0.1971751505)
(0.0003149617934 1.479006303e-10 -0.1971754139)
(0.0003086038142 1.479004981e-10 -0.1971751505)
(0.0002897747322 1.479001069e-10 -0.1971743704)
(0.0002591975341 1.478994709e-10 -0.1971731035)
(0.0002180476931 1.478986157e-10 -0.1971713986)
(0.0001679060184 1.478975731e-10 -0.1971693211)
(0.0001106999223 1.478963839e-10 -0.197166951)
(4.86282266e-05 1.478950937e-10 -0.1971643792)
(-1.592445414e-05 1.478937519e-10 -0.1971617047)
(-8.047713487e-05 1.478924101e-10 -0.1971590302)
(-0.0001425488305 1.478911199e-10 -0.1971564584)
(-0.0001997549266 1.478899308e-10 -0.1971540883)
(-0.0002498966013 1.478888882e-10 -0.1971520108)
(-0.0002910464422 1.47888033e-10 -0.1971503059)
(-0.0003216236403 1.478873974e-10 -0.197149039)
(-0.0003404527222 1.47887006e-10 -0.1971482589)
(-0.0003729971836 1.493102342e-10 -0.2008220104)
(-0.0003666368831 1.493103685e-10 -0.200822274)
(-0.0003478009267 1.493107664e-10 -0.2008230547)
(-0.0003172125649 1.493114126e-10 -0.2008243225)
(-0.0002760477002 1.493122822e-10 -0.2008260286)
(-0.0002258877189 1.493133416e-10 -0.2008281076)
(-0.0001686607369 1.493145507e-10 -0.2008304795)
(-0.000106566379 1.493158618e-10 -0.2008330531)
(-4.199013028e-05 1.493172261e-10 -0.2008357296)
(2.258611849e-05 1.493185905e-10 -0.2008384061)
(8.468047636e-05 1.493199024e-10 -0.2008409797)
(0.0001419074583 1.493211115e-10 -0.2008433516)
(0.0001920674396 1.493221709e-10 -0.2008454306)
(0.0002332323042 1.493230405e-10 -0.2008471367)
(0.000263820666 1.493236867e-10 -0.2008484045)
(0.0002826566223 1.493240846e-10 -0.2008491852)
(0.0002890169228 1.493242189e-10 -0.2008494488)
(0.0002826566223 1.493240846e-10 -0.2008491852)
(0.0002638206659 1.493236867e-10 -0.2008484045)
(0.0002332323041 1.493230405e-10 -0.2008471367)
(0.0001920674394 1.493221709e-10 -0.2008454306)
(0.0001419074581 1.493211115e-10 -0.2008433516)
(8.468047613e-05 1.493199024e-10 -0.2008409797)
(2.258611824e-05 1.493185905e-10 -0.2008384061)
(-4.199013053e-05 1.493172261e-10 -0.2008357296)
(-0.0001065663793 1.493158618e-10 -0.2008330531)
(-0.0001686607372 1.493145507e-10 -0.2008304795)
(-0.0002258877191 1.493133416e-10 -0.2008281076)
(-0.0002760477004 1.493122822e-10 -0.2008260286)
(-0.000317212565 1.493114126e-10 -0.2008243225)
(-0.0003478009268 1.493107664e-10 -0.2008230547)
(-0.0003666368831 1.493103685e-10 -0.200822274)
)
;

boundaryField
{
    left
    {
        type            calculated;
    }
    right
    {
        type            calculated;
    }
    beam
    {
        type            empty;
    }
}


// ************************************************************************* //
