/*--------------------------------*- C++ -*----------------------------------*\
| =========                 |                                                 |
| \\      /  F ield         | OpenFOAM: The Open Source CFD Toolbox           |
|  \\    /   O peration     | Version:  2312                                  |
|   \\  /    A nd           | Website:  www.openfoam.com                      |
|    \\/     M anipulation  |                                                 |
\*---------------------------------------------------------------------------*/
FoamFile
{
    version     2.0;
    format      ascii;
    arch        "LSB;label=32;scalar=64";
    class       pointVectorField;
    location    "0.22/beam";
    object      pointW;
}
// * * * * * * * * * * * * * * * * * * * * * * * * * * * * * * * * * * * * * //

dimensions      [0 1 0 0 0 0 0];

internalField   nonuniform List<vector> 
1952
(
(-0.000310470495 -6.041866041e-15 1.20671895e-05)
(-0.0003045048044 -5.925815394e-15 1.183531845e-05)
(-0.0002868374808 -5.581906465e-15 1.114863503e-05)
(-0.0002581469023 -5.023759186e-15 1.003350605e-05)
(-0.0002195360154 -4.27219024e-15 8.532800191e-06)
(-0.0001724880927 -3.356689926e-15 6.704168461e-06)
(-0.000118811625 -2.311952713e-15 4.617902235e-06)
(-6.056976627e-05 -1.178744602e-15 2.354191005e-06)
(2.154070564e-13 0 -1.07098281e-14)
(6.056976669e-05 1.178744602e-15 -2.354191027e-06)
(0.0001188116254 2.311952713e-15 -4.617902255e-06)
(0.0001724880931 3.356689926e-15 -6.704168478e-06)
(0.0002195360157 4.27219024e-15 -8.532800206e-06)
(0.0002581469026 5.023759186e-15 -1.003350606e-05)
(0.000286837481 5.581906465e-15 -1.114863504e-05)
(0.0003045048045 5.925815394e-15 -1.183531845e-05)
(0.000310470495 6.041866041e-15 -1.20671895e-05)
(0.0003045048044 5.925815394e-15 -1.183531845e-05)
(0.0002868374808 5.581906465e-15 -1.114863503e-05)
(0.0002581469023 5.023759186e-15 -1.003350605e-05)
(0.0002195360154 4.27219024e-15 -8.532800191e-06)
(0.0001724880927 3.356689926e-15 -6.704168461e-06)
(0.000118811625 2.311952713e-15 -4.617902235e-06)
(6.056976627e-05 1.178744602e-15 -2.354191005e-06)
(-2.15407027e-13 0 1.070982696e-14)
(-6.056976669e-05 -1.178744602e-15 2.354191027e-06)
(-0.0001188116254 -2.311952713e-15 4.617902255e-06)
(-0.0001724880931 -3.356689926e-15 6.704168478e-06)
(-0.0002195360157 -4.27219024e-15 8.532800206e-06)
(-0.0002581469026 -5.023759186e-15 1.003350606e-05)
(-0.000286837481 -5.581906465e-15 1.114863504e-05)
(-0.0003045048045 -5.925815394e-15 1.183531845e-05)
(-0.0002911485361 2.389557129e-12 -0.003436555018)
(-0.0002851821556 2.389673203e-12 -0.003436786943)
(-0.0002675127887 2.390017004e-12 -0.003437473785)
(-0.000238818892 2.390576018e-12 -0.003438589173)
(-0.0002002035394 2.391327587e-12 -0.003440090226)
(-0.0001531501754 2.392243521e-12 -0.003441919282)
(-9.946749968e-05 2.393288259e-12 -0.003444006031)
(-4.121890494e-05 2.394422334e-12 -0.003446270267)
(1.93578668e-05 2.395601079e-12 -0.003448625003)
(7.993463853e-05 2.396779823e-12 -0.00345097974)
(0.0001381832332 2.397913899e-12 -0.003453243976)
(0.0001918659089 2.398958636e-12 -0.003455330725)
(0.0002389192729 2.39987457e-12 -0.003457159781)
(0.0002775346254 2.400626139e-12 -0.003458660834)
(0.000306228522 2.40118472e-12 -0.003459776222)
(0.0003238978888 2.40152852e-12 -0.003460463064)
(0.0003298642693 2.401644745e-12 -0.003460694989)
(0.0003238978887 2.40152852e-12 -0.003460463064)
(0.0003062285218 2.40118472e-12 -0.003459776222)
(0.0002775346251 2.400626139e-12 -0.003458660834)
(0.0002389192726 2.39987457e-12 -0.003457159781)
(0.0001918659086 2.398958636e-12 -0.003455330725)
(0.0001381832328 2.397913899e-12 -0.003453243976)
(7.99346381e-05 2.396779823e-12 -0.00345097974)
(1.935786637e-05 2.395601079e-12 -0.003448625003)
(-4.121890536e-05 2.394422334e-12 -0.003446270267)
(-9.946750007e-05 2.393288259e-12 -0.003444006031)
(-0.0001531501758 2.392243521e-12 -0.003441919282)
(-0.0002002035397 2.391327587e-12 -0.003440090226)
(-0.0002388188922 2.390576018e-12 -0.003438589173)
(-0.0002675127888 2.390017004e-12 -0.003437473785)
(-0.0002851821556 2.389673203e-12 -0.003436786943)
(-0.0002719602429 4.784302512e-12 -0.006885968264)
(-0.0002659917961 4.78441863e-12 -0.00688620035)
(-0.00024831631 4.784763081e-12 -0.006886887669)
(-0.0002196124761 4.785321878e-12 -0.00688800383)
(-0.0001809837504 4.786074315e-12 -0.006889505925)
(-0.000133914091 4.786991116e-12 -0.00689133625)
(-8.021282409e-05 4.788037154e-12 -0.006893424447)
(-2.194405688e-05 4.789171663e-12 -0.006895690254)
(3.865369362e-05 4.790352143e-12 -0.006898046624)
(9.925144411e-05 4.791532622e-12 -0.006900402994)
(0.0001575202113 4.792667131e-12 -0.006902668801)
(0.0002112214782 4.793713169e-12 -0.006904756998)
(0.0002582911375 4.794629971e-12 -0.006906587323)
(0.0002969198632 4.795382407e-12 -0.006908089418)
(0.000325623697 4.795941205e-12 -0.006909205579)
(0.000343299183 4.796285439e-12 -0.006909892898)
(0.0003492676297 4.796401757e-12 -0.006910124984)
(0.0003432991829 4.796285439e-12 -0.006909892898)
(0.0003256236968 4.795941205e-12 -0.006909205579)
(0.0002969198629 4.795382407e-12 -0.006908089418)
(0.0002582911372 4.794629971e-12 -0.006906587323)
(0.0002112214778 4.793713169e-12 -0.006904756998)
(0.0001575202109 4.792667131e-12 -0.006902668801)
(9.925144368e-05 4.791532622e-12 -0.006900402994)
(3.865369319e-05 4.790352143e-12 -0.006898046624)
(-2.19440573e-05 4.789171663e-12 -0.006895690254)
(-8.021282449e-05 4.788037154e-12 -0.006893424447)
(-0.0001339140914 4.786991116e-12 -0.00689133625)
(-0.0001809837507 4.786074315e-12 -0.006889505925)
(-0.0002196124764 4.785321878e-12 -0.00688800383)
(-0.0002483163102 4.784763081e-12 -0.006886887669)
(-0.0002659917962 4.78441863e-12 -0.00688620035)
(-0.0002529668083 7.179340366e-12 -0.01033696501)
(-0.0002469949298 7.17945679e-12 -0.01033719736)
(-0.0002293092808 7.179801892e-12 -0.01033788547)
(-0.0002005889431 7.180361774e-12 -0.01033900292)
(-0.000161938007 7.181115078e-12 -0.01034050675)
(-0.0001148412839 7.182033614e-12 -0.01034233918)
(-6.110914032e-05 7.183080953e-12 -0.01034442978)
(-2.806870268e-06 7.184216763e-12 -0.0103466982)
(5.782572217e-05 7.185398977e-12 -0.01034905728)
(0.0001184583146 7.186581191e-12 -0.01035141637)
(0.0001767605846 7.187718736e-12 -0.01035368479)
(0.0002304927282 7.188766075e-12 -0.01035577539)
(0.0002775894512 7.189684612e-12 -0.01035760782)
(0.0003162403872 7.190437915e-12 -0.01035911165)
(0.0003449607249 7.190997797e-12 -0.01036022909)
(0.0003626463738 7.191342465e-12 -0.01036091721)
(0.0003686182522 7.191458929e-12 -0.01036114956)
(0.0003626463737 7.191342465e-12 -0.01036091721)
(0.0003449607247 7.190997797e-12 -0.01036022909)
(0.000316240387 7.190437915e-12 -0.01035911165)
(0.0002775894509 7.189684612e-12 -0.01035760782)
(0.0002304927278 7.188766075e-12 -0.01035577539)
(0.0001767605842 7.187718736e-12 -0.01035368479)
(0.0001184583142 7.186581191e-12 -0.01035141637)
(5.782572174e-05 7.185398977e-12 -0.01034905728)
(-2.80687069e-06 7.184216763e-12 -0.0103466982)
(-6.110914072e-05 7.183080953e-12 -0.01034442978)
(-0.0001148412843 7.182033614e-12 -0.01034233918)
(-0.0001619380073 7.181115078e-12 -0.01034050675)
(-0.0002005889433 7.180361774e-12 -0.01033900292)
(-0.000229309281 7.179801892e-12 -0.01033788547)
(-0.0002469949299 7.17945679e-12 -0.01033719736)
(-0.0002342284934 9.57480846e-12 -0.01379032941)
(-0.0002282518357 9.574925163e-12 -0.01379056214)
(-0.0002105520333 9.575270698e-12 -0.01379125135)
(-0.0001818087113 9.575831881e-12 -0.01379237059)
(-0.0001431268437 9.576587353e-12 -0.01379387683)
(-9.599243018e-05 9.57750719e-12 -0.0137957122)
(-4.221728594e-05 9.578557131e-12 -0.01379780616)
(1.613164213e-05 9.579696411e-12 -0.01380007821)
(7.681275748e-05 9.580881227e-12 -0.01380244108)
(0.0001374938728 9.582066043e-12 -0.01380480395)
(0.0001958428009 9.583205323e-12 -0.013807076)
(0.0002496179451 9.584255264e-12 -0.01380916996)
(0.0002967523586 9.585175102e-12 -0.01381100533)
(0.0003354342261 9.585930574e-12 -0.01381251157)
(0.000364177548 9.586491757e-12 -0.01381363081)
(0.0003818773503 9.586837292e-12 -0.01381432002)
(0.0003878540079 9.586953929e-12 -0.01381455275)
(0.0003818773502 9.586837292e-12 -0.01381432002)
(0.0003641775478 9.586491757e-12 -0.01381363081)
(0.0003354342258 9.585930574e-12 -0.01381251157)
(0.0002967523583 9.585175102e-12 -0.01381100533)
(0.0002496179447 9.584255264e-12 -0.01380916996)
(0.0001958428005 9.583205323e-12 -0.013807076)
(0.0001374938724 9.582066043e-12 -0.01380480395)
(7.681275705e-05 9.580881227e-12 -0.01380244108)
(1.61316417e-05 9.579696411e-12 -0.01380007821)
(-4.221728634e-05 9.578557131e-12 -0.01379780616)
(-9.599243054e-05 9.57750719e-12 -0.0137957122)
(-0.000143126844 9.576587353e-12 -0.01379387683)
(-0.0001818087115 9.575831881e-12 -0.01379237059)
(-0.0002105520335 9.575270698e-12 -0.01379125135)
(-0.0002282518358 9.574925163e-12 -0.01379056214)
(-0.0002158043671 1.197083217e-11 -0.01724683331)
(-0.0002098216075 1.197094919e-11 -0.01724706651)
(-0.0001921037345 1.19712957e-11 -0.01724775714)
(-0.0001633310669 1.19718584e-11 -0.01724887867)
(-0.0001246097071 1.197261604e-11 -0.01725038799)
(-7.742717157e-05 1.197353848e-11 -0.01725222711)
(-2.359712552e-05 1.197459146e-11 -0.01725432535)
(3.481137396e-05 1.197573377e-11 -0.01725660206)
(9.555444178e-05 1.197692206e-11 -0.01725896976)
(0.0001562975096 1.197811034e-11 -0.01726133746)
(0.0002147060091 1.197925266e-11 -0.01726361417)
(0.0002685360551 1.198030564e-11 -0.01726571241)
(0.0003157185905 1.198122808e-11 -0.01726755153)
(0.0003544399503 1.198198572e-11 -0.01726906085)
(0.0003832126178 1.198254842e-11 -0.01727018238)
(0.0004009304907 1.198289493e-11 -0.01727087301)
(0.0004069132502 1.1983012e-11 -0.01727110621)
(0.0004009304907 1.198289493e-11 -0.01727087301)
(0.0003832126176 1.198254842e-11 -0.01727018238)
(0.0003544399501 1.198198572e-11 -0.01726906085)
(0.0003157185902 1.198122808e-11 -0.01726755153)
(0.0002685360547 1.198030564e-11 -0.01726571241)
(0.0002147060087 1.197925266e-11 -0.01726361417)
(0.0001562975092 1.197811034e-11 -0.01726133746)
(9.555444135e-05 1.197692206e-11 -0.01725896976)
(3.481137354e-05 1.197573377e-11 -0.01725660206)
(-2.359712592e-05 1.197459146e-11 -0.01725432535)
(-7.742717193e-05 1.197353848e-11 -0.01725222711)
(-0.0001246097074 1.197261604e-11 -0.01725038799)
(-0.0001633310672 1.19718584e-11 -0.01724887867)
(-0.0001921037346 1.19712957e-11 -0.01724775714)
(-0.0002098216076 1.197094919e-11 -0.01724706651)
(-0.0001977520631 1.436752056e-11 -0.02070723239)
(-0.0001917619102 1.436763794e-11 -0.02070746617)
(-0.0001740221418 1.436798575e-11 -0.0207081585)
(-0.0001452139175 1.436855019e-11 -0.02070928281)
(-0.0001064447066 1.436931043e-11 -0.02071079587)
(-5.920386388e-05 1.437023634e-11 -0.02071263955)
(-5.307295749e-06 1.437129278e-11 -0.02071474299)
(5.317338377e-05 1.437243987e-11 -0.02071702533)
(0.0001139915166 1.437363163e-11 -0.0207193989)
(0.0001748096495 1.437482338e-11 -0.02072177247)
(0.000233290329 1.43759696e-11 -0.02072405481)
(0.0002871868971 1.437702605e-11 -0.02072615824)
(0.0003344277398 1.437795195e-11 -0.02072800193)
(0.0003731969506 1.43787122e-11 -0.02072951498)
(0.0004020051748 1.437927707e-11 -0.02073063929)
(0.0004197449431 1.437962466e-11 -0.02073133163)
(0.000425735096 1.437974203e-11 -0.02073156541)
(0.0004197449431 1.437962466e-11 -0.02073133163)
(0.0004020051746 1.437927707e-11 -0.02073063929)
(0.0003731969504 1.43787122e-11 -0.02072951498)
(0.0003344277395 1.437795195e-11 -0.02072800193)
(0.0002871868967 1.437702605e-11 -0.02072615824)
(0.0002332903286 1.43759696e-11 -0.02072405481)
(0.0001748096491 1.437482338e-11 -0.02072177247)
(0.0001139915162 1.437363163e-11 -0.0207193989)
(5.317338335e-05 1.437243987e-11 -0.02071702533)
(-5.307296147e-06 1.437129278e-11 -0.02071474299)
(-5.920386424e-05 1.437023634e-11 -0.02071263955)
(-0.0001064447069 1.436931043e-11 -0.02071079587)
(-0.0001452139178 1.436855019e-11 -0.02070928281)
(-0.0001740221419 1.436798575e-11 -0.0207081585)
(-0.0001917619103 1.436763794e-11 -0.02070746617)
(-0.0001801275541 1.676496257e-11 -0.02417226256)
(-0.0001741287536 1.676508043e-11 -0.02417249702)
(-0.0001563633753 1.676542976e-11 -0.02417319136)
(-0.0001275135623 1.676599658e-11 -0.02417431892)
(-8.868838255e-05 1.676675942e-11 -0.02417583635)
(-4.1379341e-05 1.676768923e-11 -0.02417768537)
(1.259503445e-05 1.676874958e-11 -0.02417979489)
(7.11601391e-05 1.676990057e-11 -0.02418208384)
(0.0001320660715 1.677109753e-11 -0.02418446428)
(0.000192972004 1.677229449e-11 -0.02418684471)
(0.0002515371086 1.677344548e-11 -0.02418913366)
(0.000305511484 1.677450583e-11 -0.02419124318)
(0.0003528205255 1.677543564e-11 -0.0241930922)
(0.0003916457052 1.677619849e-11 -0.02419460964)
(0.0004204955181 1.677676574e-11 -0.0241957372)
(0.0004382608963 1.677711485e-11 -0.02419643154)
(0.0004442596968 1.677723275e-11 -0.02419666599)
(0.0004382608963 1.677711485e-11 -0.02419643154)
(0.000420495518 1.677676574e-11 -0.0241957372)
(0.000391645705 1.677619849e-11 -0.02419460964)
(0.0003528205252 1.677543564e-11 -0.0241930922)
(0.0003055114837 1.677450583e-11 -0.02419124318)
(0.0002515371082 1.677344548e-11 -0.02418913366)
(0.0001929720036 1.677229449e-11 -0.02418684471)
(0.0001320660711 1.677109753e-11 -0.02418446428)
(7.116013867e-05 1.676990057e-11 -0.02418208384)
(1.259503405e-05 1.676874958e-11 -0.02417979489)
(-4.137934136e-05 1.676768923e-11 -0.02417768537)
(-8.868838285e-05 1.676675942e-11 -0.02417583635)
(-0.0001275135626 1.676599658e-11 -0.02417431892)
(-0.0001563633755 1.676542976e-11 -0.02417319136)
(-0.0001741287537 1.676508043e-11 -0.02417249702)
(-0.0001629849452 1.916322343e-11 -0.02764263664)
(-0.0001569762855 1.916334192e-11 -0.02764287187)
(-0.0001391817095 1.916369255e-11 -0.0276435685)
(-0.0001102844814 1.916426176e-11 -0.02764469977)
(-7.139549177e-05 1.916502851e-11 -0.02764622221)
(-2.4008697e-05 1.916596222e-11 -0.02764807732)
(3.005438625e-05 1.916702777e-11 -0.02765019379)
(8.871574365e-05 1.91681844e-11 -0.02765249028)
(0.000149721776 1.916938656e-11 -0.02765487856)
(0.0002107278084 1.917058873e-11 -0.02765726684)
(0.0002693891658 1.917174449e-11 -0.02765956333)
(0.000323452249 1.917281004e-11 -0.0276616798)
(0.0003708390437 1.917374376e-11 -0.02766353491)
(0.0004097280333 1.91745105e-11 -0.02766505735)
(0.0004386252613 1.917508014e-11 -0.02766618862)
(0.0004564198373 1.917543077e-11 -0.02766688525)
(0.0004624284969 1.917554917e-11 -0.02766712048)
(0.0004564198372 1.917543077e-11 -0.02766688525)
(0.0004386252612 1.917508014e-11 -0.02766618862)
(0.000409728033 1.91745105e-11 -0.02766505735)
(0.0003708390434 1.917374376e-11 -0.02766353491)
(0.0003234522487 1.917281004e-11 -0.0276616798)
(0.0002693891654 1.917174449e-11 -0.02765956333)
(0.000210727808 1.917058873e-11 -0.02765726684)
(0.0001497217756 1.916938656e-11 -0.02765487856)
(8.871574323e-05 1.91681844e-11 -0.02765249028)
(3.005438585e-05 1.916702777e-11 -0.02765019379)
(-2.400869736e-05 1.916596222e-11 -0.02764807732)
(-7.139549207e-05 1.916502851e-11 -0.02764622221)
(-0.0001102844816 1.916426176e-11 -0.02764469977)
(-0.0001391817097 1.916369255e-11 -0.0276435685)
(-0.0001569762856 1.916334192e-11 -0.02764287187)
(-0.0001463762931 2.156234134e-11 -0.03111904133)
(-0.0001403566105 2.156246048e-11 -0.03111927742)
(-0.0001225293901 2.156281273e-11 -0.03111997661)
(-9.357914967e-05 2.156338563e-11 -0.03112111204)
(-5.461881771e-05 2.156415584e-11 -0.03112264008)
(-7.145091281e-06 2.156509433e-11 -0.03112450201)
(4.701717137e-05 2.156616509e-11 -0.03112662627)
(0.0001057861438 2.156732692e-11 -0.03112893121)
(0.0001669040925 2.156853515e-11 -0.03113132827)
(0.0002280220412 2.156974339e-11 -0.03113372533)
(0.0002867910135 2.157090609e-11 -0.03113603027)
(0.0003409532762 2.157197684e-11 -0.03113815453)
(0.0003884270025 2.157291533e-11 -0.03114001646)
(0.0004273873344 2.157368555e-11 -0.0311415445)
(0.0004563375748 2.157425757e-11 -0.03114267993)
(0.0004741647951 2.157461026e-11 -0.03114337912)
(0.0004801844777 2.15747292e-11 -0.03114361521)
(0.000474164795 2.157461026e-11 -0.03114337912)
(0.0004563375746 2.157425757e-11 -0.03114267993)
(0.0004273873342 2.157368555e-11 -0.0311415445)
(0.0003884270022 2.157291533e-11 -0.03114001646)
(0.0003409532758 2.157197684e-11 -0.03113815453)
(0.0002867910131 2.157090609e-11 -0.03113603027)
(0.0002280220408 2.156974339e-11 -0.03113372533)
(0.000166904092 2.156853515e-11 -0.03113132827)
(0.0001057861433 2.156732692e-11 -0.03112893121)
(4.701717097e-05 2.156616509e-11 -0.03112662627)
(-7.14509164e-06 2.156509433e-11 -0.03112450201)
(-5.461881802e-05 2.156415584e-11 -0.03112264008)
(-9.357914991e-05 2.156338563e-11 -0.03112111204)
(-0.0001225293903 2.156281273e-11 -0.03111997661)
(-0.0001403566106 2.156246048e-11 -0.03111927742)
(-0.0001303514489 2.396232427e-11 -0.03460213454)
(-0.0001243196314 2.39624439e-11 -0.03460237158)
(-0.0001064564738 2.396279833e-11 -0.0346030736)
(-7.744787375e-05 2.396337382e-11 -0.03460421363)
(-3.840900319e-05 2.396414837e-11 -0.03460574784)
(9.16042364e-06 2.396509206e-11 -0.0346076173)
(6.343186985e-05 2.396616889e-11 -0.03460975014)
(0.0001223193123 2.39673368e-11 -0.03461206439)
(0.0001835604662 2.396855197e-11 -0.03461447115)
(0.0002448016202 2.396976714e-11 -0.0346168779)
(0.0003036890626 2.397093591e-11 -0.03461919215)
(0.0003579605088 2.397201274e-11 -0.03462132499)
(0.0004055299356 2.397295643e-11 -0.03462319445)
(0.0004445688061 2.397373099e-11 -0.03462472867)
(0.0004735774061 2.397430648e-11 -0.03462586869)
(0.0004914405636 2.397466091e-11 -0.03462657071)
(0.000497472381 2.397478054e-11 -0.03462680775)
(0.0004914405635 2.397466091e-11 -0.03462657071)
(0.0004735774059 2.397430648e-11 -0.03462586869)
(0.0004445688058 2.397373099e-11 -0.03462472867)
(0.0004055299353 2.397295643e-11 -0.03462319445)
(0.0003579605084 2.397201274e-11 -0.03462132499)
(0.0003036890622 2.397093591e-11 -0.03461919215)
(0.0002448016198 2.396976714e-11 -0.0346168779)
(0.0001835604658 2.396855197e-11 -0.03461447115)
(0.0001223193119 2.39673368e-11 -0.03461206439)
(6.343186945e-05 2.396616889e-11 -0.03460975014)
(9.160423281e-06 2.396509206e-11 -0.0346076173)
(-3.84090035e-05 2.396414837e-11 -0.03460574784)
(-7.744787399e-05 2.396337382e-11 -0.03460421363)
(-0.000106456474 2.396279833e-11 -0.0346030736)
(-0.0001243196315 2.39624439e-11 -0.03460237158)
(-0.0001149579247 2.636314717e-11 -0.03809254313)
(-0.000108912916 2.636326758e-11 -0.03809278122)
(-9.101069304e-05 2.636362417e-11 -0.03809348631)
(-6.193865324e-05 2.636420292e-11 -0.03809463134)
(-2.281440751e-05 2.636498225e-11 -0.03809617228)
(2.485905022e-05 2.636593157e-11 -0.03809804993)
(7.924918415e-05 2.636701447e-11 -0.03810019213)
(0.0001382654091 2.636819062e-11 -0.03810251653)
(0.0001996404931 2.636941273e-11 -0.03810493384)
(0.000261015577 2.637063484e-11 -0.03810735115)
(0.000320031802 2.637181012e-11 -0.03810967555)
(0.0003744219359 2.637289302e-11 -0.03811181775)
(0.0004220953935 2.637384235e-11 -0.0381136954)
(0.0004612196392 2.637462167e-11 -0.03811523634)
(0.0004902916789 2.637520085e-11 -0.03811638137)
(0.0005081939018 2.637555745e-11 -0.03811708646)
(0.0005142389104 2.637567783e-11 -0.03811732455)
(0.0005081939017 2.637555745e-11 -0.03811708646)
(0.0004902916788 2.637520085e-11 -0.03811638137)
(0.000461219639 2.637462167e-11 -0.03811523634)
(0.0004220953932 2.637384235e-11 -0.0381136954)
(0.0003744219355 2.637289302e-11 -0.03811181775)
(0.0003200318016 2.637181012e-11 -0.03810967555)
(0.0002610155766 2.637063484e-11 -0.03810735115)
(0.0001996404926 2.636941273e-11 -0.03810493384)
(0.0001382654087 2.636819062e-11 -0.03810251653)
(7.924918375e-05 2.636701447e-11 -0.03810019213)
(2.485904986e-05 2.636593157e-11 -0.03809804993)
(-2.281440781e-05 2.636498225e-11 -0.03809617228)
(-6.193865348e-05 2.636420292e-11 -0.03809463134)
(-9.10106932e-05 2.636362417e-11 -0.03809348631)
(-0.0001089129161 2.636326758e-11 -0.03809278122)
(-0.0001002407908 2.87647494e-11 -0.04159086102)
(-9.418159321e-05 2.876487059e-11 -0.04159110022)
(-7.623734966e-05 2.876522935e-11 -0.04159180864)
(-4.709707122e-05 2.876581221e-11 -0.04159295905)
(-7.880992042e-06 2.876659631e-11 -0.04159450724)
(3.990436605e-05 2.876755171e-11 -0.04159639374)
(9.442216591e-05 2.876864198e-11 -0.04159854602)
(0.0001535769153 2.876982506e-11 -0.04160088137)
(0.0002150960604 2.877105498e-11 -0.04160331005)
(0.0002766152055 2.87722849e-11 -0.04160573874)
(0.0003357699549 2.877346798e-11 -0.04160807408)
(0.0003902877548 2.877455826e-11 -0.04161022636)
(0.0004380731128 2.877551366e-11 -0.04161211286)
(0.0004772891919 2.877629775e-11 -0.04161366105)
(0.0005064294703 2.877688018e-11 -0.04161481147)
(0.0005243737137 2.877723895e-11 -0.04161551988)
(0.0005304329113 2.877736008e-11 -0.04161575909)
(0.0005243737137 2.877723895e-11 -0.04161551988)
(0.0005064294701 2.877688018e-11 -0.04161481147)
(0.0004772891917 2.877629775e-11 -0.04161366105)
(0.0004380731125 2.877551366e-11 -0.04161211286)
(0.0003902877544 2.877455826e-11 -0.04161022636)
(0.0003357699545 2.877346798e-11 -0.04160807408)
(0.0002766152051 2.87722849e-11 -0.04160573874)
(0.00021509606 2.877105498e-11 -0.04160331005)
(0.0001535769149 2.876982506e-11 -0.04160088137)
(9.442216552e-05 2.876864198e-11 -0.04159854602)
(3.990436569e-05 2.876755171e-11 -0.04159639374)
(-7.880992348e-06 2.876659631e-11 -0.04159450724)
(-4.709707146e-05 2.876581221e-11 -0.04159295905)
(-7.623734983e-05 2.876522935e-11 -0.04159180864)
(-9.41815933e-05 2.876487059e-11 -0.04159110022)
(-8.624259553e-05 3.11670324e-11 -0.04509764769)
(-8.01682717e-05 3.116715447e-11 -0.04509788809)
(-6.217923213e-05 3.116751562e-11 -0.04509860005)
(-3.296620786e-05 3.116810195e-11 -0.04509975623)
(6.347770378e-06 3.116889169e-11 -0.04510131217)
(5.425241989e-05 3.116985359e-11 -0.04510320811)
(0.000108906318 3.11709508e-11 -0.04510537117)
(0.0001682087414 3.117214212e-11 -0.04510771821)
(0.000229881463 3.117338072e-11 -0.04511015905)
(0.0002915541846 3.117461931e-11 -0.0451125999)
(0.0003508566079 3.117580976e-11 -0.04511494694)
(0.0004055105061 3.117690698e-11 -0.04511711)
(0.0004534151555 3.117786888e-11 -0.04511900594)
(0.0004927291337 3.117865861e-11 -0.04512056188)
(0.0005219421579 3.117924538e-11 -0.04512171806)
(0.0005399311974 3.117960653e-11 -0.04512243002)
(0.0005460055211 3.117972841e-11 -0.04512267042)
(0.0005399311973 3.117960653e-11 -0.04512243002)
(0.0005219421577 3.117924538e-11 -0.04512171806)
(0.0004927291334 3.117865861e-11 -0.04512056188)
(0.0004534151552 3.117786888e-11 -0.04511900594)
(0.0004055105057 3.117690698e-11 -0.04511711)
(0.0003508566075 3.117580976e-11 -0.04511494694)
(0.0002915541842 3.117461931e-11 -0.0451125999)
(0.0002298814626 3.117338072e-11 -0.04511015905)
(0.000168208741 3.117214212e-11 -0.04510771821)
(0.0001089063176 3.11709508e-11 -0.04510537117)
(5.425241953e-05 3.116985359e-11 -0.04510320811)
(6.347770072e-06 3.116889169e-11 -0.04510131217)
(-3.29662081e-05 3.116810195e-11 -0.04509975623)
(-6.217923229e-05 3.116751562e-11 -0.04509860005)
(-8.016827179e-05 3.116715447e-11 -0.04509788809)
(-7.30033167e-05 3.356985777e-11 -0.04861342716)
(-6.691299161e-05 3.356998067e-11 -0.04861366883)
(-4.887656446e-05 3.357034442e-11 -0.04861438455)
(-1.958658587e-05 3.357093553e-11 -0.04861554684)
(1.983095509e-05 3.357173047e-11 -0.048617111)
(6.786179728e-05 3.357269931e-11 -0.04861901696)
(0.0001226596673 3.357380476e-11 -0.04862119145)
(0.0001821183079 3.357500389e-11 -0.04862355089)
(0.0002439534907 3.357625115e-11 -0.04862600463)
(0.0003057886734 3.357749842e-11 -0.04862845837)
(0.000365247314 3.357869755e-11 -0.04863081781)
(0.000420045184 3.3579803e-11 -0.0486329923)
(0.0004680760261 3.358077184e-11 -0.04863489826)
(0.000507493567 3.358156678e-11 -0.04863646242)
(0.0005367835455 3.358215745e-11 -0.04863762471)
(0.0005548199726 3.35825212e-11 -0.04863834043)
(0.0005609102976 3.358264405e-11 -0.04863858211)
(0.0005548199725 3.35825212e-11 -0.04863834043)
(0.0005367835453 3.358215745e-11 -0.04863762471)
(0.0005074935668 3.358156678e-11 -0.04863646242)
(0.0004680760258 3.358077184e-11 -0.04863489826)
(0.0004200451836 3.3579803e-11 -0.0486329923)
(0.0003652473136 3.357869755e-11 -0.04863081781)
(0.000305788673 3.357749842e-11 -0.04862845837)
(0.0002439534902 3.357625115e-11 -0.04862600463)
(0.0001821183075 3.357500389e-11 -0.04862355089)
(0.0001226596669 3.357380476e-11 -0.04862119145)
(6.786179692e-05 3.357269931e-11 -0.04861901696)
(1.983095478e-05 3.357173047e-11 -0.048617111)
(-1.958658611e-05 3.357093553e-11 -0.04861554684)
(-4.887656462e-05 3.357034442e-11 -0.04861438455)
(-6.691299169e-05 3.356998067e-11 -0.04861366883)
(-6.056033484e-05 3.597304546e-11 -0.05213868731)
(-5.44531963e-05 3.597316921e-11 -0.05213893033)
(-3.636697632e-05 3.597353578e-11 -0.05213965001)
(-6.996137432e-06 3.597413079e-11 -0.05214081873)
(3.25302228e-05 3.59749318e-11 -0.05214239156)
(8.069366285e-05 3.597590758e-11 -0.05214430807)
(0.0001356428123 3.597702128e-11 -0.0521464946)
(0.0001952655993 3.597822908e-11 -0.05214886711)
(0.0002572714893 3.597948588e-11 -0.05215133444)
(0.0003192773793 3.598074269e-11 -0.05215380177)
(0.0003789001662 3.598195049e-11 -0.05215617427)
(0.0004338493157 3.598306418e-11 -0.0521583608)
(0.0004820127557 3.598403997e-11 -0.05216027732)
(0.0005215391158 3.598484098e-11 -0.05216185014)
(0.0005509099547 3.598543642e-11 -0.05216301887)
(0.0005689961746 3.598580277e-11 -0.05216373855)
(0.000575103313 3.59859266e-11 -0.05216398156)
(0.0005689961745 3.598580277e-11 -0.05216373855)
(0.0005509099545 3.598543642e-11 -0.05216301887)
(0.0005215391156 3.598484098e-11 -0.05216185014)
(0.0004820127554 3.598403997e-11 -0.05216027732)
(0.0004338493153 3.598306418e-11 -0.0521583608)
(0.0003789001658 3.598195049e-11 -0.05215617427)
(0.0003192773789 3.598074269e-11 -0.05215380177)
(0.0002572714889 3.597948588e-11 -0.05215133444)
(0.0001952655989 3.597822908e-11 -0.05214886711)
(0.0001356428119 3.597702128e-11 -0.0521464946)
(8.069366249e-05 3.597590758e-11 -0.05214430807)
(3.25302225e-05 3.59749318e-11 -0.05214239156)
(-6.996137672e-06 3.597413079e-11 -0.05214081873)
(-3.636697648e-05 3.597353578e-11 -0.05213965001)
(-5.445319638e-05 3.597316921e-11 -0.05213893033)
(-4.894843588e-05 3.83763724e-11 -0.05567387966)
(-4.28237347e-05 3.837649718e-11 -0.05567412407)
(-2.468550315e-05 3.837686635e-11 -0.05567484791)
(4.769799119e-06 3.837746614e-11 -0.05567602337)
(4.440982754e-05 3.837827322e-11 -0.05567760528)
(9.271177392e-05 3.83792568e-11 -0.05567953285)
(0.0001478189438 3.838037874e-11 -0.05568173199)
(0.0002076131914 3.838159564e-11 -0.05568411818)
(0.0002697973952 3.838286199e-11 -0.05568659975)
(0.0003319815991 3.838412834e-11 -0.05568908131)
(0.0003917758466 3.838534612e-11 -0.0556914675)
(0.0004468830165 3.838646805e-11 -0.05569366664)
(0.0004951849628 3.838745164e-11 -0.05569559421)
(0.0005348249911 3.838825872e-11 -0.05569717612)
(0.0005642802933 3.83888585e-11 -0.05569835158)
(0.0005824185248 3.838922789e-11 -0.05569907542)
(0.0005885432259 3.838935262e-11 -0.05569931983)
(0.0005824185247 3.838922789e-11 -0.05569907542)
(0.0005642802932 3.83888585e-11 -0.05569835158)
(0.0005348249909 3.838825872e-11 -0.05569717612)
(0.0004951849625 3.838745164e-11 -0.05569559421)
(0.0004468830161 3.838646805e-11 -0.05569366664)
(0.0003917758462 3.838534612e-11 -0.0556914675)
(0.0003319815986 3.838412834e-11 -0.05568908131)
(0.0002697973948 3.838286199e-11 -0.05568659975)
(0.000207613191 3.838159564e-11 -0.05568411818)
(0.0001478189434 3.838037874e-11 -0.05568173199)
(9.271177356e-05 3.83792568e-11 -0.05567953285)
(4.440982724e-05 3.837827322e-11 -0.05567760528)
(4.769798878e-06 3.837746614e-11 -0.05567602337)
(-2.468550332e-05 3.837686635e-11 -0.05567484791)
(-4.282373478e-05 3.837649718e-11 -0.05567412407)
(-3.819983363e-05 4.07795712e-11 -0.05921941944)
(-3.205688308e-05 4.077969689e-11 -0.05921966532)
(-1.386460625e-05 4.078006921e-11 -0.05922039348)
(1.567846203e-05 4.078067354e-11 -0.05922157597)
(5.543660322e-05 4.078148713e-11 -0.05922316733)
(0.0001038824717 4.078247852e-11 -0.05922510642)
(0.0001591538407 4.078360956e-11 -0.05922731871)
(0.0002191262533 4.078483645e-11 -0.05922971916)
(0.0002814957433 4.078611233e-11 -0.05923221556)
(0.0003438652333 4.078738822e-11 -0.05923471196)
(0.0004038376458 4.078861597e-11 -0.05923711242)
(0.0004591090148 4.078974701e-11 -0.05923932471)
(0.0005075548832 4.079073841e-11 -0.0592412638)
(0.0005473130243 4.079155199e-11 -0.05924285516)
(0.0005768560925 4.079215633e-11 -0.05924403765)
(0.0005950483693 4.079252864e-11 -0.05924476581)
(0.0006011913198 4.079265436e-11 -0.05924501169)
(0.0005950483692 4.079252864e-11 -0.05924476581)
(0.0005768560924 4.079215633e-11 -0.05924403765)
(0.0005473130241 4.079155199e-11 -0.05924285516)
(0.0005075548829 4.079073841e-11 -0.0592412638)
(0.0004591090144 4.078974701e-11 -0.05923932471)
(0.0004038376454 4.078861597e-11 -0.05923711242)
(0.0003438652328 4.078738822e-11 -0.05923471196)
(0.0002814957428 4.078611233e-11 -0.05923221556)
(0.0002191262529 4.078483645e-11 -0.05922971916)
(0.0001591538403 4.078360956e-11 -0.05922731871)
(0.0001038824713 4.078247852e-11 -0.05922510642)
(5.543660291e-05 4.078148713e-11 -0.05922316733)
(1.567846179e-05 4.078067354e-11 -0.05922157597)
(-1.386460642e-05 4.078006921e-11 -0.05922039348)
(-3.205688317e-05 4.077969689e-11 -0.05921966532)
(-2.834421586e-05 4.318232902e-11 -0.0627756861)
(-2.218239061e-05 4.318245566e-11 -0.06277593349)
(-3.934216548e-06 4.318283101e-11 -0.06277666615)
(2.569962518e-05 4.318344033e-11 -0.06277785592)
(6.557992644e-05 4.318426042e-11 -0.06277945709)
(0.0001141746487 4.318526006e-11 -0.06278140814)
(0.0001696158435 4.31864002e-11 -0.06278363407)
(0.0002297725261 4.318763749e-11 -0.06278604932)
(0.0002923336513 4.318892379e-11 -0.06278856111)
(0.0003548947766 4.319021009e-11 -0.0627910729)
(0.0004150514591 4.319144738e-11 -0.06279348815)
(0.0004704926538 4.319258753e-11 -0.06279571407)
(0.0005190873761 4.319358716e-11 -0.06279766512)
(0.0005589676773 4.319440725e-11 -0.06279926629)
(0.0005886015189 4.319501657e-11 -0.06280045607)
(0.0006068496929 4.319539192e-11 -0.06280118872)
(0.0006130115181 4.319551862e-11 -0.06280143611)
(0.0006068496928 4.319539192e-11 -0.06280118872)
(0.0005886015188 4.319501657e-11 -0.06280045607)
(0.000558967677 4.319440725e-11 -0.06279926629)
(0.0005190873758 4.319358716e-11 -0.06279766512)
(0.0004704926535 4.319258753e-11 -0.06279571407)
(0.0004150514587 4.319144738e-11 -0.06279348815)
(0.0003548947761 4.319021009e-11 -0.0627910729)
(0.0002923336509 4.318892379e-11 -0.06278856111)
(0.0002297725257 4.318763749e-11 -0.06278604932)
(0.0001696158431 4.31864002e-11 -0.06278363407)
(0.0001141746484 4.318526006e-11 -0.06278140814)
(6.557992613e-05 4.318426042e-11 -0.06277945709)
(2.569962494e-05 4.318344033e-11 -0.06277785592)
(-3.934216714e-06 4.318283101e-11 -0.06277666615)
(-2.218239069e-05 4.318245566e-11 -0.06277593349)
(-1.940880629e-05 4.558428669e-11 -0.06634302405)
(-1.32275408e-05 4.55844145e-11 -0.06634327301)
(5.078205284e-06 4.558479267e-11 -0.0663440103)
(3.480554022e-05 4.558540741e-11 -0.06634520761)
(7.481166173e-05 4.558623444e-11 -0.06634681892)
(0.0001235596978 4.558724188e-11 -0.06634878231)
(0.0001791758066 4.558839157e-11 -0.06635102233)
(0.0002395222804 4.558963883e-11 -0.06635345287)
(0.0003022807826 4.559093641e-11 -0.06635598056)
(0.0003650392849 4.559223398e-11 -0.06635850825)
(0.0004253857587 4.559348125e-11 -0.06636093879)
(0.0004810018674 4.559463094e-11 -0.06636317881)
(0.0005297499034 4.559563838e-11 -0.0663651422)
(0.0005697560249 4.559646541e-11 -0.06636675351)
(0.0005994833597 4.559707971e-11 -0.06636795082)
(0.0006177891058 4.55974581e-11 -0.06636868811)
(0.0006239703712 4.559758589e-11 -0.06636893707)
(0.0006177891057 4.55974581e-11 -0.06636868811)
(0.0005994833596 4.559707971e-11 -0.06636795082)
(0.0005697560247 4.559646541e-11 -0.06636675351)
(0.0005297499031 4.559563838e-11 -0.0663651422)
(0.0004810018671 4.559463094e-11 -0.06636317881)
(0.0004253857583 4.559348125e-11 -0.06636093879)
(0.0003650392845 4.559223398e-11 -0.06635850825)
(0.0003022807822 4.559093641e-11 -0.06635598056)
(0.0002395222799 4.558963883e-11 -0.06635345287)
(0.0001791758062 4.558839157e-11 -0.06635102233)
(0.0001235596974 4.558724188e-11 -0.06634878231)
(7.481166142e-05 4.558623444e-11 -0.06634681892)
(3.480553998e-05 4.558540741e-11 -0.06634520761)
(5.078205119e-06 4.558479267e-11 -0.0663440103)
(-1.322754089e-05 4.55844145e-11 -0.06634327301)
(-1.141844301e-05 4.798503783e-11 -0.0699217437)
(-5.217229586e-06 4.798516662e-11 -0.06992199427)
(1.314759207e-05 4.798554826e-11 -0.06992273633)
(4.297086186e-05 4.798616799e-11 -0.0699239414)
(8.310608951e-05 4.798700196e-11 -0.06992556313)
(0.0001320114433 4.798801807e-11 -0.06992753924)
(0.0001878070341 4.798917774e-11 -0.06992979377)
(0.0002483482556 4.799043541e-11 -0.06993224005)
(0.0003113092896 4.799174339e-11 -0.0699347841)
(0.0003742703236 4.799305137e-11 -0.06993732816)
(0.0004348115451 4.799430992e-11 -0.06993977444)
(0.0004906071359 4.799546958e-11 -0.06994202896)
(0.0005395124896 4.799648569e-11 -0.06994400507)
(0.0005796477172 4.799731966e-11 -0.06994562681)
(0.0006094709869 4.799793896e-11 -0.06994683187)
(0.0006278358085 4.79983206e-11 -0.06994757394)
(0.0006340370218 4.799844945e-11 -0.06994782451)
(0.0006278358084 4.79983206e-11 -0.06994757394)
(0.0006094709867 4.799793896e-11 -0.06994683187)
(0.000579647717 4.799731966e-11 -0.06994562681)
(0.0005395124893 4.799648569e-11 -0.06994400507)
(0.0004906071355 4.799546958e-11 -0.06994202896)
(0.0004348115447 4.799430992e-11 -0.06993977444)
(0.0003742703232 4.799305137e-11 -0.06993732816)
(0.0003113092892 4.799174339e-11 -0.0699347841)
(0.0002483482552 4.799043541e-11 -0.06993224005)
(0.0001878070337 4.798917774e-11 -0.06992979377)
(0.0001320114429 4.798801807e-11 -0.06992753924)
(8.310608921e-05 4.798700196e-11 -0.06992556313)
(4.297086162e-05 4.798616799e-11 -0.0699239414)
(1.31475919e-05 4.798554826e-11 -0.06992273633)
(-5.21722967e-06 4.798516662e-11 -0.06992199427)
(-4.395664e-06 5.038412782e-11 -0.07351212266)
(1.825949478e-06 5.038425775e-11 -0.07351237489)
(2.025118567e-05 5.038464264e-11 -0.07351312185)
(5.017256471e-05 5.038526757e-11 -0.07351433487)
(9.043982474e-05 5.038610891e-11 -0.07351596731)
(0.0001395060619 5.03871337e-11 -0.07351795646)
(0.0001954852028 5.038830291e-11 -0.07352022587)
(0.000256225586 5.038957186e-11 -0.0735226883)
(0.0003193937422 5.039089111e-11 -0.07352524915)
(0.0003825618984 5.039221037e-11 -0.07352780999)
(0.0004433022815 5.039347932e-11 -0.07353027242)
(0.0004992814224 5.039464852e-11 -0.07353254183)
(0.0005483476595 5.039567331e-11 -0.07353453098)
(0.0005886149195 5.039651465e-11 -0.07353616342)
(0.0006185362985 5.039713959e-11 -0.07353737644)
(0.0006369615346 5.039752426e-11 -0.07353812341)
(0.000643183148 5.039765433e-11 -0.07353837563)
(0.0006369615345 5.039752426e-11 -0.07353812341)
(0.0006185362983 5.039713959e-11 -0.07353737644)
(0.0005886149193 5.039651465e-11 -0.07353616342)
(0.0005483476592 5.039567331e-11 -0.07353453098)
(0.0004992814221 5.039464852e-11 -0.07353254183)
(0.0004433022811 5.039347932e-11 -0.07353027242)
(0.0003825618979 5.039221037e-11 -0.07352780999)
(0.0003193937418 5.039089111e-11 -0.07352524915)
(0.0002562255856 5.038957186e-11 -0.0735226883)
(0.0001954852024 5.038830291e-11 -0.07352022587)
(0.0001395060615 5.03871337e-11 -0.07351795646)
(9.043982444e-05 5.038610891e-11 -0.07351596731)
(5.017256447e-05 5.038526757e-11 -0.07351433487)
(2.02511855e-05 5.038464264e-11 -0.07351312185)
(1.825949394e-06 5.038425775e-11 -0.07351237489)
(1.639204272e-06 5.278105267e-11 -0.07711440713)
(7.881616772e-06 5.278118372e-11 -0.07711466104)
(2.636844902e-05 5.278157186e-11 -0.07711541302)
(5.638985604e-05 5.278220222e-11 -0.07711663417)
(9.679173062e-05 5.27830505e-11 -0.07711827757)
(0.0001460219975 5.27840844e-11 -0.07712028007)
(0.0002021882782 5.278526357e-11 -0.0771225647)
(0.0002631317182 5.278654423e-11 -0.07712504364)
(0.0003265110472 5.278787477e-11 -0.07712762167)
(0.0003898903762 5.27892053e-11 -0.0771301997)
(0.0004508338161 5.279048509e-11 -0.07713267864)
(0.0005070000968 5.279166427e-11 -0.07713496327)
(0.0005562303637 5.279269816e-11 -0.07713696577)
(0.0005966322382 5.279354644e-11 -0.07713860916)
(0.0006266536451 5.27941768e-11 -0.07713983032)
(0.0006451404773 5.279456516e-11 -0.07714058229)
(0.0006513828897 5.279469622e-11 -0.07714083621)
(0.0006451404772 5.279456516e-11 -0.07714058229)
(0.0006266536449 5.27941768e-11 -0.07713983032)
(0.0005966322379 5.279354644e-11 -0.07713860916)
(0.0005562303634 5.279269816e-11 -0.07713696577)
(0.0005070000965 5.279166427e-11 -0.07713496327)
(0.0004508338157 5.279048509e-11 -0.07713267864)
(0.0003898903758 5.27892053e-11 -0.0771301997)
(0.0003265110468 5.278787477e-11 -0.07712762167)
(0.0002631317178 5.278654423e-11 -0.07712504364)
(0.0002021882778 5.278526357e-11 -0.0771225647)
(0.0001460219972 5.27840844e-11 -0.07712028007)
(9.679173031e-05 5.27830505e-11 -0.07711827757)
(5.638985581e-05 5.278220222e-11 -0.07711663417)
(2.636844886e-05 5.278157186e-11 -0.07711541302)
(7.881616688e-06 5.278118372e-11 -0.07711466104)
(6.667446848e-06 5.517498731e-11 -0.08072840439)
(1.293100425e-05 5.517511957e-11 -0.08072866004)
(3.148045688e-05 5.51755113e-11 -0.08072941712)
(6.160355531e-05 5.517614707e-11 -0.08073064658)
(0.000102142283 5.517700272e-11 -0.08073230114)
(0.0001515393074 5.517804573e-11 -0.08073431725)
(0.00020789584 5.517923531e-11 -0.08073661741)
(0.0002690457134 5.518052595e-11 -0.08073911321)
(0.000332639727 5.518186862e-11 -0.08074170876)
(0.0003962337406 5.51832113e-11 -0.08074430431)
(0.000457383614 5.518450193e-11 -0.08074680011)
(0.0005137401465 5.518569152e-11 -0.08074910027)
(0.0005631371709 5.518673452e-11 -0.08075111638)
(0.0006036758985 5.518759017e-11 -0.08075277094)
(0.0006337989969 5.518822595e-11 -0.0807540004)
(0.0006523484494 5.518861746e-11 -0.08075475748)
(0.0006586120067 5.518874973e-11 -0.08075501313)
(0.0006523484493 5.518861746e-11 -0.08075475748)
(0.0006337989967 5.518822595e-11 -0.0807540004)
(0.0006036758983 5.518759017e-11 -0.08075277094)
(0.0005631371706 5.518673452e-11 -0.08075111638)
(0.0005137401462 5.518569152e-11 -0.08074910027)
(0.0004573836136 5.518450193e-11 -0.08074680011)
(0.0003962337402 5.51832113e-11 -0.08074430431)
(0.0003326397266 5.518186862e-11 -0.08074170876)
(0.000269045713 5.518052595e-11 -0.08073911321)
(0.0002078958396 5.517923531e-11 -0.08073661741)
(0.000151539307 5.517804573e-11 -0.08073431725)
(0.0001021422827 5.517700272e-11 -0.08073230114)
(6.160355507e-05 5.517614707e-11 -0.08073064658)
(3.148045672e-05 5.51755113e-11 -0.08072941712)
(1.293100417e-05 5.517511957e-11 -0.08072866004)
(1.067443955e-05 5.756613472e-11 -0.0843555286)
(1.695944654e-05 5.756626816e-11 -0.084355786)
(3.557242186e-05 5.756666303e-11 -0.08435654828)
(6.579867699e-05 5.756730466e-11 -0.08435778619)
(0.0001064762298 5.756816768e-11 -0.08435945212)
(0.0001560424145 5.756921979e-11 -0.08436148209)
(0.0002125919403 5.757041979e-11 -0.08436379806)
(0.0002739512218 5.757172256e-11 -0.084366311)
(0.0003377630134 5.757307651e-11 -0.08436892439)
(0.000401574805 5.757443047e-11 -0.08437153778)
(0.0004629340865 5.757573238e-11 -0.08437405073)
(0.0005194836122 5.757693237e-11 -0.0843763667)
(0.0005690497969 5.757798448e-11 -0.08437839666)
(0.0006097273497 5.757884751e-11 -0.0843800626)
(0.0006399536047 5.757948914e-11 -0.0843813005)
(0.00065856658 5.757988422e-11 -0.08438206279)
(0.0006648515869 5.758001759e-11 -0.08438232019)
(0.0006585665799 5.757988422e-11 -0.08438206279)
(0.0006399536045 5.757948914e-11 -0.0843813005)
(0.0006097273494 5.757884751e-11 -0.0843800626)
(0.0005690497966 5.757798448e-11 -0.08437839666)
(0.0005194836119 5.757693237e-11 -0.0843763667)
(0.0004629340861 5.757573238e-11 -0.08437405073)
(0.0004015748046 5.757443047e-11 -0.08437153778)
(0.000337763013 5.757307651e-11 -0.08436892439)
(0.0002739512214 5.757172256e-11 -0.084366311)
(0.0002125919399 5.757041979e-11 -0.08436379806)
(0.0001560424142 5.756921979e-11 -0.08436148209)
(0.0001064762295 5.756816768e-11 -0.08435945212)
(6.579867675e-05 5.756730466e-11 -0.08435778619)
(3.55724217e-05 5.756666303e-11 -0.08435654828)
(1.695944645e-05 5.756626816e-11 -0.084355786)
(1.364421397e-05 5.995275221e-11 -0.08799430154)
(1.995091912e-05 5.995288673e-11 -0.08799456072)
(3.862815329e-05 5.995328517e-11 -0.08799532829)
(6.895876058e-05 5.995393244e-11 -0.08799657477)
(0.0001097767472 5.995480327e-11 -0.08799825225)
(0.0001595140527 5.995586449e-11 -0.08800029628)
(0.0002162588083 5.99570749e-11 -0.08800262829)
(0.0002778299247 5.995838895e-11 -0.08800515865)
(0.0003418620181 5.995975504e-11 -0.08800779014)
(0.0004058941115 5.996112114e-11 -0.08801042164)
(0.0004674652278 5.996243432e-11 -0.088012952)
(0.0005242099833 5.996364473e-11 -0.08801528401)
(0.0005739472888 5.996470594e-11 -0.08801732804)
(0.0006147652754 5.996557677e-11 -0.08801900552)
(0.0006450958826 5.996622361e-11 -0.088020252)
(0.0006637731167 5.996662227e-11 -0.08802101957)
(0.0006700798217 5.996675674e-11 -0.08802127875)
(0.0006637731166 5.996662227e-11 -0.08802101957)
(0.0006450958824 5.996622361e-11 -0.088020252)
(0.0006147652751 5.996557677e-11 -0.08801900552)
(0.0005739472885 5.996470594e-11 -0.08801732804)
(0.000524209983 5.996364473e-11 -0.08801528401)
(0.0004674652274 5.996243432e-11 -0.088012952)
(0.0004058941111 5.996112114e-11 -0.08801042164)
(0.0003418620176 5.995975504e-11 -0.08800779014)
(0.0002778299242 5.995838895e-11 -0.08800515865)
(0.0002162588079 5.99570749e-11 -0.08800262829)
(0.0001595140524 5.995586449e-11 -0.08800029628)
(0.0001097767469 5.995480327e-11 -0.08799825225)
(6.895876034e-05 5.995393244e-11 -0.08799657477)
(3.862815312e-05 5.995328517e-11 -0.08799532829)
(1.995091903e-05 5.995288673e-11 -0.08799456072)
(1.556591638e-05 6.23351965e-11 -0.09164650082)
(2.189453305e-05 6.233533221e-11 -0.09164676182)
(4.063665798e-05 6.233573445e-11 -0.09164753474)
(7.107264362e-05 6.233638649e-11 -0.09164878991)
(0.0001120324452 6.233726512e-11 -0.09165047908)
(0.0001619425542 6.233833545e-11 -0.09165253737)
(0.0002188844594 6.233955669e-11 -0.09165488564)
(0.0002806694937 6.234088159e-11 -0.09165743364)
(0.0003449240553 6.234225983e-11 -0.09166008348)
(0.000409178617 6.234363806e-11 -0.09166273333)
(0.0004709636512 6.234496296e-11 -0.09166528133)
(0.0005279055564 6.23461842e-11 -0.0916676296)
(0.0005778156654 6.234725453e-11 -0.09166968788)
(0.0006187754669 6.234813317e-11 -0.09167137706)
(0.0006492114524 6.234878607e-11 -0.09167263223)
(0.0006679535773 6.234918788e-11 -0.09167340515)
(0.0006742821939 6.234932368e-11 -0.09167366614)
(0.0006679535772 6.234918788e-11 -0.09167340515)
(0.0006492114523 6.234878607e-11 -0.09167263223)
(0.0006187754666 6.234813317e-11 -0.09167137706)
(0.0005778156651 6.234725453e-11 -0.09166968788)
(0.0005279055561 6.23461842e-11 -0.0916676296)
(0.0004709636508 6.234496296e-11 -0.09166528133)
(0.0004091786165 6.234363806e-11 -0.09166273333)
(0.0003449240549 6.234225983e-11 -0.09166008348)
(0.0002806694933 6.234088159e-11 -0.09165743364)
(0.000218884459 6.233955669e-11 -0.09165488564)
(0.0001619425538 6.233833545e-11 -0.09165253737)
(0.0001120324449 6.233726512e-11 -0.09165047908)
(7.107264338e-05 6.233638649e-11 -0.09164878991)
(4.063665782e-05 6.233573445e-11 -0.09164753474)
(2.189453297e-05 6.233533221e-11 -0.09164676182)
(1.642847656e-05 6.471160776e-11 -0.09531058471)
(2.277916393e-05 6.471174475e-11 -0.09531084753)
(4.158665095e-05 6.471215014e-11 -0.09531162586)
(7.212878036e-05 6.471280846e-11 -0.09531288982)
(0.0001132314269 6.471369447e-11 -0.09531459081)
(0.0001633155946 6.471477434e-11 -0.0953166635)
(0.0002204560814 6.471600643e-11 -0.09531902821)
(0.0002824565876 6.47173426e-11 -0.09532159404)
(0.0003469352333 6.471873298e-11 -0.09532426243)
(0.0004114138791 6.472012336e-11 -0.09532693082)
(0.0004734143852 6.472145953e-11 -0.09532949666)
(0.000530554872 6.472269162e-11 -0.09533186137)
(0.0005806390396 6.472377148e-11 -0.09533393406)
(0.0006217416861 6.472465749e-11 -0.09533563505)
(0.0006522838154 6.472531582e-11 -0.09533689901)
(0.0006710913024 6.472572142e-11 -0.09533767734)
(0.0006774419897 6.472585824e-11 -0.09533794016)
(0.0006710913023 6.472572142e-11 -0.09533767734)
(0.0006522838153 6.472531582e-11 -0.09533689901)
(0.0006217416859 6.472465749e-11 -0.09533563505)
(0.0005806390393 6.472377148e-11 -0.09533393406)
(0.0005305548717 6.472269162e-11 -0.09533186137)
(0.0004734143848 6.472145953e-11 -0.09532949666)
(0.0004114138787 6.472012336e-11 -0.09532693082)
(0.0003469352329 6.471873298e-11 -0.09532426243)
(0.0002824565871 6.47173426e-11 -0.09532159404)
(0.0002204560811 6.471600643e-11 -0.09531902821)
(0.0001633155942 6.471477434e-11 -0.0953166635)
(0.0001132314266 6.471369447e-11 -0.09531459081)
(7.212878013e-05 6.471280846e-11 -0.09531288982)
(4.158665079e-05 6.471215014e-11 -0.09531162586)
(2.277916385e-05 6.471174475e-11 -0.09531084753)
(1.622413675e-05 6.708220777e-11 -0.0989882907)
(2.259701929e-05 6.708234586e-11 -0.09898855536)
(4.147023705e-05 6.708275472e-11 -0.09898933915)
(7.211910888e-05 6.708341911e-11 -0.09899061197)
(0.0001133654061 6.708431293e-11 -0.0989923249)
(0.0001636246141 6.70854019e-11 -0.09899441213)
(0.0002209648026 6.70866444e-11 -0.09899679342)
(0.0002831819958 6.708799228e-11 -0.09899937725)
(0.0003478859895 6.70893948e-11 -0.09900206436)
(0.0004125899833 6.709079733e-11 -0.09900475147)
(0.0004748071764 6.709214521e-11 -0.0990073353)
(0.0005321473649 6.70933877e-11 -0.09900971659)
(0.0005824065729 6.709447668e-11 -0.09901180382)
(0.00062365287 6.709537049e-11 -0.09901351675)
(0.0006543017418 6.709603489e-11 -0.09901478957)
(0.0006731749594 6.709644396e-11 -0.09901557336)
(0.0006795478419 6.709658196e-11 -0.09901583802)
(0.0006731749594 6.709644396e-11 -0.09901557336)
(0.0006543017416 6.709603489e-11 -0.09901478957)
(0.0006236528698 6.709537049e-11 -0.09901351675)
(0.0005824065726 6.709447668e-11 -0.09901180382)
(0.0005321473646 6.70933877e-11 -0.09900971659)
(0.000474807176 6.709214521e-11 -0.0990073353)
(0.0004125899828 6.709079733e-11 -0.09900475147)
(0.0003478859891 6.70893948e-11 -0.09900206436)
(0.0002831819954 6.708799228e-11 -0.09899937725)
(0.0002209648022 6.70866444e-11 -0.09899679342)
(0.0001636246137 6.70854019e-11 -0.09899441213)
(0.0001133654058 6.708431293e-11 -0.0989923249)
(7.211910864e-05 6.708341911e-11 -0.09899061197)
(4.147023688e-05 6.708275472e-11 -0.09898933915)
(2.25970192e-05 6.708234586e-11 -0.09898855536)
(1.494704412e-05 6.944500042e-11 -0.1026780136)
(2.134219008e-05 6.944513974e-11 -0.1026782801)
(4.028134072e-05 6.944555239e-11 -0.1026790694)
(7.103728323e-05 6.944622178e-11 -0.1026803511)
(0.0001124276728 6.94471234e-11 -0.1026820761)
(0.0001628624594 6.944822191e-11 -0.1026841779)
(0.0002204029638 6.944947482e-11 -0.1026865759)
(0.0002828375104 6.945083571e-11 -0.1026891779)
(0.0003477675451 6.945224951e-11 -0.1026918838)
(0.0004126975798 6.945366331e-11 -0.1026945898)
(0.0004751321263 6.945502333e-11 -0.1026971917)
(0.0005326726307 6.945627623e-11 -0.1026995897)
(0.0005831074173 6.945737475e-11 -0.1027016916)
(0.0006244978067 6.945827637e-11 -0.1027034165)
(0.0006552537492 6.945894662e-11 -0.1027046982)
(0.0006741928997 6.945935905e-11 -0.1027054875)
(0.0006805880456 6.945949836e-11 -0.102705754)
(0.0006741928997 6.945935905e-11 -0.1027054875)
(0.000655253749 6.945894662e-11 -0.1027046982)
(0.0006244978065 6.945827637e-11 -0.1027034165)
(0.000583107417 6.945737475e-11 -0.1027016916)
(0.0005326726303 6.945627623e-11 -0.1026995897)
(0.000475132126 6.945502333e-11 -0.1026971917)
(0.0004126975794 6.945366331e-11 -0.1026945898)
(0.0003477675447 6.945224951e-11 -0.1026918838)
(0.00028283751 6.945083571e-11 -0.1026891779)
(0.0002204029634 6.944947482e-11 -0.1026865759)
(0.0001628624591 6.944822191e-11 -0.1026841779)
(0.0001124276725 6.94471234e-11 -0.1026820761)
(7.103728299e-05 6.944622178e-11 -0.1026803511)
(4.028134056e-05 6.944555239e-11 -0.1026790694)
(2.134219e-05 6.944513974e-11 -0.1026782801)
(1.259309004e-05 7.180004694e-11 -0.1063814486)
(1.901052851e-05 7.180018743e-11 -0.106381717)
(3.801569813e-05 7.180060366e-11 -0.1063825118)
(6.887885115e-05 7.180127933e-11 -0.1063838025)
(0.0001104135213 7.180218833e-11 -0.1063855395)
(0.0001610241159 7.180329638e-11 -0.1063876561)
(0.0002187651977 7.180456013e-11 -0.1063900709)
(0.0002814173815 7.180593186e-11 -0.106392691)
(0.0003465737524 7.18073578e-11 -0.1063954159)
(0.0004117301233 7.180878375e-11 -0.1063981408)
(0.0004743823071 7.181015548e-11 -0.1064007609)
(0.0005321233889 7.181141922e-11 -0.1064031757)
(0.0005827339834 7.181252728e-11 -0.1064052922)
(0.0006242686535 7.181343627e-11 -0.1064070292)
(0.0006551318064 7.181411195e-11 -0.10640832)
(0.000674136976 7.181452796e-11 -0.1064091148)
(0.0006805544144 7.181466841e-11 -0.1064093832)
(0.0006741369759 7.181452796e-11 -0.1064091148)
(0.0006551318063 7.181411195e-11 -0.10640832)
(0.0006242686533 7.181343627e-11 -0.1064070292)
(0.0005827339831 7.181252728e-11 -0.1064052922)
(0.0005321233885 7.181141922e-11 -0.1064031757)
(0.0004743823068 7.181015548e-11 -0.1064007609)
(0.0004117301229 7.180878375e-11 -0.1063981408)
(0.000346573752 7.18073578e-11 -0.1063954159)
(0.0002814173811 7.180593186e-11 -0.106392691)
(0.0002187651973 7.180456013e-11 -0.1063900709)
(0.0001610241156 7.180329638e-11 -0.1063876561)
(0.000110413521 7.180218833e-11 -0.1063855395)
(6.887885092e-05 7.180127933e-11 -0.1063838025)
(3.801569796e-05 7.180060366e-11 -0.1063825118)
(1.901052842e-05 7.180018743e-11 -0.106381717)
(9.162530739e-06 7.414518942e-11 -0.1100969216)
(1.560222679e-05 7.414533104e-11 -0.1100971919)
(3.467331198e-05 7.414575074e-11 -0.1100979922)
(6.564350758e-05 7.414643205e-11 -0.1100992919)
(0.0001073222323 7.414734885e-11 -0.110101041)
(0.0001581083595 7.414846601e-11 -0.1101031723)
(0.0002160497044 7.41497406e-11 -0.1101056039)
(0.0002789191847 7.415112274e-11 -0.1101082423)
(0.0003443015372 7.415256083e-11 -0.1101109861)
(0.0004096838897 7.415399891e-11 -0.11011373)
(0.00047255337 7.415538279e-11 -0.1101163684)
(0.0005304947149 7.415665738e-11 -0.1101187999)
(0.000581280842 7.415777454e-11 -0.1101209312)
(0.0006229595666 7.415869134e-11 -0.1101226803)
(0.0006539297622 7.415937265e-11 -0.11012398)
(0.0006730008473 7.415979213e-11 -0.1101247804)
(0.0006794405433 7.415993377e-11 -0.1101250506)
(0.0006730008472 7.415979213e-11 -0.1101247804)
(0.000653929762 7.415937265e-11 -0.11012398)
(0.0006229595664 7.415869134e-11 -0.1101226803)
(0.0005812808417 7.415777454e-11 -0.1101209312)
(0.0005304947145 7.415665738e-11 -0.1101187999)
(0.0004725533696 7.415538279e-11 -0.1101163684)
(0.0004096838893 7.415399891e-11 -0.11011373)
(0.0003443015368 7.415256083e-11 -0.1101109861)
(0.0002789191843 7.415112274e-11 -0.1101082423)
(0.000216049704 7.41497406e-11 -0.1101056039)
(0.0001581083591 7.414846601e-11 -0.1101031723)
(0.000107322232 7.414734885e-11 -0.110101041)
(6.564350735e-05 7.414643205e-11 -0.1100992919)
(3.467331182e-05 7.414575074e-11 -0.1100979922)
(1.56022267e-05 7.414533104e-11 -0.1100971919)
(4.656136777e-06 7.648029478e-11 -0.1138260767)
(1.111800505e-05 7.648043765e-11 -0.1138263488)
(3.025475305e-05 7.648086049e-11 -0.1138271547)
(6.133158076e-05 7.648154766e-11 -0.1138284633)
(0.0001031538076 7.648247183e-11 -0.1138302245)
(0.0001541147943 7.648359853e-11 -0.1138323705)
(0.0002122556345 7.648488353e-11 -0.1138348189)
(0.0002753415779 7.648627738e-11 -0.1138374755)
(0.0003409490455 7.648772761e-11 -0.1138402384)
(0.000406556513 7.648917784e-11 -0.1138430012)
(0.0004696424564 7.649057256e-11 -0.1138456578)
(0.0005277832966 7.649185755e-11 -0.1138481062)
(0.0005787442832 7.649298426e-11 -0.1138502522)
(0.00062056651 7.649390843e-11 -0.1138520134)
(0.0006516433376 7.649459516e-11 -0.1138533221)
(0.0006707800855 7.649501822e-11 -0.1138541279)
(0.0006772419537 7.649516104e-11 -0.1138544)
(0.0006707800854 7.649501822e-11 -0.1138541279)
(0.0006516433374 7.649459516e-11 -0.1138533221)
(0.0006205665097 7.649390843e-11 -0.1138520134)
(0.0005787442829 7.649298426e-11 -0.1138502522)
(0.0005277832962 7.649185755e-11 -0.1138481062)
(0.000469642456 7.649057256e-11 -0.1138456578)
(0.0004065565126 7.648917784e-11 -0.1138430012)
(0.000340949045 7.648772761e-11 -0.1138402384)
(0.0002753415774 7.648627738e-11 -0.1138374755)
(0.0002122556341 7.648488353e-11 -0.1138348189)
(0.0001541147939 7.648359853e-11 -0.1138323705)
(0.0001031538073 7.648247183e-11 -0.1138302245)
(6.133158052e-05 7.648154766e-11 -0.1138284633)
(3.025475289e-05 7.648086049e-11 -0.1138271547)
(1.111800497e-05 7.648043765e-11 -0.1138263488)
(-9.181046314e-07 7.88030112e-11 -0.1175671576)
(5.565771578e-06 7.880315519e-11 -0.1175674316)
(2.476769581e-05 7.88035815e-11 -0.1175682429)
(5.595036547e-05 7.880427387e-11 -0.1175695606)
(9.791503112e-05 7.880520585e-11 -0.1175713338)
(0.0001490495815 7.880634166e-11 -0.1175734945)
(0.0002073884387 7.880763707e-11 -0.1175759596)
(0.0002706892412 7.880904263e-11 -0.1175786344)
(0.0003365201557 7.881050413e-11 -0.1175814161)
(0.0004023510702 7.881196563e-11 -0.1175841978)
(0.0004656518727 7.881337206e-11 -0.1175868725)
(0.0005239907299 7.881466747e-11 -0.1175893377)
(0.0005751252802 7.881580328e-11 -0.1175914983)
(0.0006170899458 7.881673526e-11 -0.1175932716)
(0.0006482726154 7.881742763e-11 -0.1175945892)
(0.0006674745395 7.881785394e-11 -0.1175954006)
(0.0006739584156 7.881799791e-11 -0.1175956746)
(0.0006674745394 7.881785394e-11 -0.1175954006)
(0.0006482726152 7.881742763e-11 -0.1175945892)
(0.0006170899455 7.881673526e-11 -0.1175932716)
(0.0005751252799 7.881580328e-11 -0.1175914983)
(0.0005239907295 7.881466747e-11 -0.1175893377)
(0.0004656518723 7.881337206e-11 -0.1175868725)
(0.0004023510698 7.881196563e-11 -0.1175841978)
(0.0003365201553 7.881050413e-11 -0.1175814161)
(0.0002706892408 7.880904263e-11 -0.1175786344)
(0.0002073884383 7.880763707e-11 -0.1175759596)
(0.0001490495811 7.880634166e-11 -0.1175734945)
(9.791503083e-05 7.880520585e-11 -0.1175713338)
(5.595036523e-05 7.880427387e-11 -0.1175695606)
(2.476769565e-05 7.88035815e-11 -0.1175682429)
(5.565771496e-06 7.880315519e-11 -0.1175674316)
(-7.552522099e-06 8.111297811e-11 -0.1213217398)
(-1.046871614e-06 8.111312327e-11 -0.1213220156)
(1.821953688e-05 8.111355316e-11 -0.1213228325)
(4.950692477e-05 8.111425073e-11 -0.121324159)
(9.161251697e-05 8.111519009e-11 -0.1213259442)
(0.0001429187884 8.111633457e-11 -0.1213281194)
(0.0002014535602 8.111764038e-11 -0.1213306012)
(0.0002649669407 8.111905678e-11 -0.121333294)
(0.0003310189298 8.112053043e-11 -0.1213360944)
(0.000397070919 8.112200408e-11 -0.1213388948)
(0.0004605842994 8.112342048e-11 -0.1213415876)
(0.0005191190712 8.112472629e-11 -0.1213440694)
(0.0005704253425 8.112587078e-11 -0.1213462446)
(0.0006125309347 8.112681013e-11 -0.1213480298)
(0.0006438183225 8.112750857e-11 -0.1213493563)
(0.0006630847309 8.112793824e-11 -0.1213501732)
(0.0006695903813 8.112808335e-11 -0.121350449)
(0.0006630847308 8.112793824e-11 -0.1213501732)
(0.0006438183223 8.112750857e-11 -0.1213493563)
(0.0006125309345 8.112681013e-11 -0.1213480298)
(0.0005704253423 8.112587078e-11 -0.1213462446)
(0.0005191190709 8.112472629e-11 -0.1213440694)
(0.000460584299 8.112342048e-11 -0.1213415876)
(0.0003970709186 8.112200408e-11 -0.1213388948)
(0.0003310189294 8.112053043e-11 -0.1213360944)
(0.0002649669403 8.111905678e-11 -0.121333294)
(0.0002014535599 8.111764038e-11 -0.1213306012)
(0.000142918788 8.111633457e-11 -0.1213281194)
(9.161251667e-05 8.111519009e-11 -0.1213259442)
(4.950692454e-05 8.111425073e-11 -0.121324159)
(1.821953673e-05 8.111355316e-11 -0.1213228325)
(-1.046871695e-06 8.111312327e-11 -0.1213220156)
(-1.522901236e-05 8.340762421e-11 -0.1250879637)
(-8.701922401e-06 8.340777038e-11 -0.1250882413)
(1.062797884e-05 8.340820352e-11 -0.1250890636)
(4.201847479e-05 8.340890695e-11 -0.1250903989)
(8.426282661e-05 8.340985324e-11 -0.1250921958)
(0.0001357381786 8.34110064e-11 -0.1250943855)
(0.0001944658527 8.341232219e-11 -0.1250968836)
(0.0002581885425 8.341374987e-11 -0.1250995943)
(0.000324458207 8.341523479e-11 -0.1251024132)
(0.0003907278714 8.341671971e-11 -0.1251052322)
(0.0004544505612 8.341814739e-11 -0.1251079428)
(0.0005131782352 8.341946318e-11 -0.1251104409)
(0.0005646535872 8.342061633e-11 -0.1251126306)
(0.0006068979389 8.342156263e-11 -0.1251144276)
(0.0006382884348 8.342226606e-11 -0.1251157628)
(0.000657618336 8.34226992e-11 -0.1251165851)
(0.0006641454259 8.342284544e-11 -0.1251168627)
(0.0006576183359 8.34226992e-11 -0.1251165851)
(0.0006382884347 8.342226606e-11 -0.1251157628)
(0.0006068979387 8.342156263e-11 -0.1251144276)
(0.0005646535869 8.342061633e-11 -0.1251126306)
(0.0005131782349 8.341946318e-11 -0.1251104409)
(0.0004544505608 8.341814739e-11 -0.1251079428)
(0.000390727871 8.341671971e-11 -0.1251052322)
(0.0003244582065 8.341523479e-11 -0.1251024132)
(0.0002581885421 8.341374987e-11 -0.1250995943)
(0.0001944658523 8.341232219e-11 -0.1250968836)
(0.0001357381783 8.34110064e-11 -0.1250943855)
(8.426282632e-05 8.340985324e-11 -0.1250921958)
(4.201847457e-05 8.340890695e-11 -0.1250903989)
(1.062797868e-05 8.340820352e-11 -0.1250890636)
(-8.701922481e-06 8.340777038e-11 -0.1250882413)
(-2.393026134e-05 8.568633601e-11 -0.1288673102)
(-1.738216168e-05 8.568648341e-11 -0.1288675896)
(2.009959533e-06 8.568691958e-11 -0.1288684172)
(3.350149666e-05 8.5687628e-11 -0.1288697611)
(7.588182654e-05 8.568858166e-11 -0.1288715697)
(0.0001275228698 8.56897435e-11 -0.1288737735)
(0.0001864395792 8.569106926e-11 -0.1288762877)
(0.0002503673825 8.569250691e-11 -0.1288790159)
(0.0003168503588 8.569400311e-11 -0.128881853)
(0.0003833333352 8.569549931e-11 -0.1288846902)
(0.0004472611384 8.569693696e-11 -0.1288874183)
(0.0005061778478 8.569826272e-11 -0.1288899326)
(0.000557818891 8.569942455e-11 -0.1288921364)
(0.0006001992208 8.570037822e-11 -0.128893945)
(0.0006316907579 8.570108664e-11 -0.1288952889)
(0.000651082879 8.570152281e-11 -0.1288961165)
(0.0006576309786 8.570167013e-11 -0.1288963959)
(0.0006510828789 8.570152281e-11 -0.1288961165)
(0.0006316907577 8.570108664e-11 -0.1288952889)
(0.0006001992206 8.570037822e-11 -0.128893945)
(0.0005578188907 8.569942455e-11 -0.1288921364)
(0.0005061778475 8.569826272e-11 -0.1288899326)
(0.000447261138 8.569693696e-11 -0.1288874183)
(0.0003833333348 8.569549931e-11 -0.1288846902)
(0.0003168503584 8.569400311e-11 -0.128881853)
(0.0002503673821 8.569250691e-11 -0.1288790159)
(0.0001864395788 8.569106926e-11 -0.1288762877)
(0.0001275228694 8.56897435e-11 -0.1288737735)
(7.588182625e-05 8.568858166e-11 -0.1288715697)
(3.350149643e-05 8.5687628e-11 -0.1288697611)
(2.009959377e-06 8.568691958e-11 -0.1288684172)
(-1.738216176e-05 8.568648341e-11 -0.1288675896)
(-3.362513174e-05 8.794631515e-11 -0.1326577874)
(-2.70565802e-05 8.794646348e-11 -0.1326580686)
(-7.603890969e-06 8.794690302e-11 -0.1326589014)
(2.398600465e-05 8.794761664e-11 -0.1326602537)
(6.649870234e-05 8.794857681e-11 -0.1326620736)
(0.0001183010376 8.794974688e-11 -0.1326642912)
(0.0001774017635 8.795108175e-11 -0.1326668213)
(0.0002415292344 8.795252981e-11 -0.1326695665)
(0.0003082198591 8.795403642e-11 -0.1326724214)
(0.0003749104838 8.795554302e-11 -0.1326752764)
(0.0004390379548 8.795699195e-11 -0.1326780216)
(0.0004981386806 8.795832682e-11 -0.1326805517)
(0.0005499410158 8.795949689e-11 -0.1326827693)
(0.0005924537134 8.796045706e-11 -0.1326845892)
(0.000624043609 8.796117068e-11 -0.1326859415)
(0.0006434962982 8.796161e-11 -0.1326867743)
(0.0006500648496 8.796175833e-11 -0.1326870555)
(0.0006434962981 8.796161e-11 -0.1326867743)
(0.0006240436088 8.796117068e-11 -0.1326859415)
(0.0005924537132 8.796045706e-11 -0.1326845892)
(0.0005499410155 8.795949689e-11 -0.1326827693)
(0.0004981386802 8.795832682e-11 -0.1326805517)
(0.0004390379544 8.795699195e-11 -0.1326780216)
(0.0003749104834 8.795554302e-11 -0.1326752764)
(0.0003082198587 8.795403642e-11 -0.1326724214)
(0.000241529234 8.795252981e-11 -0.1326695665)
(0.0001774017631 8.795108175e-11 -0.1326668213)
(0.0001183010373 8.794974688e-11 -0.1326642912)
(6.649870205e-05 8.794857681e-11 -0.1326620736)
(2.398600443e-05 8.794761664e-11 -0.1326602537)
(-7.603891124e-06 8.794690302e-11 -0.1326589014)
(-2.705658028e-05 8.794646348e-11 -0.1326580686)
(-4.428362177e-05 9.018670073e-11 -0.1364607505)
(-3.769529904e-05 9.018685018e-11 -0.1364610334)
(-1.818405767e-05 9.018729231e-11 -0.1364618712)
(1.350092282e-05 9.018801071e-11 -0.1364632316)
(5.614158274e-05 9.018897738e-11 -0.1364650626)
(0.0001080998419 9.019015526e-11 -0.1364672936)
(0.0001673784595 9.019149923e-11 -0.1364698389)
(0.0002316989527 9.019295727e-11 -0.1364726007)
(0.0002985903147 9.019447429e-11 -0.1364754729)
(0.0003654816766 9.01959913e-11 -0.1364783451)
(0.0004298021697 9.019744934e-11 -0.1364811069)
(0.0004890807874 9.019879331e-11 -0.1364836522)
(0.0005410390464 9.019997119e-11 -0.1364858832)
(0.0005836797063 9.020093786e-11 -0.1364877141)
(0.0006153646867 9.020165669e-11 -0.1364890746)
(0.000634875928 9.020209905e-11 -0.1364899124)
(0.0006414642507 9.020224843e-11 -0.1364901953)
(0.0006348759279 9.020209905e-11 -0.1364899124)
(0.0006153646866 9.020165669e-11 -0.1364890746)
(0.0005836797061 9.020093786e-11 -0.1364877141)
(0.0005410390462 9.019997119e-11 -0.1364858832)
(0.000489080787 9.019879331e-11 -0.1364836522)
(0.0004298021694 9.019744934e-11 -0.1364811069)
(0.0003654816762 9.01959913e-11 -0.1364783451)
(0.0002985903143 9.019447429e-11 -0.1364754729)
(0.0002316989523 9.019295727e-11 -0.1364726007)
(0.0001673784592 9.019149923e-11 -0.1364698389)
(0.0001080998415 9.019015526e-11 -0.1364672936)
(5.614158245e-05 9.018897738e-11 -0.1364650626)
(1.350092259e-05 9.018801071e-11 -0.1364632316)
(-1.818405782e-05 9.018729231e-11 -0.1364618712)
(-3.769529912e-05 9.018685018e-11 -0.1364610334)
(-5.585877513e-05 9.24045037e-11 -0.1402740448)
(-4.925151479e-05 9.240465402e-11 -0.1402743293)
(-2.968418989e-05 9.24050992e-11 -0.1402751719)
(2.091866559e-06 9.240582258e-11 -0.1402765402)
(4.485509369e-05 9.240679532e-11 -0.1402783817)
(9.696270274e-05 9.240798101e-11 -0.1402806256)
(0.0001564117121 9.240933366e-11 -0.1402831856)
(0.0002209170895 9.241080037e-11 -0.1402859633)
(0.0002880007253 9.241232692e-11 -0.1402888521)
(0.0003550843612 9.241385348e-11 -0.1402917409)
(0.0004195897385 9.241532106e-11 -0.1402945186)
(0.0004790387479 9.241667371e-11 -0.1402970786)
(0.0005311463568 9.241785939e-11 -0.1402993225)
(0.0005739095839 9.241883214e-11 -0.1403011639)
(0.0006056856403 9.241955508e-11 -0.1403025323)
(0.0006252529651 9.242000026e-11 -0.1403033749)
(0.0006318602254 9.242015056e-11 -0.1403036594)
(0.0006252529651 9.242000026e-11 -0.1403033749)
(0.0006056856402 9.241955508e-11 -0.1403025323)
(0.0005739095837 9.241883214e-11 -0.1403011639)
(0.0005311463566 9.241785939e-11 -0.1402993225)
(0.0004790387475 9.241667371e-11 -0.1402970786)
(0.0004195897382 9.241532106e-11 -0.1402945186)
(0.0003550843608 9.241385348e-11 -0.1402917409)
(0.0002880007249 9.241232692e-11 -0.1402888521)
(0.0002209170891 9.241080037e-11 -0.1402859633)
(0.0001564117117 9.240933366e-11 -0.1402831856)
(9.696270241e-05 9.240798101e-11 -0.1402806256)
(4.485509341e-05 9.240679532e-11 -0.1402783817)
(2.091866339e-06 9.240582258e-11 -0.1402765402)
(-2.968419005e-05 9.24050992e-11 -0.1402751719)
(-4.925151487e-05 9.240465402e-11 -0.1402743293)
(-6.830548349e-05 9.459867803e-11 -0.1440988702)
(-6.1680263e-05 9.45988292e-11 -0.1440991563)
(-4.205974934e-05 9.459927698e-11 -0.1441000035)
(-1.019731782e-05 9.460000448e-11 -0.1441013793)
(3.26821502e-05 9.46009833e-11 -0.1441032309)
(8.493140043e-05 9.460217592e-11 -0.144105487)
(0.0001445420067 9.460353681e-11 -0.1441080609)
(0.0002092227254 9.460501306e-11 -0.1441108538)
(0.000276488711 9.460654829e-11 -0.1441137583)
(0.0003437546965 9.460808352e-11 -0.1441166629)
(0.0004084354152 9.460955977e-11 -0.1441194557)
(0.0004680460214 9.461092066e-11 -0.1441220297)
(0.0005202952716 9.461211328e-11 -0.1441242858)
(0.0005631747396 9.46130921e-11 -0.1441261373)
(0.000595037171 9.461381873e-11 -0.1441275131)
(0.0006146576846 9.461426673e-11 -0.1441283603)
(0.000621282905 9.461441793e-11 -0.1441286464)
(0.0006146576846 9.461426673e-11 -0.1441283603)
(0.0005950371709 9.461381873e-11 -0.1441275131)
(0.0005631747394 9.46130921e-11 -0.1441261373)
(0.0005202952714 9.461211328e-11 -0.1441242858)
(0.0004680460211 9.461092066e-11 -0.1441220297)
(0.0004084354148 9.460955977e-11 -0.1441194557)
(0.0003437546961 9.460808352e-11 -0.1441166629)
(0.0002764887106 9.460654829e-11 -0.1441137583)
(0.000209222725 9.460501306e-11 -0.1441108538)
(0.0001445420064 9.460353681e-11 -0.1441080609)
(8.493140011e-05 9.460217592e-11 -0.144105487)
(3.268214992e-05 9.46009833e-11 -0.1441032309)
(-1.019731804e-05 9.460000448e-11 -0.1441013793)
(-4.205974949e-05 9.459927698e-11 -0.1441000035)
(-6.168026308e-05 9.45988292e-11 -0.1440991563)
(-8.155955653e-05 9.676615401e-11 -0.1479328879)
(-7.491751701e-05 9.676630612e-11 -0.1479331754)
(-5.524719394e-05 9.67667565e-11 -0.1479340269)
(-2.330387519e-05 9.676748769e-11 -0.1479354097)
(1.968444833e-05 9.676847171e-11 -0.1479372707)
(7.206634057e-05 9.676967084e-11 -0.1479395383)
(0.0001318282767 9.67710391e-11 -0.1479421253)
(0.0001966731964 9.677252315e-11 -0.1479449325)
(0.000264109946 9.677406706e-11 -0.1479478518)
(0.0003315466957 9.677561096e-11 -0.1479507711)
(0.0003963916154 9.677709502e-11 -0.1479535782)
(0.0004561535514 9.677846328e-11 -0.1479561653)
(0.0005085354436 9.677966241e-11 -0.1479584329)
(0.0005515237671 9.678064643e-11 -0.1479602938)
(0.0005834670858 9.678137762e-11 -0.1479616766)
(0.0006031374088 9.678182799e-11 -0.1479625282)
(0.0006097794482 9.678198002e-11 -0.1479628157)
(0.0006031374087 9.678182799e-11 -0.1479625282)
(0.0005834670856 9.678137762e-11 -0.1479616766)
(0.0005515237669 9.678064643e-11 -0.1479602938)
(0.0005085354434 9.677966241e-11 -0.1479584329)
(0.0004561535511 9.677846328e-11 -0.1479561653)
(0.000396391615 9.677709502e-11 -0.1479535782)
(0.0003315466953 9.677561096e-11 -0.1479507711)
(0.0002641099457 9.677406706e-11 -0.1479478518)
(0.000196673196 9.677252315e-11 -0.1479449325)
(0.0001318282763 9.67710391e-11 -0.1479421253)
(7.206634025e-05 9.676967084e-11 -0.1479395383)
(1.968444806e-05 9.676847171e-11 -0.1479372707)
(-2.33038754e-05 9.676748769e-11 -0.1479354097)
(-5.524719409e-05 9.67667565e-11 -0.1479340269)
(-7.491751708e-05 9.676630612e-11 -0.1479331754)
(-9.556050874e-05 9.890585212e-11 -0.1517771293)
(-8.890293469e-05 9.890600491e-11 -0.1517774182)
(-6.918660632e-05 9.890645746e-11 -0.1517782737)
(-3.716857797e-05 9.890719277e-11 -0.151779663)
(5.920287406e-06 9.890818156e-11 -0.1517815327)
(5.842469135e-05 9.890938676e-11 -0.1517838109)
(0.0001183263997 9.891076153e-11 -0.1517864101)
(0.0001833229799 9.891225252e-11 -0.1517892304)
(0.0002509174518 9.891380423e-11 -0.1517921634)
(0.0003185119237 9.891535594e-11 -0.1517950964)
(0.0003835085039 9.89168478e-11 -0.1517979167)
(0.0004434102122 9.891822257e-11 -0.1518005159)
(0.0004959146161 9.891942777e-11 -0.1518027942)
(0.0005390034815 9.892041656e-11 -0.1518046638)
(0.0005710215098 9.892115144e-11 -0.1518060531)
(0.0005907378381 9.892160376e-11 -0.1518069087)
(0.000597395412 9.892175665e-11 -0.1518071975)
(0.000590737838 9.892160376e-11 -0.1518069087)
(0.0005710215096 9.892115144e-11 -0.1518060531)
(0.0005390034813 9.892041656e-11 -0.1518046638)
(0.0004959146159 9.891942777e-11 -0.1518027942)
(0.0004434102119 9.891822257e-11 -0.1518005159)
(0.0003835085035 9.89168478e-11 -0.1517979167)
(0.0003185119234 9.891535594e-11 -0.1517950964)
(0.0002509174515 9.891380423e-11 -0.1517921634)
(0.0001833229795 9.891225252e-11 -0.1517892304)
(0.0001183263994 9.891076153e-11 -0.1517864101)
(5.842469103e-05 9.890938676e-11 -0.1517838109)
(5.920287135e-06 9.890818156e-11 -0.1517815327)
(-3.716857818e-05 9.890719277e-11 -0.151779663)
(-6.918660647e-05 9.890645746e-11 -0.1517782737)
(-8.890293477e-05 9.890600491e-11 -0.1517774182)
(-0.0001102286387 1.010148372e-10 -0.1556290749)
(-0.0001035569583 1.010149908e-10 -0.155629365)
(-8.379885406e-05 1.010154451e-10 -0.1556302242)
(-5.171298443e-05 1.010161833e-10 -0.1556316194)
(-8.532820368e-06 1.010171768e-10 -0.155633497)
(4.408283234e-05 1.010183872e-10 -0.1556357849)
(0.0001041114632 1.010197681e-10 -0.1556383952)
(0.0001692457612 1.01021266e-10 -0.1556412275)
(0.0002369834554 1.010228247e-10 -0.1556441729)
(0.0003047211496 1.010243833e-10 -0.1556471184)
(0.0003698554475 1.010258812e-10 -0.1556499507)
(0.0004298840784 1.010272621e-10 -0.1556525609)
(0.0004824997311 1.010284725e-10 -0.1556548489)
(0.0005256798951 1.01029466e-10 -0.1556567265)
(0.0005577657646 1.010302042e-10 -0.1556581217)
(0.0005775238688 1.010306586e-10 -0.1556589808)
(0.0005841955491 1.010308121e-10 -0.155659271)
(0.0005775238687 1.010306586e-10 -0.1556589808)
(0.0005577657645 1.010302042e-10 -0.1556581217)
(0.0005256798949 1.01029466e-10 -0.1556567265)
(0.0004824997308 1.010284725e-10 -0.1556548489)
(0.0004298840781 1.010272621e-10 -0.1556525609)
(0.0003698554472 1.010258812e-10 -0.1556499507)
(0.0003047211492 1.010243833e-10 -0.1556471184)
(0.000236983455 1.010228247e-10 -0.1556441729)
(0.0001692457608 1.01021266e-10 -0.1556412275)
(0.0001041114629 1.010197681e-10 -0.1556383952)
(4.408283203e-05 1.010183872e-10 -0.1556357849)
(-8.532820635e-06 1.010171768e-10 -0.155633497)
(-5.171298464e-05 1.010161833e-10 -0.1556316194)
(-8.379885421e-05 1.010154451e-10 -0.1556302242)
(-0.0001035569584 1.010149908e-10 -0.155629365)
(-0.000125491852 1.030922666e-10 -0.1594896098)
(-0.0001188075973 1.030924206e-10 -0.159489901)
(-9.901225436e-05 1.030928769e-10 -0.1594907634)
(-6.686591149e-05 1.030936178e-10 -0.1594921639)
(-2.360436444e-05 1.030946149e-10 -0.1594940486)
(2.911045461e-05 1.030958301e-10 -0.1594963452)
(8.925222334e-05 1.030972165e-10 -0.1594989653)
(0.0001545092819 1.030987205e-10 -0.1595018083)
(0.0002223746434 1.031002853e-10 -0.1595047649)
(0.000290240005 1.0310185e-10 -0.1595077215)
(0.0003554970635 1.031033531e-10 -0.1595105645)
(0.0004156388322 1.031047396e-10 -0.1595131846)
(0.0004683536512 1.031059548e-10 -0.1595154812)
(0.0005116151982 1.031069518e-10 -0.1595173659)
(0.000543761541 1.031076927e-10 -0.1595187664)
(0.0005635568839 1.031081491e-10 -0.1595196288)
(0.0005702411386 1.031083032e-10 -0.15951992)
(0.0005635568838 1.031081491e-10 -0.1595196288)
(0.0005437615409 1.031076927e-10 -0.1595187664)
(0.000511615198 1.031069518e-10 -0.1595173659)
(0.000468353651 1.031059548e-10 -0.1595154812)
(0.0004156388319 1.031047396e-10 -0.1595131846)
(0.0003554970632 1.031033531e-10 -0.1595105645)
(0.0002902400046 1.0310185e-10 -0.1595077215)
(0.0002223746431 1.031002853e-10 -0.1595047649)
(0.0001545092815 1.030987205e-10 -0.1595018083)
(8.925222299e-05 1.030972165e-10 -0.1594989653)
(2.91104543e-05 1.030958301e-10 -0.1594963452)
(-2.36043647e-05 1.030946149e-10 -0.1594940486)
(-6.68659117e-05 1.030936178e-10 -0.1594921639)
(-9.90122545e-05 1.030928769e-10 -0.1594907634)
(-0.0001188075974 1.030924206e-10 -0.159489901)
(-0.000141261624 1.051356826e-10 -0.163356083)
(-0.0001345664031 1.051358372e-10 -0.1633563752)
(-0.0001147385842 1.051362949e-10 -0.1633572404)
(-8.253950243e-05 1.051370384e-10 -0.1633586455)
(-3.920698102e-05 1.051380389e-10 -0.1633605364)
(1.359432133e-05 1.05139258e-10 -0.1633628405)
(7.383475791e-05 1.051406488e-10 -0.1633654693)
(0.0001391988764 1.05142158e-10 -0.1633683216)
(0.000207175577 1.051437271e-10 -0.1633712879)
(0.0002751522777 1.051452961e-10 -0.1633742543)
(0.0003405163961 1.051468062e-10 -0.1633771066)
(0.0004007568327 1.05148197e-10 -0.1633797354)
(0.000453558135 1.051494161e-10 -0.1633820395)
(0.0004968906564 1.051504166e-10 -0.1633839304)
(0.0005290897381 1.051511597e-10 -0.1633853355)
(0.0005489175569 1.051516176e-10 -0.1633862007)
(0.0005556127777 1.051517722e-10 -0.1633864929)
(0.0005489175569 1.051516176e-10 -0.1633862007)
(0.0005290897379 1.051511597e-10 -0.1633853355)
(0.0004968906562 1.051504166e-10 -0.1633839304)
(0.0004535581347 1.051494161e-10 -0.1633820395)
(0.0004007568324 1.05148197e-10 -0.1633797354)
(0.0003405163958 1.051468062e-10 -0.1633771066)
(0.0002751522773 1.051452961e-10 -0.1633742543)
(0.0002071755767 1.051437271e-10 -0.1633712879)
(0.0001391988761 1.05142158e-10 -0.1633683216)
(7.383475758e-05 1.051406488e-10 -0.1633654693)
(1.359432103e-05 1.05139258e-10 -0.1633628405)
(-3.920698127e-05 1.051380389e-10 -0.1633605364)
(-8.253950264e-05 1.051370384e-10 -0.1633586455)
(-0.0001147385843 1.051362949e-10 -0.1633572404)
(-0.0001345664032 1.051358372e-10 -0.1633563752)
(-0.0001574635583 1.071448812e-10 -0.1672293082)
(-0.0001507589916 1.071450362e-10 -0.1672296011)
(-0.0001309034952 1.071454954e-10 -0.1672304688)
(-9.865946692e-05 1.071462407e-10 -0.1672318778)
(-5.526645793e-05 1.071472438e-10 -0.167233774)
(-2.391450606e-06 1.071484663e-10 -0.1672360846)
(5.793307519e-05 1.07149861e-10 -0.1672387207)
(0.000123388435 1.071513746e-10 -0.167241581)
(0.0001914600239 1.07152948e-10 -0.1672445557)
(0.0002595316127 1.071545214e-10 -0.1672475303)
(0.0003249869725 1.071560349e-10 -0.1672503906)
(0.0003853114983 1.071574296e-10 -0.1672530267)
(0.0004381865056 1.071586522e-10 -0.1672553373)
(0.0004815795145 1.071596553e-10 -0.1672572335)
(0.0005138235427 1.07160401e-10 -0.1672586426)
(0.0005336790391 1.071608602e-10 -0.1672595102)
(0.0005403836057 1.071610152e-10 -0.1672598032)
(0.000533679039 1.071608602e-10 -0.1672595102)
(0.0005138235425 1.07160401e-10 -0.1672586426)
(0.0004815795143 1.071596553e-10 -0.1672572335)
(0.0004381865053 1.071586522e-10 -0.1672553373)
(0.000385311498 1.071574296e-10 -0.1672530267)
(0.0003249869722 1.071560349e-10 -0.1672503906)
(0.0002595316123 1.071545214e-10 -0.1672475303)
(0.0001914600235 1.07152948e-10 -0.1672445557)
(0.0001233884347 1.071513746e-10 -0.167241581)
(5.793307486e-05 1.07149861e-10 -0.1672387207)
(-2.391450904e-06 1.071484663e-10 -0.1672360846)
(-5.526645819e-05 1.071472438e-10 -0.167233774)
(-9.865946712e-05 1.071462407e-10 -0.1672318778)
(-0.0001309034953 1.071454954e-10 -0.1672304688)
(-0.0001507589917 1.071450362e-10 -0.1672296011)
(-0.0001740127113 1.091183503e-10 -0.171106612)
(-0.0001673003745 1.091185056e-10 -0.1711069056)
(-0.0001474218668 1.091189656e-10 -0.1711077753)
(-0.00011514047 1.091197128e-10 -0.1711091876)
(-7.169717146e-05 1.091207181e-10 -0.1711110882)
(-1.876088562e-05 1.091219437e-10 -0.1711134042)
(4.163355218e-05 1.091233414e-10 -0.1711160464)
(0.0001071647703 1.091248576e-10 -0.1711189134)
(0.0001753152495 1.091264353e-10 -0.1711218949)
(0.0002434657286 1.09128013e-10 -0.1711248765)
(0.0003089969467 1.091295292e-10 -0.1711277435)
(0.0003693913845 1.09130927e-10 -0.1711303857)
(0.0004223276703 1.091321525e-10 -0.1711327016)
(0.0004657709687 1.091331578e-10 -0.1711346022)
(0.0004980523656 1.09133905e-10 -0.1711360145)
(0.0005179308731 1.091343651e-10 -0.1711368842)
(0.0005246432098 1.091345204e-10 -0.1711371779)
(0.000517930873 1.091343651e-10 -0.1711368842)
(0.0004980523654 1.09133905e-10 -0.1711360145)
(0.0004657709685 1.091331578e-10 -0.1711346022)
(0.00042232767 1.091321525e-10 -0.1711327016)
(0.0003693913842 1.09130927e-10 -0.1711303857)
(0.0003089969464 1.091295292e-10 -0.1711277435)
(0.0002434657283 1.09128013e-10 -0.1711248765)
(0.0001753152491 1.091264353e-10 -0.1711218949)
(0.00010716477 1.091248576e-10 -0.1711189134)
(4.163355186e-05 1.091233414e-10 -0.1711160464)
(-1.876088591e-05 1.091219437e-10 -0.1711134042)
(-7.169717171e-05 1.091207181e-10 -0.1711110882)
(-0.0001151404702 1.091197128e-10 -0.1711091876)
(-0.000147421867 1.091189656e-10 -0.1711077753)
(-0.0001673003745 1.091185056e-10 -0.1711069056)
(-0.0001908468238 1.110570358e-10 -0.1749888712)
(-0.0001841281657 1.110571914e-10 -0.1749891655)
(-0.0001642309377 1.110576522e-10 -0.1749900368)
(-0.0001319191402 1.110584008e-10 -0.1749914517)
(-8.843492949e-05 1.110594082e-10 -0.174993356)
(-3.54487915e-05 1.110606355e-10 -0.1749956763)
(2.500252208e-05 1.110620359e-10 -0.1749983235)
(9.059545347e-05 1.110635551e-10 -0.1750011959)
(0.0001588101126 1.110651354e-10 -0.175004183)
(0.0002270247717 1.110667157e-10 -0.1750071702)
(0.000292617703 1.110682349e-10 -0.1750100426)
(0.0003530690166 1.110696353e-10 -0.1750126898)
(0.0004060551545 1.110708626e-10 -0.1750150101)
(0.0004495393652 1.1107187e-10 -0.1750169144)
(0.0004818511627 1.110726181e-10 -0.1750183293)
(0.0005017483906 1.110730793e-10 -0.1750192006)
(0.0005084670486 1.110732348e-10 -0.1750194948)
(0.0005017483905 1.110730793e-10 -0.1750192006)
(0.0004818511625 1.110726181e-10 -0.1750183293)
(0.000449539365 1.1107187e-10 -0.1750169144)
(0.0004060551543 1.110708626e-10 -0.1750150101)
(0.0003530690163 1.110696353e-10 -0.1750126898)
(0.0002926177027 1.110682349e-10 -0.1750100426)
(0.0002270247713 1.110667157e-10 -0.1750071702)
(0.0001588101122 1.110651354e-10 -0.175004183)
(9.059545314e-05 1.110635551e-10 -0.1750011959)
(2.500252176e-05 1.110620359e-10 -0.1749983235)
(-3.544879179e-05 1.110606355e-10 -0.1749956763)
(-8.843492973e-05 1.110594082e-10 -0.174993356)
(-0.0001319191404 1.110584008e-10 -0.1749914517)
(-0.0001642309379 1.110576522e-10 -0.1749900368)
(-0.0001841281658 1.110571914e-10 -0.1749891655)
(-0.0002079005364 1.129609126e-10 -0.178873551)
(-0.0002011768089 1.129610686e-10 -0.1788738457)
(-0.0001812645676 1.129615299e-10 -0.1788747183)
(-0.0001489283895 1.129622797e-10 -0.1788761354)
(-0.0001054113681 1.12963288e-10 -0.1788780425)
(-5.238524988e-05 1.129645175e-10 -0.1788803663)
(8.111676718e-06 1.129659196e-10 -0.1788830175)
(7.375410071e-05 1.129674418e-10 -0.1788858943)
(0.0001420202306 1.129690239e-10 -0.178888886)
(0.0002102863605 1.12970606e-10 -0.1788918777)
(0.0002759287845 1.129721273e-10 -0.1788947544)
(0.000336425711 1.129735294e-10 -0.1788974056)
(0.0003894518292 1.129747589e-10 -0.1788997294)
(0.0004329688506 1.129757672e-10 -0.1789016365)
(0.0004653050286 1.12976517e-10 -0.1789030536)
(0.0004852172698 1.129769786e-10 -0.1789039263)
(0.0004919409973 1.129771344e-10 -0.1789042209)
(0.0004852172697 1.129769786e-10 -0.1789039263)
(0.0004653050285 1.12976517e-10 -0.1789030536)
(0.0004329688504 1.129757672e-10 -0.1789016365)
(0.000389451829 1.129747589e-10 -0.1788997294)
(0.0003364257107 1.129735294e-10 -0.1788974056)
(0.0002759287841 1.129721273e-10 -0.1788947544)
(0.0002102863602 1.12970606e-10 -0.1788918777)
(0.0001420202303 1.129690239e-10 -0.178888886)
(7.375410037e-05 1.129674418e-10 -0.1788858943)
(8.111676404e-06 1.129659196e-10 -0.1788830175)
(-5.238525016e-05 1.129645175e-10 -0.1788803663)
(-0.0001054113684 1.12963288e-10 -0.1788780425)
(-0.0001489283897 1.129622797e-10 -0.1788761354)
(-0.0001812645677 1.129615299e-10 -0.1788747183)
(-0.0002011768089 1.129610686e-10 -0.1788738457)
(-0.0002251391249 1.148326137e-10 -0.1827617598)
(-0.0002184113078 1.148327697e-10 -0.1827620549)
(-0.0001984869557 1.148332317e-10 -0.1827629286)
(-0.0001661311103 1.148339822e-10 -0.1827643474)
(-0.0001225876213 1.148349922e-10 -0.1827662568)
(-6.952925191e-05 1.148362226e-10 -0.1827685835)
(-8.995530304e-06 1.148376264e-10 -0.1827712379)
(5.668681825e-05 1.148391495e-10 -0.1827741181)
(0.0001249944685 1.148407333e-10 -0.1827771135)
(0.0001933021187 1.148423171e-10 -0.1827801088)
(0.0002589844672 1.14843841e-10 -0.1827829891)
(0.0003195181888 1.148452449e-10 -0.1827856435)
(0.0003725765582 1.148464752e-10 -0.1827879702)
(0.0004161200471 1.148474853e-10 -0.1827898796)
(0.0004484758924 1.148482353e-10 -0.1827912984)
(0.0004684002445 1.148486973e-10 -0.1827921721)
(0.0004751280615 1.148488533e-10 -0.1827924671)
(0.0004684002445 1.148486973e-10 -0.1827921721)
(0.0004484758923 1.148482353e-10 -0.1827912984)
(0.0004161200469 1.148474853e-10 -0.1827898796)
(0.0003725765579 1.148464752e-10 -0.1827879702)
(0.0003195181885 1.148452449e-10 -0.1827856435)
(0.0002589844669 1.14843841e-10 -0.1827829891)
(0.0001933021184 1.148423171e-10 -0.1827801088)
(0.0001249944681 1.148407333e-10 -0.1827771135)
(5.668681792e-05 1.148391495e-10 -0.1827741181)
(-8.995530613e-06 1.148376264e-10 -0.1827712379)
(-6.952925219e-05 1.148362226e-10 -0.1827685835)
(-0.0001225876215 1.148349922e-10 -0.1827662568)
(-0.0001661311105 1.148339822e-10 -0.1827643474)
(-0.0001984869558 1.148332317e-10 -0.1827629286)
(-0.0002184113079 1.148327697e-10 -0.1827620549)
(-0.0002425298674 1.166740862e-10 -0.1866512655)
(-0.000235798623 1.166742424e-10 -0.1866515608)
(-0.0002158641209 1.166747048e-10 -0.1866524354)
(-0.0001834917926 1.166754558e-10 -0.1866538557)
(-0.0001399261213 1.166764667e-10 -0.1866557671)
(-8.68407226e-05 1.166776983e-10 -0.1866580961)
(-2.62761635e-05 1.166791034e-10 -0.1866607533)
(3.943964539e-05 1.166806278e-10 -0.1866636364)
(0.0001077820934 1.166822134e-10 -0.1866666348)
(0.0001761245413 1.166837989e-10 -0.1866696332)
(0.0002418403502 1.166853233e-10 -0.1866725164)
(0.0003024049093 1.166867284e-10 -0.1866751736)
(0.000355490308 1.166879601e-10 -0.1866775026)
(0.0003990559791 1.16688971e-10 -0.186679414)
(0.0004314283074 1.166897219e-10 -0.1866808342)
(0.0004513628095 1.166901843e-10 -0.1866817088)
(0.0004580940537 1.166903405e-10 -0.1866820042)
(0.0004513628094 1.166901843e-10 -0.1866817088)
(0.0004314283072 1.166897219e-10 -0.1866808342)
(0.0003990559789 1.16688971e-10 -0.186679414)
(0.0003554903077 1.166879601e-10 -0.1866775026)
(0.000302404909 1.166867284e-10 -0.1866751736)
(0.0002418403499 1.166853233e-10 -0.1866725164)
(0.000176124541 1.166837989e-10 -0.1866696332)
(0.000107782093 1.166822134e-10 -0.1866666348)
(3.943964507e-05 1.166806278e-10 -0.1866636364)
(-2.62761638e-05 1.166791034e-10 -0.1866607533)
(-8.684072287e-05 1.166776983e-10 -0.1866580961)
(-0.0001399261216 1.166764667e-10 -0.1866557671)
(-0.0001834917927 1.166754558e-10 -0.1866538557)
(-0.000215864121 1.166747048e-10 -0.1866524354)
(-0.0002357986231 1.166742424e-10 -0.1866515608)
(-0.0002600733122 1.184900294e-10 -0.1905435391)
(-0.0002533389625 1.184901858e-10 -0.1905438347)
(-0.000233395264 1.184906483e-10 -0.1905447101)
(-0.0002010080014 1.184914003e-10 -0.1905461317)
(-0.000157422232 1.184924116e-10 -0.1905480449)
(-0.0001043123433 1.184936442e-10 -0.190550376)
(-4.371984399e-05 1.184950506e-10 -0.1905530357)
(2.202628158e-05 1.184965763e-10 -0.1905559215)
(9.040025798e-05 1.184981627e-10 -0.1905589227)
(0.0001587742344 1.184997491e-10 -0.1905619239)
(0.0002245203599 1.185012756e-10 -0.1905648097)
(0.0002851128593 1.185026821e-10 -0.1905674693)
(0.0003382227479 1.185039146e-10 -0.1905698005)
(0.0003818085172 1.185049259e-10 -0.1905717136)
(0.0004141957798 1.185056775e-10 -0.1905731352)
(0.0004341394782 1.185061404e-10 -0.1905740106)
(0.0004408738279 1.185062967e-10 -0.1905743062)
(0.0004341394782 1.185061404e-10 -0.1905740106)
(0.0004141957796 1.185056775e-10 -0.1905731352)
(0.000381808517 1.185049259e-10 -0.1905717136)
(0.0003382227476 1.185039146e-10 -0.1905698005)
(0.000285112859 1.185026821e-10 -0.1905674693)
(0.0002245203596 1.185012756e-10 -0.1905648097)
(0.0001587742341 1.184997491e-10 -0.1905619239)
(9.040025766e-05 1.184981627e-10 -0.1905589227)
(2.202628126e-05 1.184965763e-10 -0.1905559215)
(-4.371984429e-05 1.184950506e-10 -0.1905530357)
(-0.0001043123436 1.184936442e-10 -0.190550376)
(-0.0001574222322 1.184924116e-10 -0.1905480449)
(-0.0002010080015 1.184914003e-10 -0.1905461317)
(-0.0002333952641 1.184906483e-10 -0.1905447101)
(-0.0002533389626 1.184901858e-10 -0.1905438347)
(-0.0002777695716 1.202845412e-10 -0.1944367258)
(-0.0002710321253 1.202846977e-10 -0.1944370217)
(-0.0002510792561 1.202851607e-10 -0.1944378979)
(-0.0002186771009 1.202859132e-10 -0.1944393208)
(-0.0001750712895 1.202869254e-10 -0.1944412357)
(-0.0001219369794 1.202881588e-10 -0.194443569)
(-6.131661785e-05 1.202895661e-10 -0.1944462311)
(4.459739692e-06 1.202910931e-10 -0.1944491196)
(7.286515642e-05 1.202926812e-10 -0.1944521235)
(0.0001412705731 1.202942693e-10 -0.1944551275)
(0.0002070469307 1.202957963e-10 -0.194458016)
(0.0002676672922 1.202972036e-10 -0.194460678)
(0.0003208016022 1.20298437e-10 -0.1944630114)
(0.0003644074136 1.202994492e-10 -0.1944649263)
(0.0003968095687 1.203002017e-10 -0.1944663492)
(0.0004167624379 1.203006649e-10 -0.1944672254)
(0.0004234998842 1.203008214e-10 -0.1944675212)
(0.0004167624378 1.203006649e-10 -0.1944672254)
(0.0003968095686 1.203002017e-10 -0.1944663492)
(0.0003644074134 1.202994492e-10 -0.1944649263)
(0.000320801602 1.20298437e-10 -0.1944630114)
(0.0002676672919 1.202972036e-10 -0.194460678)
(0.0002070469304 1.202957963e-10 -0.194458016)
(0.0001412705728 1.202942693e-10 -0.1944551275)
(7.28651561e-05 1.202926812e-10 -0.1944521235)
(4.459739377e-06 1.202910931e-10 -0.1944491196)
(-6.131661815e-05 1.202895661e-10 -0.1944462311)
(-0.0001219369797 1.202881588e-10 -0.194443569)
(-0.0001750712897 1.202869254e-10 -0.1944412357)
(-0.000218677101 1.202859132e-10 -0.1944393208)
(-0.0002510792562 1.202851607e-10 -0.1944378979)
(-0.0002710321254 1.202846977e-10 -0.1944370217)
(-0.0002956451736 1.220642781e-10 -0.1983326491)
(-0.0002889043942 1.220644346e-10 -0.1983329453)
(-0.0002689416543 1.220648986e-10 -0.1983338224)
(-0.0002365234697 1.22065651e-10 -0.1983352467)
(-0.0001928960866 1.220666645e-10 -0.1983371635)
(-0.0001397354909 1.220678988e-10 -0.1983394991)
(-7.908514049e-05 1.220693074e-10 -0.1983421638)
(-1.327624338e-05 1.220708361e-10 -0.1983450552)
(5.516301351e-05 1.220724251e-10 -0.1983480621)
(0.0001236022704 1.220740141e-10 -0.198351069)
(0.0001894111675 1.220755428e-10 -0.1983539604)
(0.0002500615179 1.220769514e-10 -0.1983566251)
(0.0003032221135 1.220781857e-10 -0.1983589608)
(0.0003468494966 1.220791992e-10 -0.1983608776)
(0.0003792676811 1.220799521e-10 -0.1983623019)
(0.000399230421 1.220804155e-10 -0.1983631789)
(0.0004059712003 1.220805721e-10 -0.1983634751)
(0.0003992304209 1.220804155e-10 -0.1983631789)
(0.000379267681 1.220799521e-10 -0.1983623019)
(0.0003468494964 1.220791992e-10 -0.1983608776)
(0.0003032221133 1.220781857e-10 -0.1983589608)
(0.0002500615176 1.220769514e-10 -0.1983566251)
(0.0001894111672 1.220755428e-10 -0.1983539604)
(0.0001236022701 1.220740141e-10 -0.198351069)
(5.516301319e-05 1.220724251e-10 -0.1983480621)
(-1.327624369e-05 1.220708361e-10 -0.1983450552)
(-7.908514078e-05 1.220693074e-10 -0.1983421638)
(-0.0001397354912 1.220678988e-10 -0.1983394991)
(-0.0001928960868 1.220666645e-10 -0.1983371635)
(-0.0002365234699 1.22065651e-10 -0.1983352467)
(-0.0002689416544 1.220648986e-10 -0.1983338224)
(-0.0002889043943 1.220644346e-10 -0.1983329453)
(-0.0003137142174 1.238349308e-10 -0.2022297229)
(-0.0003069697397 1.238350875e-10 -0.2022300194)
(-0.0002869960471 1.238355516e-10 -0.2022308974)
(-0.0002545600761 1.238363049e-10 -0.2022323233)
(-0.0002109087566 1.238373193e-10 -0.2022342422)
(-0.0001577189941 1.238385549e-10 -0.2022365804)
(-9.703536748e-05 1.238399648e-10 -0.2022392481)
(-3.119036396e-05 1.238414944e-10 -0.2022421426)
(3.72864425e-05 1.238430851e-10 -0.2022451528)
(0.000105763249 1.238446758e-10 -0.2022481631)
(0.0001716082525 1.238462063e-10 -0.2022510576)
(0.000232291879 1.238476162e-10 -0.2022537252)
(0.0002854816415 1.238488517e-10 -0.2022560635)
(0.000329132961 1.238498661e-10 -0.2022579824)
(0.0003615689319 1.238506194e-10 -0.2022594082)
(0.0003815426244 1.238510836e-10 -0.2022602863)
(0.0003882871021 1.238512402e-10 -0.2022605828)
(0.0003815426244 1.238510836e-10 -0.2022602863)
(0.0003615689318 1.238506194e-10 -0.2022594082)
(0.0003291329608 1.238498661e-10 -0.2022579824)
(0.0002854816412 1.238488517e-10 -0.2022560635)
(0.0002322918787 1.238476162e-10 -0.2022537252)
(0.0001716082522 1.238462063e-10 -0.2022510576)
(0.0001057632486 1.238446758e-10 -0.2022481631)
(3.728644218e-05 1.238430851e-10 -0.2022451528)
(-3.119036427e-05 1.238414944e-10 -0.2022421426)
(-9.703536778e-05 1.238399648e-10 -0.2022392481)
(-0.0001577189943 1.238385549e-10 -0.2022365804)
(-0.0002109087568 1.238373193e-10 -0.2022342422)
(-0.0002545600763 1.238363049e-10 -0.2022323233)
(-0.0002869960472 1.238355516e-10 -0.2022308974)
(-0.0003069697397 1.238350875e-10 -0.2022300194)
(-0.0003320031124 1.256039802e-10 -0.2061299177)
(-0.0003252545756 1.256041371e-10 -0.2061302146)
(-0.0003052688623 1.256046016e-10 -0.2061310937)
(-0.0002728133703 1.25605356e-10 -0.2061325213)
(-0.00022913578 1.256063712e-10 -0.2061344425)
(-0.0001759140062 1.256076081e-10 -0.2061367835)
(-0.0001151938584 1.256090197e-10 -0.2061394544)
(-4.930922726e-05 1.256105515e-10 -0.2061423524)
(1.920879069e-05 1.25612144e-10 -0.2061453663)
(8.772680863e-05 1.256137364e-10 -0.2061483801)
(0.0001536114397 1.256152673e-10 -0.2061512782)
(0.0002143315876 1.25616679e-10 -0.206153949)
(0.0002675533613 1.256179158e-10 -0.2061562901)
(0.0003112309515 1.256189311e-10 -0.2061582113)
(0.0003436864435 1.256196859e-10 -0.2061596389)
(0.0003636721568 1.256201503e-10 -0.206160518)
(0.0003704206934 1.256203071e-10 -0.2061608148)
(0.0003636721567 1.256201503e-10 -0.206160518)
(0.0003436864433 1.256196859e-10 -0.2061596389)
(0.0003112309514 1.256189311e-10 -0.2061582113)
(0.0002675533611 1.256179158e-10 -0.2061562901)
(0.0002143315873 1.25616679e-10 -0.206153949)
(0.0001536114394 1.256152673e-10 -0.2061512782)
(8.772680831e-05 1.256137364e-10 -0.2061483801)
(1.920879037e-05 1.25612144e-10 -0.2061453663)
(-4.930922757e-05 1.256105515e-10 -0.2061423524)
(-0.0001151938587 1.256090197e-10 -0.2061394544)
(-0.0001759140065 1.256076081e-10 -0.2061367835)
(-0.0002291357802 1.256063712e-10 -0.2061344425)
(-0.0002728133705 1.25605356e-10 -0.2061325213)
(-0.0003052688624 1.256046016e-10 -0.2061310937)
(-0.0003252545757 1.256041371e-10 -0.2061302146)
(-0.0003505111065 1.273767811e-10 -0.21003164)
(-0.0003437582929 1.273769381e-10 -0.2100319372)
(-0.0003237599135 1.273774033e-10 -0.2100328175)
(-0.0002912838527 1.273781584e-10 -0.2100342469)
(-0.0002475785815 1.273791749e-10 -0.2100361705)
(-0.0001943230782 1.273804135e-10 -0.2100385146)
(-0.0001335644486 1.273818264e-10 -0.2100411888)
(-6.763806282e-05 1.273833608e-10 -0.2100440905)
(9.233787455e-07 1.27384955e-10 -0.2100471082)
(6.94848203e-05 1.273865492e-10 -0.2100501259)
(0.0001354112061 1.273880827e-10 -0.2100530276)
(0.0001961698356 1.273894957e-10 -0.2100557019)
(0.0002494253389 1.273907342e-10 -0.2100580459)
(0.00029313061 1.273917508e-10 -0.2100599695)
(0.0003256066707 1.273925063e-10 -0.2100613989)
(0.0003456050501 1.273929715e-10 -0.2100622792)
(0.0003523578637 1.273931285e-10 -0.2100625764)
(0.00034560505 1.273929715e-10 -0.2100622792)
(0.0003256066706 1.273925063e-10 -0.2100613989)
(0.0002931306098 1.273917508e-10 -0.2100599695)
(0.0002494253386 1.273907342e-10 -0.2100580459)
(0.0001961698353 1.273894957e-10 -0.2100557019)
(0.0001354112058 1.273880827e-10 -0.2100530276)
(6.948481999e-05 1.273865492e-10 -0.2100501259)
(9.233784257e-07 1.27384955e-10 -0.2100471082)
(-6.763806313e-05 1.273833608e-10 -0.2100440905)
(-0.0001335644489 1.273818264e-10 -0.2100411888)
(-0.0001943230784 1.273804135e-10 -0.2100385146)
(-0.0002475785817 1.273791749e-10 -0.2100361705)
(-0.0002912838528 1.273781584e-10 -0.2100342469)
(-0.0003237599136 1.273774033e-10 -0.2100328175)
(-0.0003437582929 1.273769381e-10 -0.2100319372)
(-0.0003692371376 1.291587873e-10 -0.2139367032)
(-0.0003624800942 1.291589445e-10 -0.2139370008)
(-0.0003424691886 1.291594097e-10 -0.2139378821)
(-0.000309972786 1.291601656e-10 -0.2139393133)
(-0.0002662401394 1.291611831e-10 -0.2139412394)
(-0.0002129512789 1.291624225e-10 -0.2139435864)
(-0.0001521545923 1.291638367e-10 -0.213946264)
(-8.61869127e-05 1.291653711e-10 -0.2139491693)
(-1.758252679e-05 1.291669671e-10 -0.2139521908)
(5.102185912e-05 1.29168563e-10 -0.2139552123)
(0.0001169895387 1.291700974e-10 -0.2139581176)
(0.0001777862252 1.291715116e-10 -0.2139607952)
(0.0002310750858 1.291727511e-10 -0.2139631422)
(0.0002748077323 1.291737685e-10 -0.2139650683)
(0.0003073041348 1.291745244e-10 -0.2139664995)
(0.0003273150404 1.2917499e-10 -0.2139673808)
(0.0003340720837 1.291751471e-10 -0.2139676784)
(0.0003273150403 1.2917499e-10 -0.2139673808)
(0.0003073041347 1.291745244e-10 -0.2139664995)
(0.0002748077321 1.291737685e-10 -0.2139650683)
(0.0002310750856 1.291727511e-10 -0.2139631422)
(0.000177786225 1.291715116e-10 -0.2139607952)
(0.0001169895385 1.291700974e-10 -0.2139581176)
(5.10218588e-05 1.29168563e-10 -0.2139552123)
(-1.758252711e-05 1.291669671e-10 -0.2139521908)
(-8.618691302e-05 1.291653711e-10 -0.2139491693)
(-0.0001521545926 1.291638367e-10 -0.213946264)
(-0.0002129512791 1.291624225e-10 -0.2139435864)
(-0.0002662401397 1.291611831e-10 -0.2139412394)
(-0.0003099727862 1.291601656e-10 -0.2139393133)
(-0.0003424691887 1.291594097e-10 -0.2139378821)
(-0.0003624800943 1.291589445e-10 -0.2139370008)
(-0.0003881315641 1.309511145e-10 -0.2178431735)
(-0.0003813708414 1.309512684e-10 -0.2178434714)
(-0.0003613490394 1.309517241e-10 -0.2178443537)
(-0.0003288349418 1.309524642e-10 -0.2178457864)
(-0.0002850784818 1.309534599e-10 -0.2178477146)
(-0.0002317606043 1.309546738e-10 -0.2178500641)
(-0.0001709308126 1.309560581e-10 -0.2178527447)
(-0.0001049272121 1.309575608e-10 -0.2178556532)
(-3.628546961e-05 1.309591229e-10 -0.217858678)
(3.23562729e-05 1.30960685e-10 -0.2178617027)
(9.835987338e-05 1.309621877e-10 -0.2178646113)
(0.000159189665 1.30963572e-10 -0.2178672918)
(0.0002125075425 1.309647859e-10 -0.2178696413)
(0.0002562640024 1.309657816e-10 -0.2178715695)
(0.0002887781 1.309665221e-10 -0.2178730023)
(0.0003087999019 1.309669778e-10 -0.2178738845)
(0.0003155606246 1.309671316e-10 -0.2178741825)
(0.0003087999019 1.309669778e-10 -0.2178738845)
(0.0002887780998 1.309665221e-10 -0.2178730023)
(0.0002562640022 1.309657816e-10 -0.2178715695)
(0.0002125075423 1.309647859e-10 -0.2178696413)
(0.0001591896647 1.30963572e-10 -0.2178672918)
(9.835987309e-05 1.309621877e-10 -0.2178646113)
(3.235627258e-05 1.30960685e-10 -0.2178617027)
(-3.628546994e-05 1.309591229e-10 -0.217858678)
(-0.0001049272124 1.309575608e-10 -0.2178556532)
(-0.0001709308129 1.309560581e-10 -0.2178527447)
(-0.0002317606046 1.309546738e-10 -0.2178500641)
(-0.0002850784821 1.309534599e-10 -0.2178477146)
(-0.000328834942 1.309524642e-10 -0.2178457864)
(-0.0003613490395 1.309517241e-10 -0.2178443537)
(-0.0003813708415 1.309512684e-10 -0.2178434714)
(-0.000407057832 1.327502781e-10 -0.2217520698)
(-0.0004002954906 1.327504354e-10 -0.2217523679)
(-0.0003802688952 1.327509019e-10 -0.2217532506)
(-0.0003477470134 1.327516591e-10 -0.221754684)
(-0.0003039800777 1.327526782e-10 -0.2217566131)
(-0.0002506494354 1.327539198e-10 -0.2217589638)
(-0.0001898050805 1.327553367e-10 -0.2217616456)
(-0.000123785678 1.327568732e-10 -0.2217645555)
(-5.512750202e-05 1.327584718e-10 -0.2217675818)
(1.3530674e-05 1.327600703e-10 -0.221770608)
(7.95500764e-05 1.327616077e-10 -0.2217735179)
(0.0001403944313 1.327630245e-10 -0.2217761997)
(0.0001937250736 1.327642662e-10 -0.2217785504)
(0.0002374920092 1.327652853e-10 -0.2217804795)
(0.000270013891 1.327660425e-10 -0.2217819129)
(0.0002900404863 1.327665087e-10 -0.2217827956)
(0.0002968028276 1.327666662e-10 -0.2217830937)
(0.0002900404863 1.327665087e-10 -0.2217827956)
(0.0002700138908 1.327660425e-10 -0.2217819129)
(0.000237492009 1.327652853e-10 -0.2217804795)
(0.0001937250734 1.327642662e-10 -0.2217785504)
(0.000140394431 1.327630245e-10 -0.2217761997)
(7.95500761e-05 1.327616077e-10 -0.2217735179)
(1.353067368e-05 1.327600703e-10 -0.221770608)
(-5.512750234e-05 1.327584718e-10 -0.2217675818)
(-0.0001237856784 1.327568732e-10 -0.2217645555)
(-0.0001898050808 1.327553367e-10 -0.2217616456)
(-0.0002506494356 1.327539198e-10 -0.2217589638)
(-0.000303980078 1.327526782e-10 -0.2217566131)
(-0.0003477470136 1.327516591e-10 -0.221754684)
(-0.0003802688953 1.327509019e-10 -0.2217532506)
(-0.0004002954907 1.327504354e-10 -0.2217523679)
)
;

boundaryField
{
    left
    {
        type            calculated;
    }
    right
    {
        type            calculated;
    }
    beam
    {
        type            empty;
    }
}


// ************************************************************************* //
