/*--------------------------------*- C++ -*----------------------------------*\
| =========                 |                                                 |
| \\      /  F ield         | OpenFOAM: The Open Source CFD Toolbox           |
|  \\    /   O peration     | Version:  2312                                  |
|   \\  /    A nd           | Website:  www.openfoam.com                      |
|    \\/     M anipulation  |                                                 |
\*---------------------------------------------------------------------------*/
FoamFile
{
    version     2.0;
    format      ascii;
    arch        "LSB;label=32;scalar=64";
    class       pointVectorField;
    location    "0.08/beam";
    object      pointW;
}
// * * * * * * * * * * * * * * * * * * * * * * * * * * * * * * * * * * * * * //

dimensions      [0 1 0 0 0 0 0];

internalField   nonuniform List<vector> 
1952
(
(-7.562488711e-07 2.569601471e-17 6.78227613e-11)
(-7.417175491e-07 2.51534904e-17 6.651954161e-11)
(-6.98683207e-07 2.363560736e-17 6.266008285e-11)
(-6.287982489e-07 2.125036258e-17 5.639257681e-11)
(-5.347492486e-07 1.82145965e-17 4.795796486e-11)
(-4.201491853e-07 1.431146868e-17 3.768026993e-11)
(-2.894032086e-07 9.974659987e-18 2.595456012e-11)
(-1.475367814e-07 5.204170428e-18 1.323153425e-11)
(-2.720519231e-17 0 -2.569087171e-17)
(1.475367813e-07 -5.204170428e-18 -1.323158466e-11)
(2.894032086e-07 -9.974659987e-18 -2.59546076e-11)
(4.201491853e-07 -1.431146868e-17 -3.768031286e-11)
(5.347492486e-07 -1.82145965e-17 -4.795800129e-11)
(6.287982488e-07 -2.125036258e-17 -5.639260543e-11)
(6.98683207e-07 -2.363560736e-17 -6.266010237e-11)
(7.41717549e-07 -2.51534904e-17 -6.651955202e-11)
(7.562488711e-07 -2.569601471e-17 -6.78227613e-11)
(7.417175491e-07 -2.51534904e-17 -6.651954161e-11)
(6.98683207e-07 -2.363560736e-17 -6.266008285e-11)
(6.287982489e-07 -2.125036258e-17 -5.639257681e-11)
(5.347492486e-07 -1.82145965e-17 -4.795796486e-11)
(4.201491853e-07 -1.431146868e-17 -3.768026993e-11)
(2.894032086e-07 -9.974659987e-18 -2.595456012e-11)
(1.475367814e-07 -5.204170428e-18 -1.323153425e-11)
(2.720526405e-17 0 2.569087171e-17)
(-1.475367813e-07 5.204170428e-18 1.323158466e-11)
(-2.894032086e-07 9.974659987e-18 2.59546076e-11)
(-4.201491853e-07 1.431146868e-17 3.768031286e-11)
(-5.347492486e-07 1.82145965e-17 4.795800129e-11)
(-6.287982488e-07 2.125036258e-17 5.639260543e-11)
(-6.98683207e-07 2.363560736e-17 6.266010237e-11)
(-7.41717549e-07 2.51534904e-17 6.651955202e-11)
(5.421866834e-06 7.245934142e-16 -8.333013546e-06)
(5.436262298e-06 7.240302108e-16 -8.333014828e-06)
(5.478894299e-06 7.225123277e-16 -8.333018622e-06)
(5.548125882e-06 7.199102425e-16 -8.333024785e-06)
(5.64129559e-06 7.168744764e-16 -8.333033078e-06)
(5.754824223e-06 7.129713486e-16 -8.333043183e-06)
(5.884347816e-06 7.086345399e-16 -8.333054712e-06)
(6.024887891e-06 7.042977312e-16 -8.333067222e-06)
(6.171045307e-06 6.990935608e-16 -8.333080232e-06)
(6.317202722e-06 6.938893904e-16 -8.333093242e-06)
(6.457742798e-06 6.8868522e-16 -8.333105751e-06)
(6.587266391e-06 6.843484113e-16 -8.333117281e-06)
(6.700795024e-06 6.804452835e-16 -8.333127386e-06)
(6.793964732e-06 6.774095174e-16 -8.333135679e-06)
(6.863196314e-06 6.75241113e-16 -8.333141842e-06)
(6.905828315e-06 6.7372323e-16 -8.333145636e-06)
(6.92022378e-06 6.732012844e-16 -8.333146918e-06)
(6.905828315e-06 6.7372323e-16 -8.333145636e-06)
(6.863196314e-06 6.75241113e-16 -8.333141842e-06)
(6.793964732e-06 6.774095174e-16 -8.333135679e-06)
(6.700795024e-06 6.804452835e-16 -8.333127386e-06)
(6.587266391e-06 6.843484113e-16 -8.333117281e-06)
(6.457742798e-06 6.8868522e-16 -8.333105751e-06)
(6.317202722e-06 6.938893904e-16 -8.333093242e-06)
(6.171045307e-06 6.990935608e-16 -8.333080232e-06)
(6.024887891e-06 7.042977312e-16 -8.333067222e-06)
(5.884347816e-06 7.086345399e-16 -8.333054712e-06)
(5.754824223e-06 7.129713486e-16 -8.333043183e-06)
(5.64129559e-06 7.168744764e-16 -8.333033078e-06)
(5.548125882e-06 7.199102425e-16 -8.333024785e-06)
(5.478894299e-06 7.225123277e-16 -8.333018622e-06)
(5.436262298e-06 7.240302108e-16 -8.333014828e-06)
(1.161454032e-05 4.23656069e-16 -1.650745426e-05)
(1.162852086e-05 4.230556877e-16 -1.650745547e-05)
(1.166992406e-05 4.217546451e-16 -1.650745905e-05)
(1.173716016e-05 4.193694003e-16 -1.650746487e-05)
(1.182764441e-05 4.163336342e-16 -1.65074727e-05)
(1.193790077e-05 4.124305064e-16 -1.650748224e-05)
(1.206369107e-05 4.080936977e-16 -1.650749313e-05)
(1.220018032e-05 4.024558464e-16 -1.650750494e-05)
(1.234212499e-05 3.97251676e-16 -1.650751722e-05)
(1.248406967e-05 3.920475056e-16 -1.65075295e-05)
(1.262055891e-05 3.881443777e-16 -1.650754131e-05)
(1.274634921e-05 3.838075691e-16 -1.65075522e-05)
(1.285660557e-05 3.799044412e-16 -1.650756174e-05)
(1.294708982e-05 3.768686752e-16 -1.650756957e-05)
(1.301432592e-05 3.744834304e-16 -1.650757539e-05)
(1.305572913e-05 3.727487069e-16 -1.650757897e-05)
(1.306970967e-05 3.722639669e-16 -1.650758018e-05)
(1.305572913e-05 3.727487069e-16 -1.650757897e-05)
(1.301432592e-05 3.744834304e-16 -1.650757539e-05)
(1.294708982e-05 3.768686752e-16 -1.650756957e-05)
(1.285660557e-05 3.799044412e-16 -1.650756174e-05)
(1.274634921e-05 3.838075691e-16 -1.65075522e-05)
(1.262055891e-05 3.881443777e-16 -1.650754131e-05)
(1.248406967e-05 3.920475056e-16 -1.65075295e-05)
(1.234212499e-05 3.97251676e-16 -1.650751722e-05)
(1.220018032e-05 4.024558464e-16 -1.650750494e-05)
(1.206369107e-05 4.080936977e-16 -1.650749313e-05)
(1.193790077e-05 4.124305064e-16 -1.650748224e-05)
(1.182764441e-05 4.163336342e-16 -1.65074727e-05)
(1.173716016e-05 4.193694003e-16 -1.650746487e-05)
(1.166992406e-05 4.217546451e-16 -1.650745905e-05)
(1.162852086e-05 4.230556877e-16 -1.650745547e-05)
(1.782293117e-05 1.235144329e-16 -2.435624938e-05)
(1.783619605e-05 1.229485264e-16 -2.435625046e-05)
(1.787547982e-05 1.216474838e-16 -2.435625368e-05)
(1.79392741e-05 1.19262239e-16 -2.435625891e-05)
(1.802512646e-05 1.162264729e-16 -2.435626595e-05)
(1.812973879e-05 1.123233451e-16 -2.435627452e-05)
(1.824908987e-05 1.079865364e-16 -2.43562843e-05)
(1.837859223e-05 1.023486851e-16 -2.435629491e-05)
(1.851327075e-05 9.714451465e-17 -2.435630595e-05)
(1.864794927e-05 9.194034423e-17 -2.435631698e-05)
(1.877745162e-05 8.803721641e-17 -2.43563276e-05)
(1.88968027e-05 8.370040772e-17 -2.435633738e-05)
(1.900141503e-05 7.979727989e-17 -2.435634595e-05)
(1.908726739e-05 7.676151381e-17 -2.435635298e-05)
(1.915106167e-05 7.437626903e-17 -2.435635821e-05)
(1.919034544e-05 7.264154556e-17 -2.435636143e-05)
(1.920361032e-05 7.212266143e-17 -2.435636252e-05)
(1.919034544e-05 7.264154556e-17 -2.435636143e-05)
(1.915106167e-05 7.437626903e-17 -2.435635821e-05)
(1.908726739e-05 7.676151381e-17 -2.435635298e-05)
(1.900141503e-05 7.979727989e-17 -2.435634595e-05)
(1.88968027e-05 8.370040772e-17 -2.435633738e-05)
(1.877745162e-05 8.803721641e-17 -2.435632759e-05)
(1.864794927e-05 9.194034423e-17 -2.435631698e-05)
(1.851327075e-05 9.714451465e-17 -2.435630595e-05)
(1.837859223e-05 1.023486851e-16 -2.435629491e-05)
(1.824908987e-05 1.079865364e-16 -2.43562843e-05)
(1.812973879e-05 1.123233451e-16 -2.435627452e-05)
(1.802512646e-05 1.162264729e-16 -2.435626595e-05)
(1.79392741e-05 1.19262239e-16 -2.435625891e-05)
(1.787547982e-05 1.216474838e-16 -2.435625368e-05)
(1.783619605e-05 1.229485264e-16 -2.435625046e-05)
(2.404888579e-05 -1.742650493e-16 -3.169609683e-05)
(2.406109937e-05 -1.747733902e-16 -3.169609775e-05)
(2.409726973e-05 -1.762912732e-16 -3.169610046e-05)
(2.415600804e-05 -1.78676518e-16 -3.169610487e-05)
(2.423505622e-05 -1.817122841e-16 -3.169611081e-05)
(2.433137756e-05 -1.856154119e-16 -3.169611804e-05)
(2.444126955e-05 -1.899522206e-16 -3.169612629e-05)
(2.456050827e-05 -1.95156391e-16 -3.169613525e-05)
(2.468451293e-05 -2.003605615e-16 -3.169614456e-05)
(2.480851759e-05 -2.055647319e-16 -3.169615387e-05)
(2.492775631e-05 -2.099015406e-16 -3.169616282e-05)
(2.50376483e-05 -2.142383493e-16 -3.169617107e-05)
(2.513396965e-05 -2.181414771e-16 -3.169617831e-05)
(2.521301782e-05 -2.211772432e-16 -3.169618424e-05)
(2.527175613e-05 -2.23562488e-16 -3.169618865e-05)
(2.530792649e-05 -2.25080371e-16 -3.169619137e-05)
(2.532014007e-05 -2.256563266e-16 -3.169619229e-05)
(2.530792649e-05 -2.25080371e-16 -3.169619137e-05)
(2.527175613e-05 -2.23562488e-16 -3.169618865e-05)
(2.521301782e-05 -2.211772432e-16 -3.169618424e-05)
(2.513396965e-05 -2.181414771e-16 -3.169617831e-05)
(2.50376483e-05 -2.142383493e-16 -3.169617107e-05)
(2.492775631e-05 -2.099015406e-16 -3.169616282e-05)
(2.480851759e-05 -2.055647319e-16 -3.169615387e-05)
(2.468451293e-05 -2.003605615e-16 -3.169614456e-05)
(2.456050827e-05 -1.95156391e-16 -3.169613525e-05)
(2.444126955e-05 -1.899522206e-16 -3.169612629e-05)
(2.433137756e-05 -1.856154119e-16 -3.169611804e-05)
(2.423505622e-05 -1.817122841e-16 -3.169611081e-05)
(2.415600804e-05 -1.78676518e-16 -3.169610487e-05)
(2.409726973e-05 -1.762912732e-16 -3.169610046e-05)
(2.406109937e-05 -1.747733902e-16 -3.169609775e-05)
(3.029484037e-05 -4.667341519e-16 -3.832030803e-05)
(3.030562073e-05 -4.672911363e-16 -3.832030873e-05)
(3.033754664e-05 -4.688090194e-16 -3.832031083e-05)
(3.038939224e-05 -4.709774237e-16 -3.832031423e-05)
(3.045916442e-05 -4.740131898e-16 -3.83203188e-05)
(3.054418284e-05 -4.779163176e-16 -3.832032437e-05)
(3.064117943e-05 -4.822531263e-16 -3.832033073e-05)
(3.074642596e-05 -4.874572967e-16 -3.832033763e-05)
(3.085587916e-05 -4.926614672e-16 -3.83203448e-05)
(3.096533235e-05 -4.978656376e-16 -3.832035198e-05)
(3.107057888e-05 -5.022024463e-16 -3.832035888e-05)
(3.116757548e-05 -5.06539255e-16 -3.832036524e-05)
(3.125259389e-05 -5.104423828e-16 -3.832037081e-05)
(3.132236608e-05 -5.134781489e-16 -3.832037538e-05)
(3.137421167e-05 -5.160802341e-16 -3.832037878e-05)
(3.140613758e-05 -5.175981171e-16 -3.832038087e-05)
(3.141691794e-05 -5.181246729e-16 -3.832038158e-05)
(3.140613758e-05 -5.175981171e-16 -3.832038087e-05)
(3.137421167e-05 -5.160802341e-16 -3.832037878e-05)
(3.132236608e-05 -5.134781489e-16 -3.832037538e-05)
(3.125259389e-05 -5.104423828e-16 -3.832037081e-05)
(3.116757548e-05 -5.06539255e-16 -3.832036524e-05)
(3.107057888e-05 -5.022024463e-16 -3.832035888e-05)
(3.096533235e-05 -4.978656376e-16 -3.832035198e-05)
(3.085587916e-05 -4.926614672e-16 -3.83203448e-05)
(3.074642596e-05 -4.874572967e-16 -3.832033763e-05)
(3.064117943e-05 -4.822531263e-16 -3.832033073e-05)
(3.054418284e-05 -4.779163176e-16 -3.832032437e-05)
(3.045916442e-05 -4.740131898e-16 -3.83203188e-05)
(3.038939224e-05 -4.709774237e-16 -3.832031423e-05)
(3.033754664e-05 -4.688090194e-16 -3.832031083e-05)
(3.030562073e-05 -4.672911363e-16 -3.832030873e-05)
(3.656368483e-05 -7.491522246e-16 -4.399297939e-05)
(3.657259494e-05 -7.496173821e-16 -4.399297986e-05)
(3.659898211e-05 -7.511352651e-16 -4.399298125e-05)
(3.664183316e-05 -7.537373503e-16 -4.399298352e-05)
(3.669950076e-05 -7.567731164e-16 -4.399298657e-05)
(3.676976956e-05 -7.606762442e-16 -4.399299028e-05)
(3.684993848e-05 -7.650130529e-16 -4.399299452e-05)
(3.693692608e-05 -7.693498616e-16 -4.399299912e-05)
(3.702739054e-05 -7.74554032e-16 -4.39930039e-05)
(3.7117855e-05 -7.797582025e-16 -4.399300868e-05)
(3.72048426e-05 -7.849623729e-16 -4.399301328e-05)
(3.728501152e-05 -7.892991816e-16 -4.399301752e-05)
(3.735528032e-05 -7.932023094e-16 -4.399302123e-05)
(3.741294792e-05 -7.962380755e-16 -4.399302428e-05)
(3.745579897e-05 -7.984064798e-16 -4.399302655e-05)
(3.748218614e-05 -7.999243629e-16 -4.399302794e-05)
(3.749109625e-05 -8.005418799e-16 -4.399302841e-05)
(3.748218614e-05 -7.999243629e-16 -4.399302794e-05)
(3.745579897e-05 -7.984064798e-16 -4.399302655e-05)
(3.741294792e-05 -7.962380755e-16 -4.399302428e-05)
(3.735528032e-05 -7.932023094e-16 -4.399302123e-05)
(3.728501152e-05 -7.892991816e-16 -4.399301752e-05)
(3.72048426e-05 -7.849623729e-16 -4.399301328e-05)
(3.7117855e-05 -7.797582025e-16 -4.399300868e-05)
(3.702739054e-05 -7.74554032e-16 -4.39930039e-05)
(3.693692608e-05 -7.693498616e-16 -4.399299912e-05)
(3.684993848e-05 -7.650130529e-16 -4.399299452e-05)
(3.676976956e-05 -7.606762442e-16 -4.399299028e-05)
(3.669950076e-05 -7.567731164e-16 -4.399298657e-05)
(3.664183316e-05 -7.537373503e-16 -4.399298352e-05)
(3.659898211e-05 -7.511352651e-16 -4.399298125e-05)
(3.657259494e-05 -7.496173821e-16 -4.399297986e-05)
(4.285859237e-05 -1.014619057e-15 -4.844481004e-05)
(4.286513438e-05 -1.015246914e-15 -4.844481027e-05)
(4.288450848e-05 -1.016547957e-15 -4.844481098e-05)
(4.291597074e-05 -1.019150042e-15 -4.844481211e-05)
(4.295831168e-05 -1.022185808e-15 -4.844481365e-05)
(4.300990473e-05 -1.026088936e-15 -4.844481551e-05)
(4.306876668e-05 -1.030425745e-15 -4.844481764e-05)
(4.313263506e-05 -1.034762553e-15 -4.844481995e-05)
(4.319905625e-05 -1.039966724e-15 -4.844482235e-05)
(4.326547743e-05 -1.045170894e-15 -4.844482476e-05)
(4.332934582e-05 -1.050375065e-15 -4.844482707e-05)
(4.338820776e-05 -1.054711873e-15 -4.84448292e-05)
(4.343980081e-05 -1.058615001e-15 -4.844483106e-05)
(4.348214175e-05 -1.061650767e-15 -4.844483259e-05)
(4.351360402e-05 -1.063819172e-15 -4.844483373e-05)
(4.353297811e-05 -1.065553895e-15 -4.844483443e-05)
(4.353952013e-05 -1.066007596e-15 -4.844483467e-05)
(4.353297811e-05 -1.065553895e-15 -4.844483443e-05)
(4.351360402e-05 -1.063819172e-15 -4.844483373e-05)
(4.348214175e-05 -1.061650767e-15 -4.844483259e-05)
(4.343980081e-05 -1.058615001e-15 -4.844483106e-05)
(4.338820776e-05 -1.054711873e-15 -4.84448292e-05)
(4.332934582e-05 -1.050375065e-15 -4.844482707e-05)
(4.326547743e-05 -1.045170894e-15 -4.844482476e-05)
(4.319905625e-05 -1.039966724e-15 -4.844482235e-05)
(4.313263506e-05 -1.034762553e-15 -4.844481995e-05)
(4.306876668e-05 -1.030425745e-15 -4.844481764e-05)
(4.300990473e-05 -1.026088936e-15 -4.844481551e-05)
(4.295831168e-05 -1.022185808e-15 -4.844481365e-05)
(4.291597074e-05 -1.019150042e-15 -4.844481211e-05)
(4.288450848e-05 -1.016547957e-15 -4.844481098e-05)
(4.286513438e-05 -1.015246914e-15 -4.844481027e-05)
(4.918281681e-05 -1.253777784e-15 -5.137090905e-05)
(4.918643016e-05 -1.254313493e-15 -5.13709091e-05)
(4.919713106e-05 -1.255722956e-15 -5.137090923e-05)
(4.921450862e-05 -1.258108201e-15 -5.137090946e-05)
(4.923789481e-05 -1.261143967e-15 -5.137090976e-05)
(4.926639121e-05 -1.265047095e-15 -5.137091013e-05)
(4.929890244e-05 -1.269383904e-15 -5.137091055e-05)
(4.933417889e-05 -1.274154393e-15 -5.137091101e-05)
(4.937086532e-05 -1.279358564e-15 -5.137091148e-05)
(4.940755175e-05 -1.284562734e-15 -5.137091196e-05)
(4.944282819e-05 -1.289333224e-15 -5.137091241e-05)
(4.947533943e-05 -1.293670032e-15 -5.137091283e-05)
(4.950383583e-05 -1.29757316e-15 -5.13709132e-05)
(4.952722201e-05 -1.300608926e-15 -5.13709135e-05)
(4.954459957e-05 -1.302994171e-15 -5.137091373e-05)
(4.955530047e-05 -1.304620474e-15 -5.137091387e-05)
(4.955891383e-05 -1.305165184e-15 -5.137091391e-05)
(4.955530047e-05 -1.304620474e-15 -5.137091387e-05)
(4.954459957e-05 -1.302994171e-15 -5.137091373e-05)
(4.952722201e-05 -1.300608926e-15 -5.13709135e-05)
(4.950383583e-05 -1.29757316e-15 -5.13709132e-05)
(4.947533943e-05 -1.293670032e-15 -5.137091283e-05)
(4.944282819e-05 -1.289333224e-15 -5.137091241e-05)
(4.940755175e-05 -1.284562734e-15 -5.137091196e-05)
(4.937086532e-05 -1.279358564e-15 -5.137091148e-05)
(4.933417889e-05 -1.274154393e-15 -5.137091101e-05)
(4.929890244e-05 -1.269383904e-15 -5.137091055e-05)
(4.926639121e-05 -1.265047095e-15 -5.137091013e-05)
(4.923789481e-05 -1.261143967e-15 -5.137090976e-05)
(4.921450862e-05 -1.258108201e-15 -5.137090946e-05)
(4.919713106e-05 -1.255722956e-15 -5.137090923e-05)
(4.918643016e-05 -1.254313493e-15 -5.13709091e-05)
(5.553945772e-05 -1.454565297e-15 -5.243092025e-05)
(5.553952148e-05 -1.455107736e-15 -5.243092021e-05)
(5.55397103e-05 -1.456734039e-15 -5.243092011e-05)
(5.554001694e-05 -1.458902443e-15 -5.243091994e-05)
(5.554042961e-05 -1.461938209e-15 -5.243091972e-05)
(5.554093245e-05 -1.465841337e-15 -5.243091944e-05)
(5.554150614e-05 -1.470178146e-15 -5.243091913e-05)
(5.554212862e-05 -1.474514955e-15 -5.243091879e-05)
(5.554277598e-05 -1.479719125e-15 -5.243091844e-05)
(5.554342334e-05 -1.484923295e-15 -5.243091808e-05)
(5.554404582e-05 -1.490127466e-15 -5.243091774e-05)
(5.55446195e-05 -1.494464275e-15 -5.243091743e-05)
(5.554512234e-05 -1.498367402e-15 -5.243091716e-05)
(5.554553501e-05 -1.501403168e-15 -5.243091693e-05)
(5.554584165e-05 -1.504005254e-15 -5.243091676e-05)
(5.554603048e-05 -1.505414716e-15 -5.243091666e-05)
(5.554609424e-05 -1.505951512e-15 -5.243091662e-05)
(5.554603048e-05 -1.505414716e-15 -5.243091666e-05)
(5.554584165e-05 -1.504005254e-15 -5.243091676e-05)
(5.554553501e-05 -1.501403168e-15 -5.243091693e-05)
(5.554512234e-05 -1.498367402e-15 -5.243091716e-05)
(5.55446195e-05 -1.494464275e-15 -5.243091743e-05)
(5.554404582e-05 -1.490127466e-15 -5.243091774e-05)
(5.554342334e-05 -1.484923295e-15 -5.243091808e-05)
(5.554277598e-05 -1.479719125e-15 -5.243091844e-05)
(5.554212862e-05 -1.474514955e-15 -5.243091879e-05)
(5.554150614e-05 -1.470178146e-15 -5.243091913e-05)
(5.554093245e-05 -1.465841337e-15 -5.243091944e-05)
(5.554042961e-05 -1.461938209e-15 -5.243091972e-05)
(5.554001694e-05 -1.458902443e-15 -5.243091994e-05)
(5.55397103e-05 -1.456734039e-15 -5.243092011e-05)
(5.553952148e-05 -1.455107736e-15 -5.243092021e-05)
(6.193120447e-05 -1.602094486e-15 -5.125173149e-05)
(6.192704439e-05 -1.602667651e-15 -5.125173157e-05)
(6.191472433e-05 -1.604185534e-15 -5.125173181e-05)
(6.189471738e-05 -1.60678762e-15 -5.12517322e-05)
(6.186779264e-05 -1.609823386e-15 -5.125173272e-05)
(6.183498445e-05 -1.613726514e-15 -5.125173336e-05)
(6.179755395e-05 -1.618063322e-15 -5.125173409e-05)
(6.175693983e-05 -1.622833812e-15 -5.125173488e-05)
(6.171470239e-05 -1.628037982e-15 -5.12517357e-05)
(6.167246494e-05 -1.633242153e-15 -5.125173653e-05)
(6.163185083e-05 -1.638012642e-15 -5.125173732e-05)
(6.159442032e-05 -1.642349451e-15 -5.125173805e-05)
(6.156161214e-05 -1.646252579e-15 -5.125173868e-05)
(6.15346874e-05 -1.649288345e-15 -5.125173921e-05)
(6.151468044e-05 -1.651456749e-15 -5.12517396e-05)
(6.150236039e-05 -1.652974632e-15 -5.125173984e-05)
(6.14982003e-05 -1.65347987e-15 -5.125173992e-05)
(6.150236039e-05 -1.652974632e-15 -5.125173984e-05)
(6.151468044e-05 -1.651456749e-15 -5.12517396e-05)
(6.15346874e-05 -1.649288345e-15 -5.125173921e-05)
(6.156161214e-05 -1.646252579e-15 -5.125173868e-05)
(6.159442032e-05 -1.642349451e-15 -5.125173805e-05)
(6.163185083e-05 -1.638012642e-15 -5.125173732e-05)
(6.167246494e-05 -1.633242153e-15 -5.125173653e-05)
(6.171470239e-05 -1.628037982e-15 -5.12517357e-05)
(6.175693983e-05 -1.622833812e-15 -5.125173488e-05)
(6.179755395e-05 -1.618063322e-15 -5.125173409e-05)
(6.183498445e-05 -1.613726514e-15 -5.125173336e-05)
(6.186779264e-05 -1.609823386e-15 -5.125173272e-05)
(6.189471738e-05 -1.60678762e-15 -5.12517322e-05)
(6.191472433e-05 -1.604185534e-15 -5.125173181e-05)
(6.192704439e-05 -1.602667651e-15 -5.125173157e-05)
(6.836006449e-05 -1.678650789e-15 -4.743294883e-05)
(6.835096494e-05 -1.679103905e-15 -4.743294934e-05)
(6.832401673e-05 -1.680730208e-15 -4.743295085e-05)
(6.828025461e-05 -1.683115453e-15 -4.74329533e-05)
(6.822136091e-05 -1.686151219e-15 -4.743295661e-05)
(6.814959808e-05 -1.690054346e-15 -4.743296063e-05)
(6.806772464e-05 -1.694391155e-15 -4.743296522e-05)
(6.797888756e-05 -1.699161645e-15 -4.74329702e-05)
(6.788649968e-05 -1.704365815e-15 -4.743297538e-05)
(6.77941118e-05 -1.709569986e-15 -4.743298056e-05)
(6.770527471e-05 -1.714340475e-15 -4.743298554e-05)
(6.762340128e-05 -1.718677284e-15 -4.743299013e-05)
(6.755163845e-05 -1.722580412e-15 -4.743299415e-05)
(6.749274475e-05 -1.725616178e-15 -4.743299745e-05)
(6.744898262e-05 -1.728001423e-15 -4.743299991e-05)
(6.742203442e-05 -1.729410885e-15 -4.743300142e-05)
(6.741293487e-05 -1.730035977e-15 -4.743300193e-05)
(6.742203442e-05 -1.729410885e-15 -4.743300142e-05)
(6.744898262e-05 -1.728001423e-15 -4.743299991e-05)
(6.749274475e-05 -1.725616178e-15 -4.743299745e-05)
(6.755163845e-05 -1.722580412e-15 -4.743299415e-05)
(6.762340128e-05 -1.718677284e-15 -4.743299013e-05)
(6.770527471e-05 -1.714340475e-15 -4.743298554e-05)
(6.77941118e-05 -1.709569986e-15 -4.743298056e-05)
(6.788649968e-05 -1.704365815e-15 -4.743297538e-05)
(6.797888756e-05 -1.699161645e-15 -4.74329702e-05)
(6.806772464e-05 -1.694391155e-15 -4.743296522e-05)
(6.814959808e-05 -1.690054346e-15 -4.743296063e-05)
(6.822136091e-05 -1.686151219e-15 -4.743295661e-05)
(6.828025461e-05 -1.683115453e-15 -4.74329533e-05)
(6.832401673e-05 -1.680730208e-15 -4.743295085e-05)
(6.835096494e-05 -1.679103905e-15 -4.743294934e-05)
(7.482708121e-05 -1.663765641e-15 -4.055526769e-05)
(7.481230233e-05 -1.664250335e-15 -4.055526908e-05)
(7.476853483e-05 -1.665985058e-15 -4.055527322e-05)
(7.469745927e-05 -1.667936622e-15 -4.055527993e-05)
(7.4601808e-05 -1.670972388e-15 -4.055528896e-05)
(7.448525554e-05 -1.674875516e-15 -4.055529996e-05)
(7.43522821e-05 -1.679212325e-15 -4.055531252e-05)
(7.420799876e-05 -1.684416495e-15 -4.055532614e-05)
(7.405794845e-05 -1.689620666e-15 -4.05553403e-05)
(7.390789815e-05 -1.694824836e-15 -4.055535447e-05)
(7.376361481e-05 -1.699161645e-15 -4.055536809e-05)
(7.363064137e-05 -1.703498453e-15 -4.055538065e-05)
(7.351408891e-05 -1.707401581e-15 -4.055539165e-05)
(7.341843764e-05 -1.710437347e-15 -4.055540068e-05)
(7.334736208e-05 -1.713256273e-15 -4.055540739e-05)
(7.330359458e-05 -1.714557316e-15 -4.055541152e-05)
(7.32888157e-05 -1.71515178e-15 -4.055541292e-05)
(7.330359458e-05 -1.714557316e-15 -4.055541152e-05)
(7.334736208e-05 -1.713256273e-15 -4.055540739e-05)
(7.341843764e-05 -1.710437347e-15 -4.055540068e-05)
(7.351408891e-05 -1.707401581e-15 -4.055539165e-05)
(7.363064137e-05 -1.703498453e-15 -4.055538065e-05)
(7.376361481e-05 -1.699161645e-15 -4.055536809e-05)
(7.390789815e-05 -1.694824836e-15 -4.055535447e-05)
(7.405794845e-05 -1.689620666e-15 -4.05553403e-05)
(7.420799876e-05 -1.684416495e-15 -4.055532614e-05)
(7.43522821e-05 -1.679212325e-15 -4.055531252e-05)
(7.448525554e-05 -1.674875516e-15 -4.055529996e-05)
(7.4601808e-05 -1.670972388e-15 -4.055528896e-05)
(7.469745927e-05 -1.667936622e-15 -4.055527993e-05)
(7.476853483e-05 -1.665985058e-15 -4.055527322e-05)
(7.481230233e-05 -1.664250335e-15 -4.055526908e-05)
(8.133205917e-05 -1.534478481e-15 -3.019176413e-05)
(8.13108589e-05 -1.535013436e-15 -3.019176703e-05)
(8.124807457e-05 -1.536531319e-15 -3.019177562e-05)
(8.114611692e-05 -1.538699723e-15 -3.019178958e-05)
(8.100890549e-05 -1.541735489e-15 -3.019180835e-05)
(8.084171139e-05 -1.545638617e-15 -3.019183123e-05)
(8.065096144e-05 -1.549975426e-15 -3.019185733e-05)
(8.044398746e-05 -1.555179596e-15 -3.019188565e-05)
(8.022874081e-05 -1.560383767e-15 -3.019191511e-05)
(8.001349416e-05 -1.565587937e-15 -3.019194456e-05)
(7.980652018e-05 -1.569924746e-15 -3.019197288e-05)
(7.961577023e-05 -1.574261554e-15 -3.019199899e-05)
(7.944857612e-05 -1.578164682e-15 -3.019202186e-05)
(7.93113647e-05 -1.581200448e-15 -3.019204064e-05)
(7.920940705e-05 -1.583802534e-15 -3.019205459e-05)
(7.914662272e-05 -1.585320417e-15 -3.019206318e-05)
(7.912542245e-05 -1.585867379e-15 -3.019206608e-05)
(7.914662272e-05 -1.585320417e-15 -3.019206318e-05)
(7.920940705e-05 -1.583802534e-15 -3.019205459e-05)
(7.93113647e-05 -1.581200448e-15 -3.019204064e-05)
(7.944857612e-05 -1.578164682e-15 -3.019202186e-05)
(7.961577023e-05 -1.574261554e-15 -3.019199899e-05)
(7.980652018e-05 -1.569924746e-15 -3.019197288e-05)
(8.001349416e-05 -1.565587937e-15 -3.019194456e-05)
(8.022874081e-05 -1.560383767e-15 -3.019191511e-05)
(8.044398746e-05 -1.555179596e-15 -3.019188565e-05)
(8.065096144e-05 -1.549975426e-15 -3.019185733e-05)
(8.084171139e-05 -1.545638617e-15 -3.019183123e-05)
(8.100890549e-05 -1.541735489e-15 -3.019180835e-05)
(8.114611692e-05 -1.538699723e-15 -3.019178958e-05)
(8.124807457e-05 -1.536531319e-15 -3.019177562e-05)
(8.13108589e-05 -1.535013436e-15 -3.019176703e-05)
(8.787329816e-05 -1.265792234e-15 -1.592204781e-05)
(8.784495934e-05 -1.266348137e-15 -1.592205302e-05)
(8.776103427e-05 -1.267866021e-15 -1.592206843e-05)
(8.762474545e-05 -1.270251265e-15 -1.592209346e-05)
(8.744133219e-05 -1.273287031e-15 -1.592212714e-05)
(8.721784049e-05 -1.277190159e-15 -1.592216818e-05)
(8.696286122e-05 -1.281526968e-15 -1.592221501e-05)
(8.668619498e-05 -1.286297457e-15 -1.592226581e-05)
(8.639847048e-05 -1.291501628e-15 -1.592231865e-05)
(8.611074598e-05 -1.296705798e-15 -1.592237149e-05)
(8.583407973e-05 -1.301476288e-15 -1.59224223e-05)
(8.557910046e-05 -1.305813097e-15 -1.592246912e-05)
(8.535560876e-05 -1.309716224e-15 -1.592251016e-05)
(8.51721955e-05 -1.31275199e-15 -1.592254385e-05)
(8.503590668e-05 -1.315137235e-15 -1.592256887e-05)
(8.495198161e-05 -1.316655118e-15 -1.592258429e-05)
(8.492364279e-05 -1.317186504e-15 -1.592258949e-05)
(8.495198161e-05 -1.316655118e-15 -1.592258429e-05)
(8.503590668e-05 -1.315137235e-15 -1.592256887e-05)
(8.51721955e-05 -1.31275199e-15 -1.592254385e-05)
(8.535560876e-05 -1.309716224e-15 -1.592251016e-05)
(8.557910046e-05 -1.305813097e-15 -1.592246912e-05)
(8.583407973e-05 -1.301476288e-15 -1.59224223e-05)
(8.611074598e-05 -1.296705798e-15 -1.592237149e-05)
(8.639847048e-05 -1.291501628e-15 -1.592231865e-05)
(8.668619498e-05 -1.286297457e-15 -1.592226581e-05)
(8.696286122e-05 -1.281526968e-15 -1.592221501e-05)
(8.721784049e-05 -1.277190159e-15 -1.592216818e-05)
(8.744133219e-05 -1.273287031e-15 -1.592212714e-05)
(8.762474545e-05 -1.270251265e-15 -1.592209346e-05)
(8.776103427e-05 -1.267866021e-15 -1.592206843e-05)
(8.784495934e-05 -1.266348137e-15 -1.592205302e-05)
(9.444736081e-05 -8.313173357e-16 2.650895117e-06)
(9.441122258e-05 -8.319083269e-16 2.650886639e-06)
(9.430419961e-05 -8.331009493e-16 2.650861532e-06)
(9.41304013e-05 -8.361367154e-16 2.650820759e-06)
(9.389650896e-05 -8.391724815e-16 2.650765888e-06)
(9.361150776e-05 -8.430756093e-16 2.650699026e-06)
(9.328635296e-05 -8.47412418e-16 2.650622745e-06)
(9.293354249e-05 -8.517492267e-16 2.650539976e-06)
(9.256663031e-05 -8.569533971e-16 2.650453898e-06)
(9.219971812e-05 -8.621575676e-16 2.650367821e-06)
(9.184690766e-05 -8.67361738e-16 2.650285051e-06)
(9.152175286e-05 -8.716985467e-16 2.65020877e-06)
(9.123675166e-05 -8.756016745e-16 2.650141909e-06)
(9.100285931e-05 -8.786374406e-16 2.650087038e-06)
(9.082906101e-05 -8.808058449e-16 2.650046265e-06)
(9.072203804e-05 -8.822153078e-16 2.650021157e-06)
(9.06858998e-05 -8.827204063e-16 2.650012679e-06)
(9.072203804e-05 -8.822153078e-16 2.650021157e-06)
(9.082906101e-05 -8.808058449e-16 2.650046265e-06)
(9.100285931e-05 -8.786374406e-16 2.650087038e-06)
(9.123675166e-05 -8.756016745e-16 2.650141909e-06)
(9.152175286e-05 -8.716985467e-16 2.65020877e-06)
(9.184690766e-05 -8.67361738e-16 2.650285051e-06)
(9.219971812e-05 -8.621575676e-16 2.650367821e-06)
(9.256663031e-05 -8.569533971e-16 2.650453898e-06)
(9.293354249e-05 -8.517492267e-16 2.650539976e-06)
(9.328635296e-05 -8.47412418e-16 2.650622745e-06)
(9.361150776e-05 -8.430756093e-16 2.650699026e-06)
(9.389650896e-05 -8.391724815e-16 2.650765888e-06)
(9.41304013e-05 -8.361367154e-16 2.650820759e-06)
(9.430419961e-05 -8.331009493e-16 2.650861532e-06)
(9.441122258e-05 -8.319083269e-16 2.650886639e-06)
(0.0001010488739 -2.041283083e-16 2.588144044e-05)
(0.0001010043671 -2.045889499e-16 2.588142757e-05)
(0.0001008725607 -2.059984128e-16 2.588138945e-05)
(0.0001006585158 -2.08600498e-16 2.588132755e-05)
(0.0001003704607 -2.116362641e-16 2.588124425e-05)
(0.0001000194615 -2.155393919e-16 2.588114275e-05)
(9.96190102e-05 -2.198762006e-16 2.588102694e-05)
(9.918449902e-05 -2.246466901e-16 2.588090129e-05)
(9.873262057e-05 -2.298508606e-16 2.588077061e-05)
(9.828074212e-05 -2.35055031e-16 2.588063994e-05)
(9.784623094e-05 -2.398255206e-16 2.588051428e-05)
(9.744577969e-05 -2.441623292e-16 2.588039848e-05)
(9.709478044e-05 -2.480654571e-16 2.588029698e-05)
(9.680672538e-05 -2.511012231e-16 2.588021367e-05)
(9.659268041e-05 -2.537033084e-16 2.588015178e-05)
(9.646087401e-05 -2.551127712e-16 2.588011366e-05)
(9.64163672e-05 -2.555446826e-16 2.588010079e-05)
(9.646087401e-05 -2.551127712e-16 2.588011366e-05)
(9.659268041e-05 -2.537033084e-16 2.588015178e-05)
(9.680672538e-05 -2.511012231e-16 2.588021367e-05)
(9.709478044e-05 -2.480654571e-16 2.588029698e-05)
(9.744577969e-05 -2.441623292e-16 2.588039848e-05)
(9.784623094e-05 -2.398255206e-16 2.588051428e-05)
(9.828074212e-05 -2.35055031e-16 2.588063994e-05)
(9.873262057e-05 -2.298508606e-16 2.588077061e-05)
(9.918449902e-05 -2.246466901e-16 2.588090129e-05)
(9.96190102e-05 -2.198762006e-16 2.588102694e-05)
(0.0001000194615 -2.155393919e-16 2.588114275e-05)
(0.0001003704607 -2.116362641e-16 2.588124425e-05)
(0.0001006585158 -2.08600498e-16 2.588132755e-05)
(0.0001008725607 -2.059984128e-16 2.588138945e-05)
(0.0001010043671 -2.045889499e-16 2.588142757e-05)
(0.0001076703843 6.421242436e-16 5.4059996e-05)
(0.0001076170702 6.416308457e-16 5.405997753e-05)
(0.0001074591808 6.401129626e-16 5.40599228e-05)
(0.0001072027788 6.375108774e-16 5.405983394e-05)
(0.000106857721 6.344751113e-16 5.405971435e-05)
(0.0001064372631 6.305719835e-16 5.405956863e-05)
(0.0001059575672 6.262351748e-16 5.405940238e-05)
(0.0001054370713 6.218983661e-16 5.405922199e-05)
(0.0001048957714 6.166941957e-16 5.405903439e-05)
(0.0001043544715 6.114900253e-16 5.405884679e-05)
(0.0001038339756 6.062858549e-16 5.405866639e-05)
(0.0001033542797 6.019490462e-16 5.405850014e-05)
(0.0001029338218 5.980459183e-16 5.405835442e-05)
(0.000102588764 5.950101523e-16 5.405823483e-05)
(0.000102332362 5.92408067e-16 5.405814597e-05)
(0.0001021744726 5.911070244e-16 5.405809125e-05)
(0.0001021211584 5.906893331e-16 5.405807277e-05)
(0.0001021744726 5.911070244e-16 5.405809125e-05)
(0.000102332362 5.92408067e-16 5.405814597e-05)
(0.000102588764 5.950101523e-16 5.405823483e-05)
(0.0001029338218 5.980459183e-16 5.405835442e-05)
(0.0001033542797 6.019490462e-16 5.405850014e-05)
(0.0001038339756 6.062858549e-16 5.405866639e-05)
(0.0001043544715 6.114900253e-16 5.405884679e-05)
(0.0001048957714 6.166941957e-16 5.405903439e-05)
(0.0001054370713 6.218983661e-16 5.405922199e-05)
(0.0001059575672 6.262351748e-16 5.405940238e-05)
(0.0001064372631 6.305719835e-16 5.405956863e-05)
(0.000106857721 6.344751113e-16 5.405971435e-05)
(0.0001072027788 6.375108774e-16 5.405983394e-05)
(0.0001074591808 6.401129626e-16 5.40599228e-05)
(0.0001076170702 6.416308457e-16 5.405997753e-05)
(0.0001143022698 1.731886187e-15 8.7390039e-05)
(0.0001142398808 1.731470869e-15 8.739001369e-05)
(0.0001140551167 1.729952986e-15 8.738993874e-05)
(0.0001137550718 1.727350901e-15 8.738981702e-05)
(0.0001133512807 1.724315135e-15 8.738965321e-05)
(0.0001128592555 1.720412007e-15 8.73894536e-05)
(0.0001122979092 1.716075199e-15 8.738922588e-05)
(0.0001116888182 1.711304709e-15 8.738897878e-05)
(0.0001110553821 1.706100539e-15 8.738872181e-05)
(0.0001104219459 1.700896368e-15 8.738846484e-05)
(0.000109812855 1.696125879e-15 8.738821774e-05)
(0.0001092515087 1.69178907e-15 8.738799002e-05)
(0.0001087594834 1.687885942e-15 8.738779041e-05)
(0.0001083556924 1.684850176e-15 8.73876266e-05)
(0.0001080556475 1.682248091e-15 8.738750488e-05)
(0.0001078708833 1.680947048e-15 8.738742993e-05)
(0.0001078084944 1.680426964e-15 8.738740462e-05)
(0.0001078708833 1.680947048e-15 8.738742993e-05)
(0.0001080556475 1.682248091e-15 8.738750488e-05)
(0.0001083556924 1.684850176e-15 8.73876266e-05)
(0.0001087594834 1.687885942e-15 8.738779041e-05)
(0.0001092515087 1.69178907e-15 8.738799002e-05)
(0.000109812855 1.696125879e-15 8.738821774e-05)
(0.0001104219459 1.700896368e-15 8.738846484e-05)
(0.0001110553821 1.706100539e-15 8.738872181e-05)
(0.0001116888182 1.711304709e-15 8.738897878e-05)
(0.0001122979092 1.716075199e-15 8.738922588e-05)
(0.0001128592555 1.720412007e-15 8.73894536e-05)
(0.0001133512807 1.724315135e-15 8.738965321e-05)
(0.0001137550718 1.727350901e-15 8.738981702e-05)
(0.0001140551167 1.729952986e-15 8.738993874e-05)
(0.0001142398808 1.731470869e-15 8.739001369e-05)
(0.0001209327139 3.086135494e-15 0.0001259639842)
(0.0001208611969 3.085639383e-15 0.0001259639509)
(0.0001206494002 3.08433834e-15 0.0001259638524)
(0.0001203054561 3.081736255e-15 0.0001259636924)
(0.000119842587 3.078700489e-15 0.0001259634771)
(0.0001192785743 3.074797361e-15 0.0001259632148)
(0.0001186350982 3.070460552e-15 0.0001259629155)
(0.000117936892 3.065256382e-15 0.0001259625908)
(0.0001172107788 3.060052212e-15 0.0001259622531)
(0.0001164846655 3.054848041e-15 0.0001259619153)
(0.0001157864594 3.050511233e-15 0.0001259615906)
(0.0001151429833 3.046174424e-15 0.0001259612913)
(0.0001145789706 3.042271296e-15 0.000125961029)
(0.0001141161014 3.03923553e-15 0.0001259608137)
(0.0001137721574 3.036633445e-15 0.0001259606537)
(0.0001135603607 3.035115562e-15 0.0001259605552)
(0.0001134888437 3.034646095e-15 0.000125960522)
(0.0001135603607 3.035115562e-15 0.0001259605552)
(0.0001137721574 3.036633445e-15 0.0001259606537)
(0.0001141161014 3.03923553e-15 0.0001259608137)
(0.0001145789706 3.042271296e-15 0.000125961029)
(0.0001151429833 3.046174424e-15 0.0001259612913)
(0.0001157864594 3.050511233e-15 0.0001259615906)
(0.0001164846655 3.054848041e-15 0.0001259619153)
(0.0001172107788 3.060052212e-15 0.0001259622531)
(0.000117936892 3.065256382e-15 0.0001259625908)
(0.0001186350982 3.070460552e-15 0.0001259629155)
(0.0001192785743 3.074797361e-15 0.0001259632148)
(0.000119842587 3.078700489e-15 0.0001259634771)
(0.0001203054561 3.081736255e-15 0.0001259636924)
(0.0001206494002 3.08433834e-15 0.0001259638524)
(0.0001208611969 3.085639383e-15 0.0001259639509)
(0.0001275477381 4.720508333e-15 0.0001697383531)
(0.0001274672974 4.719965738e-15 0.000169738311)
(0.0001272290733 4.718664695e-15 0.0001697381864)
(0.0001268422129 4.715845769e-15 0.000169737984)
(0.0001263215882 4.712810003e-15 0.0001697377116)
(0.0001256871995 4.708906876e-15 0.0001697373797)
(0.0001249634322 4.704570067e-15 0.000169737001)
(0.0001241781058 4.700233258e-15 0.0001697365901)
(0.0001233613902 4.695029088e-15 0.0001697361628)
(0.0001225446745 4.689824917e-15 0.0001697357355)
(0.0001217593481 4.684620747e-15 0.0001697353246)
(0.0001210355808 4.680283938e-15 0.000169734946)
(0.0001204011921 4.67638081e-15 0.0001697346141)
(0.0001198805674 4.673345044e-15 0.0001697343417)
(0.000119493707 4.6709598e-15 0.0001697341393)
(0.0001192554829 4.669441916e-15 0.0001697340146)
(0.0001191750422 4.668983477e-15 0.0001697339725)
(0.0001192554829 4.669441916e-15 0.0001697340146)
(0.000119493707 4.6709598e-15 0.0001697341393)
(0.0001198805674 4.673345044e-15 0.0001697343417)
(0.0001204011921 4.67638081e-15 0.0001697346141)
(0.0001210355808 4.680283938e-15 0.000169734946)
(0.0001217593481 4.684620747e-15 0.0001697353246)
(0.0001225446745 4.689824917e-15 0.0001697357355)
(0.0001233613902 4.695029088e-15 0.0001697361628)
(0.0001241781058 4.700233258e-15 0.0001697365901)
(0.0001249634322 4.704570067e-15 0.000169737001)
(0.0001256871995 4.708906876e-15 0.0001697373797)
(0.0001263215882 4.712810003e-15 0.0001697377116)
(0.0001268422129 4.715845769e-15 0.000169737984)
(0.0001272290733 4.718664695e-15 0.0001697381864)
(0.0001274672974 4.719965738e-15 0.000169738311)
(0.0001341312876 6.64320686e-15 0.0002185086746)
(0.0001340424288 6.64258145e-15 0.0002185086232)
(0.0001337792745 6.641171987e-15 0.0002185084711)
(0.0001333519291 6.638786743e-15 0.0002185082241)
(0.000132776821 6.635750976e-15 0.0002185078917)
(0.0001320760435 6.631847849e-15 0.0002185074867)
(0.000131276534 6.62751104e-15 0.0002185070246)
(0.0001304090231 6.62230687e-15 0.0002185065232)
(0.0001295068381 6.617102699e-15 0.0002185060017)
(0.0001286046531 6.611898529e-15 0.0002185054803)
(0.0001277371422 6.60756172e-15 0.0002185049789)
(0.0001269376327 6.603224911e-15 0.0002185045168)
(0.0001262368552 6.599321783e-15 0.0002185041117)
(0.0001256617471 6.596286017e-15 0.0002185037793)
(0.0001252344017 6.593467092e-15 0.0002185035323)
(0.0001249712474 6.592057629e-15 0.0002185033802)
(0.0001248823886 6.591642728e-15 0.0002185033289)
(0.0001249712474 6.592057629e-15 0.0002185033802)
(0.0001252344017 6.593467092e-15 0.0002185035323)
(0.0001256617471 6.596286017e-15 0.0002185037793)
(0.0001262368552 6.599321783e-15 0.0002185041117)
(0.0001269376327 6.603224911e-15 0.0002185045168)
(0.0001277371422 6.60756172e-15 0.0002185049789)
(0.0001286046531 6.611898529e-15 0.0002185054803)
(0.0001295068381 6.617102699e-15 0.0002185060017)
(0.0001304090231 6.62230687e-15 0.0002185065232)
(0.000131276534 6.62751104e-15 0.0002185070246)
(0.0001320760435 6.631847849e-15 0.0002185074867)
(0.000132776821 6.635750976e-15 0.0002185078917)
(0.0001333519291 6.638786743e-15 0.0002185082241)
(0.0001337792745 6.641171987e-15 0.0002185084711)
(0.0001340424288 6.64258145e-15 0.0002185086232)
(0.0001406653502 8.852717019e-15 0.0002718844625)
(0.0001405689233 8.852185478e-15 0.000271884402)
(0.0001402833563 8.850776015e-15 0.0002718842229)
(0.000139819614 8.847957089e-15 0.000271883932)
(0.0001391955242 8.844921323e-15 0.0002718835405)
(0.0001384350617 8.841018195e-15 0.0002718830635)
(0.0001375674583 8.836681387e-15 0.0002718825194)
(0.0001366260618 8.832344578e-15 0.0002718819289)
(0.000135647038 8.827140408e-15 0.0002718813148)
(0.0001346680142 8.821936237e-15 0.0002718807007)
(0.0001337266178 8.816732067e-15 0.0002718801102)
(0.0001328590143 8.812395258e-15 0.000271879566)
(0.0001320985518 8.80849213e-15 0.0002718790891)
(0.000131474462 8.805456364e-15 0.0002718786976)
(0.0001310107198 8.803071119e-15 0.0002718784067)
(0.0001307251527 8.801661656e-15 0.0002718782276)
(0.0001306287259 8.801112288e-15 0.0002718781671)
(0.0001307251527 8.801661656e-15 0.0002718782276)
(0.0001310107198 8.803071119e-15 0.0002718784067)
(0.000131474462 8.805456364e-15 0.0002718786976)
(0.0001320985518 8.80849213e-15 0.0002718790891)
(0.0001328590143 8.812395258e-15 0.000271879566)
(0.0001337266178 8.816732067e-15 0.0002718801102)
(0.0001346680142 8.821936237e-15 0.0002718807007)
(0.000135647038 8.827140408e-15 0.0002718813148)
(0.0001366260618 8.832344578e-15 0.0002718819289)
(0.0001375674583 8.836681387e-15 0.0002718825194)
(0.0001384350617 8.841018195e-15 0.0002718830635)
(0.0001391955242 8.844921323e-15 0.0002718835405)
(0.000139819614 8.847957089e-15 0.000271883932)
(0.0001402833563 8.850776015e-15 0.0002718842229)
(0.0001405689233 8.852185478e-15 0.000271884402)
(0.0001471293524 1.133502465e-14 0.0003292577515)
(0.0001470265955 1.133457477e-14 0.0003292576828)
(0.0001467222821 1.133316531e-14 0.0003292574794)
(0.0001462280969 1.133078006e-14 0.000329257149)
(0.0001455630379 1.132731062e-14 0.0003292567045)
(0.000144752654 1.132340749e-14 0.0003292561628)
(0.0001438280956 1.131907068e-14 0.0003292555448)
(0.0001428249001 1.131473387e-14 0.0003292548742)
(0.0001417816071 1.13095297e-14 0.0003292541769)
(0.0001407383141 1.130432553e-14 0.0003292534795)
(0.0001397351185 1.129912136e-14 0.0003292528089)
(0.0001388105602 1.129478455e-14 0.0003292521909)
(0.0001380001762 1.129088142e-14 0.0003292516492)
(0.0001373351172 1.128741198e-14 0.0003292512047)
(0.0001368409321 1.128546041e-14 0.0003292508744)
(0.0001365366186 1.128383411e-14 0.000329250671)
(0.0001364338617 1.128338163e-14 0.0003292506023)
(0.0001365366186 1.128383411e-14 0.000329250671)
(0.0001368409321 1.128546041e-14 0.0003292508744)
(0.0001373351172 1.128741198e-14 0.0003292512047)
(0.0001380001762 1.129088142e-14 0.0003292516492)
(0.0001388105602 1.129478455e-14 0.0003292521909)
(0.0001397351185 1.129912136e-14 0.0003292528089)
(0.0001407383141 1.130432553e-14 0.0003292534795)
(0.0001417816071 1.13095297e-14 0.0003292541769)
(0.0001428249001 1.131473387e-14 0.0003292548742)
(0.0001438280956 1.131907068e-14 0.0003292555448)
(0.000144752654 1.132340749e-14 0.0003292561628)
(0.0001455630379 1.132731062e-14 0.0003292567045)
(0.0001462280969 1.133078006e-14 0.000329257149)
(0.0001467222821 1.133316531e-14 0.0003292574794)
(0.0001470265955 1.133457477e-14 0.0003292576828)
(0.0001535039033 1.406247321e-14 0.0003898118662)
(0.0001533964821 1.406199376e-14 0.0003898117911)
(0.0001530783554 1.406058429e-14 0.0003898115688)
(0.0001525617385 1.405819905e-14 0.0003898112078)
(0.0001518664915 1.40547296e-14 0.000389810722)
(0.0001510193231 1.405082647e-14 0.00038981013)
(0.0001500527977 1.404648967e-14 0.0003898094546)
(0.0001490040656 1.404171918e-14 0.0003898087218)
(0.000147913416 1.403651501e-14 0.0003898079596)
(0.0001468227665 1.403131084e-14 0.0003898071975)
(0.0001457740344 1.402654035e-14 0.0003898064647)
(0.000144807509 1.402220354e-14 0.0003898057893)
(0.0001439603406 1.401830041e-14 0.0003898051973)
(0.0001432650936 1.401483096e-14 0.0003898047115)
(0.0001427484766 1.40128794e-14 0.0003898043505)
(0.00014243035 1.40112531e-14 0.0003898041282)
(0.0001423229288 1.401079887e-14 0.0003898040531)
(0.00014243035 1.40112531e-14 0.0003898041282)
(0.0001427484766 1.40128794e-14 0.0003898043505)
(0.0001432650936 1.401483096e-14 0.0003898047115)
(0.0001439603405 1.401830041e-14 0.0003898051973)
(0.000144807509 1.402220354e-14 0.0003898057893)
(0.0001457740344 1.402654035e-14 0.0003898064647)
(0.0001468227665 1.403131084e-14 0.0003898071975)
(0.000147913416 1.403651501e-14 0.0003898079596)
(0.0001490040656 1.404171918e-14 0.0003898087218)
(0.0001500527977 1.404648967e-14 0.0003898094546)
(0.0001510193231 1.405082647e-14 0.00038981013)
(0.0001518664915 1.40547296e-14 0.000389810722)
(0.0001525617385 1.405819905e-14 0.0003898112078)
(0.0001530783554 1.406058429e-14 0.0003898115688)
(0.0001533964821 1.406199376e-14 0.0003898117911)
(0.0001597628756 1.698780937e-14 0.0004524231959)
(0.0001596529304 1.698738806e-14 0.0004524231173)
(0.0001593273288 1.698576176e-14 0.0004524228844)
(0.0001587985733 1.698381019e-14 0.0004524225063)
(0.0001580869905 1.698034074e-14 0.0004524219973)
(0.0001572199166 1.697643762e-14 0.0004524213772)
(0.0001562306813 1.697210081e-14 0.0004524206697)
(0.0001551573077 1.696733032e-14 0.000452419902)
(0.0001540410318 1.696212615e-14 0.0004524191036)
(0.0001529247559 1.695692198e-14 0.0004524183052)
(0.0001518513823 1.695215149e-14 0.0004524175375)
(0.000150862147 1.694781468e-14 0.00045241683)
(0.0001499950731 1.694391155e-14 0.0004524162099)
(0.0001492834903 1.69404421e-14 0.000452415701)
(0.0001487547347 1.693805686e-14 0.0004524153228)
(0.0001484291332 1.69366474e-14 0.0004524150899)
(0.000148319188 1.693611621e-14 0.0004524150113)
(0.0001484291332 1.69366474e-14 0.0004524150899)
(0.0001487547347 1.693805686e-14 0.0004524153228)
(0.0001492834903 1.69404421e-14 0.000452415701)
(0.0001499950731 1.694391155e-14 0.0004524162099)
(0.000150862147 1.694781468e-14 0.00045241683)
(0.0001518513823 1.695215149e-14 0.0004524175375)
(0.0001529247559 1.695692198e-14 0.0004524183052)
(0.0001540410318 1.696212615e-14 0.0004524191036)
(0.0001551573077 1.696733032e-14 0.000452419902)
(0.0001562306813 1.697210081e-14 0.0004524206697)
(0.0001572199166 1.697643762e-14 0.0004524213772)
(0.0001580869905 1.698034074e-14 0.0004524219973)
(0.0001587985733 1.698381019e-14 0.0004524225063)
(0.0001593273288 1.698576176e-14 0.0004524228844)
(0.0001596529304 1.698738806e-14 0.0004524231173)
(0.0001658841147 2.00461574e-14 0.0005157383731)
(0.000165774301 2.004570555e-14 0.0005157382947)
(0.000165449089 2.004429608e-14 0.0005157380624)
(0.000164920966 2.0041694e-14 0.0005157376851)
(0.0001642102345 2.003822455e-14 0.0005157371774)
(0.0001633441979 2.003432142e-14 0.0005157365587)
(0.000162356146 2.002998462e-14 0.0005157358529)
(0.0001612840566 2.002564781e-14 0.000515735087)
(0.000160169116 2.002044364e-14 0.0005157342906)
(0.0001590541755 2.001523947e-14 0.0005157334941)
(0.0001579820861 2.00100353e-14 0.0005157327282)
(0.0001569940342 2.000569849e-14 0.0005157320224)
(0.0001561279976 2.000179536e-14 0.0005157314037)
(0.0001554172661 1.999832591e-14 0.000515730896)
(0.0001548891431 1.999659119e-14 0.0005157305187)
(0.0001545639311 1.999496489e-14 0.0005157302864)
(0.0001544541174 1.999446369e-14 0.000515730208)
(0.0001545639311 1.999496489e-14 0.0005157302864)
(0.0001548891431 1.999659119e-14 0.0005157305187)
(0.0001554172661 1.999832591e-14 0.000515730896)
(0.0001561279976 2.000179536e-14 0.0005157314037)
(0.0001569940342 2.000569849e-14 0.0005157320224)
(0.0001579820861 2.00100353e-14 0.0005157327282)
(0.0001590541755 2.001523947e-14 0.0005157334941)
(0.000160169116 2.002044364e-14 0.0005157342906)
(0.0001612840566 2.002564781e-14 0.000515735087)
(0.000162356146 2.002998462e-14 0.0005157358529)
(0.0001633441979 2.003432142e-14 0.0005157365587)
(0.0001642102345 2.003822455e-14 0.0005157371774)
(0.000164920966 2.0041694e-14 0.0005157376851)
(0.000165449089 2.004429608e-14 0.0005157380624)
(0.000165774301 2.004570555e-14 0.0005157382947)
(0.0001718379621 2.314730572e-14 0.0005780370165)
(0.0001717314981 2.314684902e-14 0.0005780369427)
(0.000171416206 2.314533114e-14 0.0005780367244)
(0.0001709041924 2.314294589e-14 0.0005780363698)
(0.0001702151403 2.313947645e-14 0.0005780358925)
(0.0001693755205 2.313557332e-14 0.000578035311)
(0.0001684176072 2.313123651e-14 0.0005780346476)
(0.0001673782197 2.312646602e-14 0.0005780339278)
(0.0001662972883 2.312126185e-14 0.0005780331791)
(0.0001652163568 2.311605768e-14 0.0005780324305)
(0.0001641769694 2.311128719e-14 0.0005780317106)
(0.0001632190561 2.310695038e-14 0.0005780310472)
(0.0001623794363 2.310304725e-14 0.0005780304657)
(0.0001616903842 2.309957781e-14 0.0005780299885)
(0.0001611783705 2.309762624e-14 0.0005780296339)
(0.0001608630785 2.309610836e-14 0.0005780294155)
(0.0001607566145 2.309563493e-14 0.0005780293418)
(0.0001608630785 2.309610836e-14 0.0005780294155)
(0.0001611783705 2.309762624e-14 0.0005780296339)
(0.0001616903842 2.309957781e-14 0.0005780299885)
(0.0001623794363 2.310304725e-14 0.0005780304657)
(0.0001632190561 2.310695038e-14 0.0005780310472)
(0.0001641769694 2.311128719e-14 0.0005780317106)
(0.0001652163568 2.311605768e-14 0.0005780324305)
(0.0001662972883 2.312126185e-14 0.0005780331791)
(0.0001673782197 2.312646602e-14 0.0005780339278)
(0.0001684176072 2.313123651e-14 0.0005780346476)
(0.0001693755205 2.313557332e-14 0.000578035311)
(0.0001702151403 2.313947645e-14 0.0005780358925)
(0.0001709041924 2.314294589e-14 0.0005780363698)
(0.000171416206 2.314533114e-14 0.0005780367244)
(0.0001717314981 2.314684902e-14 0.0005780369427)
(0.0001775979331 2.617886273e-14 0.0006373160724)
(0.0001774986511 2.617838672e-14 0.0006373160083)
(0.0001772046287 2.617676041e-14 0.0006373158184)
(0.0001767271556 2.617437517e-14 0.00063731551)
(0.0001760845872 2.61713394e-14 0.000637315095)
(0.0001753016082 2.616743627e-14 0.0006373145893)
(0.000174408316 2.616309946e-14 0.0006373140124)
(0.0001734390458 2.615789529e-14 0.0006373133864)
(0.0001724310343 2.615269112e-14 0.0006373127353)
(0.0001714230227 2.614748695e-14 0.0006373120843)
(0.0001704537525 2.614315014e-14 0.0006373114583)
(0.0001695604603 2.613881334e-14 0.0006373108814)
(0.0001687774814 2.613491021e-14 0.0006373103757)
(0.0001681349129 2.613187444e-14 0.0006373099606)
(0.0001676574398 2.612905552e-14 0.0006373096523)
(0.0001673634174 2.612786289e-14 0.0006373094624)
(0.0001672641355 2.612724166e-14 0.0006373093982)
(0.0001673634174 2.612786289e-14 0.0006373094624)
(0.0001676574398 2.612905552e-14 0.0006373096523)
(0.0001681349129 2.613187444e-14 0.0006373099606)
(0.0001687774814 2.613491021e-14 0.0006373103757)
(0.0001695604603 2.613881334e-14 0.0006373108814)
(0.0001704537525 2.614315014e-14 0.0006373114583)
(0.0001714230227 2.614748695e-14 0.0006373120843)
(0.0001724310343 2.615269112e-14 0.0006373127353)
(0.0001734390458 2.615789529e-14 0.0006373133864)
(0.000174408316 2.616309946e-14 0.0006373140124)
(0.0001753016082 2.616743627e-14 0.0006373145893)
(0.0001760845872 2.61713394e-14 0.000637315095)
(0.0001767271556 2.617437517e-14 0.00063731551)
(0.0001772046287 2.617676041e-14 0.0006373158184)
(0.0001774986511 2.617838672e-14 0.0006373160083)
(0.000183129429 2.899899808e-14 0.0006911498415)
(0.0001830418257 2.899850499e-14 0.0006911497916)
(0.0001827823894 2.899720394e-14 0.0006911496437)
(0.0001823610819 2.899416818e-14 0.0006911494036)
(0.0001817940995 2.899113241e-14 0.0006911490805)
(0.0001811032231 2.898722928e-14 0.0006911486868)
(0.0001803150098 2.898289247e-14 0.0006911482376)
(0.0001794597558 2.897855567e-14 0.0006911477502)
(0.0001785703177 2.89733515e-14 0.0006911472433)
(0.0001776808795 2.896814733e-14 0.0006911467364)
(0.0001768256255 2.896294315e-14 0.000691146249)
(0.0001760374122 2.895860635e-14 0.0006911457998)
(0.0001753465358 2.895470322e-14 0.0006911454061)
(0.0001747795534 2.895166745e-14 0.000691145083)
(0.0001743582459 2.894949905e-14 0.0006911448429)
(0.0001740988097 2.894798116e-14 0.0006911446951)
(0.0001740112063 2.894745307e-14 0.0006911446451)
(0.0001740988097 2.894798116e-14 0.0006911446951)
(0.0001743582459 2.894949905e-14 0.0006911448429)
(0.0001747795534 2.895166745e-14 0.000691145083)
(0.0001753465358 2.895470322e-14 0.0006911454061)
(0.0001760374122 2.895860635e-14 0.0006911457998)
(0.0001768256255 2.896294315e-14 0.000691146249)
(0.0001776808795 2.896814733e-14 0.0006911467364)
(0.0001785703177 2.89733515e-14 0.0006911472433)
(0.0001794597558 2.897855567e-14 0.0006911477502)
(0.0001803150098 2.898289247e-14 0.0006911482376)
(0.0001811032231 2.898722928e-14 0.0006911486868)
(0.0001817940995 2.899113241e-14 0.0006911490805)
(0.0001823610819 2.899416818e-14 0.0006911494036)
(0.0001827823894 2.899720394e-14 0.0006911496437)
(0.0001830418257 2.899850499e-14 0.0006911497916)
(0.0001883993502 3.144114921e-14 0.0007367608757)
(0.0001883286546 3.144067038e-14 0.0007367608431)
(0.0001881192903 3.143926092e-14 0.0007367607469)
(0.0001877792964 3.143665883e-14 0.0007367605905)
(0.0001873217432 3.143362307e-14 0.0007367603801)
(0.0001867642081 3.142971994e-14 0.0007367601237)
(0.0001861281222 3.142538313e-14 0.0007367598311)
(0.0001854379348 3.142104632e-14 0.0007367595137)
(0.0001847201608 3.141584215e-14 0.0007367591836)
(0.0001840023868 3.141063798e-14 0.0007367588535)
(0.0001833121994 3.140543381e-14 0.0007367585361)
(0.0001826761136 3.1401097e-14 0.0007367582435)
(0.0001821185784 3.139719387e-14 0.0007367579871)
(0.0001816610252 3.139415811e-14 0.0007367577767)
(0.0001813210313 3.139155602e-14 0.0007367576203)
(0.000181111667 3.139014656e-14 0.0007367575241)
(0.0001810409714 3.138969992e-14 0.0007367574915)
(0.000181111667 3.139014656e-14 0.0007367575241)
(0.0001813210313 3.139155602e-14 0.0007367576203)
(0.0001816610252 3.139415811e-14 0.0007367577767)
(0.0001821185784 3.139719387e-14 0.0007367579871)
(0.0001826761136 3.1401097e-14 0.0007367582435)
(0.0001833121994 3.140543381e-14 0.0007367585361)
(0.0001840023868 3.141063798e-14 0.0007367588535)
(0.0001847201608 3.141584215e-14 0.0007367591836)
(0.0001854379348 3.142104632e-14 0.0007367595137)
(0.0001861281222 3.142538313e-14 0.0007367598311)
(0.0001867642081 3.142971994e-14 0.0007367601237)
(0.0001873217432 3.143362307e-14 0.0007367603801)
(0.0001877792964 3.143665883e-14 0.0007367605905)
(0.0001881192903 3.143926092e-14 0.0007367607469)
(0.0001883286546 3.144067038e-14 0.0007367608431)
(0.0001933651519 3.330827262e-14 0.0007708909068)
(0.0001933173764 3.330777494e-14 0.000770890892)
(0.0001931758898 3.330625706e-14 0.000770890848)
(0.0001929461248 3.330408865e-14 0.0007708907766)
(0.0001926369142 3.330105289e-14 0.0007708906805)
(0.0001922601366 3.329714976e-14 0.0007708905634)
(0.0001918302751 3.329281295e-14 0.0007708904298)
(0.0001913638522 3.328760878e-14 0.0007708902848)
(0.0001908787866 3.328240461e-14 0.0007708901341)
(0.000190393721 3.327720044e-14 0.0007708899833)
(0.0001899272981 3.327286363e-14 0.0007708898384)
(0.0001894974366 3.326852682e-14 0.0007708897048)
(0.000189120659 3.326462369e-14 0.0007708895877)
(0.0001888114484 3.326158793e-14 0.0007708894916)
(0.0001885816834 3.325898584e-14 0.0007708894202)
(0.0001884401968 3.325746796e-14 0.0007708893762)
(0.0001883924212 3.32569229e-14 0.0007708893613)
(0.0001884401968 3.325746796e-14 0.0007708893762)
(0.0001885816834 3.325898584e-14 0.0007708894202)
(0.0001888114484 3.326158793e-14 0.0007708894916)
(0.000189120659 3.326462369e-14 0.0007708895877)
(0.0001894974366 3.326852682e-14 0.0007708897048)
(0.0001899272981 3.327286363e-14 0.0007708898384)
(0.000190393721 3.327720044e-14 0.0007708899833)
(0.0001908787866 3.328240461e-14 0.0007708901341)
(0.0001913638522 3.328760878e-14 0.0007708902848)
(0.0001918302751 3.329281295e-14 0.0007708904298)
(0.0001922601366 3.329714976e-14 0.0007708905634)
(0.0001926369142 3.330105289e-14 0.0007708906805)
(0.0001929461248 3.330408865e-14 0.0007708907766)
(0.0001931758898 3.330625706e-14 0.000770890848)
(0.0001933173764 3.330777494e-14 0.000770890892)
(0.0001979831485 3.4376627e-14 0.0007898415811)
(0.0001979651726 3.437614776e-14 0.000789841579)
(0.0001979119373 3.437462988e-14 0.0007898415728)
(0.0001978254865 3.437224463e-14 0.0007898415627)
(0.0001977091438 3.436920887e-14 0.000789841549)
(0.0001975673786 3.436530574e-14 0.0007898415325)
(0.0001974056401 3.436096893e-14 0.0007898415136)
(0.0001972301452 3.435619844e-14 0.000789841493)
(0.0001970476358 3.435099427e-14 0.0007898414717)
(0.0001968651264 3.43457901e-14 0.0007898414504)
(0.0001966896315 3.434101961e-14 0.0007898414298)
(0.0001965278931 3.43366828e-14 0.0007898414109)
(0.0001963861278 3.433277967e-14 0.0007898413944)
(0.0001962697851 3.432974391e-14 0.0007898413808)
(0.0001961833344 3.432735866e-14 0.0007898413706)
(0.000196130099 3.432584078e-14 0.0007898413644)
(0.0001961121232 3.43253511e-14 0.0007898413623)
(0.000196130099 3.432584078e-14 0.0007898413644)
(0.0001961833344 3.432735866e-14 0.0007898413706)
(0.0001962697851 3.432974391e-14 0.0007898413808)
(0.0001963861278 3.433277967e-14 0.0007898413944)
(0.0001965278931 3.43366828e-14 0.0007898414109)
(0.0001966896315 3.434101961e-14 0.0007898414298)
(0.0001968651264 3.43457901e-14 0.0007898414504)
(0.0001970476358 3.435099427e-14 0.0007898414717)
(0.0001972301452 3.435619844e-14 0.000789841493)
(0.0001974056401 3.436096893e-14 0.0007898415136)
(0.0001975673786 3.436530574e-14 0.0007898415325)
(0.0001977091438 3.436920887e-14 0.000789841549)
(0.0001978254865 3.437224463e-14 0.0007898415627)
(0.0001979119373 3.437462988e-14 0.0007898415728)
(0.0001979651726 3.437614776e-14 0.000789841579)
(0.000202198226 3.439603499e-14 0.0007893809741)
(0.0002022178348 3.439555498e-14 0.0007893809716)
(0.0002022759062 3.439392868e-14 0.0007893809642)
(0.0002023702102 3.439176027e-14 0.0007893809521)
(0.0002024971217 3.438872451e-14 0.000789380936)
(0.0002026517651 3.438482138e-14 0.0007893809162)
(0.0002028281961 3.438048457e-14 0.0007893808937)
(0.0002030196333 3.43752804e-14 0.0007893808693)
(0.0002032187221 3.437007623e-14 0.0007893808439)
(0.000203417811 3.436487206e-14 0.0007893808185)
(0.0002036092482 3.436053525e-14 0.0007893807941)
(0.0002037856792 3.435619844e-14 0.0007893807716)
(0.0002039403226 3.435229531e-14 0.0007893807519)
(0.0002040672341 3.434925955e-14 0.0007893807357)
(0.0002041615381 3.434665746e-14 0.0007893807237)
(0.0002042196094 3.4345248e-14 0.0007893807163)
(0.0002042392183 3.434475981e-14 0.0007893807138)
(0.0002042196094 3.4345248e-14 0.0007893807163)
(0.0002041615381 3.434665746e-14 0.0007893807237)
(0.0002040672341 3.434925955e-14 0.0007893807357)
(0.0002039403226 3.435229531e-14 0.0007893807519)
(0.0002037856792 3.435619844e-14 0.0007893807716)
(0.0002036092482 3.436053525e-14 0.0007893807941)
(0.000203417811 3.436487206e-14 0.0007893808185)
(0.0002032187221 3.437007623e-14 0.0007893808439)
(0.0002030196333 3.43752804e-14 0.0007893808693)
(0.0002028281961 3.438048457e-14 0.0007893808937)
(0.0002026517651 3.438482138e-14 0.0007893809162)
(0.0002024971217 3.438872451e-14 0.000789380936)
(0.0002023702102 3.439176027e-14 0.0007893809521)
(0.0002022759062 3.439392868e-14 0.0007893809642)
(0.0002022178348 3.439555498e-14 0.0007893809716)
(0.0002059506462 3.309589586e-14 0.000764739202)
(0.0002060166129 3.309548816e-14 0.0007647391737)
(0.0002062119725 3.309418711e-14 0.0007647390899)
(0.0002065292238 3.309115135e-14 0.0007647389537)
(0.0002069561706 3.308811558e-14 0.0007647387705)
(0.0002074764115 3.308421245e-14 0.0007647385473)
(0.0002080699487 3.307987564e-14 0.0007647382926)
(0.0002087139685 3.307510515e-14 0.0007647380162)
(0.0002093837296 3.306990098e-14 0.0007647377288)
(0.0002100534907 3.306469681e-14 0.0007647374414)
(0.0002106975106 3.305992632e-14 0.0007647371651)
(0.0002112910478 3.305558952e-14 0.0007647369104)
(0.0002118112887 3.305168639e-14 0.0007647366871)
(0.0002122382355 3.304865062e-14 0.0007647365039)
(0.0002125554867 3.304648222e-14 0.0007647363678)
(0.0002127508464 3.304496433e-14 0.0007647362839)
(0.000212816813 3.304447784e-14 0.0007647362556)
(0.0002127508464 3.304496433e-14 0.0007647362839)
(0.0002125554867 3.304648222e-14 0.0007647363678)
(0.0002122382355 3.304865062e-14 0.0007647365039)
(0.0002118112887 3.305168639e-14 0.0007647366871)
(0.0002112910478 3.305558952e-14 0.0007647369104)
(0.0002106975106 3.305992632e-14 0.0007647371651)
(0.0002100534907 3.306469681e-14 0.0007647374414)
(0.0002093837296 3.306990098e-14 0.0007647377288)
(0.0002087139685 3.307510515e-14 0.0007647380162)
(0.0002080699487 3.307987564e-14 0.0007647382926)
(0.0002074764115 3.308421245e-14 0.0007647385473)
(0.0002069561706 3.308811558e-14 0.0007647387705)
(0.0002065292238 3.309115135e-14 0.0007647389537)
(0.0002062119725 3.309418711e-14 0.0007647390899)
(0.0002060166129 3.309548816e-14 0.0007647391737)
(0.000209166926 3.019075758e-14 0.0007105919173)
(0.0002092890046 3.019026001e-14 0.0007105918203)
(0.0002096505389 3.018852529e-14 0.0007105915332)
(0.000210237647 3.018635689e-14 0.000710591067)
(0.0002110277587 3.018288744e-14 0.0007105904395)
(0.0002119905213 3.017898431e-14 0.0007105896749)
(0.0002130889267 3.01746475e-14 0.0007105888026)
(0.0002142807558 3.017031069e-14 0.0007105878561)
(0.0002155202218 3.016510652e-14 0.0007105868718)
(0.0002167596879 3.015990235e-14 0.0007105858875)
(0.000217951517 3.015469818e-14 0.000710584941)
(0.0002190499224 3.015036137e-14 0.0007105840687)
(0.000220012685 3.014645825e-14 0.0007105833042)
(0.0002208027967 3.01429888e-14 0.0007105826767)
(0.0002213899048 3.01408204e-14 0.0007105822104)
(0.0002217514391 3.013951935e-14 0.0007105819233)
(0.0002218735176 3.013895455e-14 0.0007105818264)
(0.0002217514391 3.013951935e-14 0.0007105819233)
(0.0002213899048 3.01408204e-14 0.0007105822104)
(0.0002208027967 3.01429888e-14 0.0007105826767)
(0.000220012685 3.014645825e-14 0.0007105833042)
(0.0002190499224 3.015036137e-14 0.0007105840687)
(0.000217951517 3.015469818e-14 0.000710584941)
(0.0002167596879 3.015990235e-14 0.0007105858875)
(0.0002155202218 3.016510652e-14 0.0007105868718)
(0.0002142807558 3.017031069e-14 0.0007105878561)
(0.0002130889267 3.01746475e-14 0.0007105888026)
(0.0002119905213 3.017898431e-14 0.0007105896749)
(0.0002110277587 3.018288744e-14 0.0007105904395)
(0.000210237647 3.018635689e-14 0.000710591067)
(0.0002096505389 3.018852529e-14 0.0007105915332)
(0.0002092890046 3.019026001e-14 0.0007105918203)
(0.0002117649833 2.538567059e-14 0.0006210006182)
(0.000211953952 2.538518441e-14 0.0006210003859)
(0.0002125135804 2.538377494e-14 0.0006209996979)
(0.0002134223804 2.538117286e-14 0.0006209985807)
(0.0002146454152 2.537813709e-14 0.0006209970773)
(0.0002161357007 2.537423396e-14 0.0006209952453)
(0.0002178359513 2.536946347e-14 0.0006209931552)
(0.0002196808149 2.53642593e-14 0.0006209908873)
(0.000221599417 2.535905513e-14 0.0006209885288)
(0.0002235180191 2.535385096e-14 0.0006209861703)
(0.0002253628826 2.534951415e-14 0.0006209839024)
(0.0002270631333 2.534474366e-14 0.0006209818123)
(0.0002285534188 2.534084054e-14 0.0006209799803)
(0.0002297764535 2.533780477e-14 0.0006209784768)
(0.0002306852535 2.533520269e-14 0.0006209773597)
(0.000231244882 2.533357638e-14 0.0006209766717)
(0.0002314338506 2.533310914e-14 0.0006209764394)
(0.000231244882 2.533357638e-14 0.0006209766717)
(0.0002306852535 2.533520269e-14 0.0006209773597)
(0.0002297764535 2.533780477e-14 0.0006209784768)
(0.0002285534188 2.534084054e-14 0.0006209799803)
(0.0002270631333 2.534474366e-14 0.0006209818123)
(0.0002253628826 2.534951415e-14 0.0006209839024)
(0.0002235180191 2.535385096e-14 0.0006209861703)
(0.000221599417 2.535905513e-14 0.0006209885288)
(0.0002196808149 2.53642593e-14 0.0006209908873)
(0.0002178359513 2.536946347e-14 0.0006209931552)
(0.0002161357007 2.537423396e-14 0.0006209952453)
(0.0002146454152 2.537813709e-14 0.0006209970773)
(0.0002134223804 2.538117286e-14 0.0006209985807)
(0.0002125135804 2.538377494e-14 0.0006209996979)
(0.000211953952 2.538518441e-14 0.0006210003859)
(0.0002136469731 1.839240223e-14 0.0004895346538)
(0.0002139145257 1.839197197e-14 0.0004895341881)
(0.0002147068795 1.839045409e-14 0.000489532809)
(0.0002159936104 1.838806885e-14 0.0004895305694)
(0.0002177252527 1.83845994e-14 0.0004895275555)
(0.0002198352838 1.838026259e-14 0.0004895238829)
(0.0002222425956 1.837592578e-14 0.000489519693)
(0.0002248546585 1.837072161e-14 0.0004895151467)
(0.0002275711248 1.836551744e-14 0.0004895104186)
(0.000230287591 1.836031327e-14 0.0004895056906)
(0.0002328996539 1.83551091e-14 0.0004895011443)
(0.0002353069657 1.835077229e-14 0.0004894969543)
(0.0002374169968 1.834643548e-14 0.0004894932818)
(0.0002391486392 1.834296603e-14 0.0004894902679)
(0.00024043537 1.834058079e-14 0.0004894880283)
(0.0002412277239 1.833906291e-14 0.0004894866492)
(0.0002414952764 1.83385438e-14 0.0004894861835)
(0.0002412277239 1.833906291e-14 0.0004894866492)
(0.00024043537 1.834058079e-14 0.0004894880283)
(0.0002391486392 1.834296603e-14 0.0004894902679)
(0.0002374169968 1.834643548e-14 0.0004894932818)
(0.0002353069657 1.835077229e-14 0.0004894969543)
(0.0002328996539 1.83551091e-14 0.0004895011443)
(0.000230287591 1.836031327e-14 0.0004895056906)
(0.0002275711248 1.836551744e-14 0.0004895104186)
(0.0002248546585 1.837072161e-14 0.0004895151467)
(0.0002222425956 1.837592578e-14 0.000489519693)
(0.0002198352838 1.838026259e-14 0.0004895238829)
(0.0002177252527 1.83845994e-14 0.0004895275555)
(0.0002159936104 1.838806885e-14 0.0004895305694)
(0.0002147068795 1.839045409e-14 0.000489532809)
(0.0002139145257 1.839197197e-14 0.0004895341881)
(0.0002147027087 8.933554047e-15 0.0003091499661)
(0.0002150614021 8.93306696e-15 0.0003091491291)
(0.0002161236684 8.931223816e-15 0.0003091466504)
(0.0002178487195 8.929055412e-15 0.0003091426251)
(0.0002201702394 8.925585965e-15 0.000309137208)
(0.000222999045 8.921249156e-15 0.0003091306073)
(0.0002262263988 8.916478667e-15 0.0003091230765)
(0.0002297282515 8.910407134e-15 0.0003091149052)
(0.0002333700721 8.905202964e-15 0.0003091064073)
(0.0002370118926 8.899998793e-15 0.0003090979094)
(0.0002405137453 8.894794623e-15 0.0003090897381)
(0.0002437410991 8.890024134e-15 0.0003090822073)
(0.0002465699047 8.885687325e-15 0.0003090756066)
(0.0002488914246 8.882217878e-15 0.0003090701895)
(0.0002506164757 8.879615793e-15 0.0003090661642)
(0.000251678742 8.87820633e-15 0.0003090636855)
(0.0002520374354 8.877661215e-15 0.0003090628485)
(0.000251678742 8.87820633e-15 0.0003090636855)
(0.0002506164757 8.879615793e-15 0.0003090661642)
(0.0002488914246 8.882217878e-15 0.0003090701895)
(0.0002465699047 8.885687325e-15 0.0003090756066)
(0.0002437410991 8.890024134e-15 0.0003090822073)
(0.0002405137453 8.894794623e-15 0.0003090897381)
(0.0002370118926 8.899998793e-15 0.0003090979094)
(0.0002333700721 8.905202964e-15 0.0003091064073)
(0.0002297282515 8.910407134e-15 0.0003091149052)
(0.0002262263988 8.916478667e-15 0.0003091230765)
(0.000222999045 8.921249156e-15 0.0003091306073)
(0.0002201702394 8.925585965e-15 0.000309137208)
(0.0002178487195 8.929055412e-15 0.0003091426251)
(0.0002161236684 8.931223816e-15 0.0003091466504)
(0.0002150614021 8.93306696e-15 0.0003091491291)
(0.0002148057408 -3.228611204e-15 7.252789701e-05)
(0.000215268718 -3.229187751e-15 7.25265026e-05)
(0.0002166398195 -3.231139314e-15 7.252237307e-05)
(0.0002188663987 -3.233524559e-15 7.251566698e-05)
(0.0002218628598 -3.236994006e-15 7.250664214e-05)
(0.0002255140908 -3.241330815e-15 7.249564523e-05)
(0.0002296797408 -3.246534985e-15 7.248309898e-05)
(0.0002341996955 -3.251739156e-15 7.246948563e-05)
(0.0002389003113 -3.257810688e-15 7.245532815e-05)
(0.0002436009271 -3.26388222e-15 7.244117067e-05)
(0.0002481208818 -3.26908639e-15 7.242755731e-05)
(0.0002522865318 -3.274290561e-15 7.241501106e-05)
(0.0002559377628 -3.27862737e-15 7.240401416e-05)
(0.0002589342238 -3.282096817e-15 7.239498931e-05)
(0.0002611608031 -3.285349423e-15 7.238828322e-05)
(0.0002625319046 -3.286867306e-15 7.238415369e-05)
(0.0002629948818 -3.287498463e-15 7.238275928e-05)
(0.0002625319046 -3.286867306e-15 7.238415369e-05)
(0.0002611608031 -3.285349423e-15 7.238828322e-05)
(0.0002589342238 -3.282096817e-15 7.239498931e-05)
(0.0002559377628 -3.27862737e-15 7.240401416e-05)
(0.0002522865318 -3.274290561e-15 7.241501106e-05)
(0.0002481208818 -3.26908639e-15 7.242755731e-05)
(0.0002436009271 -3.26388222e-15 7.244117067e-05)
(0.0002389003113 -3.257810688e-15 7.245532815e-05)
(0.0002341996955 -3.251739156e-15 7.246948563e-05)
(0.0002296797408 -3.246534985e-15 7.248309898e-05)
(0.0002255140908 -3.241330815e-15 7.249564523e-05)
(0.0002218628598 -3.236994006e-15 7.250664214e-05)
(0.0002188663988 -3.233524559e-15 7.251566698e-05)
(0.0002166398195 -3.231139314e-15 7.252237307e-05)
(0.000215268718 -3.229187751e-15 7.25265026e-05)
(0.0002138152823 -1.82912978e-14 -0.0002281184746)
(0.0002143960668 -1.829190011e-14 -0.0002281206689)
(0.0002161160535 -1.82939601e-14 -0.0002281271675)
(0.0002189091995 -1.829656218e-14 -0.0002281377206)
(0.0002226681284 -1.830046531e-14 -0.0002281519227)
(0.0002272484374 -1.83052358e-14 -0.0002281692282)
(0.0002324740626 -1.831043997e-14 -0.0002281889719)
(0.0002381441473 -1.831694518e-14 -0.0002282103948)
(0.0002440408636 -1.832301672e-14 -0.000228232674)
(0.0002499375798 -1.832908825e-14 -0.0002282549532)
(0.0002556076645 -1.83347261e-14 -0.0002282763762)
(0.0002608332897 -1.833993027e-14 -0.0002282961198)
(0.0002654135987 -1.834470076e-14 -0.0002283134253)
(0.0002691725276 -1.834860389e-14 -0.0002283276274)
(0.0002719656736 -1.835207333e-14 -0.0002283381806)
(0.0002736856603 -1.835369964e-14 -0.0002283446791)
(0.0002742664448 -1.835437481e-14 -0.0002283468735)
(0.0002736856603 -1.835369964e-14 -0.0002283446791)
(0.0002719656736 -1.835207333e-14 -0.0002283381806)
(0.0002691725276 -1.834860389e-14 -0.0002283276274)
(0.0002654135987 -1.834470076e-14 -0.0002283134253)
(0.0002608332897 -1.833993027e-14 -0.0002282961198)
(0.0002556076645 -1.83347261e-14 -0.0002282763762)
(0.0002499375798 -1.832908825e-14 -0.0002282549532)
(0.0002440408636 -1.832301672e-14 -0.000228232674)
(0.0002381441474 -1.831694518e-14 -0.0002282103948)
(0.0002324740626 -1.831043997e-14 -0.0002281889719)
(0.0002272484374 -1.83052358e-14 -0.0002281692282)
(0.0002226681284 -1.830046531e-14 -0.0002281519227)
(0.0002189091995 -1.829656218e-14 -0.0002281377206)
(0.0002161160535 -1.82939601e-14 -0.0002281271675)
(0.0002143960668 -1.829190011e-14 -0.0002281206689)
(0.0002115776162 -3.636859422e-14 -0.0006004084344)
(0.0002122896183 -3.63691282e-14 -0.0006004117323)
(0.0002143982041 -3.63712966e-14 -0.0006004214991)
(0.0002178224097 -3.637411553e-14 -0.0006004373596)
(0.0002224305989 -3.637845233e-14 -0.0006004587043)
(0.000228045744 -3.63836565e-14 -0.0006004847131)
(0.0002344520025 -3.638972804e-14 -0.0006005143862)
(0.000241403138 -3.639623325e-14 -0.0006005465831)
(0.000248632108 -3.640317214e-14 -0.000600580067)
(0.0002558610781 -3.641011104e-14 -0.0006006135508)
(0.0002628122136 -3.641574889e-14 -0.0006006457478)
(0.0002692184721 -3.642182042e-14 -0.0006006754209)
(0.0002748336171 -3.642702459e-14 -0.0006007014297)
(0.0002794418064 -3.64313614e-14 -0.0006007227744)
(0.000282866012 -3.643461401e-14 -0.0006007386349)
(0.0002849745978 -3.643656557e-14 -0.0006007484017)
(0.0002856865999 -3.643727502e-14 -0.0006007516996)
(0.0002849745978 -3.643656557e-14 -0.0006007484017)
(0.000282866012 -3.643461401e-14 -0.0006007386349)
(0.0002794418064 -3.64313614e-14 -0.0006007227744)
(0.0002748336171 -3.642702459e-14 -0.0006007014297)
(0.0002692184721 -3.642182042e-14 -0.0006006754209)
(0.0002628122136 -3.641574889e-14 -0.0006006457478)
(0.0002558610781 -3.641011104e-14 -0.0006006135508)
(0.000248632108 -3.640317214e-14 -0.000600580067)
(0.000241403138 -3.639623325e-14 -0.0006005465831)
(0.0002344520025 -3.638972804e-14 -0.0006005143862)
(0.000228045744 -3.63836565e-14 -0.0006004847131)
(0.000222430599 -3.637845233e-14 -0.0006004587043)
(0.0002178224097 -3.637411553e-14 -0.0006004373596)
(0.0002143982041 -3.63712966e-14 -0.0006004214991)
(0.0002122896183 -3.63691282e-14 -0.0006004117323)
(0.0002079272062 -5.749711572e-14 -0.001052092899)
(0.0002087833449 -5.749784329e-14 -0.001052097668)
(0.0002113187897 -5.749979486e-14 -0.001052111789)
(0.0002154361862 -5.750348114e-14 -0.001052134722)
(0.0002209772503 -5.750825163e-14 -0.001052165583)
(0.0002277291169 -5.751388948e-14 -0.001052203189)
(0.0002354322486 -5.752082838e-14 -0.001052246092)
(0.0002437905614 -5.752689991e-14 -0.001052292645)
(0.0002524829533 -5.753470617e-14 -0.001052341058)
(0.0002611753451 -5.754251242e-14 -0.001052389472)
(0.0002695336579 -5.754945132e-14 -0.001052436024)
(0.0002772367897 -5.755639021e-14 -0.001052478928)
(0.0002839886562 -5.756202806e-14 -0.001052516533)
(0.0002895297203 -5.756679855e-14 -0.001052547395)
(0.0002936471169 -5.757005116e-14 -0.001052570327)
(0.0002961825617 -5.757221956e-14 -0.001052584449)
(0.0002970387003 -5.757299235e-14 -0.001052589217)
(0.0002961825617 -5.757221956e-14 -0.001052584449)
(0.0002936471169 -5.757005116e-14 -0.001052570327)
(0.0002895297203 -5.756679855e-14 -0.001052547395)
(0.0002839886562 -5.756202806e-14 -0.001052516533)
(0.0002772367897 -5.755639021e-14 -0.001052478928)
(0.0002695336579 -5.754945132e-14 -0.001052436024)
(0.0002611753451 -5.754251242e-14 -0.001052389472)
(0.0002524829533 -5.753470617e-14 -0.001052341058)
(0.0002437905614 -5.752689991e-14 -0.001052292645)
(0.0002354322486 -5.752082838e-14 -0.001052246092)
(0.0002277291169 -5.751388948e-14 -0.001052203189)
(0.0002209772503 -5.750825163e-14 -0.001052165583)
(0.0002154361862 -5.750348114e-14 -0.001052134722)
(0.0002113187897 -5.749979486e-14 -0.001052111789)
(0.0002087833449 -5.749784329e-14 -0.001052097668)
(0.0002026962394 -8.158120484e-14 -0.001590066273)
(0.0002037082482 -8.158198509e-14 -0.001590072936)
(0.0002067053004 -8.158426192e-14 -0.001590092667)
(0.0002115723173 -8.158838188e-14 -0.00159012471)
(0.000218122197 -8.159358605e-14 -0.001590167833)
(0.00022610332 -8.160009127e-14 -0.001590220379)
(0.0002352088971 -8.160746384e-14 -0.001590280327)
(0.0002450889388 -8.16152701e-14 -0.001590345375)
(0.0002553638825 -8.162394372e-14 -0.001590413022)
(0.0002656388261 -8.163261733e-14 -0.00159048067)
(0.0002755188678 -8.163955623e-14 -0.001590545717)
(0.0002846244449 -8.16469288e-14 -0.001590605666)
(0.0002926055679 -8.165343401e-14 -0.001590658211)
(0.0002991554476 -8.165863818e-14 -0.001590701334)
(0.0003040224645 -8.166275815e-14 -0.001590733377)
(0.0003070195168 -8.166503498e-14 -0.001590753109)
(0.0003080315255 -8.166595825e-14 -0.001590759772)
(0.0003070195168 -8.166503498e-14 -0.001590753109)
(0.0003040224645 -8.166275815e-14 -0.001590733377)
(0.0002991554476 -8.165863818e-14 -0.001590701334)
(0.0002926055679 -8.165343401e-14 -0.001590658211)
(0.0002846244449 -8.16469288e-14 -0.001590605666)
(0.0002755188678 -8.163955623e-14 -0.001590545717)
(0.0002656388261 -8.163261733e-14 -0.00159048067)
(0.0002553638825 -8.162394372e-14 -0.001590413022)
(0.0002450889388 -8.16152701e-14 -0.001590345375)
(0.0002352088971 -8.160746384e-14 -0.001590280327)
(0.00022610332 -8.160009127e-14 -0.001590220379)
(0.000218122197 -8.159358605e-14 -0.001590167833)
(0.0002115723173 -8.158838188e-14 -0.00159012471)
(0.0002067053004 -8.158426192e-14 -0.001590092667)
(0.0002037082482 -8.158198509e-14 -0.001590072936)
(0.0001957154821 -1.084098558e-13 -0.002220849476)
(0.0001968934239 -1.084107847e-13 -0.002220858503)
(0.000200381885 -1.084134952e-13 -0.002220885236)
(0.0002060469176 -1.084180488e-13 -0.002220928649)
(0.0002136707421 -1.084236867e-13 -0.002220987073)
(0.0002229604822 -1.084310593e-13 -0.002221058263)
(0.0002335590466 -1.084392992e-13 -0.002221139484)
(0.0002450590598 -1.084479728e-13 -0.002221227612)
(0.0002570187247 -1.084575138e-13 -0.002221319263)
(0.0002689783896 -1.084670548e-13 -0.002221410914)
(0.0002804784028 -1.084757284e-13 -0.002221499043)
(0.0002910769672 -1.084839683e-13 -0.002221580263)
(0.0003003667073 -1.084913409e-13 -0.002221651454)
(0.0003079905318 -1.084969788e-13 -0.002221709878)
(0.0003136555645 -1.085015324e-13 -0.002221753291)
(0.0003171440255 -1.085042429e-13 -0.002221780024)
(0.0003183219673 -1.085051407e-13 -0.002221789051)
(0.0003171440255 -1.085042429e-13 -0.002221780024)
(0.0003136555645 -1.085015324e-13 -0.002221753291)
(0.0003079905318 -1.084969788e-13 -0.002221709878)
(0.0003003667073 -1.084913409e-13 -0.002221651454)
(0.0002910769672 -1.084839683e-13 -0.002221580263)
(0.0002804784028 -1.084757284e-13 -0.002221499043)
(0.0002689783896 -1.084670548e-13 -0.002221410914)
(0.0002570187247 -1.084575138e-13 -0.002221319263)
(0.0002450590598 -1.084479728e-13 -0.002221227612)
(0.0002335590466 -1.084392992e-13 -0.002221139484)
(0.0002229604822 -1.084310593e-13 -0.002221058263)
(0.0002136707421 -1.084236867e-13 -0.002220987073)
(0.0002060469176 -1.084180488e-13 -0.002220928649)
(0.000200381885 -1.084134952e-13 -0.002220885236)
(0.0001968934239 -1.084107847e-13 -0.002220858503)
(0.0001868340934 -1.375950236e-13 -0.00294925147)
(0.0001881855921 -1.375960977e-13 -0.002949263353)
(0.00019218804 -1.375991335e-13 -0.002949298545)
(0.0001986877536 -1.37603904e-13 -0.002949355695)
(0.0002074348658 -1.376108429e-13 -0.002949432605)
(0.0002180933482 -1.376186491e-13 -0.00294952632)
(0.0002302534958 -1.376281901e-13 -0.00294963324)
(0.000243447911 -1.376381648e-13 -0.002949749253)
(0.0002571697025 -1.376485731e-13 -0.002949869904)
(0.0002708914941 -1.376589814e-13 -0.002949990554)
(0.0002840859092 -1.376689561e-13 -0.002950106568)
(0.0002962460569 -1.376784971e-13 -0.002950213487)
(0.0003069045392 -1.376863033e-13 -0.002950307203)
(0.0003156516514 -1.376932422e-13 -0.002950384113)
(0.0003221513651 -1.376984464e-13 -0.002950441263)
(0.0003261538129 -1.377012653e-13 -0.002950476455)
(0.0003275053116 -1.377023051e-13 -0.002950488338)
(0.0003261538129 -1.377012653e-13 -0.002950476455)
(0.0003221513651 -1.376984464e-13 -0.002950441263)
(0.0003156516514 -1.376932422e-13 -0.002950384113)
(0.0003069045392 -1.376863033e-13 -0.002950307203)
(0.0002962460569 -1.376784971e-13 -0.002950213487)
(0.0002840859093 -1.376689561e-13 -0.002950106568)
(0.0002708914941 -1.376589814e-13 -0.002949990554)
(0.0002571697025 -1.376485731e-13 -0.002949869904)
(0.000243447911 -1.376381648e-13 -0.002949749253)
(0.0002302534958 -1.376281901e-13 -0.00294963324)
(0.0002180933482 -1.376186491e-13 -0.00294952632)
(0.0002074348658 -1.376108429e-13 -0.002949432605)
(0.0001986877536 -1.37603904e-13 -0.002949355695)
(0.00019218804 -1.375991335e-13 -0.002949298545)
(0.0001881855922 -1.375960977e-13 -0.002949263353)
(0.0001759186531 -1.686057328e-13 -0.003779172812)
(0.0001774484784 -1.686068819e-13 -0.003779188039)
(0.0001819790383 -1.686103514e-13 -0.003779233131)
(0.0001893363715 -1.686159892e-13 -0.003779306359)
(0.0001992376413 -1.686233618e-13 -0.003779404906)
(0.0002113024814 -1.686324691e-13 -0.003779524988)
(0.0002250671274 -1.686428774e-13 -0.003779661987)
(0.0002400025097 -1.686541531e-13 -0.003779810639)
(0.0002555348543 -1.686662962e-13 -0.003779965232)
(0.0002710671989 -1.686784393e-13 -0.003780119826)
(0.0002860025812 -1.686888476e-13 -0.003780268477)
(0.0002997672272 -1.68699256e-13 -0.003780405477)
(0.0003118320673 -1.687083633e-13 -0.003780525558)
(0.0003217333371 -1.687157358e-13 -0.003780624106)
(0.0003290906703 -1.687213737e-13 -0.003780697333)
(0.0003336212302 -1.6872506e-13 -0.003780742426)
(0.0003351510555 -1.687261248e-13 -0.003780757652)
(0.0003336212302 -1.6872506e-13 -0.003780742426)
(0.0003290906703 -1.687213737e-13 -0.003780697333)
(0.0003217333371 -1.687157358e-13 -0.003780624106)
(0.0003118320673 -1.687083633e-13 -0.003780525558)
(0.0002997672272 -1.68699256e-13 -0.003780405477)
(0.0002860025812 -1.686888476e-13 -0.003780268477)
(0.0002710671989 -1.686784393e-13 -0.003780119826)
(0.0002555348543 -1.686662962e-13 -0.003779965232)
(0.0002400025097 -1.686541531e-13 -0.003779810639)
(0.0002250671274 -1.686428774e-13 -0.003779661987)
(0.0002113024814 -1.686324691e-13 -0.003779524988)
(0.0001992376413 -1.686233618e-13 -0.003779404906)
(0.0001893363715 -1.686159892e-13 -0.003779306359)
(0.0001819790383 -1.686103514e-13 -0.003779233131)
(0.0001774484784 -1.686068819e-13 -0.003779188039)
(0.0001628818799 -2.00709004e-13 -0.00471199338)
(0.0001645913452 -2.007103251e-13 -0.004712012392)
(0.0001696539067 -2.007140114e-13 -0.004712068698)
(0.0001778751758 -2.007200829e-13 -0.004712160135)
(0.0001889391036 -2.007287565e-13 -0.004712283188)
(0.0002024206592 -2.007387312e-13 -0.00471243313)
(0.0002178016207 -2.007504406e-13 -0.004712604197)
(0.0002344907924 -2.007630173e-13 -0.004712789814)
(0.0002518470248 -2.007760277e-13 -0.004712982851)
(0.0002692032571 -2.007890382e-13 -0.004713175887)
(0.0002858924288 -2.008016149e-13 -0.004713361504)
(0.0003012733903 -2.008133243e-13 -0.004713532571)
(0.0003147549459 -2.00823299e-13 -0.004713682513)
(0.0003258188738 -2.008319726e-13 -0.004713805566)
(0.0003340401428 -2.008380441e-13 -0.004713897003)
(0.0003391027044 -2.008417304e-13 -0.004713953309)
(0.0003408121696 -2.008430939e-13 -0.004713972321)
(0.0003391027044 -2.008417304e-13 -0.004713953309)
(0.0003340401428 -2.008380441e-13 -0.004713897003)
(0.0003258188738 -2.008319726e-13 -0.004713805566)
(0.0003147549459 -2.00823299e-13 -0.004713682513)
(0.0003012733903 -2.008133243e-13 -0.004713532571)
(0.0002858924288 -2.008016149e-13 -0.004713361504)
(0.0002692032571 -2.007890382e-13 -0.004713175887)
(0.0002518470248 -2.007760277e-13 -0.004712982851)
(0.0002344907924 -2.007630173e-13 -0.004712789814)
(0.0002178016207 -2.007504406e-13 -0.004712604197)
(0.0002024206592 -2.007387312e-13 -0.00471243313)
(0.0001889391036 -2.007287565e-13 -0.004712283188)
(0.0001778751758 -2.007200829e-13 -0.004712160135)
(0.0001696539067 -2.007140114e-13 -0.004712068698)
(0.0001645913452 -2.007103251e-13 -0.004712012392)
(0.0001476737593 -2.330268398e-13 -0.0057478739)
(0.0001495606313 -2.330282235e-13 -0.005747897064)
(0.0001551485808 -2.330325603e-13 -0.005747965665)
(0.0001642230456 -2.330392823e-13 -0.005748077068)
(0.0001764351777 -2.330488233e-13 -0.005748226991)
(0.0001913158368 -2.330596653e-13 -0.005748409675)
(0.0002082930204 -2.330726757e-13 -0.005748618096)
(0.000226714179 -2.330861198e-13 -0.005748844245)
(0.0002458716252 -2.33100865e-13 -0.005749079432)
(0.0002650290714 -2.331156101e-13 -0.00574931462)
(0.00028345023 -2.331290543e-13 -0.005749540769)
(0.0003004274135 -2.331420647e-13 -0.00574974919)
(0.0003153080727 -2.331529067e-13 -0.005749931874)
(0.0003275202048 -2.331624477e-13 -0.005750081797)
(0.0003365946695 -2.331691697e-13 -0.0057501932)
(0.0003421826191 -2.331730729e-13 -0.005750261801)
(0.0003440694911 -2.331745748e-13 -0.005750284965)
(0.0003421826191 -2.331730729e-13 -0.005750261801)
(0.0003365946695 -2.331691697e-13 -0.0057501932)
(0.0003275202048 -2.331624477e-13 -0.005750081797)
(0.0003153080727 -2.331529067e-13 -0.005749931874)
(0.0003004274136 -2.331420647e-13 -0.00574974919)
(0.00028345023 -2.331290543e-13 -0.005749540769)
(0.0002650290714 -2.331156101e-13 -0.00574931462)
(0.0002458716252 -2.33100865e-13 -0.005749079432)
(0.000226714179 -2.330861198e-13 -0.005748844245)
(0.0002082930204 -2.330726757e-13 -0.005748618096)
(0.0001913158368 -2.330596653e-13 -0.005748409675)
(0.0001764351777 -2.330488233e-13 -0.005748226991)
(0.0001642230456 -2.330392823e-13 -0.005748077068)
(0.0001551485808 -2.330325603e-13 -0.005747965665)
(0.0001495606313 -2.330282235e-13 -0.005747897064)
(0.0001303126069 -2.644924779e-13 -0.006883997738)
(0.0001323709445 -2.644940473e-13 -0.006884025305)
(0.0001384666873 -2.644987094e-13 -0.006884106942)
(0.0001483657753 -2.645058651e-13 -0.006884239517)
(0.0001616876595 -2.645158398e-13 -0.006884417931)
(0.0001779205676 -2.645279829e-13 -0.006884635331)
(0.0001964405175 -2.645418606e-13 -0.006884883361)
(0.0002165356606 -2.645574732e-13 -0.006885152486)
(0.000237434 -2.645730857e-13 -0.006885432368)
(0.0002583323393 -2.645886982e-13 -0.006885712251)
(0.0002784274825 -2.646034433e-13 -0.006885981376)
(0.0002969474323 -2.646173211e-13 -0.006886229406)
(0.0003131803404 -2.646294642e-13 -0.006886446806)
(0.0003265022247 -2.646394388e-13 -0.00688662522)
(0.0003364013126 -2.646470283e-13 -0.006886757794)
(0.0003424970555 -2.646514735e-13 -0.006886839432)
(0.000344555393 -2.646530936e-13 -0.006886866998)
(0.0003424970555 -2.646514735e-13 -0.006886839432)
(0.0003364013126 -2.646470283e-13 -0.006886757794)
(0.0003265022247 -2.646394388e-13 -0.00688662522)
(0.0003131803404 -2.646294642e-13 -0.006886446806)
(0.0002969474323 -2.646173211e-13 -0.006886229406)
(0.0002784274825 -2.646034433e-13 -0.006885981376)
(0.0002583323393 -2.645886982e-13 -0.006885712251)
(0.000237434 -2.645730857e-13 -0.006885432368)
(0.0002165356606 -2.645574732e-13 -0.006885152486)
(0.0001964405175 -2.645418606e-13 -0.006884883361)
(0.0001779205676 -2.645279829e-13 -0.006884635331)
(0.0001616876595 -2.645158398e-13 -0.006884417931)
(0.0001483657753 -2.645058651e-13 -0.006884239517)
(0.0001384666873 -2.644987094e-13 -0.006884106942)
(0.0001323709445 -2.644940473e-13 -0.006884025305)
(0.0001108591113 -2.939333832e-13 -0.008116519763)
(0.0001130797045 -2.939350152e-13 -0.008116551848)
(0.0001196559653 -2.939397857e-13 -0.008116646867)
(0.0001303353831 -2.939480256e-13 -0.00811680117)
(0.0001447074109 -2.939588677e-13 -0.008117008827)
(0.0001622199341 -2.939718781e-13 -0.008117261861)
(0.0001821997831 -2.939866232e-13 -0.008117550544)
(0.0002038789953 -2.940026694e-13 -0.00811786378)
(0.0002264247185 -2.940191493e-13 -0.008118189536)
(0.0002489704418 -2.940356292e-13 -0.008118515293)
(0.000270649654 -2.940525427e-13 -0.008118828529)
(0.000290629503 -2.940672879e-13 -0.008119117212)
(0.0003081420262 -2.940802983e-13 -0.008119370246)
(0.000322514054 -2.940911403e-13 -0.008119577903)
(0.0003331934718 -2.940989466e-13 -0.008119732206)
(0.0003397697326 -2.941037171e-13 -0.008119827225)
(0.0003419903258 -2.941054437e-13 -0.00811985931)
(0.0003397697326 -2.941037171e-13 -0.008119827225)
(0.0003331934718 -2.940989466e-13 -0.008119732206)
(0.000322514054 -2.940911403e-13 -0.008119577903)
(0.0003081420262 -2.940802983e-13 -0.008119370246)
(0.000290629503 -2.940672879e-13 -0.008119117212)
(0.000270649654 -2.940525427e-13 -0.008118828529)
(0.0002489704418 -2.940356292e-13 -0.008118515293)
(0.0002264247186 -2.940191493e-13 -0.008118189536)
(0.0002038789953 -2.940026694e-13 -0.00811786378)
(0.0001821997831 -2.939866232e-13 -0.008117550544)
(0.0001622199341 -2.939718781e-13 -0.008117261861)
(0.0001447074109 -2.939588677e-13 -0.008117008827)
(0.0001303353831 -2.939480256e-13 -0.00811680117)
(0.0001196559653 -2.939397857e-13 -0.008116646867)
(0.0001130797045 -2.939350152e-13 -0.008116551848)
(8.944235315e-05 -3.200563935e-13 -0.00943876099)
(9.181313292e-05 -3.200581076e-13 -0.009438797563)
(9.883416976e-05 -3.200632034e-13 -0.009438905872)
(0.0001102358746 -3.200716601e-13 -0.009439081759)
(0.0001255799339 -3.200829359e-13 -0.009439318462)
(0.0001442768915 -3.200968136e-13 -0.009439606888)
(0.0001656080488 -3.201124261e-13 -0.00943993595)
(0.0001887535034 -3.201293397e-13 -0.009440293001)
(0.0002128240743 -3.201466869e-13 -0.009440664322)
(0.0002368946451 -3.201640342e-13 -0.009441035644)
(0.0002600400997 -3.201818151e-13 -0.009441392694)
(0.0002813712571 -3.201974276e-13 -0.009441721757)
(0.0003000682146 -3.202113054e-13 -0.009442010183)
(0.0003154122739 -3.202225811e-13 -0.009442246886)
(0.0003268139788 -3.202310379e-13 -0.009442422773)
(0.0003338350156 -3.202361336e-13 -0.009442531082)
(0.0003362057954 -3.202378993e-13 -0.009442567655)
(0.0003338350156 -3.202361336e-13 -0.009442531082)
(0.0003268139788 -3.202310379e-13 -0.009442422773)
(0.0003154122739 -3.202225811e-13 -0.009442246886)
(0.0003000682146 -3.202113054e-13 -0.009442010183)
(0.0002813712571 -3.201974276e-13 -0.009441721757)
(0.0002600400997 -3.201818151e-13 -0.009441392694)
(0.0002368946451 -3.201640342e-13 -0.009441035644)
(0.0002128240743 -3.201466869e-13 -0.009440664322)
(0.0001887535034 -3.201293397e-13 -0.009440293001)
(0.0001656080488 -3.201124261e-13 -0.00943993595)
(0.0001442768915 -3.200968136e-13 -0.009439606888)
(0.0001255799339 -3.200829359e-13 -0.009439318462)
(0.0001102358746 -3.200716601e-13 -0.009439081759)
(9.883416976e-05 -3.200632034e-13 -0.009438905872)
(9.181313292e-05 -3.200581076e-13 -0.009438797563)
(6.621309465e-05 -3.415549137e-13 -0.0108438131)
(6.872005633e-05 -3.415567525e-13 -0.01084385399)
(7.614439432e-05 -3.415620651e-13 -0.01084397511)
(8.820103387e-05 -3.415709555e-13 -0.01084417179)
(0.0001044264839 -3.415826649e-13 -0.01084443647)
(0.0001241974288 -3.415969764e-13 -0.01084475899)
(0.0001467538866 -3.416134563e-13 -0.01084512695)
(0.0001712288584 -3.416312372e-13 -0.01084552621)
(0.0001966820866 -3.416494518e-13 -0.01084594143)
(0.0002221353149 -3.416676664e-13 -0.01084635665)
(0.0002466102866 -3.416854473e-13 -0.01084675591)
(0.0002691667445 -3.417019272e-13 -0.01084712387)
(0.0002889376894 -3.417162386e-13 -0.01084744639)
(0.0003051631394 -3.41727948e-13 -0.01084771108)
(0.0003172197789 -3.417364048e-13 -0.01084790776)
(0.0003246441169 -3.417417174e-13 -0.01084802887)
(0.0003271510786 -3.417435032e-13 -0.01084806977)
(0.0003246441169 -3.417417174e-13 -0.01084802887)
(0.0003172197789 -3.417364048e-13 -0.01084790776)
(0.0003051631394 -3.41727948e-13 -0.01084771108)
(0.0002889376894 -3.417162386e-13 -0.01084744639)
(0.0002691667445 -3.417019272e-13 -0.01084712387)
(0.0002466102867 -3.416854473e-13 -0.01084675591)
(0.0002221353149 -3.416676664e-13 -0.01084635665)
(0.0001966820866 -3.416494518e-13 -0.01084594143)
(0.0001712288584 -3.416312372e-13 -0.01084552621)
(0.0001467538866 -3.416134563e-13 -0.01084512695)
(0.0001241974288 -3.415969764e-13 -0.01084475899)
(0.0001044264839 -3.415826649e-13 -0.01084443647)
(8.820103387e-05 -3.415709555e-13 -0.01084417179)
(7.614439432e-05 -3.415620651e-13 -0.01084397511)
(6.872005633e-05 -3.415567525e-13 -0.01084385399)
(4.136716517e-05 -3.571350647e-13 -0.01232264209)
(4.399513557e-05 -3.571368461e-13 -0.01232268703)
(5.177783947e-05 -3.57142484e-13 -0.01232282012)
(6.441644185e-05 -3.571513744e-13 -0.01232303625)
(8.142507931e-05 -3.571635175e-13 -0.01232332711)
(0.0001021503494 -3.57177829e-13 -0.01232368153)
(0.0001257955866 -3.571947425e-13 -0.01232408588)
(0.0001514519426 -3.572125234e-13 -0.01232452463)
(0.0001781337746 -3.572316054e-13 -0.01232498091)
(0.0002048156066 -3.572506874e-13 -0.01232543719)
(0.0002304719626 -3.572684683e-13 -0.01232587593)
(0.0002541171998 -3.572853818e-13 -0.01232628029)
(0.0002748424699 -3.572996933e-13 -0.01232663471)
(0.0002918511073 -3.573118364e-13 -0.01232692557)
(0.0003044897097 -3.573211605e-13 -0.0123271417)
(0.0003122724136 -3.573263647e-13 -0.01232727479)
(0.000314900384 -3.573282388e-13 -0.01232731973)
(0.0003122724136 -3.573263647e-13 -0.01232727479)
(0.0003044897097 -3.573211605e-13 -0.0123271417)
(0.0002918511073 -3.573118364e-13 -0.01232692557)
(0.0002748424699 -3.572996933e-13 -0.01232663471)
(0.0002541171998 -3.572853818e-13 -0.01232628029)
(0.0002304719626 -3.572684683e-13 -0.01232587593)
(0.0002048156066 -3.572506874e-13 -0.01232543719)
(0.0001781337746 -3.572316054e-13 -0.01232498091)
(0.0001514519426 -3.572125234e-13 -0.01232452463)
(0.0001257955866 -3.571947425e-13 -0.01232408588)
(0.0001021503494 -3.57177829e-13 -0.01232368153)
(8.142507932e-05 -3.571635175e-13 -0.01232332711)
(6.441644185e-05 -3.571513744e-13 -0.01232303625)
(5.177783948e-05 -3.57142484e-13 -0.01232282012)
(4.399513557e-05 -3.571368461e-13 -0.01232268703)
(1.508995551e-05 -3.65640729e-13 -0.01386711951)
(1.78235631e-05 -3.65642629e-13 -0.01386716814)
(2.591911033e-05 -3.6564805e-13 -0.01386731215)
(3.906574981e-05 -3.65657591e-13 -0.01386754601)
(5.675808779e-05 -3.656697341e-13 -0.01386786073)
(7.831645681e-05 -3.656844792e-13 -0.01386824422)
(0.0001029121676 -3.657013928e-13 -0.01386868175)
(0.0001295998386 -3.657196074e-13 -0.01386915649)
(0.000157354207 -3.657386893e-13 -0.0138696502)
(0.0001851085754 -3.657577713e-13 -0.01387014391)
(0.0002117962465 -3.657759859e-13 -0.01387061865)
(0.0002363919572 -3.657928994e-13 -0.01387105617)
(0.0002579503262 -3.658076446e-13 -0.01387143967)
(0.0002756426642 -3.658197877e-13 -0.01387175439)
(0.0002887893037 -3.658284613e-13 -0.01387198825)
(0.0002968848509 -3.65834316e-13 -0.01387213226)
(0.0002996184585 -3.658360882e-13 -0.01387218089)
(0.0002968848509 -3.65834316e-13 -0.01387213226)
(0.0002887893037 -3.658284613e-13 -0.01387198825)
(0.0002756426642 -3.658197877e-13 -0.01387175439)
(0.0002579503262 -3.658076446e-13 -0.01387143967)
(0.0002363919572 -3.657928994e-13 -0.01387105617)
(0.0002117962465 -3.657759859e-13 -0.01387061865)
(0.0001851085754 -3.657577713e-13 -0.01387014391)
(0.000157354207 -3.657386893e-13 -0.0138696502)
(0.0001295998386 -3.657196074e-13 -0.01386915649)
(0.0001029121676 -3.657013928e-13 -0.01386868175)
(7.831645681e-05 -3.656844792e-13 -0.01386824422)
(5.675808779e-05 -3.656697341e-13 -0.01386786073)
(3.906574981e-05 -3.65657591e-13 -0.01386754601)
(2.591911033e-05 -3.6564805e-13 -0.01386731215)
(1.78235631e-05 -3.65642629e-13 -0.01386716814)
(-1.240534119e-05 -3.661321793e-13 -0.01546778945)
(-9.58113944e-06 -3.661340979e-13 -0.01546784136)
(-1.217298654e-06 -3.661396273e-13 -0.01546799507)
(1.236503202e-05 -3.661489514e-13 -0.0154682447)
(3.064370963e-05 -3.661610945e-13 -0.01546858063)
(5.291654195e-05 -3.661758397e-13 -0.01546898998)
(7.832737622e-05 -3.661927532e-13 -0.01546945699)
(0.0001058995001 -3.662105341e-13 -0.01546996373)
(0.0001345736727 -3.662296161e-13 -0.01547049072)
(0.0001632478453 -3.66248698e-13 -0.01547101771)
(0.0001908199692 -3.662673463e-13 -0.01547152444)
(0.0002162308034 -3.662842599e-13 -0.01547199146)
(0.0002385036358 -3.66299005e-13 -0.0154724008)
(0.0002567823134 -3.663111481e-13 -0.01547273674)
(0.0002703646441 -3.663200385e-13 -0.01547298636)
(0.0002787284848 -3.663257848e-13 -0.01547314008)
(0.0002815526866 -3.663276225e-13 -0.01547319198)
(0.0002787284848 -3.663257848e-13 -0.01547314008)
(0.0002703646441 -3.663200385e-13 -0.01547298636)
(0.0002567823134 -3.663111481e-13 -0.01547273674)
(0.0002385036358 -3.66299005e-13 -0.0154724008)
(0.0002162308034 -3.662842599e-13 -0.01547199146)
(0.0001908199692 -3.662673463e-13 -0.01547152444)
(0.0001632478453 -3.66248698e-13 -0.01547101771)
(0.0001345736727 -3.662296161e-13 -0.01547049072)
(0.0001058995001 -3.662105341e-13 -0.01546996373)
(7.832737622e-05 -3.661927532e-13 -0.01546945699)
(5.291654195e-05 -3.661758397e-13 -0.01546898998)
(3.064370963e-05 -3.661610945e-13 -0.01546858063)
(1.236503202e-05 -3.661489514e-13 -0.0154682447)
(-1.217298654e-06 -3.661396273e-13 -0.01546799507)
(-9.58113944e-06 -3.661340979e-13 -0.01546784136)
(-4.091862076e-05 -3.580251956e-13 -0.01711689531)
(-3.801822107e-05 -3.580269761e-13 -0.01711695006)
(-2.942872097e-05 -3.58032614e-13 -0.01711711218)
(-1.547993432e-05 -3.580412876e-13 -0.01711737546)
(3.291908336e-06 -3.580534307e-13 -0.01711772978)
(2.616566937e-05 -3.580681758e-13 -0.01711816151)
(5.226209672e-05 -3.580846557e-13 -0.01711865408)
(8.057812607e-05 -3.58103304e-13 -0.01711918853)
(0.0001100259377 -3.581223859e-13 -0.01711974436)
(0.0001394737494 -3.581414679e-13 -0.01712030018)
(0.0001677897787 -3.581592488e-13 -0.01712083464)
(0.0001938862061 -3.581757287e-13 -0.0171213272)
(0.0002167599671 -3.581904738e-13 -0.01712175894)
(0.0002355318097 -3.582026169e-13 -0.01712211325)
(0.0002494805964 -3.582117242e-13 -0.01712237653)
(0.0002580700965 -3.582171452e-13 -0.01712253866)
(0.0002609704962 -3.582190853e-13 -0.0171225934)
(0.0002580700965 -3.582171452e-13 -0.01712253866)
(0.0002494805964 -3.582117242e-13 -0.01712237653)
(0.0002355318097 -3.582026169e-13 -0.01712211325)
(0.0002167599671 -3.581904738e-13 -0.01712175894)
(0.0001938862061 -3.581757287e-13 -0.0171213272)
(0.0001677897787 -3.581592488e-13 -0.01712083464)
(0.0001394737494 -3.581414679e-13 -0.01712030018)
(0.0001100259377 -3.581223859e-13 -0.01711974436)
(8.057812607e-05 -3.58103304e-13 -0.01711918853)
(5.226209672e-05 -3.580846557e-13 -0.01711865408)
(2.616566936e-05 -3.580681758e-13 -0.01711816151)
(3.291908335e-06 -3.580534307e-13 -0.01711772978)
(-1.547993432e-05 -3.580412876e-13 -0.01711737546)
(-2.942872097e-05 -3.58032614e-13 -0.01711711218)
(-3.801822107e-05 -3.580269761e-13 -0.01711695006)
(-7.019176373e-05 -3.412407884e-13 -0.01880548173)
(-6.722928339e-05 -3.412426591e-13 -0.01880553884)
(-5.845593214e-05 -3.412480801e-13 -0.01880570798)
(-4.420858325e-05 -3.412569706e-13 -0.01880598266)
(-2.503494483e-05 -3.4126868e-13 -0.01880635231)
(-1.671589866e-06 -3.412829915e-13 -0.01880680273)
(2.498340993e-05 -3.41299905e-13 -0.01880731662)
(5.390552047e-05 -3.413172522e-13 -0.01880787421)
(8.398363817e-05 -3.413363342e-13 -0.01880845408)
(0.0001140617559 -3.413554162e-13 -0.01880903396)
(0.0001429838664 -3.413727634e-13 -0.01880959155)
(0.0001696388662 -3.413896769e-13 -0.01881010544)
(0.0001930022212 -3.414039884e-13 -0.01881055586)
(0.0002121758596 -3.414156978e-13 -0.01881092551)
(0.0002264232085 -3.414250219e-13 -0.01881120019)
(0.0002351965597 -3.414302261e-13 -0.01881136933)
(0.0002381590401 -3.414320879e-13 -0.01881142644)
(0.0002351965597 -3.414302261e-13 -0.01881136933)
(0.0002264232085 -3.414250219e-13 -0.01881120019)
(0.0002121758596 -3.414156978e-13 -0.01881092551)
(0.0001930022212 -3.414039884e-13 -0.01881055586)
(0.0001696388662 -3.413896769e-13 -0.01881010544)
(0.0001429838664 -3.413727634e-13 -0.01880959155)
(0.0001140617559 -3.413554162e-13 -0.01880903396)
(8.398363817e-05 -3.413363342e-13 -0.01880845408)
(5.390552046e-05 -3.413172522e-13 -0.01880787421)
(2.498340993e-05 -3.41299905e-13 -0.01880731662)
(-1.671589869e-06 -3.412829915e-13 -0.01880680273)
(-2.503494483e-05 -3.4126868e-13 -0.01880635231)
(-4.420858325e-05 -3.412569706e-13 -0.01880598266)
(-5.845593214e-05 -3.412480801e-13 -0.01880570798)
(-6.722928339e-05 -3.412426591e-13 -0.01880553884)
(-9.9924048e-05 -3.16374073e-13 -0.02052603693)
(-9.69141059e-05 -3.163758318e-13 -0.02052609589)
(-8.800019723e-05 -3.163814696e-13 -0.0205262705)
(-7.352459227e-05 -3.163897096e-13 -0.02052655405)
(-5.404377393e-05 -3.16401419e-13 -0.02052693565)
(-3.030611581e-05 -3.164157304e-13 -0.02052740062)
(-3.224077575e-06 -3.164322103e-13 -0.02052793111)
(2.616139267e-05 -3.164499912e-13 -0.02052850672)
(5.672139041e-05 -3.164682058e-13 -0.02052910533)
(8.728138815e-05 -3.164864204e-13 -0.02052970395)
(0.0001166668584 -3.165042013e-13 -0.02053027955)
(0.0001437488966 -3.165206812e-13 -0.02053081004)
(0.0001674865547 -3.165349927e-13 -0.02053127502)
(0.0001869673731 -3.16546702e-13 -0.02053165661)
(0.000201442978 -3.165553757e-13 -0.02053194016)
(0.0002103568867 -3.165605798e-13 -0.02053211477)
(0.0002133668288 -3.165624571e-13 -0.02053217373)
(0.0002103568867 -3.165605798e-13 -0.02053211477)
(0.000201442978 -3.165553757e-13 -0.02053194016)
(0.0001869673731 -3.16546702e-13 -0.02053165661)
(0.0001674865547 -3.165349927e-13 -0.02053127502)
(0.0001437488966 -3.165206812e-13 -0.02053081004)
(0.0001166668584 -3.165042013e-13 -0.02053027955)
(8.728138814e-05 -3.164864204e-13 -0.02052970395)
(5.67213904e-05 -3.164682058e-13 -0.02052910533)
(2.616139266e-05 -3.164499912e-13 -0.02052850672)
(-3.22407758e-06 -3.164322103e-13 -0.02052793111)
(-3.030611581e-05 -3.164157304e-13 -0.02052740062)
(-5.404377393e-05 -3.16401419e-13 -0.02052693565)
(-7.352459227e-05 -3.163897096e-13 -0.02052655405)
(-8.800019723e-05 -3.163814696e-13 -0.0205262705)
(-9.69141059e-05 -3.163758318e-13 -0.02052609589)
(-0.0001296753981 -2.84954911e-13 -0.02226883322)
(-0.0001266344746 -2.84956737e-13 -0.0222688934)
(-0.000117628815 -2.849619412e-13 -0.02226907163)
(-0.0001030042124 -2.849708317e-13 -0.02226936105)
(-8.332287766e-05 -2.849821074e-13 -0.02226975054)
(-5.934088745e-05 -2.849964188e-13 -0.02227022514)
(-3.198009337e-05 -2.85012465e-13 -0.02227076661)
(-2.292158013e-06 -2.850298123e-13 -0.02227135413)
(2.858239427e-05 -2.850480268e-13 -0.02227196514)
(5.945694655e-05 -2.850662414e-13 -0.02227257614)
(8.91448819e-05 -2.850835887e-13 -0.02227316367)
(0.000116505676 -2.850996349e-13 -0.02227370514)
(0.0001404876662 -2.851139463e-13 -0.02227417974)
(0.0001601690009 -2.85125222e-13 -0.02227456923)
(0.0001747936035 -2.851336788e-13 -0.02227485865)
(0.0001837992632 -2.851390998e-13 -0.02227503687)
(0.0001868401866 -2.851407997e-13 -0.02227509705)
(0.0001837992632 -2.851390998e-13 -0.02227503687)
(0.0001747936035 -2.851336788e-13 -0.02227485865)
(0.0001601690009 -2.85125222e-13 -0.02227456923)
(0.0001404876662 -2.851139463e-13 -0.02227417974)
(0.000116505676 -2.850996349e-13 -0.02227370514)
(8.914488189e-05 -2.850835887e-13 -0.02227316367)
(5.945694654e-05 -2.850662414e-13 -0.02227257614)
(2.858239426e-05 -2.850480268e-13 -0.02227196514)
(-2.292158019e-06 -2.850298123e-13 -0.02227135413)
(-3.198009337e-05 -2.85012465e-13 -0.02227076661)
(-5.934088745e-05 -2.849964188e-13 -0.02227022514)
(-8.332287766e-05 -2.849821074e-13 -0.02226975054)
(-0.0001030042124 -2.849708317e-13 -0.02226936105)
(-0.000117628815 -2.849619412e-13 -0.02226907163)
(-0.0001266344746 -2.84956737e-13 -0.0222688934)
(-0.0001588737207 -2.50703469e-13 -0.0240241785)
(-0.0001558217458 -2.507052725e-13 -0.02402423912)
(-0.0001467833575 -2.507106935e-13 -0.02402441864)
(-0.0001321056057 -2.507191503e-13 -0.02402471017)
(-0.0001123527445 -2.507308597e-13 -0.0240251025)
(-8.828359827e-05 -2.507447375e-13 -0.02402558056)
(-6.082336879e-05 -2.507607837e-13 -0.02402612597)
(-3.102754067e-05 -2.507776972e-13 -0.02402671777)
(-4.078319504e-08 -2.507959118e-13 -0.02402733323)
(3.094597428e-05 -2.508141264e-13 -0.02402794869)
(6.07418024e-05 -2.508319073e-13 -0.02402854049)
(8.820203188e-05 -2.508479535e-13 -0.0240290859)
(0.0001122711781 -2.508618313e-13 -0.02402956396)
(0.0001320240393 -2.508735407e-13 -0.02402995629)
(0.0001467017911 -2.508819975e-13 -0.02403024782)
(0.0001557401794 -2.508872016e-13 -0.02403042734)
(0.0001587921543 -2.50888996e-13 -0.02403048796)
(0.0001557401794 -2.508872016e-13 -0.02403042734)
(0.0001467017911 -2.508819975e-13 -0.02403024782)
(0.0001320240393 -2.508735407e-13 -0.02402995629)
(0.0001122711781 -2.508618313e-13 -0.02402956396)
(8.820203187e-05 -2.508479535e-13 -0.0240290859)
(6.074180239e-05 -2.508319073e-13 -0.02402854049)
(3.094597428e-05 -2.508141264e-13 -0.02402794869)
(-4.078320126e-08 -2.507959118e-13 -0.02402733323)
(-3.102754068e-05 -2.507776972e-13 -0.02402671777)
(-6.08233688e-05 -2.507607837e-13 -0.02402612597)
(-8.828359827e-05 -2.507447375e-13 -0.02402558056)
(-0.0001123527445 -2.507308597e-13 -0.0240251025)
(-0.0001321056057 -2.507191503e-13 -0.02402471017)
(-0.0001467833575 -2.507106935e-13 -0.02402441864)
(-0.0001558217458 -2.507052725e-13 -0.02402423912)
)
;

boundaryField
{
    left
    {
        type            calculated;
    }
    right
    {
        type            calculated;
    }
    beam
    {
        type            empty;
    }
}


// ************************************************************************* //
