/*--------------------------------*- C++ -*----------------------------------*\
| =========                 |                                                 |
| \\      /  F ield         | OpenFOAM: The Open Source CFD Toolbox           |
|  \\    /   O peration     | Version:  2312                                  |
|   \\  /    A nd           | Website:  www.openfoam.com                      |
|    \\/     M anipulation  |                                                 |
\*---------------------------------------------------------------------------*/
FoamFile
{
    version     2.0;
    format      ascii;
    arch        "LSB;label=32;scalar=64";
    class       pointVectorField;
    location    "0.17/beam";
    object      pointW;
}
// * * * * * * * * * * * * * * * * * * * * * * * * * * * * * * * * * * * * * //

dimensions      [0 1 0 0 0 0 0];

internalField   nonuniform List<vector> 
1952
(
(-0.0002306857701 -1.898707632e-15 6.657527234e-06)
(-0.000226253143 -1.862225651e-15 6.529602848e-06)
(-0.0002131259693 -1.754239115e-15 6.15075626e-06)
(-0.0001918082972 -1.578598363e-15 5.535534168e-06)
(-0.0001631196381 -1.34267597e-15 4.707587437e-06)
(-0.0001281620932 -1.054711873e-15 3.698722404e-06)
(-8.827940716e-05 -7.264154556e-16 2.547719164e-06)
(-4.50045445e-05 -3.703634621e-16 1.298818651e-06)
(6.407905449e-14 0 -1.799819964e-15)
(4.500454463e-05 3.703634621e-16 -1.298818654e-06)
(8.827940728e-05 7.264154556e-16 -2.547719167e-06)
(0.0001281620934 1.054711873e-15 -3.698722407e-06)
(0.0001631196382 1.34267597e-15 -4.70758744e-06)
(0.0001918082973 1.578598363e-15 -5.53553417e-06)
(0.0002131259693 1.754239115e-15 -6.150756262e-06)
(0.0002262531431 1.862225651e-15 -6.529602848e-06)
(0.0002306857701 1.898707632e-15 -6.657527234e-06)
(0.000226253143 1.862225651e-15 -6.529602848e-06)
(0.0002131259693 1.754239115e-15 -6.15075626e-06)
(0.0001918082972 1.578598363e-15 -5.535534168e-06)
(0.0001631196381 1.34267597e-15 -4.707587437e-06)
(0.0001281620932 1.054711873e-15 -3.698722404e-06)
(8.827940716e-05 7.264154556e-16 -2.547719164e-06)
(4.50045445e-05 3.703634621e-16 -1.298818651e-06)
(-6.407903261e-14 0 1.799819332e-15)
(-4.500454463e-05 -3.703634621e-16 1.298818654e-06)
(-8.827940728e-05 -7.264154556e-16 2.547719167e-06)
(-0.0001281620934 -1.054711873e-15 3.698722407e-06)
(-0.0001631196382 -1.34267597e-15 4.70758744e-06)
(-0.0001918082973 -1.578598363e-15 5.53553417e-06)
(-0.0002131259693 -1.754239115e-15 6.150756262e-06)
(-0.0002262531431 -1.862225651e-15 6.529602848e-06)
(-0.0002518698445 7.101911768e-13 -0.002549355491)
(-0.0002474386924 7.102275582e-13 -0.00254948333)
(-0.0002343158867 7.103356531e-13 -0.002549861924)
(-0.0002130053081 7.105110771e-13 -0.002550476736)
(-0.0001843261951 7.107469994e-13 -0.002551304132)
(-0.0001493802823 7.110345299e-13 -0.002552312325)
(-0.0001095108672 7.113628263e-13 -0.002553462562)
(-6.625040418e-05 7.117180109e-13 -0.002554710631)
(-2.126083484e-05 7.120883744e-13 -0.002556008584)
(2.37287345e-05 7.124587378e-13 -0.002557306538)
(6.698919749e-05 7.128147898e-13 -0.002558554607)
(0.0001068586126 7.131430863e-13 -0.002559704844)
(0.0001418045254 7.134306167e-13 -0.002560713037)
(0.0001704836384 7.136665391e-13 -0.002561540432)
(0.000191794217 7.138415293e-13 -0.002562155245)
(0.0002049170226 7.139496242e-13 -0.002562533839)
(0.0002093481747 7.139861223e-13 -0.002562661678)
(0.0002049170226 7.139496242e-13 -0.002562533839)
(0.0001917942169 7.138415293e-13 -0.002562155245)
(0.0001704836383 7.136665391e-13 -0.002561540432)
(0.0001418045253 7.134306167e-13 -0.002560713037)
(0.0001068586125 7.131430863e-13 -0.002559704844)
(6.698919737e-05 7.128147898e-13 -0.002558554607)
(2.372873438e-05 7.124587378e-13 -0.002557306538)
(-2.126083497e-05 7.120883744e-13 -0.002556008584)
(-6.625040431e-05 7.117180109e-13 -0.002554710631)
(-0.0001095108673 7.113628263e-13 -0.002553462562)
(-0.0001493802824 7.110345299e-13 -0.002552312325)
(-0.0001843261952 7.107469994e-13 -0.002551304132)
(-0.0002130053082 7.105110771e-13 -0.002550476736)
(-0.0002343158868 7.103356531e-13 -0.002549861924)
(-0.0002474386924 7.102275582e-13 -0.00254948333)
(-0.0002728030322 1.425329872e-12 -0.00510367954)
(-0.0002683762926 1.425366227e-12 -0.005103807124)
(-0.0002552665547 1.425474105e-12 -0.005104184964)
(-0.0002339771974 1.425649095e-12 -0.005104798552)
(-0.0002053266434 1.425884584e-12 -0.005105624299)
(-0.0001704155301 1.426171681e-12 -0.005106630484)
(-0.0001305858173 1.42649911e-12 -0.005107778429)
(-8.736843349e-05 1.426853427e-12 -0.005109024011)
(-4.242366521e-05 1.427222923e-12 -0.005110319379)
(2.521103074e-06 1.427592419e-12 -0.005111614747)
(4.573848686e-05 1.427948471e-12 -0.005112860329)
(8.556819965e-05 1.4282759e-12 -0.005114008275)
(0.000120479313 1.428562997e-12 -0.005115014459)
(0.000149129867 1.428798486e-12 -0.005115840206)
(0.0001704192242 1.428973476e-12 -0.005116453794)
(0.0001835289621 1.42908092e-12 -0.005116831634)
(0.0001879557016 1.429117387e-12 -0.005116959218)
(0.0001835289621 1.42908092e-12 -0.005116831634)
(0.0001704192242 1.428973476e-12 -0.005116453794)
(0.0001491298669 1.428798486e-12 -0.005115840206)
(0.0001204793129 1.428562997e-12 -0.005115014459)
(8.556819954e-05 1.4282759e-12 -0.005114008275)
(4.573848674e-05 1.427948471e-12 -0.005112860329)
(2.521102947e-06 1.427592419e-12 -0.005111614747)
(-4.242366534e-05 1.427222923e-12 -0.005110319379)
(-8.736843362e-05 1.426853427e-12 -0.005109024011)
(-0.0001305858174 1.42649911e-12 -0.005107778429)
(-0.0001704155302 1.426171681e-12 -0.005106630484)
(-0.0002053266435 1.425884584e-12 -0.005105624299)
(-0.0002339771975 1.425649095e-12 -0.005104798552)
(-0.0002552665548 1.425474105e-12 -0.005104184964)
(-0.0002683762927 1.425366227e-12 -0.005103807124)
(-0.0002933902456 2.148551041e-12 -0.007654630797)
(-0.0002889708197 2.148587298e-12 -0.00765475796)
(-0.0002758827409 2.148694851e-12 -0.007655134551)
(-0.0002546285565 2.14886919e-12 -0.007655746111)
(-0.0002260253372 2.149103812e-12 -0.00765656913)
(-0.0001911719019 2.149390041e-12 -0.00765757199)
(-0.0001514079933 2.149716169e-12 -0.007658716142)
(-0.0001082620106 2.150069185e-12 -0.007659957609)
(-6.339149726e-05 2.150437814e-12 -0.007661248696)
(-1.852098396e-05 2.150806443e-12 -0.007662539784)
(2.462499873e-05 2.151161194e-12 -0.007663781251)
(6.438890733e-05 2.151487322e-12 -0.007664925403)
(9.924234264e-05 2.151773551e-12 -0.007665928263)
(0.000127845562 2.152008172e-12 -0.007666751281)
(0.0001490997463 2.152182512e-12 -0.007667362841)
(0.000162187825 2.152289848e-12 -0.007667739433)
(0.000166607251 2.152326102e-12 -0.007667866596)
(0.000162187825 2.152289848e-12 -0.007667739433)
(0.0001490997462 2.152182512e-12 -0.007667362841)
(0.0001278455619 2.152008172e-12 -0.007666751281)
(9.924234255e-05 2.151773551e-12 -0.007665928263)
(6.438890722e-05 2.151487322e-12 -0.007664925403)
(2.462499861e-05 2.151161194e-12 -0.007663781251)
(-1.852098408e-05 2.150806443e-12 -0.007662539784)
(-6.339149739e-05 2.150437814e-12 -0.007661248696)
(-0.0001082620107 2.150069185e-12 -0.007659957609)
(-0.0001514079934 2.149716169e-12 -0.007658716142)
(-0.000191171902 2.149390041e-12 -0.00765757199)
(-0.0002260253373 2.149103812e-12 -0.00765656913)
(-0.0002546285566 2.14886919e-12 -0.007655746111)
(-0.0002758827409 2.148694851e-12 -0.007655134551)
(-0.0002889708197 2.148587298e-12 -0.00765475796)
(-0.0003135396305 2.883862944e-12 -0.01020055333)
(-0.0003091303587 2.883899066e-12 -0.01020067991)
(-0.0002960723515 2.884005968e-12 -0.01020105477)
(-0.0002748670013 2.88417944e-12 -0.01020166352)
(-0.0002463295014 2.884413194e-12 -0.01020248276)
(-0.0002115561462 2.884697689e-12 -0.01020348101)
(-0.0001718836002 2.885022516e-12 -0.01020461991)
(-0.0001288367508 2.885374231e-12 -0.01020585567)
(-8.406933319e-05 2.885741125e-12 -0.01020714083)
(-3.930191554e-05 2.886108019e-12 -0.01020842599)
(3.744933829e-06 2.886460602e-12 -0.01020966175)
(4.341747984e-05 2.886785429e-12 -0.01021080065)
(7.8190835e-05 2.887069923e-12 -0.0102117989)
(0.0001067283348 2.887303677e-12 -0.01021261814)
(0.000127933685 2.887477583e-12 -0.01021322689)
(0.0001409916922 2.887584269e-12 -0.01021360175)
(0.000145400964 2.887620424e-12 -0.01021372833)
(0.0001409916922 2.887584269e-12 -0.01021360175)
(0.0001279336849 2.887477583e-12 -0.01021322689)
(0.0001067283348 2.887303677e-12 -0.01021261814)
(7.81908349e-05 2.887069923e-12 -0.0102117989)
(4.341747973e-05 2.886785429e-12 -0.01021080065)
(3.744933705e-06 2.886460602e-12 -0.01020966175)
(-3.930191567e-05 2.886108019e-12 -0.01020842599)
(-8.406933333e-05 2.885741125e-12 -0.01020714083)
(-0.000128836751 2.885374231e-12 -0.01020585567)
(-0.0001718836003 2.885022516e-12 -0.01020461991)
(-0.0002115561464 2.884697689e-12 -0.01020348101)
(-0.0002463295015 2.884413194e-12 -0.01020248276)
(-0.0002748670013 2.88417944e-12 -0.01020166352)
(-0.0002960723515 2.884005968e-12 -0.01020105477)
(-0.0003091303588 2.883899066e-12 -0.01020067991)
(-0.0003331634613 3.635235586e-12 -0.01273983255)
(-0.0003287671011 3.635271446e-12 -0.01273995838)
(-0.0003157473313 3.635377589e-12 -0.01274033105)
(-0.0002946040762 3.635550628e-12 -0.01274093624)
(-0.0002661501421 3.635782647e-12 -0.01274175068)
(-0.000231478613 3.636065841e-12 -0.01274274309)
(-0.0001919222392 3.636388499e-12 -0.01274387532)
(-0.0001490014429 3.63673848e-12 -0.01274510385)
(-0.0001043651167 3.637102772e-12 -0.01274638149)
(-5.972879051e-05 3.637467064e-12 -0.01274765912)
(-1.680799428e-05 3.637817911e-12 -0.01274888766)
(2.274837949e-05 3.63814057e-12 -0.01275001989)
(5.741990861e-05 3.638423764e-12 -0.0127510123)
(8.587384271e-05 3.638655783e-12 -0.01275182674)
(0.0001070170977 3.638827954e-12 -0.01275243193)
(0.0001200368675 3.638934314e-12 -0.0127528046)
(0.0001244332277 3.638970223e-12 -0.01275293043)
(0.0001200368675 3.638934314e-12 -0.0127528046)
(0.0001070170977 3.638827954e-12 -0.01275243193)
(8.587384264e-05 3.638655783e-12 -0.01275182674)
(5.741990851e-05 3.638423764e-12 -0.0127510123)
(2.274837938e-05 3.63814057e-12 -0.01275001989)
(-1.680799441e-05 3.637817911e-12 -0.01274888766)
(-5.972879064e-05 3.637467064e-12 -0.01274765912)
(-0.0001043651169 3.637102772e-12 -0.01274638149)
(-0.0001490014431 3.63673848e-12 -0.01274510385)
(-0.0001919222393 3.636388499e-12 -0.01274387532)
(-0.0002314786131 3.636065841e-12 -0.01274274309)
(-0.0002661501422 3.635782647e-12 -0.01274175068)
(-0.0002946040763 3.635550628e-12 -0.01274093624)
(-0.0003157473313 3.635377589e-12 -0.01274033105)
(-0.0003287671011 3.635271446e-12 -0.01273995838)
(-0.0003521789596 4.406587666e-12 -0.01527090796)
(-0.0003477981636 4.406623287e-12 -0.01527103291)
(-0.0003348244871 4.406728671e-12 -0.01527140294)
(-0.0003137560846 4.406900192e-12 -0.01527200385)
(-0.0002854028846 4.407130477e-12 -0.01527281253)
(-0.0002508541015 4.407411502e-12 -0.01527379792)
(-0.0002114377673 4.407731992e-12 -0.01527492214)
(-0.0001686689216 4.408078937e-12 -0.01527614198)
(-0.0001241906193 4.408440626e-12 -0.01527741058)
(-7.971231698e-05 4.408802316e-12 -0.01527867918)
(-3.694347127e-05 4.409150128e-12 -0.01527989902)
(2.472862899e-06 4.409470618e-12 -0.01528102324)
(3.7021646e-05 4.409751644e-12 -0.01528200863)
(6.537484595e-05 4.409981928e-12 -0.01528281731)
(8.644324846e-05 4.410153015e-12 -0.01528341822)
(9.941692495e-05 4.4102584e-12 -0.01528378825)
(0.0001037977209 4.410294036e-12 -0.0152839132)
(9.941692492e-05 4.4102584e-12 -0.01528378825)
(8.644324841e-05 4.410153015e-12 -0.01528341822)
(6.537484587e-05 4.409981928e-12 -0.01528281731)
(3.70216459e-05 4.409751644e-12 -0.01528200863)
(2.472862781e-06 4.409470618e-12 -0.01528102324)
(-3.69434714e-05 4.409150128e-12 -0.01527989902)
(-7.971231712e-05 4.408802316e-12 -0.01527867918)
(-0.0001241906194 4.408440626e-12 -0.01527741058)
(-0.0001686689217 4.408078937e-12 -0.01527614198)
(-0.0002114377674 4.407731992e-12 -0.01527492214)
(-0.0002508541016 4.407411502e-12 -0.01527379792)
(-0.0002854028847 4.407130477e-12 -0.01527281253)
(-0.0003137560847 4.406900192e-12 -0.01527200385)
(-0.0003348244872 4.406728671e-12 -0.01527140294)
(-0.0003477981636 4.406623287e-12 -0.01527103291)
(-0.0003705090158 5.201773257e-12 -0.01779228516)
(-0.0003661463122 5.201808493e-12 -0.01779240908)
(-0.0003532262158 5.201912902e-12 -0.01779277606)
(-0.000332244824 5.202082688e-12 -0.01779337201)
(-0.0003040087203 5.202311238e-12 -0.01779417402)
(-0.0002696026207 5.202589661e-12 -0.01779515128)
(-0.0002303490727 5.202907116e-12 -0.01779626623)
(-0.0001877568586 5.203251024e-12 -0.01779747601)
(-0.0001434622479 5.203609245e-12 -0.01779873414)
(-9.916763724e-05 5.203967465e-12 -0.01779999227)
(-5.657542322e-05 5.204312242e-12 -0.01780120205)
(-1.732187516e-05 5.204629696e-12 -0.017802317)
(1.708422441e-05 5.204908119e-12 -0.01780329426)
(4.532032806e-05 5.205136669e-12 -0.01780409627)
(6.630171986e-05 5.205306021e-12 -0.01780469222)
(7.922181617e-05 5.20541043e-12 -0.0178050592)
(8.35845198e-05 5.205445752e-12 -0.01780518311)
(7.922181614e-05 5.20541043e-12 -0.0178050592)
(6.63017198e-05 5.205306021e-12 -0.01780469222)
(4.532032798e-05 5.205136669e-12 -0.01780409627)
(1.708422431e-05 5.204908119e-12 -0.01780329426)
(-1.732187528e-05 5.204629696e-12 -0.017802317)
(-5.657542335e-05 5.204312242e-12 -0.01780120205)
(-9.916763739e-05 5.203967465e-12 -0.01779999227)
(-0.0001434622481 5.203609245e-12 -0.01779873414)
(-0.0001877568588 5.203251024e-12 -0.01779747601)
(-0.0002303490728 5.202907116e-12 -0.01779626623)
(-0.0002696026209 5.202589661e-12 -0.01779515128)
(-0.0003040087204 5.202311238e-12 -0.01779417402)
(-0.0003322448241 5.202082688e-12 -0.01779337201)
(-0.0003532262159 5.201912902e-12 -0.01779277606)
(-0.0003661463122 5.201808493e-12 -0.01779240908)
(-0.0003880827987 6.024568101e-12 -0.02030254666)
(-0.0003837405731 6.024603017e-12 -0.02030266941)
(-0.000370881122 6.024706341e-12 -0.02030303295)
(-0.0003499982142 6.02487461e-12 -0.02030362331)
(-0.0003218946473 6.025100124e-12 -0.02030441781)
(-0.0002876500456 6.025375511e-12 -0.02030538591)
(-0.0002485807487 6.025689496e-12 -0.02030649041)
(-0.0002061884572 6.026029502e-12 -0.02030768884)
(-0.0001621017599 6.026384253e-12 -0.02030893518)
(-0.0001180150625 6.026739004e-12 -0.02031018152)
(-7.562277098e-05 6.027079877e-12 -0.02031137996)
(-3.655347414e-05 6.027393862e-12 -0.02031248446)
(-2.30887248e-06 6.027669249e-12 -0.02031345256)
(2.579469445e-05 6.027894763e-12 -0.02031424705)
(4.667760223e-05 6.028062598e-12 -0.02031483742)
(5.953705323e-05 6.028166139e-12 -0.02031520096)
(6.387927887e-05 6.028200925e-12 -0.02031532371)
(5.95370532e-05 6.028166139e-12 -0.02031520096)
(4.667760217e-05 6.028062598e-12 -0.02031483742)
(2.579469436e-05 6.027894763e-12 -0.02031424705)
(-2.308872587e-06 6.027669249e-12 -0.02031345256)
(-3.655347426e-05 6.027393862e-12 -0.02031248446)
(-7.562277112e-05 6.027079877e-12 -0.02031137996)
(-0.0001180150626 6.026739004e-12 -0.02031018152)
(-0.00016210176 6.026384253e-12 -0.02030893518)
(-0.0002061884574 6.026029502e-12 -0.02030768884)
(-0.0002485807489 6.025689496e-12 -0.02030649041)
(-0.0002876500457 6.025375511e-12 -0.02030538591)
(-0.0003218946474 6.025100124e-12 -0.02030441781)
(-0.0003499982143 6.02487461e-12 -0.02030362331)
(-0.0003708811221 6.024706341e-12 -0.02030303295)
(-0.0003837405731 6.024603017e-12 -0.02030266941)
(-0.0004048362472 6.878655455e-12 -0.02280036154)
(-0.0004005167271 6.87869e-12 -0.02280048302)
(-0.0003877245186 6.878791807e-12 -0.02280084276)
(-0.0003669508082 6.878957907e-12 -0.02280142696)
(-0.0003389941956 6.879181252e-12 -0.02280221316)
(-0.0003049286601 6.879452737e-12 -0.02280317116)
(-0.0002660636578 6.879762818e-12 -0.02280426412)
(-0.0002238930369 6.880099788e-12 -0.02280545005)
(-0.0001800368702 6.880449335e-12 -0.02280668338)
(-0.0001361807036 6.880798882e-12 -0.02280791671)
(-9.401008271e-05 6.881135852e-12 -0.02280910264)
(-5.514508044e-05 6.881445934e-12 -0.02281019561)
(-2.107954488e-05 6.881717418e-12 -0.0228111536)
(6.877067612e-06 6.881940764e-12 -0.0228119398)
(2.765077801e-05 6.882105996e-12 -0.022812524)
(4.044298654e-05 6.882208236e-12 -0.02281288375)
(4.476250655e-05 6.882242619e-12 -0.02281300522)
(4.044298651e-05 6.882208236e-12 -0.02281288375)
(2.765077795e-05 6.882105996e-12 -0.022812524)
(6.877067525e-06 6.881940764e-12 -0.0228119398)
(-2.107954499e-05 6.881717418e-12 -0.0228111536)
(-5.514508057e-05 6.881445934e-12 -0.02281019561)
(-9.401008285e-05 6.881135852e-12 -0.02280910264)
(-0.0001361807038 6.880798882e-12 -0.02280791671)
(-0.0001800368704 6.880449335e-12 -0.02280668338)
(-0.000223893037 6.880099788e-12 -0.02280545005)
(-0.0002660636579 6.879762818e-12 -0.02280426412)
(-0.0003049286602 6.879452737e-12 -0.02280317116)
(-0.0003389941958 6.879181252e-12 -0.02280221316)
(-0.0003669508082 6.878957907e-12 -0.02280142696)
(-0.0003877245186 6.878791807e-12 -0.02280084276)
(-0.0004005167272 6.87869e-12 -0.02280048302)
(-0.0004207124288 7.767611303e-12 -0.02528449378)
(-0.000416417671 7.767645143e-12 -0.02528461387)
(-0.0004036987955 7.767745865e-12 -0.0252849695)
(-0.0003830441731 7.767909146e-12 -0.02528554701)
(-0.0003552478255 7.768129022e-12 -0.02528632422)
(-0.0003213775751 7.768397037e-12 -0.02528727125)
(-0.0002827353716 7.768702348e-12 -0.02528835171)
(-0.0002408064993 7.76903368e-12 -0.02528952407)
(-0.0001972017439 7.76937889e-12 -0.02529074329)
(-0.0001535969886 7.7697241e-12 -0.02529196251)
(-0.0001116681163 7.770055432e-12 -0.02529313487)
(-7.302591281e-05 7.770360744e-12 -0.02529421533)
(-3.915566242e-05 7.770628759e-12 -0.02529516237)
(-1.13593149e-05 7.770848635e-12 -0.02529593957)
(9.295307467e-06 7.771011916e-12 -0.02529651709)
(2.201418297e-05 7.771112638e-12 -0.02529687272)
(2.630894076e-05 7.771146638e-12 -0.0252969928)
(2.201418294e-05 7.771112638e-12 -0.02529687272)
(9.295307405e-06 7.771011916e-12 -0.02529651709)
(-1.135931499e-05 7.770848635e-12 -0.02529593957)
(-3.915566254e-05 7.770628759e-12 -0.02529516237)
(-7.302591295e-05 7.770360744e-12 -0.02529421533)
(-0.0001116681165 7.770055432e-12 -0.02529313487)
(-0.0001535969887 7.7697241e-12 -0.02529196251)
(-0.0001972017441 7.76937889e-12 -0.02529074329)
(-0.0002408064995 7.76903368e-12 -0.02528952407)
(-0.0002827353717 7.768702348e-12 -0.02528835171)
(-0.0003213775752 7.768397037e-12 -0.02528727125)
(-0.0003552478256 7.768129022e-12 -0.02528632422)
(-0.0003830441731 7.767909146e-12 -0.02528554701)
(-0.0004036987955 7.767745865e-12 -0.0252849695)
(-0.000416417671 7.767645143e-12 -0.02528461387)
(-0.0004356617614 8.694888833e-12 -0.02775380893)
(-0.0004313936411 8.694922169e-12 -0.02775392753)
(-0.0004187536521 8.695021049e-12 -0.02775427876)
(-0.0003982271364 8.695181727e-12 -0.02775484913)
(-0.0003706031908 8.6953977e-12 -0.02775561671)
(-0.0003369430146 8.695661378e-12 -0.02775655203)
(-0.0002985404825 8.695961919e-12 -0.02775761912)
(-0.0002568716666 8.696288481e-12 -0.02775877697)
(-0.000213537362 8.696627619e-12 -0.0277599811)
(-0.0001702030574 8.696966758e-12 -0.02776118523)
(-0.0001285342416 8.697292452e-12 -0.02776234308)
(-9.013170953e-05 8.697592993e-12 -0.02776341017)
(-5.647153338e-05 8.697856671e-12 -0.02776434548)
(-2.884758778e-05 8.698072644e-12 -0.02776511307)
(-8.321072053e-06 8.698233757e-12 -0.02776568344)
(4.318916874e-06 8.698332636e-12 -0.02776603467)
(8.58703719e-06 8.698366009e-12 -0.02776615327)
(4.318916841e-06 8.698332636e-12 -0.02776603467)
(-8.321072118e-06 8.698233757e-12 -0.02776568344)
(-2.884758787e-05 8.698072644e-12 -0.02776511307)
(-5.64715335e-05 8.697856671e-12 -0.02776434548)
(-9.013170967e-05 8.697592993e-12 -0.02776341017)
(-0.0001285342418 8.697292452e-12 -0.02776234308)
(-0.0001702030576 8.696966758e-12 -0.02776118523)
(-0.0002135373622 8.696627619e-12 -0.0277599811)
(-0.0002568716668 8.696288481e-12 -0.02775877697)
(-0.0002985404826 8.695961919e-12 -0.02775761912)
(-0.0003369430147 8.695661378e-12 -0.02775655203)
(-0.0003706031909 8.6953977e-12 -0.02775561671)
(-0.0003982271365 8.695181727e-12 -0.02775484913)
(-0.0004187536522 8.695021049e-12 -0.02775427876)
(-0.0004313936411 8.694922169e-12 -0.02775392753)
(-0.0004496420981 9.663802122e-12 -0.03020727922)
(-0.0004454023018 9.663834945e-12 -0.03020739625)
(-0.0004328461943 9.663931981e-12 -0.03020774283)
(-0.0004124558964 9.664089841e-12 -0.03020830565)
(-0.0003850152687 9.664301911e-12 -0.03020906307)
(-0.000351578468 9.664560385e-12 -0.030209986)
(-0.0003134307826 9.664855288e-12 -0.03021103897)
(-0.0002720384891 9.665175778e-12 -0.03021218149)
(-0.0002289917594 9.665508845e-12 -0.03021336968)
(-0.0001859450297 9.665841912e-12 -0.03021455787)
(-0.0001445527362 9.666161534e-12 -0.03021570039)
(-0.0001064050508 9.666456437e-12 -0.03021675335)
(-7.296825017e-05 9.666714911e-12 -0.03021767629)
(-4.552762245e-05 9.666926981e-12 -0.03021843371)
(-2.513732468e-05 9.667084841e-12 -0.03021899653)
(-1.258121719e-05 9.667181877e-12 -0.03021934311)
(-8.341420947e-06 9.66721468e-12 -0.03021946014)
(-1.258121722e-05 9.667181877e-12 -0.03021934311)
(-2.513732475e-05 9.667084841e-12 -0.03021899653)
(-4.552762255e-05 9.666926981e-12 -0.03021843371)
(-7.29682503e-05 9.666714911e-12 -0.03021767629)
(-0.000106405051 9.666456437e-12 -0.03021675335)
(-0.0001445527364 9.666161534e-12 -0.03021570039)
(-0.0001859450299 9.665841912e-12 -0.03021455787)
(-0.0002289917596 9.665508845e-12 -0.03021336968)
(-0.0002720384893 9.665175778e-12 -0.03021218149)
(-0.0003134307828 9.664855288e-12 -0.03021103897)
(-0.0003515784682 9.664560385e-12 -0.030209986)
(-0.0003850152688 9.664301911e-12 -0.03020906307)
(-0.0004124558965 9.664089841e-12 -0.03020830565)
(-0.0004328461943 9.663931981e-12 -0.03020774283)
(-0.0004454023018 9.663834945e-12 -0.03020739625)
(-0.0004626186686 1.067750884e-11 -0.03264398689)
(-0.0004584086902 1.067754099e-11 -0.03264410228)
(-0.0004459408879 1.067763608e-11 -0.03264444399)
(-0.0004256939921 1.067779068e-11 -0.03264499892)
(-0.0003984463502 1.067799842e-11 -0.03264574572)
(-0.0003652447055 1.067825169e-11 -0.0326466557)
(-0.0003273653071 1.067854052e-11 -0.0326476939)
(-0.0002862641195 1.067885363e-11 -0.0326488204)
(-0.0002435201311 1.067917976e-11 -0.03264999192)
(-0.0002007761426 1.067950589e-11 -0.03265116344)
(-0.000159674955 1.067981901e-11 -0.03265228994)
(-0.0001217955566 1.068010784e-11 -0.03265332813)
(-8.859391203e-05 1.068036111e-11 -0.03265423812)
(-6.134627018e-05 1.068056884e-11 -0.03265498492)
(-4.109937435e-05 1.068072302e-11 -0.03265553984)
(-2.86315721e-05 1.06808181e-11 -0.03265588156)
(-2.442159372e-05 1.068085023e-11 -0.03265599695)
(-2.863157213e-05 1.06808181e-11 -0.03265588156)
(-4.109937443e-05 1.068072302e-11 -0.03265553984)
(-6.134627029e-05 1.068056884e-11 -0.03265498492)
(-8.859391217e-05 1.068036111e-11 -0.03265423812)
(-0.0001217955568 1.068010784e-11 -0.03265332813)
(-0.0001596749552 1.067981901e-11 -0.03265228994)
(-0.0002007761428 1.067950589e-11 -0.03265116344)
(-0.0002435201313 1.067917976e-11 -0.03264999192)
(-0.0002862641197 1.067885363e-11 -0.0326488204)
(-0.0003273653073 1.067854052e-11 -0.0326476939)
(-0.0003652447057 1.067825169e-11 -0.0326466557)
(-0.0003984463503 1.067799842e-11 -0.03264574572)
(-0.0004256939922 1.067779068e-11 -0.03264499892)
(-0.000445940888 1.067763608e-11 -0.03264444399)
(-0.0004584086902 1.067754099e-11 -0.03264410228)
(-0.000474563893 1.173899192e-11 -0.03506312568)
(-0.0004703850324 1.173902316e-11 -0.03506323937)
(-0.0004580093851 1.173911619e-11 -0.03506357605)
(-0.000437912143 1.173926668e-11 -0.0350641228)
(-0.0004108659004 1.173946964e-11 -0.03506485859)
(-0.0003779096637 1.173971727e-11 -0.03506575516)
(-0.0003403102486 1.173999916e-11 -0.03506677805)
(-0.0002995128579 1.174030578e-11 -0.03506788795)
(-0.0002570848091 1.17406241e-11 -0.0350690422)
(-0.0002146567602 1.174094242e-11 -0.03507019646)
(-0.0001738593695 1.174124816e-11 -0.03507130635)
(-0.0001362599544 1.174153006e-11 -0.03507232924)
(-0.0001033037178 1.174177769e-11 -0.03507322582)
(-7.625747521e-05 1.174198065e-11 -0.03507396161)
(-5.616023309e-05 1.174213157e-11 -0.03507450836)
(-4.378458583e-05 1.174222416e-11 -0.03507484504)
(-3.960572526e-05 1.174225553e-11 -0.03507495872)
(-4.378458587e-05 1.174222416e-11 -0.03507484504)
(-5.616023316e-05 1.174213157e-11 -0.03507450836)
(-7.625747532e-05 1.174198065e-11 -0.03507396161)
(-0.0001033037179 1.174177769e-11 -0.03507322582)
(-0.0001362599546 1.174153006e-11 -0.03507232924)
(-0.0001738593697 1.174124816e-11 -0.03507130635)
(-0.0002146567604 1.174094242e-11 -0.03507019646)
(-0.0002570848093 1.17406241e-11 -0.0350690422)
(-0.0002995128581 1.174030578e-11 -0.03506788795)
(-0.0003403102488 1.173999916e-11 -0.03506677805)
(-0.0003779096639 1.173971727e-11 -0.03506575516)
(-0.0004108659005 1.173946964e-11 -0.03506485859)
(-0.0004379121431 1.173926668e-11 -0.0350641228)
(-0.0004580093852 1.173911619e-11 -0.03506357605)
(-0.0004703850325 1.173902316e-11 -0.03506323937)
(-0.000485457061 1.285104012e-11 -0.03746400051)
(-0.0004813104265 1.285107069e-11 -0.03746411245)
(-0.0004690302167 1.285116111e-11 -0.03746444395)
(-0.0004490879588 1.285130769e-11 -0.03746498229)
(-0.0004222502891 1.285150545e-11 -0.03746570677)
(-0.0003895482015 1.285174658e-11 -0.03746658956)
(-0.0003522387424 1.28520211e-11 -0.03746759673)
(-0.0003117559696 1.285231904e-11 -0.03746868955)
(-0.0002696551138 1.285262955e-11 -0.03746982606)
(-0.000227554258 1.285294007e-11 -0.03747096257)
(-0.0001870714852 1.285323801e-11 -0.0374720554)
(-0.0001497620261 1.285351253e-11 -0.03747306256)
(-0.0001170599385 1.285375365e-11 -0.03747394535)
(-9.022226891e-05 1.285395141e-11 -0.03747466983)
(-7.0280011e-05 1.285409843e-11 -0.03747520817)
(-5.799980122e-05 1.285418885e-11 -0.03747553968)
(-5.385316683e-05 1.285421934e-11 -0.03747565161)
(-5.799980126e-05 1.285418885e-11 -0.03747553968)
(-7.028001108e-05 1.285409843e-11 -0.03747520817)
(-9.022226903e-05 1.285395141e-11 -0.03747466983)
(-0.0001170599387 1.285375365e-11 -0.03747394535)
(-0.0001497620263 1.285351253e-11 -0.03747306256)
(-0.0001870714854 1.285323801e-11 -0.0374720554)
(-0.0002275542582 1.285294007e-11 -0.03747096257)
(-0.000269655114 1.285262955e-11 -0.03746982606)
(-0.0003117559698 1.285231904e-11 -0.03746868955)
(-0.0003522387426 1.28520211e-11 -0.03746759673)
(-0.0003895482017 1.285174658e-11 -0.03746658956)
(-0.0004222502893 1.285150545e-11 -0.03746570677)
(-0.0004490879589 1.285130769e-11 -0.03746498229)
(-0.0004690302168 1.285116111e-11 -0.03746444395)
(-0.0004813104266 1.285107069e-11 -0.03746411245)
(-0.0004952839017 1.401622765e-11 -0.03984602522)
(-0.0004911704157 1.401625734e-11 -0.03984613538)
(-0.0004789883746 1.401634516e-11 -0.0398464616)
(-0.0004592055362 1.401648806e-11 -0.03984699136)
(-0.0004325824084 1.401667974e-11 -0.03984770429)
(-0.0004001417432 1.401691393e-11 -0.03984857301)
(-0.000363130538 1.401718065e-11 -0.03984956413)
(-0.0003229713868 1.401747034e-11 -0.03985063954)
(-0.0002812070876 1.401777132e-11 -0.03985175794)
(-0.0002394427885 1.401807229e-11 -0.03985287634)
(-0.0001992836373 1.401836286e-11 -0.03985395175)
(-0.0001622724321 1.401862957e-11 -0.03985494286)
(-0.0001298317669 1.401886376e-11 -0.03985581159)
(-0.0001032086391 1.401905545e-11 -0.03985652452)
(-8.342580079e-05 1.401919835e-11 -0.03985705428)
(-7.124375971e-05 1.401928617e-11 -0.0398573805)
(-6.713027375e-05 1.401931591e-11 -0.03985749066)
(-7.124375975e-05 1.401928617e-11 -0.0398573805)
(-8.342580087e-05 1.401919835e-11 -0.03985705428)
(-0.0001032086393 1.401905545e-11 -0.03985652452)
(-0.0001298317671 1.401886376e-11 -0.03985581159)
(-0.0001622724323 1.401862957e-11 -0.03985494286)
(-0.0001992836375 1.401836286e-11 -0.03985395175)
(-0.0002394427887 1.401807229e-11 -0.03985287634)
(-0.0002812070878 1.401777132e-11 -0.03985175794)
(-0.000322971387 1.401747034e-11 -0.03985063954)
(-0.0003631305382 1.401718065e-11 -0.03984956413)
(-0.0004001417434 1.401691393e-11 -0.03984857301)
(-0.0004325824086 1.401667974e-11 -0.03984770429)
(-0.0004592055363 1.401648806e-11 -0.03984699136)
(-0.0004789883747 1.401634516e-11 -0.0398464616)
(-0.0004911704158 1.401625734e-11 -0.03984613538)
(-0.0005040360507 1.523689264e-11 -0.04220871861)
(-0.0004999564578 1.523692132e-11 -0.04220882696)
(-0.0004878747905 1.523700653e-11 -0.04220914782)
(-0.0004682549527 1.523714445e-11 -0.04220966888)
(-0.000441851186 1.523733049e-11 -0.04221037011)
(-0.0004096778154 1.523755688e-11 -0.04221122456)
(-0.0003729715638 1.523781535e-11 -0.0422121994)
(-0.0003331433037 1.523809637e-11 -0.04221325715)
(-0.0002917231212 1.523838781e-11 -0.04221435718)
(-0.0002503029388 1.523867924e-11 -0.04221545721)
(-0.0002104746786 1.523896027e-11 -0.04221651496)
(-0.0001737684271 1.523921874e-11 -0.0422174898)
(-0.0001415950565 1.523944512e-11 -0.04221834426)
(-0.0001151912899 1.523963117e-11 -0.04221904548)
(-9.55714521e-05 1.523976952e-11 -0.04221956654)
(-8.348978488e-05 1.523985473e-11 -0.04221988741)
(-7.941019196e-05 1.523988348e-11 -0.04221999575)
(-8.348978492e-05 1.523985473e-11 -0.04221988741)
(-9.557145219e-05 1.523976952e-11 -0.04221956654)
(-0.00011519129 1.523963117e-11 -0.04221904548)
(-0.0001415950567 1.523944512e-11 -0.04221834426)
(-0.0001737684273 1.523921874e-11 -0.0422174898)
(-0.0002104746788 1.523896027e-11 -0.04221651496)
(-0.000250302939 1.523867924e-11 -0.04221545721)
(-0.0002917231215 1.523838781e-11 -0.04221435718)
(-0.0003331433039 1.523809637e-11 -0.04221325715)
(-0.000372971564 1.523781535e-11 -0.0422121994)
(-0.0004096778156 1.523755688e-11 -0.04221122456)
(-0.0004418511861 1.523733049e-11 -0.04221037011)
(-0.0004682549528 1.523714445e-11 -0.04220966888)
(-0.0004878747906 1.523700653e-11 -0.04220914782)
(-0.0004999564578 1.523692132e-11 -0.04220882696)
(-0.000511710439 1.651511475e-11 -0.04455169872)
(-0.0005076653174 1.651514255e-11 -0.04455180524)
(-0.0004956857364 1.651522473e-11 -0.0445521207)
(-0.00047623168 1.651535809e-11 -0.04455263299)
(-0.0004500510168 1.651553764e-11 -0.04455332241)
(-0.0004181495011 1.651575664e-11 -0.04455416247)
(-0.0003817534057 1.651600601e-11 -0.0445551209)
(-0.0003422616819 1.651627619e-11 -0.04455616084)
(-0.0003011914869 1.651655809e-11 -0.04455724234)
(-0.0002601212919 1.651683998e-11 -0.04455832385)
(-0.000220629568 1.651711103e-11 -0.04455936379)
(-0.0001842334727 1.65173604e-11 -0.04456032221)
(-0.000152331957 1.65175794e-11 -0.04456116228)
(-0.0001261512939 1.651775895e-11 -0.0445618517)
(-0.0001066972375 1.651789187e-11 -0.04456236398)
(-9.471765657e-05 1.651797405e-11 -0.04456267944)
(-9.067253493e-05 1.651800182e-11 -0.04456278596)
(-9.471765662e-05 1.651797405e-11 -0.04456267944)
(-0.0001066972376 1.651789187e-11 -0.04456236398)
(-0.000126151294 1.651775895e-11 -0.0445618517)
(-0.0001523319572 1.65175794e-11 -0.04456116228)
(-0.0001842334729 1.65173604e-11 -0.04456032221)
(-0.0002206295682 1.651711103e-11 -0.04455936379)
(-0.0002601212921 1.651683998e-11 -0.04455832385)
(-0.0003011914871 1.651655809e-11 -0.04455724234)
(-0.0003422616821 1.651627619e-11 -0.04455616084)
(-0.000381753406 1.651600601e-11 -0.0445551209)
(-0.0004181495013 1.651575664e-11 -0.04455416247)
(-0.000450051017 1.651553764e-11 -0.04455332241)
(-0.0004762316801 1.651535809e-11 -0.04455263299)
(-0.0004956857365 1.651522473e-11 -0.0445521207)
(-0.0005076653174 1.651514255e-11 -0.04455180524)
(-0.0005183086261 1.785269229e-11 -0.04687467567)
(-0.0005142984012 1.785271898e-11 -0.04687478036)
(-0.0005024221666 1.785279802e-11 -0.0468750904)
(-0.0004831359381 1.78529266e-11 -0.04687559388)
(-0.0004571811324 1.785309921e-11 -0.04687627145)
(-0.0004255548274 1.785330954e-11 -0.04687709707)
(-0.0003894727169 1.78535498e-11 -0.04687803902)
(-0.0003503216835 1.785381044e-11 -0.04687906108)
(-0.0003096057962 1.785408106e-11 -0.04688012399)
(-0.000268889909 1.785435168e-11 -0.04688118691)
(-0.0002297388756 1.785461232e-11 -0.04688220897)
(-0.0001936567651 1.785485258e-11 -0.04688315092)
(-0.0001620304601 1.785506291e-11 -0.04688397654)
(-0.0001360756544 1.785523552e-11 -0.04688465411)
(-0.000116789426 1.785536367e-11 -0.04688515759)
(-0.0001049131915 1.785544271e-11 -0.04688546762)
(-0.0001009029666 1.785546944e-11 -0.04688557231)
(-0.0001049131915 1.785544271e-11 -0.04688546762)
(-0.0001167894261 1.785536367e-11 -0.04688515759)
(-0.0001360756546 1.785523552e-11 -0.04688465411)
(-0.0001620304603 1.785506291e-11 -0.04688397654)
(-0.0001936567653 1.785485258e-11 -0.04688315092)
(-0.0002297388758 1.785461232e-11 -0.04688220897)
(-0.0002688899092 1.785435168e-11 -0.04688118691)
(-0.0003096057965 1.785408106e-11 -0.04688012399)
(-0.0003503216837 1.785381044e-11 -0.04687906108)
(-0.0003894727171 1.78535498e-11 -0.04687803902)
(-0.0004255548276 1.785330954e-11 -0.04687709707)
(-0.0004571811326 1.785309921e-11 -0.04687627145)
(-0.0004831359383 1.78529266e-11 -0.04687559388)
(-0.0005024221667 1.785279802e-11 -0.0468750904)
(-0.0005142984012 1.785271898e-11 -0.04687478036)
(-0.0005238361076 1.925111895e-11 -0.04917744325)
(-0.0005198610677 1.925114452e-11 -0.04917754611)
(-0.0005080890334 1.925122019e-11 -0.04917785072)
(-0.0004889720192 1.925134314e-11 -0.0491783454)
(-0.0004632449369 1.925150837e-11 -0.04917901112)
(-0.0004318961161 1.925171004e-11 -0.04917982231)
(-0.0003961305844 1.925194032e-11 -0.04918074779)
(-0.000357323056 1.925219012e-11 -0.04918175198)
(-0.0003169644035 1.925244946e-11 -0.04918279632)
(-0.0002766057511 1.92527088e-11 -0.04918384065)
(-0.0002377982227 1.92529586e-11 -0.04918484484)
(-0.000202032691 1.925318889e-11 -0.04918577032)
(-0.0001706838702 1.925339055e-11 -0.04918658151)
(-0.000144956788 1.925355578e-11 -0.04918724723)
(-0.0001258397738 1.925367873e-11 -0.04918774191)
(-0.0001140677395 1.925375462e-11 -0.04918804653)
(-0.0001100926998 1.925378022e-11 -0.04918814939)
(-0.0001140677396 1.925375462e-11 -0.04918804653)
(-0.0001258397739 1.925367873e-11 -0.04918774191)
(-0.0001449567881 1.925355578e-11 -0.04918724723)
(-0.0001706838704 1.925339055e-11 -0.04918658151)
(-0.0002020326912 1.925318889e-11 -0.04918577032)
(-0.000237798223 1.92529586e-11 -0.04918484484)
(-0.0002766057514 1.92527088e-11 -0.04918384065)
(-0.0003169644038 1.925244946e-11 -0.04918279632)
(-0.0003573230562 1.925219012e-11 -0.04918175198)
(-0.0003961305846 1.925194032e-11 -0.04918074779)
(-0.0004318961163 1.925171004e-11 -0.04917982231)
(-0.0004632449371 1.925150837e-11 -0.04917901112)
(-0.0004889720194 1.925134314e-11 -0.0491783454)
(-0.0005080890335 1.925122019e-11 -0.04917785072)
(-0.0005198610678 1.925114452e-11 -0.04917754611)
(-0.0005283016258 2.071156026e-11 -0.05145986961)
(-0.0005243619388 2.071158457e-11 -0.05145997065)
(-0.0005126946015 2.0711657e-11 -0.05146026986)
(-0.0004937476085 2.071177388e-11 -0.05146075578)
(-0.0004682493353 2.071193217e-11 -0.0514614097)
(-0.0004371793216 2.071212429e-11 -0.05146220652)
(-0.0004017318781 2.071234373e-11 -0.0514631156)
(-0.0003632694924 2.071258182e-11 -0.051464102)
(-0.000323269778 2.071282989e-11 -0.05146512782)
(-0.0002832700636 2.071307795e-11 -0.05146615365)
(-0.000244807678 2.071331605e-11 -0.05146714005)
(-0.0002093602344 2.071353549e-11 -0.05146804913)
(-0.0001782902208 2.071372761e-11 -0.05146884594)
(-0.0001527919477 2.07138859e-11 -0.05146949987)
(-0.0001338449546 2.071400321e-11 -0.05146998578)
(-0.0001221776174 2.071407542e-11 -0.051470285)
(-0.0001182379305 2.071409994e-11 -0.05147038604)
(-0.0001221776174 2.071407542e-11 -0.051470285)
(-0.0001338449547 2.071400321e-11 -0.05146998578)
(-0.0001527919478 2.07138859e-11 -0.05146949987)
(-0.000178290221 2.071372761e-11 -0.05146884594)
(-0.0002093602346 2.071353549e-11 -0.05146804913)
(-0.0002448076782 2.071331605e-11 -0.05146714005)
(-0.0002832700638 2.071307795e-11 -0.05146615365)
(-0.0003232697783 2.071282989e-11 -0.05146512782)
(-0.0003632694927 2.071258182e-11 -0.051464102)
(-0.0004017318783 2.071234373e-11 -0.0514631156)
(-0.0004371793219 2.071212429e-11 -0.05146220652)
(-0.0004682493355 2.071193217e-11 -0.0514614097)
(-0.0004937476086 2.071177388e-11 -0.05146075578)
(-0.0005126946016 2.0711657e-11 -0.05146026986)
(-0.0005243619389 2.071158457e-11 -0.05145997065)
(-0.0005317165191 2.223483058e-11 -0.05372188759)
(-0.0005278122492 2.223485382e-11 -0.05372198682)
(-0.0005162497992 2.223492224e-11 -0.05372228068)
(-0.0004974731363 2.223503369e-11 -0.05372275789)
(-0.0004722040881 2.223518375e-11 -0.0537234001)
(-0.0004414133885 2.223536676e-11 -0.05372418264)
(-0.0004062846112 2.223557536e-11 -0.05372507544)
(-0.0003681679957 2.223580174e-11 -0.05372604417)
(-0.0003285278717 2.22360368e-11 -0.05372705163)
(-0.0002888877477 2.223627185e-11 -0.05372805908)
(-0.0002507711321 2.223649823e-11 -0.05372902781)
(-0.0002156423549 2.223670683e-11 -0.05372992061)
(-0.0001848516553 2.223688985e-11 -0.05373070316)
(-0.0001595826071 2.22370399e-11 -0.05373134537)
(-0.0001408059443 2.223715136e-11 -0.05373182258)
(-0.0001292434943 2.223721999e-11 -0.05373211644)
(-0.0001253392245 2.22372432e-11 -0.05373221566)
(-0.0001292434944 2.223721999e-11 -0.05373211644)
(-0.0001408059444 2.223715136e-11 -0.05373182258)
(-0.0001595826073 2.22370399e-11 -0.05373134537)
(-0.0001848516555 2.223688985e-11 -0.05373070316)
(-0.0002156423551 2.223670683e-11 -0.05372992061)
(-0.0002507711324 2.223649823e-11 -0.05372902781)
(-0.0002888877479 2.223627185e-11 -0.05372805908)
(-0.0003285278719 2.22360368e-11 -0.05372705163)
(-0.0003681679959 2.223580174e-11 -0.05372604417)
(-0.0004062846115 2.223557536e-11 -0.05372507544)
(-0.0004414133887 2.223536676e-11 -0.05372418264)
(-0.0004722040883 2.223518375e-11 -0.0537234001)
(-0.0004974731365 2.223503369e-11 -0.05372275789)
(-0.0005162497993 2.223492224e-11 -0.05372228068)
(-0.0005278122493 2.223485382e-11 -0.05372198682)
(-0.0005340939361 2.38211879e-11 -0.05596323304)
(-0.0005302250565 2.382120987e-11 -0.05596333047)
(-0.0005187674144 2.382127481e-11 -0.05596361902)
(-0.0005001609526 2.38213802e-11 -0.05596408761)
(-0.0004751209559 2.382152201e-11 -0.05596471823)
(-0.0004446093587 2.382169462e-11 -0.05596548664)
(-0.0004097990065 2.382189194e-11 -0.05596636332)
(-0.0003720278992 2.382210575e-11 -0.05596731456)
(-0.0003327470934 2.382232779e-11 -0.05596830382)
(-0.0002934662875 2.382254984e-11 -0.05596929308)
(-0.0002556951803 2.382276451e-11 -0.05597024432)
(-0.0002208848281 2.382296183e-11 -0.05597112099)
(-0.0001903732309 2.382313444e-11 -0.05597188941)
(-0.0001653332342 2.382327625e-11 -0.05597252002)
(-0.0001467267725 2.382338164e-11 -0.05597298861)
(-0.0001352691305 2.382344636e-11 -0.05597327717)
(-0.0001314002509 2.38234683e-11 -0.0559733746)
(-0.0001352691305 2.382344636e-11 -0.05597327717)
(-0.0001467267726 2.382338164e-11 -0.05597298861)
(-0.0001653332344 2.382327625e-11 -0.05597252002)
(-0.0001903732311 2.382313444e-11 -0.05597188941)
(-0.0002208848283 2.382296183e-11 -0.05597112099)
(-0.0002556951806 2.382276451e-11 -0.05597024432)
(-0.0002934662878 2.382254984e-11 -0.05596929308)
(-0.0003327470937 2.382232779e-11 -0.05596830382)
(-0.0003720278995 2.382210575e-11 -0.05596731456)
(-0.0004097990067 2.382189194e-11 -0.05596636332)
(-0.000444609359 2.382169462e-11 -0.05596548664)
(-0.0004751209561 2.382152201e-11 -0.05596471823)
(-0.0005001609528 2.38213802e-11 -0.05596408761)
(-0.0005187674145 2.382127481e-11 -0.05596361902)
(-0.0005302250565 2.382120987e-11 -0.05596333047)
(-0.0005354494174 2.547122629e-11 -0.05818469575)
(-0.000531615841 2.547124686e-11 -0.05818479142)
(-0.0005202627489 2.547130779e-11 -0.05818507472)
(-0.0005018260695 2.547140667e-11 -0.0581855348)
(-0.0004770145606 2.547154024e-11 -0.05818615395)
(-0.0004467813791 2.547170244e-11 -0.05818690839)
(-0.0004122886684 2.547188762e-11 -0.05818776913)
(-0.0003748622192 2.547208885e-11 -0.05818870308)
(-0.0003359398474 2.547229788e-11 -0.05818967436)
(-0.0002970174755 2.547250692e-11 -0.05819064564)
(-0.0002595910264 2.547270814e-11 -0.05819157958)
(-0.0002250983157 2.547289333e-11 -0.05819244032)
(-0.0001948651343 2.547305552e-11 -0.05819319477)
(-0.0001700536254 2.54731891e-11 -0.05819381392)
(-0.0001516169461 2.547328798e-11 -0.05819427399)
(-0.000140263854 2.547334891e-11 -0.0581945573)
(-0.0001364302777 2.547336951e-11 -0.05819465296)
(-0.0001402638541 2.547334891e-11 -0.0581945573)
(-0.0001516169462 2.547328798e-11 -0.05819427399)
(-0.0001700536256 2.54731891e-11 -0.05819381392)
(-0.0001948651345 2.547305552e-11 -0.05819319477)
(-0.0002250983159 2.547289333e-11 -0.05819244032)
(-0.0002595910267 2.547270814e-11 -0.05819157958)
(-0.0002970174758 2.547250692e-11 -0.05819064564)
(-0.0003359398477 2.547229788e-11 -0.05818967436)
(-0.0003748622195 2.547208885e-11 -0.05818870308)
(-0.0004122886686 2.547188762e-11 -0.05818776913)
(-0.0004467813794 2.547170244e-11 -0.05818690839)
(-0.0004770145608 2.547154024e-11 -0.05818615395)
(-0.0005018260697 2.547140667e-11 -0.0581855348)
(-0.000520262749 2.547130779e-11 -0.05818507472)
(-0.000531615841 2.547124686e-11 -0.05818479142)
(-0.0005357984727 2.718383153e-11 -0.06038534437)
(-0.0005320000364 2.718385077e-11 -0.06038543829)
(-0.0005207510112 2.718390769e-11 -0.06038571642)
(-0.0005024833298 2.718400028e-11 -0.06038616809)
(-0.000477899253 2.718412474e-11 -0.06038677594)
(-0.0004479432009 2.718427653e-11 -0.06038751661)
(-0.000413766664 2.718444957e-11 -0.06038836163)
(-0.0003766832806 2.718463735e-11 -0.06038927853)
(-0.0003381176866 2.718483251e-11 -0.06039023207)
(-0.0002995520927 2.718502767e-11 -0.06039118561)
(-0.0002624687093 2.718521545e-11 -0.0603921025)
(-0.0002282921724 2.718538849e-11 -0.06039294753)
(-0.0001983361203 2.718554028e-11 -0.0603936882)
(-0.0001737520436 2.718566474e-11 -0.06039429604)
(-0.0001554843622 2.71857569e-11 -0.06039474771)
(-0.0001442353371 2.718581382e-11 -0.06039502585)
(-0.0001404369009 2.718583302e-11 -0.06039511977)
(-0.0001442353372 2.718581382e-11 -0.06039502585)
(-0.0001554843623 2.71857569e-11 -0.06039474771)
(-0.0001737520438 2.718566474e-11 -0.06039429604)
(-0.0001983361206 2.718554028e-11 -0.0603936882)
(-0.0002282921727 2.718538849e-11 -0.06039294753)
(-0.0002624687096 2.718521545e-11 -0.0603921025)
(-0.000299552093 2.718502767e-11 -0.06039118561)
(-0.0003381176869 2.718483251e-11 -0.06039023207)
(-0.0003766832809 2.718463735e-11 -0.06038927853)
(-0.0004137666643 2.718444957e-11 -0.06038836163)
(-0.0004479432012 2.718427653e-11 -0.06038751661)
(-0.0004778992532 2.718412474e-11 -0.06038677594)
(-0.0005024833299 2.718400028e-11 -0.06038616809)
(-0.0005207510113 2.718390769e-11 -0.06038571642)
(-0.0005320000364 2.718385077e-11 -0.06038543829)
(-0.0005351584309 2.895897496e-11 -0.06256627736)
(-0.0005313949359 2.895899286e-11 -0.06256636955)
(-0.0005202493889 2.895904566e-11 -0.06256664259)
(-0.0005021497491 2.89591311e-11 -0.06256708599)
(-0.0004777918177 2.895924646e-11 -0.06256768269)
(-0.0004481113269 2.895938741e-11 -0.06256840979)
(-0.000414249175 2.895954743e-11 -0.06256923933)
(-0.0003775069162 2.895972091e-11 -0.06257013942)
(-0.0003392960816 2.895990218e-11 -0.06257107549)
(-0.0003010852469 2.896008346e-11 -0.06257201156)
(-0.0002643429881 2.89602578e-11 -0.06257291165)
(-0.0002304808362 2.896041783e-11 -0.06257374119)
(-0.0002008003455 2.896055878e-11 -0.06257446829)
(-0.0001764424141 2.896067414e-11 -0.062575065)
(-0.0001583427745 2.896076001e-11 -0.06257550839)
(-0.0001471972275 2.896081259e-11 -0.06257578143)
(-0.0001434337325 2.896083041e-11 -0.06257587363)
(-0.0001471972276 2.896081259e-11 -0.06257578143)
(-0.0001583427746 2.896076001e-11 -0.06257550839)
(-0.0001764424143 2.896067414e-11 -0.062575065)
(-0.0002008003457 2.896055878e-11 -0.06257446829)
(-0.0002304808365 2.896041783e-11 -0.06257374119)
(-0.0002643429884 2.89602578e-11 -0.06257291165)
(-0.0003010852472 2.896008346e-11 -0.06257201156)
(-0.0003392960819 2.895990218e-11 -0.06257107549)
(-0.0003775069166 2.895972091e-11 -0.06257013942)
(-0.0004142491753 2.895954743e-11 -0.06256923933)
(-0.0004481113272 2.895938741e-11 -0.06256840979)
(-0.0004777918179 2.895924646e-11 -0.06256768269)
(-0.0005021497493 2.89591311e-11 -0.06256708599)
(-0.000520249389 2.895904566e-11 -0.06256664259)
(-0.0005313949359 2.895899286e-11 -0.06256636955)
(-0.0005335477859 3.079460326e-11 -0.06472664245)
(-0.0005298189699 3.079461968e-11 -0.06472673296)
(-0.0005187761247 3.079466825e-11 -0.06472700098)
(-0.0005008432659 3.079474696e-11 -0.06472743624)
(-0.0004767097831 3.079485321e-11 -0.064728022)
(-0.0004473027862 3.079498245e-11 -0.06472873575)
(-0.0004137526605 3.07951299e-11 -0.06472955006)
(-0.0003773489669 3.079528906e-11 -0.06473043363)
(-0.0003394902298 3.07954556e-11 -0.06473135252)
(-0.0003016314927 3.079562213e-11 -0.06473227141)
(-0.0002652277992 3.079578216e-11 -0.06473315498)
(-0.0002316776735 3.079592961e-11 -0.06473396929)
(-0.0002022706766 3.079605885e-11 -0.06473468304)
(-0.0001781371938 3.07961651e-11 -0.0647352688)
(-0.0001602043351 3.079624381e-11 -0.06473570405)
(-0.0001491614899 3.079629238e-11 -0.06473597208)
(-0.000145432674 3.079630879e-11 -0.06473606258)
(-0.00014916149 3.079629238e-11 -0.06473597208)
(-0.0001602043353 3.079624381e-11 -0.06473570405)
(-0.000178137194 3.07961651e-11 -0.0647352688)
(-0.0002022706769 3.079605885e-11 -0.06473468304)
(-0.0002316776738 3.079592961e-11 -0.06473396929)
(-0.0002652277995 3.079578216e-11 -0.06473315498)
(-0.000301631493 3.079562213e-11 -0.06473227141)
(-0.0003394902301 3.07954556e-11 -0.06473135252)
(-0.0003773489672 3.079528906e-11 -0.06473043363)
(-0.0004137526608 3.07951299e-11 -0.06472955006)
(-0.0004473027865 3.079498245e-11 -0.06472873575)
(-0.0004767097833 3.079485321e-11 -0.064728022)
(-0.0005008432661 3.079474696e-11 -0.06472743624)
(-0.0005187761248 3.079466825e-11 -0.06472700098)
(-0.00052981897 3.079461968e-11 -0.06472673296)
(-0.0005309852369 3.268982924e-11 -0.06686757628)
(-0.0005272908049 3.268984421e-11 -0.06686766512)
(-0.0005163497874 3.268988812e-11 -0.06686792822)
(-0.0004985822901 3.268996011e-11 -0.06686835548)
(-0.0004746713457 3.269005682e-11 -0.06686893048)
(-0.000445535515 3.269017435e-11 -0.06686963112)
(-0.0004122947599 3.269030836e-11 -0.06687043048)
(-0.0003762267502 3.269045364e-11 -0.06687129782)
(-0.0003387171141 3.269060543e-11 -0.06687219983)
(-0.000301207478 3.269075722e-11 -0.06687310184)
(-0.0002651394682 3.26909025e-11 -0.06687396918)
(-0.0002318987132 3.269103651e-11 -0.06687476854)
(-0.0002027628826 3.269115404e-11 -0.06687546918)
(-0.0001788519382 3.269125075e-11 -0.06687604417)
(-0.000161084441 3.269132231e-11 -0.06687647144)
(-0.0001501434235 3.269136643e-11 -0.06687673454)
(-0.0001464489916 3.269138135e-11 -0.06687682338)
(-0.0001501434236 3.269136643e-11 -0.06687673454)
(-0.0001610844411 3.269132231e-11 -0.06687647144)
(-0.0001788519384 3.269125075e-11 -0.06687604417)
(-0.0002027628828 3.269115404e-11 -0.06687546918)
(-0.0002318987135 3.269103651e-11 -0.06687476854)
(-0.0002651394686 3.26909025e-11 -0.06687396918)
(-0.0003012074783 3.269075722e-11 -0.06687310184)
(-0.0003387171144 3.269060543e-11 -0.06687219983)
(-0.0003762267505 3.269045364e-11 -0.06687129782)
(-0.0004122947603 3.269030836e-11 -0.06687043048)
(-0.0004455355153 3.269017435e-11 -0.06686963112)
(-0.0004746713459 3.269005682e-11 -0.06686893048)
(-0.0004985822903 3.268996011e-11 -0.06686835548)
(-0.0005163497875 3.268988812e-11 -0.06686792822)
(-0.000527290805 3.268984421e-11 -0.06686766512)
(-0.0005274929076 3.464160437e-11 -0.06898830226)
(-0.0005238324938 3.464161781e-11 -0.06898838947)
(-0.0005129922208 3.46416576e-11 -0.06898864775)
(-0.0004953883261 3.464172178e-11 -0.06898906717)
(-0.0004716975529 3.464180852e-11 -0.06898963162)
(-0.000442830004 3.464191434e-11 -0.06899031941)
(-0.0004098953287 3.46420349e-11 -0.06899110411)
(-0.000374159432 3.464216587e-11 -0.06899195554)
(-0.0003369951834 3.464230205e-11 -0.06899284101)
(-0.0002998309348 3.464243822e-11 -0.06899372647)
(-0.0002640950381 3.46425692e-11 -0.06899457791)
(-0.0002311603629 3.464268976e-11 -0.0689953626)
(-0.0002022928141 3.464279558e-11 -0.06899605039)
(-0.0001786020409 3.464288231e-11 -0.06899661484)
(-0.0001609981462 3.464294693e-11 -0.06899703427)
(-0.0001501578733 3.464298672e-11 -0.06899729254)
(-0.0001464974596 3.464300015e-11 -0.06899737975)
(-0.0001501578734 3.464298672e-11 -0.06899729254)
(-0.0001609981464 3.464294693e-11 -0.06899703427)
(-0.0001786020411 3.464288231e-11 -0.06899661484)
(-0.0002022928143 3.464279558e-11 -0.06899605039)
(-0.0002311603632 3.464268976e-11 -0.0689953626)
(-0.0002640950385 3.46425692e-11 -0.06899457791)
(-0.0002998309352 3.464243822e-11 -0.06899372647)
(-0.0003369951838 3.464230205e-11 -0.06899284101)
(-0.0003741594324 3.464216587e-11 -0.06899195554)
(-0.000409895329 3.46420349e-11 -0.06899110411)
(-0.0004428300043 3.464191434e-11 -0.06899031941)
(-0.0004716975531 3.464180852e-11 -0.06898963162)
(-0.0004953883263 3.464172178e-11 -0.06898906717)
(-0.0005129922209 3.46416576e-11 -0.06898864775)
(-0.0005238324939 3.464161781e-11 -0.06898838947)
(-0.0005230922097 3.664812999e-11 -0.0710900041)
(-0.000519465397 3.664814199e-11 -0.07109008972)
(-0.0005087246332 3.664817711e-11 -0.07109034328)
(-0.0004912823351 3.664823436e-11 -0.07109075503)
(-0.0004678090334 3.664831112e-11 -0.07109130916)
(-0.0004392064769 3.664840523e-11 -0.07109198438)
(-0.0004065741284 3.664851192e-11 -0.07109275472)
(-0.0003711662727 3.664862771e-11 -0.07109359059)
(-0.0003343431767 3.664874827e-11 -0.07109445986)
(-0.0002975200807 3.664886884e-11 -0.07109532914)
(-0.0002621122249 3.66489855e-11 -0.071096165)
(-0.0002294798765 3.664909218e-11 -0.07109693535)
(-0.00020087732 3.664918629e-11 -0.07109761056)
(-0.0001774040184 3.664926305e-11 -0.07109816469)
(-0.0001599617203 3.664931986e-11 -0.07109857644)
(-0.0001492209566 3.664935521e-11 -0.07109883)
(-0.000145594144 3.664936706e-11 -0.07109891562)
(-0.0001492209567 3.664935521e-11 -0.07109883)
(-0.0001599617205 3.664931986e-11 -0.07109857644)
(-0.0001774040186 3.664926305e-11 -0.07109816469)
(-0.0002008773202 3.664918629e-11 -0.07109761056)
(-0.0002294798768 3.664909218e-11 -0.07109693535)
(-0.0002621122253 3.66489855e-11 -0.071096165)
(-0.000297520081 3.664886884e-11 -0.07109532914)
(-0.000334343177 3.664874827e-11 -0.07109445986)
(-0.000371166273 3.664862771e-11 -0.07109359059)
(-0.0004065741288 3.664851192e-11 -0.07109275472)
(-0.0004392064772 3.664840523e-11 -0.07109198438)
(-0.0004678090337 3.664831112e-11 -0.07109130916)
(-0.0004912823353 3.664823436e-11 -0.07109075503)
(-0.0005087246334 3.664817711e-11 -0.07109034328)
(-0.000519465397 3.664814199e-11 -0.07109008972)
(-0.0005178106786 3.870532519e-11 -0.07317200115)
(-0.0005142169518 3.870533549e-11 -0.07317208521)
(-0.0005035741716 3.870536617e-11 -0.07317233416)
(-0.0004862909924 3.870541604e-11 -0.07317273843)
(-0.0004630318281 3.870548283e-11 -0.07317328249)
(-0.0004346902009 3.870556436e-11 -0.07317394544)
(-0.0004023555441 3.87056576e-11 -0.07317470178)
(-0.0003672706997 3.870575822e-11 -0.07317552246)
(-0.0003307835257 3.870586317e-11 -0.07317637594)
(-0.0002942963517 3.870596812e-11 -0.07317722941)
(-0.0002592115073 3.87060696e-11 -0.07317805009)
(-0.0002268768505 3.870616284e-11 -0.07317880644)
(-0.0001985352233 3.870624437e-11 -0.07317946938)
(-0.0001752760591 3.870631116e-11 -0.07318001344)
(-0.0001579928799 3.870636103e-11 -0.07318041771)
(-0.0001473500998 3.870639172e-11 -0.07318066666)
(-0.0001437563731 3.870640202e-11 -0.07318075072)
(-0.0001473500999 3.870639172e-11 -0.07318066666)
(-0.0001579928801 3.870636103e-11 -0.07318041771)
(-0.0001752760593 3.870631116e-11 -0.07318001344)
(-0.0001985352236 3.870624437e-11 -0.07317946938)
(-0.0002268768508 3.870616284e-11 -0.07317880644)
(-0.0002592115077 3.87060696e-11 -0.07317805009)
(-0.0002942963521 3.870596812e-11 -0.07317722941)
(-0.000330783526 3.870586317e-11 -0.07317637594)
(-0.0003672707 3.870575822e-11 -0.07317552246)
(-0.0004023555444 3.87056576e-11 -0.07317470178)
(-0.0004346902013 3.870556436e-11 -0.07317394544)
(-0.0004630318284 3.870548283e-11 -0.07317328249)
(-0.0004862909926 3.870541604e-11 -0.07317273843)
(-0.0005035741718 3.870536617e-11 -0.07317233416)
(-0.0005142169519 3.870533549e-11 -0.07317208521)
(-0.0005116746423 4.081044113e-11 -0.07523555614)
(-0.0005081133988 4.081044985e-11 -0.07523563869)
(-0.0004975668173 4.081047609e-11 -0.07523588316)
(-0.0004804398584 4.081051816e-11 -0.07523628015)
(-0.0004573909305 4.081057497e-11 -0.07523681442)
(-0.0004293054795 4.081064436e-11 -0.07523746542)
(-0.0003972630912 4.081072372e-11 -0.07523820815)
(-0.0003624953739 4.081080959e-11 -0.07523901405)
(-0.0003263380026 4.081089893e-11 -0.07523985216)
(-0.0002901806313 4.081098827e-11 -0.07524069027)
(-0.000255412914 4.081107414e-11 -0.07524149617)
(-0.0002233705258 4.08111535e-11 -0.0752422389)
(-0.0001952850748 4.081122289e-11 -0.07524288991)
(-0.000172236147 4.08112797e-11 -0.07524342417)
(-0.0001551091882 4.08113222e-11 -0.07524382116)
(-0.0001445626067 4.081134822e-11 -0.07524406563)
(-0.0001410013632 4.081135703e-11 -0.07524414818)
(-0.0001445626068 4.081134822e-11 -0.07524406563)
(-0.0001551091883 4.08113222e-11 -0.07524382116)
(-0.0001722361472 4.08112797e-11 -0.07524342417)
(-0.0001952850751 4.081122289e-11 -0.07524288991)
(-0.0002233705261 4.08111535e-11 -0.0752422389)
(-0.0002554129144 4.081107414e-11 -0.07524149617)
(-0.0002901806316 4.081098827e-11 -0.07524069027)
(-0.000326338003 4.081089893e-11 -0.07523985216)
(-0.0003624953743 4.081080959e-11 -0.07523901405)
(-0.0003972630915 4.081072372e-11 -0.07523820815)
(-0.0004293054798 4.081064436e-11 -0.07523746542)
(-0.0004573909308 4.081057497e-11 -0.07523681442)
(-0.0004804398586 4.081051816e-11 -0.07523628015)
(-0.0004975668174 4.081047609e-11 -0.07523588316)
(-0.0005081133988 4.081044985e-11 -0.07523563869)
(-0.0005047192825 4.295834784e-11 -0.07728012426)
(-0.0005011897809 4.295835508e-11 -0.07728020534)
(-0.000490737203 4.295837666e-11 -0.07728044547)
(-0.0004737628997 4.295841157e-11 -0.07728083541)
(-0.000450919411 4.295845841e-11 -0.07728136019)
(-0.0004230842905 4.295851565e-11 -0.07728199964)
(-0.0003913275016 4.295858114e-11 -0.07728272918)
(-0.0003568696752 4.295865139e-11 -0.07728352077)
(-0.0003210345809 4.295872512e-11 -0.077284344)
(-0.0002851994865 4.295879884e-11 -0.07728516723)
(-0.0002507416601 4.295886997e-11 -0.07728595881)
(-0.0002189848713 4.295893545e-11 -0.07728668835)
(-0.0001911497509 4.29589927e-11 -0.0772873278)
(-0.0001683062622 4.295903954e-11 -0.07728785258)
(-0.000151331959 4.295907445e-11 -0.07728824252)
(-0.0001408793811 4.295909602e-11 -0.07728848265)
(-0.0001373498796 4.295910326e-11 -0.07728856373)
(-0.0001408793812 4.295909602e-11 -0.07728848265)
(-0.0001513319591 4.295907445e-11 -0.07728824252)
(-0.0001683062624 4.295903954e-11 -0.07728785258)
(-0.0001911497512 4.29589927e-11 -0.0772873278)
(-0.0002189848716 4.295893545e-11 -0.07728668835)
(-0.0002507416605 4.295886997e-11 -0.07728595881)
(-0.0002851994869 4.295879884e-11 -0.07728516723)
(-0.0003210345813 4.295872512e-11 -0.077284344)
(-0.0003568696756 4.295865139e-11 -0.07728352077)
(-0.000391327502 4.295858114e-11 -0.07728272918)
(-0.0004230842908 4.295851565e-11 -0.07728199964)
(-0.0004509194112 4.295845841e-11 -0.07728136019)
(-0.0004737628999 4.295841157e-11 -0.07728083541)
(-0.0004907372031 4.295837666e-11 -0.07728044547)
(-0.000501189781 4.295835508e-11 -0.07728020534)
(-0.0004969780413 4.514533609e-11 -0.07930709409)
(-0.0004934794098 4.514534189e-11 -0.07930717376)
(-0.0004831182532 4.514535881e-11 -0.0793074097)
(-0.0004662924122 4.514538613e-11 -0.07930779285)
(-0.0004436487194 4.514542342e-11 -0.07930830848)
(-0.0004160570532 4.514546853e-11 -0.07930893678)
(-0.0003845780186 4.514552013e-11 -0.07930965361)
(-0.0003504215706 4.514557651e-11 -0.07931043141)
(-0.0003148999006 4.514563463e-11 -0.07931124029)
(-0.0002793782307 4.514569274e-11 -0.07931204918)
(-0.0002452217827 4.514574825e-11 -0.07931282697)
(-0.0002137427482 4.514579986e-11 -0.0793135438)
(-0.000186151082 4.514584496e-11 -0.0793141721)
(-0.0001635073893 4.514588226e-11 -0.07931468774)
(-0.0001466815484 4.514591001e-11 -0.07931507089)
(-0.0001363203918 4.514592693e-11 -0.07931530683)
(-0.0001328217604 4.514593266e-11 -0.0793153865)
(-0.0001363203919 4.514592693e-11 -0.07931530683)
(-0.0001466815485 4.514591001e-11 -0.07931507089)
(-0.0001635073895 4.514588226e-11 -0.07931468774)
(-0.0001861510823 4.514584496e-11 -0.0793141721)
(-0.0002137427485 4.514579986e-11 -0.0793135438)
(-0.000245221783 4.514574825e-11 -0.07931282697)
(-0.0002793782311 4.514569274e-11 -0.07931204918)
(-0.000314899901 4.514563463e-11 -0.07931124029)
(-0.000350421571 4.514557651e-11 -0.07931043141)
(-0.000384578019 4.514552013e-11 -0.07930965361)
(-0.0004160570535 4.514546853e-11 -0.07930893678)
(-0.0004436487197 4.514542342e-11 -0.07930830848)
(-0.0004662924124 4.514538613e-11 -0.07930779285)
(-0.0004831182533 4.514535881e-11 -0.0793074097)
(-0.0004934794098 4.514534189e-11 -0.07930717376)
(-0.0004884954305 4.736525364e-11 -0.0813161038)
(-0.0004850266194 4.736525787e-11 -0.08131618212)
(-0.0004747537755 4.736527034e-11 -0.08131641405)
(-0.0004580713487 4.736529051e-11 -0.0813167907)
(-0.0004356206583 4.736531826e-11 -0.08131729757)
(-0.0004082641681 4.736535166e-11 -0.08131791521)
(-0.0003770534435 4.736538982e-11 -0.08131861986)
(-0.0003431881262 4.736543015e-11 -0.08131938445)
(-0.0003079692233 4.736547352e-11 -0.0813201796)
(-0.0002727503205 4.736551689e-11 -0.08132097474)
(-0.0002388850031 4.736555809e-11 -0.08132173933)
(-0.0002076742786 4.736559625e-11 -0.08132244398)
(-0.0001803177885 4.736562965e-11 -0.08132306162)
(-0.0001578670981 4.73656574e-11 -0.08132356849)
(-0.0001411846714 4.736567757e-11 -0.08132394514)
(-0.0001309118276 4.736569025e-11 -0.08132417707)
(-0.0001274430166 4.736569442e-11 -0.08132425539)
(-0.0001309118277 4.736569025e-11 -0.08132417707)
(-0.0001411846715 4.736567757e-11 -0.08132394514)
(-0.0001578670983 4.73656574e-11 -0.08132356849)
(-0.0001803177888 4.736562965e-11 -0.08132306162)
(-0.0002076742789 4.736559625e-11 -0.08132244398)
(-0.0002388850035 4.736555809e-11 -0.08132173933)
(-0.0002727503209 4.736551689e-11 -0.08132097474)
(-0.0003079692237 4.736547352e-11 -0.08132017959)
(-0.0003431881266 4.736543015e-11 -0.08131938445)
(-0.0003770534439 4.736538982e-11 -0.08131861986)
(-0.0004082641685 4.736535166e-11 -0.08131791521)
(-0.0004356206585 4.736531826e-11 -0.08131729757)
(-0.0004580713489 4.736529051e-11 -0.0813167907)
(-0.0004747537757 4.736527034e-11 -0.08131641405)
(-0.0004850266194 4.736525787e-11 -0.08131618212)
(-0.000479313165 4.961347318e-11 -0.08330871357)
(-0.00047587296 4.961347598e-11 -0.0833087906)
(-0.000465684833 4.961348411e-11 -0.08330901872)
(-0.0004491399807 4.961349821e-11 -0.08330938918)
(-0.0004268744339 4.961351599e-11 -0.08330988772)
(-0.0003997435439 4.96135381e-11 -0.08331049521)
(-0.000368790204 4.961356282e-11 -0.08331118828)
(-0.0003352041629 4.961358928e-11 -0.0833119403)
(-0.000300275699 4.96136179e-11 -0.08331272238)
(-0.000265347235 4.961364652e-11 -0.08331350446)
(-0.000231761194 4.961367385e-11 -0.08331425648)
(-0.0002008078541 4.961369857e-11 -0.08331494956)
(-0.0001736769642 4.961372068e-11 -0.08331555704)
(-0.0001514114174 4.961373846e-11 -0.08331605559)
(-0.0001348665652 4.961375169e-11 -0.08331642604)
(-0.0001246784382 4.961375982e-11 -0.08331665416)
(-0.0001212382334 4.961376265e-11 -0.08331673119)
(-0.0001246784383 4.961375982e-11 -0.08331665416)
(-0.0001348665653 4.961375169e-11 -0.08331642604)
(-0.0001514114176 4.961373846e-11 -0.08331605559)
(-0.0001736769645 4.961372068e-11 -0.08331555704)
(-0.0002008078545 4.961369857e-11 -0.08331494956)
(-0.0002317611943 4.961367385e-11 -0.08331425648)
(-0.0002653472354 4.961364652e-11 -0.08331350446)
(-0.0003002756994 4.96136179e-11 -0.08331272238)
(-0.0003352041633 4.961358928e-11 -0.0833119403)
(-0.0003687902044 4.961356282e-11 -0.08331118828)
(-0.0003997435442 4.96135381e-11 -0.08331049521)
(-0.0004268744342 4.961351599e-11 -0.08330988772)
(-0.000449139981 4.961349821e-11 -0.08330938918)
(-0.0004656848332 4.961348411e-11 -0.08330901872)
(-0.0004758729601 4.961347598e-11 -0.0833087906)
(-0.000469485249 5.188292879e-11 -0.08528478048)
(-0.0004660722374 5.188293014e-11 -0.0852848563)
(-0.0004559646433 5.188293436e-11 -0.08528508082)
(-0.0004395505712 5.188294109e-11 -0.08528544544)
(-0.0004174610241 5.188294976e-11 -0.08528593613)
(-0.0003905445925 5.188296104e-11 -0.08528653405)
(-0.0003598359258 5.188297318e-11 -0.0852872162)
(-0.0003265153683 5.188298749e-11 -0.08528795638)
(-0.0002918629993 5.188300137e-11 -0.08528872614)
(-0.0002572106302 5.188301525e-11 -0.08528949589)
(-0.0002238900728 5.188302869e-11 -0.08529023607)
(-0.0001931814061 5.188304083e-11 -0.08529091822)
(-0.0001662649745 5.188305211e-11 -0.08529151614)
(-0.0001441754275 5.188306078e-11 -0.08529200683)
(-0.0001277613555 5.18830675e-11 -0.08529237145)
(-0.0001176537614 5.188307173e-11 -0.08529259597)
(-0.0001142407499 5.188307305e-11 -0.08529267179)
(-0.0001176537615 5.188307173e-11 -0.08529259597)
(-0.0001277613556 5.18830675e-11 -0.08529237145)
(-0.0001441754277 5.188306078e-11 -0.08529200683)
(-0.0001662649748 5.188305211e-11 -0.08529151614)
(-0.0001931814065 5.188304083e-11 -0.08529091822)
(-0.0002238900731 5.188302869e-11 -0.08529023607)
(-0.0002572106306 5.188301525e-11 -0.08528949589)
(-0.0002918629997 5.188300137e-11 -0.08528872614)
(-0.0003265153687 5.188298749e-11 -0.08528795638)
(-0.0003598359262 5.188297318e-11 -0.0852872162)
(-0.0003905445928 5.188296104e-11 -0.08528653405)
(-0.0004174610244 5.188294976e-11 -0.08528593613)
(-0.0004395505714 5.188294109e-11 -0.08528544544)
(-0.0004559646435 5.188293436e-11 -0.08528508082)
(-0.0004660722375 5.188293014e-11 -0.0852848563)
(-0.0004590610019 5.416823234e-11 -0.08724606166)
(-0.000455673598 5.41682324e-11 -0.08724613635)
(-0.0004456418409 5.416823262e-11 -0.08724635751)
(-0.0004293509231 5.416823283e-11 -0.08724671668)
(-0.0004074271133 5.416823327e-11 -0.08724720003)
(-0.0003807126349 5.41682337e-11 -0.087247789)
(-0.0003502343745 5.416823413e-11 -0.08724846095)
(-0.0003171638202 5.4168235e-11 -0.08724919006)
(-0.0002827714469 5.416823587e-11 -0.0872499483)
(-0.0002483790736 5.416823674e-11 -0.08725070655)
(-0.0002153085194 5.416823674e-11 -0.08725143565)
(-0.000184830259 5.416823717e-11 -0.0872521076)
(-0.0001581157806 5.41682376e-11 -0.08725269657)
(-0.0001361919709 5.416823804e-11 -0.08725317993)
(-0.0001199010532 5.416823869e-11 -0.08725353909)
(-0.0001098692961 5.41682389e-11 -0.08725376026)
(-0.0001064818924 5.416823895e-11 -0.08725383494)
(-0.0001098692962 5.41682389e-11 -0.08725376026)
(-0.0001199010533 5.416823869e-11 -0.08725353909)
(-0.0001361919711 5.416823804e-11 -0.08725317993)
(-0.0001581157809 5.41682376e-11 -0.08725269657)
(-0.0001848302593 5.416823717e-11 -0.0872521076)
(-0.0002153085198 5.416823674e-11 -0.08725143565)
(-0.000248379074 5.416823674e-11 -0.08725070655)
(-0.0002827714473 5.416823587e-11 -0.0872499483)
(-0.0003171638206 5.4168235e-11 -0.08724919006)
(-0.0003502343748 5.416823413e-11 -0.08724846095)
(-0.0003807126352 5.41682337e-11 -0.087247789)
(-0.0004074271136 5.416823327e-11 -0.08724720003)
(-0.0004293509233 5.416823283e-11 -0.08724671668)
(-0.000445641841 5.416823262e-11 -0.08724635751)
(-0.0004556735981 5.41682324e-11 -0.08724613635)
(-0.0004481020521 5.646167268e-11 -0.08919263931)
(-0.0004447384832 5.646167149e-11 -0.08919271295)
(-0.000434777313 5.646166802e-11 -0.08919293101)
(-0.0004186010237 5.64616626e-11 -0.08919328514)
(-0.0003968314775 5.64616548e-11 -0.08919376171)
(-0.0003703049713 5.646164569e-11 -0.08919434242)
(-0.0003400411665 5.646163528e-11 -0.08919500494)
(-0.0003072033081 5.646162357e-11 -0.08919572382)
(-0.0002730529315 5.646161143e-11 -0.08919647142)
(-0.0002389025548 5.646159928e-11 -0.08919721903)
(-0.0002060646964 5.646158844e-11 -0.0891979379)
(-0.0001758008916 5.646157803e-11 -0.08919860043)
(-0.0001492743856 5.646156893e-11 -0.08919918114)
(-0.0001275048394 5.646156112e-11 -0.08919965771)
(-0.0001113285502 5.646155527e-11 -0.08920001183)
(-0.00010136738 5.64615518e-11 -0.0892002299)
(-9.800381121e-05 5.646155067e-11 -0.08920030353)
(-0.0001013673801 5.64615518e-11 -0.0892002299)
(-0.0001113285503 5.646155527e-11 -0.08920001183)
(-0.0001275048396 5.646156112e-11 -0.08919965771)
(-0.0001492743859 5.646156893e-11 -0.08919918114)
(-0.000175800892 5.646157803e-11 -0.08919860043)
(-0.0002060646968 5.646158844e-11 -0.0891979379)
(-0.0002389025552 5.646159928e-11 -0.08919721903)
(-0.0002730529319 5.646161143e-11 -0.08919647142)
(-0.0003072033085 5.646162357e-11 -0.08919572382)
(-0.0003400411669 5.646163528e-11 -0.08919500494)
(-0.0003703049717 5.646164569e-11 -0.08919434242)
(-0.0003968314778 5.64616548e-11 -0.08919376171)
(-0.000418601024 5.64616626e-11 -0.08919328514)
(-0.0004347773132 5.646166802e-11 -0.08919293101)
(-0.0004447384833 5.646167149e-11 -0.08919271295)
(-0.0004366626761 5.875746237e-11 -0.0911264573)
(-0.0004333210231 5.875746005e-11 -0.09112652998)
(-0.0004234247567 5.875745311e-11 -0.09112674521)
(-0.000407353867 5.875744205e-11 -0.09112709473)
(-0.0003857261641 5.875742731e-11 -0.09112756511)
(-0.0003593724963 5.875740909e-11 -0.09112813827)
(-0.0003293058808 5.875738828e-11 -0.09112879219)
(-0.0002966819834 5.875736616e-11 -0.09112950172)
(-0.0002627541197 5.875734274e-11 -0.09113023961)
(-0.0002288262561 5.875731932e-11 -0.0911309775)
(-0.0001962023587 5.875729634e-11 -0.09113168704)
(-0.0001661357433 5.875727552e-11 -0.09113234095)
(-0.0001397820755 5.875725731e-11 -0.09113291411)
(-0.0001181543727 5.875724256e-11 -0.09113338449)
(-0.0001020834831 5.875723107e-11 -0.09113373401)
(-9.218721671e-05 5.875722435e-11 -0.09113394925)
(-8.884556384e-05 5.875722201e-11 -0.09113402192)
(-9.218721679e-05 5.875722435e-11 -0.09113394925)
(-0.0001020834832 5.875723107e-11 -0.09113373401)
(-0.0001181543729 5.875724256e-11 -0.09113338449)
(-0.0001397820758 5.875725731e-11 -0.09113291411)
(-0.0001661357436 5.875727552e-11 -0.09113234095)
(-0.0001962023591 5.875729634e-11 -0.09113168704)
(-0.0002288262565 5.875731932e-11 -0.0911309775)
(-0.0002627541202 5.875734274e-11 -0.09113023961)
(-0.0002966819838 5.875736616e-11 -0.09112950172)
(-0.0003293058812 5.875738828e-11 -0.09112879219)
(-0.0003593724966 5.875740909e-11 -0.09112813827)
(-0.0003857261644 5.875742731e-11 -0.09112756511)
(-0.0004073538672 5.875744205e-11 -0.09112709473)
(-0.0004234247568 5.875745311e-11 -0.09112674521)
(-0.0004333210232 5.875746005e-11 -0.09112652998)
(-0.0004248084795 6.104777024e-11 -0.09304778896)
(-0.0004214866836 6.104776689e-11 -0.09304786078)
(-0.0004116492236 6.104775713e-11 -0.09304807346)
(-0.0003956738317 6.104774108e-11 -0.09304841884)
(-0.0003741746468 6.10477194e-11 -0.09304888364)
(-0.0003479775799 6.104769294e-11 -0.09304945001)
(-0.0003180896287 6.104766302e-11 -0.09305009617)
(-0.0002856595918 6.104763049e-11 -0.09305079729)
(-0.0002519333371 6.104759667e-11 -0.09305152644)
(-0.0002182070824 6.104756284e-11 -0.09305225558)
(-0.0001857770456 6.104753031e-11 -0.0930529567)
(-0.0001558890944 6.104750039e-11 -0.09305360286)
(-0.0001296920276 6.104747393e-11 -0.09305416923)
(-0.0001081928428 6.104745225e-11 -0.09305463403)
(-9.221745094e-05 6.10474362e-11 -0.09305497941)
(-8.237999101e-05 6.104742623e-11 -0.09305519209)
(-7.905819519e-05 6.104742288e-11 -0.09305526391)
(-8.237999109e-05 6.104742623e-11 -0.09305519209)
(-9.221745109e-05 6.10474362e-11 -0.09305497941)
(-0.000108192843 6.104745225e-11 -0.09305463403)
(-0.0001296920279 6.104747393e-11 -0.09305416923)
(-0.0001558890948 6.104750039e-11 -0.09305360286)
(-0.0001857770459 6.104753031e-11 -0.0930529567)
(-0.0002182070828 6.104756284e-11 -0.09305225558)
(-0.0002519333375 6.104759667e-11 -0.09305152644)
(-0.0002856595922 6.104763049e-11 -0.09305079729)
(-0.0003180896291 6.104766302e-11 -0.09305009617)
(-0.0003479775802 6.104769294e-11 -0.09304945001)
(-0.0003741746471 6.10477194e-11 -0.09304888364)
(-0.0003956738319 6.104774108e-11 -0.09304841884)
(-0.0004116492237 6.104775713e-11 -0.09304807346)
(-0.0004214866837 6.104776689e-11 -0.09304786078)
(-0.0004125947022 6.332707199e-11 -0.09495871499)
(-0.0004092906171 6.332706777e-11 -0.09495878604)
(-0.0003995056073 6.332705519e-11 -0.09495899646)
(-0.000383615391 6.332703459e-11 -0.09495933817)
(-0.0003622308328 6.332700727e-11 -0.09495979802)
(-0.0003361734403 6.332697344e-11 -0.09496035836)
(-0.0003064448421 6.332693528e-11 -0.09496099765)
(-0.0002741877118 6.332689408e-11 -0.09496169131)
(-0.0002406412746 6.332685071e-11 -0.0949624127)
(-0.0002070948375 6.332680734e-11 -0.09496313408)
(-0.0001748377072 6.332676614e-11 -0.09496382774)
(-0.000145109109 6.332672798e-11 -0.09496446703)
(-0.0001190517165 6.332669415e-11 -0.09496502737)
(-9.766715843e-05 6.332666683e-11 -0.09496548723)
(-8.177694224e-05 6.332664666e-11 -0.09496582893)
(-7.199193249e-05 6.332663387e-11 -0.09496603935)
(-6.868784742e-05 6.332662967e-11 -0.0949661104)
(-7.199193257e-05 6.332663387e-11 -0.09496603935)
(-8.17769424e-05 6.332664666e-11 -0.09496582893)
(-9.766715866e-05 6.332666683e-11 -0.09496548723)
(-0.0001190517168 6.332669415e-11 -0.09496502737)
(-0.0001451091093 6.332672798e-11 -0.09496446703)
(-0.0001748377075 6.332676614e-11 -0.09496382774)
(-0.0002070948379 6.332680734e-11 -0.09496313408)
(-0.000240641275 6.332685071e-11 -0.0949624127)
(-0.0002741877122 6.332689408e-11 -0.09496169131)
(-0.0003064448425 6.332693528e-11 -0.09496099765)
(-0.0003361734407 6.332697344e-11 -0.09496035836)
(-0.0003622308331 6.332700727e-11 -0.09495979802)
(-0.0003836153912 6.332703459e-11 -0.09495933817)
(-0.0003995056074 6.332705519e-11 -0.09495899646)
(-0.0004092906172 6.332706777e-11 -0.09495878604)
(-0.0004000864697 6.55882761e-11 -0.09685962905)
(-0.0003967978828 6.558827114e-11 -0.09685969944)
(-0.0003870587708 6.558825618e-11 -0.09685990789)
(-0.0003712430896 6.558823189e-11 -0.09686024639)
(-0.0003499588384 6.558819937e-11 -0.09686070194)
(-0.0003240236713 6.558815947e-11 -0.09686125704)
(-0.0002944345189 6.558811437e-11 -0.09686189034)
(-0.0002623286946 6.558806449e-11 -0.0968625775)
(-0.0002289396113 6.558801332e-11 -0.09686329214)
(-0.0001955505279 6.558796214e-11 -0.09686400677)
(-0.0001634447037 6.558791314e-11 -0.09686469393)
(-0.0001338555513 6.558786804e-11 -0.09686532724)
(-0.0001079203843 6.558782814e-11 -0.09686588233)
(-8.663613315e-05 6.558779561e-11 -0.09686633788)
(-7.082045201e-05 6.558777133e-11 -0.09686667639)
(-6.108134008e-05 6.558775636e-11 -0.09686688483)
(-5.779275324e-05 6.558775131e-11 -0.09686695522)
(-6.108134016e-05 6.558775636e-11 -0.09686688483)
(-7.082045217e-05 6.558777133e-11 -0.09686667639)
(-8.663613337e-05 6.558779561e-11 -0.09686633788)
(-0.0001079203846 6.558782814e-11 -0.09686588233)
(-0.0001338555516 6.558786804e-11 -0.09686532724)
(-0.0001634447041 6.558791314e-11 -0.09686469393)
(-0.0001955505283 6.558796214e-11 -0.09686400677)
(-0.0002289396117 6.558801332e-11 -0.09686329214)
(-0.000262328695 6.558806449e-11 -0.0968625775)
(-0.0002944345192 6.558811437e-11 -0.09686189034)
(-0.0003240236717 6.558815947e-11 -0.09686125704)
(-0.0003499588387 6.558819937e-11 -0.09686070194)
(-0.0003712430898 6.558823189e-11 -0.09686024639)
(-0.000387058771 6.558825618e-11 -0.09685990789)
(-0.0003967978829 6.558827114e-11 -0.09685969944)
(-0.0003873358169 6.782712763e-11 -0.09875266945)
(-0.0003840605043 6.782712185e-11 -0.09875273927)
(-0.0003743607043 6.782710504e-11 -0.09875294604)
(-0.0003586088631 6.782707729e-11 -0.09875328181)
(-0.0003374105259 6.782704043e-11 -0.09875373369)
(-0.0003115800462 6.782699532e-11 -0.09875428431)
(-0.0002821103304 6.782694371e-11 -0.09875491251)
(-0.0002501341014 6.78268882e-11 -0.09875559413)
(-0.0002168797932 6.782683009e-11 -0.09875630301)
(-0.000183625485 6.782677198e-11 -0.09875701188)
(-0.000151649256 6.782671647e-11 -0.0987576935)
(-0.0001221795403 6.782666486e-11 -0.0987583217)
(-9.634906062e-05 6.782661975e-11 -0.09875887232)
(-7.515072344e-05 6.782658289e-11 -0.0987593242)
(-5.939888234e-05 6.782655557e-11 -0.09875965998)
(-4.969908236e-05 6.782653855e-11 -0.09875986674)
(-4.642376991e-05 6.78265329e-11 -0.09875993656)
(-4.969908244e-05 6.782653855e-11 -0.09875986674)
(-5.93988825e-05 6.782655557e-11 -0.09875965998)
(-7.515072366e-05 6.782658289e-11 -0.0987593242)
(-9.634906091e-05 6.782661975e-11 -0.09875887232)
(-0.0001221795406 6.782666486e-11 -0.0987583217)
(-0.0001516492564 6.782671647e-11 -0.0987576935)
(-0.0001836254853 6.782677198e-11 -0.09875701188)
(-0.0002168797936 6.782683009e-11 -0.09875630301)
(-0.0002501341018 6.78268882e-11 -0.09875559413)
(-0.0002821103308 6.782694371e-11 -0.09875491251)
(-0.0003115800465 6.782699532e-11 -0.09875428431)
(-0.0003374105261 6.782704043e-11 -0.09875373369)
(-0.0003586088633 6.782707729e-11 -0.09875328181)
(-0.0003743607044 6.782710504e-11 -0.09875294604)
(-0.0003840605044 6.782712185e-11 -0.09875273927)
(-0.0003744033924 7.00384488e-11 -0.1006382595)
(-0.000371139145 7.00384426e-11 -0.1006383289)
(-0.0003614721142 7.003842385e-11 -0.1006385342)
(-0.0003457734881 7.003839349e-11 -0.1006388677)
(-0.0003246467661 7.003835316e-11 -0.1006393166)
(-0.0002989035507 7.003830372e-11 -0.1006398635)
(-0.0002695333937 7.003824734e-11 -0.1006404874)
(-0.0002376651914 7.003818619e-11 -0.1006411645)
(-0.0002045232276 7.003812287e-11 -0.1006418685)
(-0.0001713812638 7.003805955e-11 -0.1006425726)
(-0.0001395130615 7.003799754e-11 -0.1006432497)
(-0.0001101429046 7.003794116e-11 -0.1006438736)
(-8.439968916e-05 7.003789172e-11 -0.1006444205)
(-6.327296722e-05 7.003785139e-11 -0.1006448693)
(-4.757434124e-05 7.003782103e-11 -0.1006452029)
(-3.790731051e-05 7.003780271e-11 -0.1006454082)
(-3.464306319e-05 7.003779644e-11 -0.1006454776)
(-3.790731059e-05 7.003780271e-11 -0.1006454082)
(-4.75743414e-05 7.003782103e-11 -0.1006452029)
(-6.327296744e-05 7.003785139e-11 -0.1006448693)
(-8.439968944e-05 7.003789172e-11 -0.1006444205)
(-0.0001101429049 7.003794116e-11 -0.1006438736)
(-0.0001395130619 7.003799754e-11 -0.1006432497)
(-0.0001713812642 7.003805955e-11 -0.1006425726)
(-0.000204523228 7.003812287e-11 -0.1006418685)
(-0.0002376651918 7.003818619e-11 -0.1006411645)
(-0.0002695333941 7.003824734e-11 -0.1006404874)
(-0.000298903551 7.003830372e-11 -0.1006398635)
(-0.0003246467664 7.003835316e-11 -0.1006393166)
(-0.0003457734884 7.003839349e-11 -0.1006388677)
(-0.0003614721143 7.003842385e-11 -0.1006385342)
(-0.0003711391451 7.00384426e-11 -0.1006383289)
(-0.0003613348816 7.222050312e-11 -0.102518508)
(-0.000358079551 7.22204964e-11 -0.102518577)
(-0.0003484389273 7.222047656e-11 -0.1025187812)
(-0.0003327831845 7.222044403e-11 -0.1025191129)
(-0.0003117141736 7.222040067e-11 -0.1025195593)
(-0.0002860412799 7.222034776e-11 -0.1025201032)
(-0.0002567513522 7.222028748e-11 -0.1025207238)
(-0.0002249702031 7.222022199e-11 -0.1025213971)
(-0.0001919187719 7.222015347e-11 -0.1025220973)
(-0.0001588673408 7.222008495e-11 -0.1025227976)
(-0.0001270861916 7.222002033e-11 -0.1025234709)
(-9.7796264e-05 7.221996005e-11 -0.1025240915)
(-7.212337034e-05 7.221990714e-11 -0.1025246354)
(-5.105435945e-05 7.221986377e-11 -0.1025250818)
(-3.539861681e-05 7.221983168e-11 -0.1025254135)
(-2.575799314e-05 7.221981162e-11 -0.1025256177)
(-2.250266263e-05 7.221980491e-11 -0.1025256867)
(-2.575799321e-05 7.221981162e-11 -0.1025256177)
(-3.539861696e-05 7.221983168e-11 -0.1025254135)
(-5.105435967e-05 7.221986377e-11 -0.1025250818)
(-7.212337061e-05 7.221990714e-11 -0.1025246354)
(-9.779626433e-05 7.221996005e-11 -0.1025240915)
(-0.000127086192 7.222002033e-11 -0.1025234709)
(-0.0001588673411 7.222008495e-11 -0.1025227976)
(-0.0001919187723 7.222015347e-11 -0.1025220973)
(-0.0002249702035 7.222022199e-11 -0.1025213971)
(-0.0002567513526 7.222028748e-11 -0.1025207238)
(-0.0002860412802 7.222034776e-11 -0.1025201032)
(-0.0003117141739 7.222040067e-11 -0.1025195593)
(-0.0003327831848 7.222044403e-11 -0.1025191129)
(-0.0003484389274 7.222047656e-11 -0.1025187812)
(-0.0003580795511 7.22204964e-11 -0.102518577)
(-0.0003481839269 7.437130433e-11 -0.1043937813)
(-0.0003449354464 7.437129721e-11 -0.10439385)
(-0.0003353151091 7.43712765e-11 -0.1043940533)
(-0.0003196923103 7.437124267e-11 -0.1043943836)
(-0.0002986676342 7.437119713e-11 -0.1043948281)
(-0.0002730487632 7.437114162e-11 -0.1043953698)
(-0.0002438204695 7.437107787e-11 -0.1043959877)
(-0.0002121061964 7.437100935e-11 -0.1043966582)
(-0.0001791243144 7.437093823e-11 -0.1043973555)
(-0.0001461424323 7.43708671e-11 -0.1043980528)
(-0.0001144281593 7.437079771e-11 -0.1043987233)
(-8.519986556e-05 7.437073396e-11 -0.1043993413)
(-5.958099457e-05 7.437067845e-11 -0.1043998829)
(-3.855631856e-05 7.437063292e-11 -0.1044003274)
(-2.293351982e-05 7.437059909e-11 -0.1044006577)
(-1.331318261e-05 7.437057838e-11 -0.1044008611)
(-1.00647022e-05 7.437057132e-11 -0.1044009298)
(-1.331318269e-05 7.437057838e-11 -0.1044008611)
(-2.293351997e-05 7.437059909e-11 -0.1044006577)
(-3.855631878e-05 7.437063292e-11 -0.1044003274)
(-5.958099485e-05 7.437067845e-11 -0.1043998829)
(-8.519986588e-05 7.437073396e-11 -0.1043993413)
(-0.0001144281596 7.437079771e-11 -0.1043987233)
(-0.0001461424327 7.43708671e-11 -0.1043980528)
(-0.0001791243147 7.437093823e-11 -0.1043973555)
(-0.0002121061968 7.437100935e-11 -0.1043966582)
(-0.0002438204698 7.437107787e-11 -0.1043959877)
(-0.0002730487635 7.437114162e-11 -0.1043953698)
(-0.0002986676345 7.437119713e-11 -0.1043948281)
(-0.0003196923105 7.437124267e-11 -0.1043943836)
(-0.0003353151093 7.43712765e-11 -0.1043940533)
(-0.0003449354465 7.437129721e-11 -0.10439385)
(-0.0003349884241 7.649279889e-11 -0.1062660867)
(-0.0003317448384 7.64927917e-11 -0.1062661552)
(-0.0003221389972 7.649277002e-11 -0.106266358)
(-0.0003065397389 7.649273489e-11 -0.1062666873)
(-0.000285546743 7.649268805e-11 -0.1062671305)
(-0.0002599664748 7.649263037e-11 -0.1062676705)
(-0.0002307822225 7.649256489e-11 -0.1062682865)
(-0.0001991157368 7.649249376e-11 -0.106268955)
(-0.0001661835521 7.649242004e-11 -0.1062696502)
(-0.0001332513675 7.649234631e-11 -0.1062703454)
(-0.0001015848818 7.649227519e-11 -0.1062710139)
(-7.240062958e-05 7.64922097e-11 -0.10627163)
(-4.682036135e-05 7.649215202e-11 -0.10627217)
(-2.582736551e-05 7.649210518e-11 -0.1062726131)
(-1.022810735e-05 7.649207006e-11 -0.1062729424)
(-6.222661582e-07 7.649204859e-11 -0.1062731452)
(2.621319416e-06 7.649204123e-11 -0.1062732137)
(-6.222662323e-07 7.649204859e-11 -0.1062731452)
(-1.022810749e-05 7.649207006e-11 -0.1062729424)
(-2.582736573e-05 7.649210518e-11 -0.1062726131)
(-4.682036162e-05 7.649215202e-11 -0.10627217)
(-7.240062989e-05 7.64922097e-11 -0.10627163)
(-0.0001015848822 7.649227519e-11 -0.1062710139)
(-0.0001332513679 7.649234631e-11 -0.1062703454)
(-0.0001661835525 7.649242004e-11 -0.1062696502)
(-0.0001991157371 7.649249376e-11 -0.106268955)
(-0.0002307822228 7.649256489e-11 -0.1062682865)
(-0.0002599664751 7.649263037e-11 -0.1062676705)
(-0.0002855467433 7.649268805e-11 -0.1062671305)
(-0.0003065397392 7.649273489e-11 -0.1062666873)
(-0.0003221389973 7.649277002e-11 -0.106266358)
(-0.0003317448385 7.64927917e-11 -0.1062661552)
(-0.0003217942731 7.858711854e-11 -0.1081356716)
(-0.0003185537483 7.85871111e-11 -0.10813574)
(-0.0003089569717 7.858708909e-11 -0.1081359424)
(-0.0002933724339 7.858705353e-11 -0.108136271)
(-0.0002723992482 7.858700539e-11 -0.1081367134)
(-0.000246843119 7.858694685e-11 -0.1081372523)
(-0.0002176864067 7.858688006e-11 -0.1081378673)
(-0.0001860498034 7.85868072e-11 -0.1081385345)
(-0.0001531486955 7.858673174e-11 -0.1081392284)
(-0.0001202475876 7.858665628e-11 -0.1081399223)
(-8.861098429e-05 7.858658429e-11 -0.1081405895)
(-5.945427203e-05 7.85865175e-11 -0.1081412044)
(-3.389814286e-05 7.858645895e-11 -0.1081417434)
(-1.292495726e-05 7.858641082e-11 -0.1081421857)
(2.659580523e-06 7.858637482e-11 -0.1081425144)
(1.225635707e-05 7.858635303e-11 -0.1081427168)
(1.549688181e-05 7.858634551e-11 -0.1081427851)
(1.2256357e-05 7.858635303e-11 -0.1081427168)
(2.659580379e-06 7.858637482e-11 -0.1081425144)
(-1.292495747e-05 7.858641082e-11 -0.1081421857)
(-3.389814312e-05 7.858645895e-11 -0.1081417434)
(-5.945427234e-05 7.85865175e-11 -0.1081412044)
(-8.861098464e-05 7.858658429e-11 -0.1081405895)
(-0.000120247588 7.858665628e-11 -0.1081399223)
(-0.0001531486959 7.858673174e-11 -0.1081392284)
(-0.0001860498037 7.85868072e-11 -0.1081385345)
(-0.000217686407 7.858688006e-11 -0.1081378673)
(-0.0002468431193 7.858694685e-11 -0.1081372523)
(-0.0002723992485 7.858700539e-11 -0.1081367134)
(-0.0002933724341 7.858705353e-11 -0.108136271)
(-0.0003089569719 7.858708909e-11 -0.1081359424)
(-0.0003185537484 7.85871111e-11 -0.10813574)
(-0.0003086317897 8.066041503e-11 -0.1100044004)
(-0.0003053926244 8.06604075e-11 -0.1100044687)
(-0.0002957998742 8.066038549e-11 -0.1100046709)
(-0.000280221875 8.066034949e-11 -0.1100049993)
(-0.0002592574889 8.066030092e-11 -0.1100054413)
(-0.000233712082 8.066024194e-11 -0.1100059798)
(-0.0002045676027 8.066017429e-11 -0.1100065942)
(-0.0001729442728 8.066010099e-11 -0.1100072608)
(-0.0001400569689 8.066002467e-11 -0.1100079541)
(-0.000107169665 8.065994834e-11 -0.1100086474)
(-7.554633518e-05 8.065987591e-11 -0.1100093141)
(-4.640185591e-05 8.065980826e-11 -0.1100099285)
(-2.085644906e-05 8.065974928e-11 -0.110010467)
(1.079370282e-07 8.065970071e-11 -0.110010909)
(1.568593616e-05 8.065966471e-11 -0.1100112374)
(2.527868629e-05 8.065964249e-11 -0.1100114396)
(2.851785143e-05 8.065963497e-11 -0.1100115079)
(2.527868622e-05 8.065964249e-11 -0.1100114396)
(1.568593602e-05 8.065966471e-11 -0.1100112374)
(1.079368217e-07 8.065970071e-11 -0.110010909)
(-2.085644933e-05 8.065974928e-11 -0.110010467)
(-4.640185622e-05 8.065980826e-11 -0.1100099285)
(-7.554633552e-05 8.065987591e-11 -0.1100093141)
(-0.0001071696654 8.065994834e-11 -0.1100086474)
(-0.0001400569693 8.066002467e-11 -0.1100079541)
(-0.0001729442732 8.066010099e-11 -0.1100072608)
(-0.000204567603 8.066017429e-11 -0.1100065942)
(-0.0002337120823 8.066024194e-11 -0.1100059798)
(-0.0002592574892 8.066030092e-11 -0.1100054413)
(-0.0002802218753 8.066034949e-11 -0.1100049993)
(-0.0002957998744 8.066038549e-11 -0.1100046709)
(-0.0003053926245 8.06604075e-11 -0.1100044687)
(-0.0002955397888 8.271888652e-11 -0.1118723722)
(-0.0002923004143 8.271887906e-11 -0.1118724405)
(-0.0002827070443 8.271885694e-11 -0.1118726427)
(-0.0002671280384 8.271882094e-11 -0.1118729712)
(-0.0002461622976 8.27187728e-11 -0.1118734132)
(-0.0002206152401 8.271871339e-11 -0.1118739518)
(-0.0001914688775 8.271864617e-11 -0.1118745663)
(-0.0001598435042 8.271857331e-11 -0.111875233)
(-0.0001269540752 8.271849698e-11 -0.1118759264)
(-9.406464624e-05 8.271842065e-11 -0.1118766198)
(-6.243927295e-05 8.27183478e-11 -0.1118772865)
(-3.329291044e-05 8.271828058e-11 -0.111877901)
(-7.745852911e-06 8.271822116e-11 -0.1118784396)
(1.321988785e-05 8.271817302e-11 -0.1118788816)
(2.879889359e-05 8.271813659e-11 -0.1118792101)
(3.839226358e-05 8.271811448e-11 -0.1118794123)
(4.163163803e-05 8.271810696e-11 -0.1118794806)
(3.839226351e-05 8.271811448e-11 -0.1118794123)
(2.879889345e-05 8.271813659e-11 -0.1118792101)
(1.321988764e-05 8.271817302e-11 -0.1118788816)
(-7.745853172e-06 8.271822116e-11 -0.1118784396)
(-3.329291074e-05 8.271828058e-11 -0.111877901)
(-6.243927329e-05 8.27183478e-11 -0.1118772865)
(-9.40646466e-05 8.271842065e-11 -0.1118766198)
(-0.0001269540756 8.271849698e-11 -0.1118759264)
(-0.0001598435046 8.271857331e-11 -0.111875233)
(-0.0001914688779 8.271864617e-11 -0.1118745663)
(-0.0002206152404 8.271871339e-11 -0.1118739518)
(-0.0002461622979 8.27187728e-11 -0.1118734132)
(-0.0002671280387 8.271882094e-11 -0.1118729712)
(-0.0002827070444 8.271885694e-11 -0.1118726427)
(-0.0002923004144 8.271887906e-11 -0.1118724405)
(-0.0002825421659 8.47721478e-11 -0.1137412986)
(-0.0002793011432 8.477214037e-11 -0.113741367)
(-0.0002697028921 8.477211836e-11 -0.1137415694)
(-0.0002541159599 8.477208258e-11 -0.1137418982)
(-0.0002331395519 8.477203488e-11 -0.1137423407)
(-0.0002075794963 8.477197633e-11 -0.1137428798)
(-0.0001784183044 8.477190954e-11 -0.1137434949)
(-0.0001467768405 8.477183712e-11 -0.1137441623)
(-0.0001138706777 8.477176166e-11 -0.1137448564)
(-8.096451494e-05 8.47716862e-11 -0.1137455505)
(-4.932305101e-05 8.477161377e-11 -0.113746218)
(-2.016185914e-05 8.477154699e-11 -0.1137468331)
(5.398196445e-06 8.477148844e-11 -0.1137473722)
(2.637460434e-05 8.477144074e-11 -0.1137478147)
(4.196153651e-05 8.477140496e-11 -0.1137481435)
(5.15597875e-05 8.477138295e-11 -0.1137483459)
(5.480081011e-05 8.477137561e-11 -0.1137484143)
(5.155978743e-05 8.477138295e-11 -0.1137483459)
(4.196153637e-05 8.477140496e-11 -0.1137481435)
(2.637460414e-05 8.477144074e-11 -0.1137478147)
(5.398196183e-06 8.477148844e-11 -0.1137473722)
(-2.016185945e-05 8.477154699e-11 -0.1137468331)
(-4.932305135e-05 8.477161377e-11 -0.113746218)
(-8.09645153e-05 8.47716862e-11 -0.1137455505)
(-0.0001138706781 8.477176166e-11 -0.1137448564)
(-0.0001467768408 8.477183712e-11 -0.1137441623)
(-0.0001784183048 8.477190954e-11 -0.1137434949)
(-0.0002075794966 8.477197633e-11 -0.1137428798)
(-0.0002331395522 8.477203488e-11 -0.1137423407)
(-0.0002541159601 8.477208258e-11 -0.1137418982)
(-0.0002697028923 8.477211836e-11 -0.1137415694)
(-0.0002793011433 8.477214037e-11 -0.113741367)
(-0.0002696717348 8.682890734e-11 -0.1156111291)
(-0.0002664277515 8.682890008e-11 -0.1156111976)
(-0.0002568207326 8.682887851e-11 -0.1156114004)
(-0.000241219562 8.682884316e-11 -0.1156117298)
(-0.0002202239925 8.682879589e-11 -0.1156121731)
(-0.0001946405883 8.682873864e-11 -0.1156127132)
(-0.0001654527582 8.682867316e-11 -0.1156133294)
(-0.0001337823904 8.68286016e-11 -0.1156139981)
(-0.0001008461686 8.682852787e-11 -0.1156146934)
(-6.790994667e-05 8.682845415e-11 -0.1156153888)
(-3.623957889e-05 8.682838259e-11 -0.1156160574)
(-7.05174886e-06 8.682831711e-11 -0.1156166737)
(1.853165533e-05 8.682825986e-11 -0.1156172138)
(3.952722476e-05 8.682821259e-11 -0.1156176571)
(5.512839528e-05 8.682817768e-11 -0.1156179865)
(6.473541408e-05 8.68281561e-11 -0.1156181893)
(6.79793973e-05 8.682814887e-11 -0.1156182578)
(6.473541401e-05 8.68281561e-11 -0.1156181893)
(5.512839514e-05 8.682817768e-11 -0.1156179865)
(3.952722455e-05 8.682821259e-11 -0.1156176571)
(1.853165507e-05 8.682825986e-11 -0.1156172138)
(-7.051749169e-06 8.682831711e-11 -0.1156166737)
(-3.623957923e-05 8.682838259e-11 -0.1156160574)
(-6.790994704e-05 8.682845415e-11 -0.1156153888)
(-0.0001008461689 8.682852787e-11 -0.1156146934)
(-0.0001337823908 8.68286016e-11 -0.1156139981)
(-0.0001654527586 8.682867316e-11 -0.1156133294)
(-0.0001946405886 8.682873864e-11 -0.1156127132)
(-0.0002202239928 8.682879589e-11 -0.1156121731)
(-0.0002412195622 8.682884316e-11 -0.1156117298)
(-0.0002568207328 8.682887851e-11 -0.1156114004)
(-0.0002664277516 8.682890008e-11 -0.1156111976)
(-0.0002569467479 8.889991616e-11 -0.1174834302)
(-0.0002536986143 8.889990903e-11 -0.1174834989)
(-0.0002440793043 8.88998881e-11 -0.1174837023)
(-0.0002284581737 8.889985362e-11 -0.1174840325)
(-0.0002074357426 8.889980765e-11 -0.1174844769)
(-0.0001818196072 8.889975171e-11 -0.1174850184)
(-0.0001525944345 8.889968796e-11 -0.1174856362)
(-0.0001208835479 8.889961857e-11 -0.1174863066)
(-8.790518765e-05 8.889954658e-11 -0.1174870037)
(-5.492682744e-05 8.889947459e-11 -0.1174877009)
(-2.321594086e-05 8.88994052e-11 -0.1174883712)
(6.009231834e-06 8.889934145e-11 -0.117488989)
(3.162536722e-05 8.88992855e-11 -0.1174895305)
(5.26477982e-05 8.889923953e-11 -0.117489975)
(6.826892873e-05 8.889920549e-11 -0.1174903052)
(7.788823867e-05 8.889918456e-11 -0.1174905085)
(8.113637221e-05 8.889917748e-11 -0.1174905772)
(7.78882386e-05 8.889918456e-11 -0.1174905085)
(6.826892859e-05 8.889920549e-11 -0.1174903052)
(5.264779799e-05 8.889923953e-11 -0.117489975)
(3.162536695e-05 8.88992855e-11 -0.1174895305)
(6.009231522e-06 8.889934145e-11 -0.117488989)
(-2.321594121e-05 8.88994052e-11 -0.1174883712)
(-5.492682781e-05 8.889947459e-11 -0.1174877009)
(-8.790518803e-05 8.889954658e-11 -0.1174870037)
(-0.0001208835482 8.889961857e-11 -0.1174863066)
(-0.0001525944348 8.889968796e-11 -0.1174856362)
(-0.0001818196075 8.889975171e-11 -0.1174850184)
(-0.0002074357429 8.889980765e-11 -0.1174844769)
(-0.0002284581739 8.889985362e-11 -0.1174840325)
(-0.0002440793044 8.88998881e-11 -0.1174837023)
(-0.0002536986143 8.889990903e-11 -0.1174834989)
(-0.0002443934674 9.099333351e-11 -0.1193580037)
(-0.0002411401292 9.09933267e-11 -0.1193580726)
(-0.0002315054059 9.099330642e-11 -0.1193582766)
(-0.000215859245 9.099327325e-11 -0.1193586079)
(-0.000194803129 9.099322901e-11 -0.1193590537)
(-0.0001691459479 9.099317523e-11 -0.119359597)
(-0.0001398739467 9.099311365e-11 -0.1193602168)
(-0.0001081122486 9.099304643e-11 -0.1193608893)
(-7.508104603e-05 9.099297704e-11 -0.1193615887)
(-4.204984346e-05 9.099290765e-11 -0.1193622881)
(-1.028814542e-05 9.099284043e-11 -0.1193629606)
(1.898385578e-05 9.099277885e-11 -0.1193635804)
(4.464103679e-05 9.099272507e-11 -0.1193641236)
(6.569715274e-05 9.099268084e-11 -0.1193645694)
(8.134331355e-05 9.099264766e-11 -0.1193649007)
(9.097803684e-05 9.099262739e-11 -0.1193651047)
(9.423137498e-05 9.09926206e-11 -0.1193651736)
(9.097803677e-05 9.099262739e-11 -0.1193651047)
(8.134331341e-05 9.099264766e-11 -0.1193649007)
(6.569715253e-05 9.099268084e-11 -0.1193645694)
(4.464103652e-05 9.099272507e-11 -0.1193641236)
(1.898385547e-05 9.099277885e-11 -0.1193635804)
(-1.028814577e-05 9.099284043e-11 -0.1193629606)
(-4.204984383e-05 9.099290765e-11 -0.1193622881)
(-7.508104641e-05 9.099297704e-11 -0.1193615887)
(-0.000108112249 9.099304643e-11 -0.1193608893)
(-0.000139873947 9.099311365e-11 -0.1193602168)
(-0.0001691459482 9.099317523e-11 -0.119359597)
(-0.0001948031292 9.099322901e-11 -0.1193590537)
(-0.0002158592452 9.099327325e-11 -0.1193586079)
(-0.000231505406 9.099330642e-11 -0.1193582766)
(-0.0002411401293 9.09933267e-11 -0.1193580726)
(-0.000232021196 9.311751262e-11 -0.1212362563)
(-0.0002287617675 9.311750611e-11 -0.1212363255)
(-0.000219109008 9.311748659e-11 -0.1212365302)
(-0.0002034335576 9.311745515e-11 -0.1212368628)
(-0.0001823380246 9.311741265e-11 -0.1212373103)
(-0.0001566328135 9.311736104e-11 -0.1212378556)
(-0.0001273060152 9.31173025e-11 -0.1212384777)
(-9.548485936e-05 9.311723875e-11 -0.1212391527)
(-6.239182252e-05 9.311717196e-11 -0.1212398547)
(-2.929878568e-05 9.311710517e-11 -0.1212405567)
(2.522370111e-06 9.311704142e-11 -0.1212412318)
(3.184916837e-05 9.311698287e-11 -0.1212418539)
(5.75543795e-05 9.311693127e-11 -0.1212423992)
(7.86499124e-05 9.311688877e-11 -0.1212428467)
(9.432536276e-05 9.311685732e-11 -0.1212431792)
(0.0001039781222 9.311683802e-11 -0.121243384)
(0.0001072375506 9.311683138e-11 -0.1212434531)
(0.0001039781221 9.311683802e-11 -0.121243384)
(9.432536261e-05 9.311685732e-11 -0.1212431792)
(7.864991219e-05 9.311688877e-11 -0.1212428467)
(5.755437922e-05 9.311693127e-11 -0.1212423992)
(3.184916805e-05 9.311698287e-11 -0.1212418539)
(2.522369755e-06 9.311704142e-11 -0.1212412318)
(-2.929878606e-05 9.311710517e-11 -0.1212405567)
(-6.23918229e-05 9.311717196e-11 -0.1212398547)
(-9.548485974e-05 9.311723875e-11 -0.1212391527)
(-0.0001273060155 9.31173025e-11 -0.1212384777)
(-0.0001566328138 9.311736104e-11 -0.1212378556)
(-0.0001823380249 9.311741265e-11 -0.1212373103)
(-0.0002034335578 9.311745515e-11 -0.1212368628)
(-0.0002191090082 9.311748659e-11 -0.1212365302)
(-0.0002287617676 9.311750611e-11 -0.1212363255)
(-0.0002198399189 9.527622423e-11 -0.1231177719)
(-0.0002165737895 9.527621812e-11 -0.1231178414)
(-0.000206901185 9.527619969e-11 -0.123118047)
(-0.0001911935078 9.527616977e-11 -0.1231183809)
(-0.0001700546049 9.527612943e-11 -0.1231188302)
(-0.0001442965469 9.527608086e-11 -0.1231193777)
(-0.0001149094562 9.527602492e-11 -0.1231200024)
(-8.302287987e-05 9.52759642e-11 -0.1231206802)
(-4.986180769e-05 9.527590175e-11 -0.1231213851)
(-1.670073552e-05 9.52758393e-11 -0.12312209)
(1.518584077e-05 9.527577859e-11 -0.1231227678)
(4.457293143e-05 9.527572264e-11 -0.1231233925)
(7.033098941e-05 9.527567407e-11 -0.1231239401)
(9.146989221e-05 9.527563374e-11 -0.1231243894)
(0.0001071775694 9.527560425e-11 -0.1231247233)
(0.0001168501738 9.527558603e-11 -0.1231249289)
(0.0001201163032 9.527557986e-11 -0.1231249983)
(0.0001168501737 9.527558603e-11 -0.1231249289)
(0.0001071775693 9.527560425e-11 -0.1231247233)
(9.146989199e-05 9.527563374e-11 -0.1231243894)
(7.033098913e-05 9.527567407e-11 -0.1231239401)
(4.45729311e-05 9.527572264e-11 -0.1231233925)
(1.518584041e-05 9.527577859e-11 -0.1231227678)
(-1.67007359e-05 9.52758393e-11 -0.12312209)
(-4.986180808e-05 9.527590175e-11 -0.1231213851)
(-8.302288026e-05 9.52759642e-11 -0.1231206802)
(-0.0001149094565 9.527602492e-11 -0.1231200024)
(-0.0001442965472 9.527608086e-11 -0.1231193777)
(-0.0001700546052 9.527612943e-11 -0.1231188302)
(-0.000191193508 9.527616977e-11 -0.1231183809)
(-0.0002069011852 9.527619969e-11 -0.123118047)
(-0.0002165737896 9.527621812e-11 -0.1231178414)
(-0.0002078262601 9.747145293e-11 -0.1250036063)
(-0.0002045533322 9.747144715e-11 -0.125003676)
(-0.0001948605943 9.74714298e-11 -0.1250038825)
(-0.0001791202214 9.747140161e-11 -0.1250042178)
(-0.0001579373179 9.747136388e-11 -0.125004669)
(-0.0001321256444 9.747131791e-11 -0.1250052188)
(-0.0001026773845 9.747126587e-11 -0.1250058461)
(-7.072443619e-05 9.747120819e-11 -0.1250065267)
(-3.749433918e-05 9.747114921e-11 -0.1250072346)
(-4.264242181e-06 9.747109023e-11 -0.1250079424)
(2.768870607e-05 9.747103341e-11 -0.1250086231)
(5.7136966e-05 9.747098137e-11 -0.1250092503)
(8.294863942e-05 9.74709354e-11 -0.1250098002)
(0.0001041315429 9.747089767e-11 -0.1250102514)
(0.0001198719157 9.747086948e-11 -0.1250105867)
(0.0001295646536 9.747085235e-11 -0.1250107931)
(0.0001328375814 9.747084648e-11 -0.1250108628)
(0.0001295646535 9.747085235e-11 -0.1250107931)
(0.0001198719155 9.747086948e-11 -0.1250105867)
(0.0001041315427 9.747089767e-11 -0.1250102514)
(8.294863914e-05 9.74709354e-11 -0.1250098002)
(5.713696567e-05 9.747098137e-11 -0.1250092503)
(2.76887057e-05 9.747103341e-11 -0.1250086231)
(-4.264242572e-06 9.747109023e-11 -0.1250079424)
(-3.749433958e-05 9.747114921e-11 -0.1250072346)
(-7.072443658e-05 9.747120819e-11 -0.1250065267)
(-0.0001026773848 9.747126587e-11 -0.1250058461)
(-0.0001321256448 9.747131791e-11 -0.1250052188)
(-0.0001579373182 9.747136388e-11 -0.125004669)
(-0.0001791202217 9.747140161e-11 -0.1250042178)
(-0.0001948605944 9.74714298e-11 -0.1250038825)
(-0.0002045533323 9.747144715e-11 -0.125003676)
(-0.0001959189257 9.96980777e-11 -0.1268926552)
(-0.000192640184 9.969807206e-11 -0.1268927252)
(-0.0001829302287 9.969805537e-11 -0.1268929324)
(-0.000167161896 9.969802805e-11 -0.1268932689)
(-0.000145941365 9.969799162e-11 -0.1268937217)
(-0.0001200838419 9.969794738e-11 -0.1268942735)
(-9.058327263e-05 9.969789664e-11 -0.126894903)
(-5.857356591e-05 9.9697842e-11 -0.126895586)
(-2.528444184e-05 9.969778475e-11 -0.1268962964)
(8.004682221e-06 9.96977275e-11 -0.1268970068)
(4.001438892e-05 9.969767199e-11 -0.1268976898)
(6.951495818e-05 9.969762125e-11 -0.1268983193)
(9.537248122e-05 9.969757702e-11 -0.1268988711)
(0.0001165930122 9.969754059e-11 -0.1268993239)
(0.0001323613448 9.96975137e-11 -0.1268996604)
(0.0001420713 9.969749679e-11 -0.1268998676)
(0.0001453500416 9.96974912e-11 -0.1268999376)
(0.0001420712999 9.969749679e-11 -0.1268998676)
(0.0001323613446 9.96975137e-11 -0.1268996604)
(0.0001165930119 9.969754059e-11 -0.1268993239)
(9.537248093e-05 9.969757702e-11 -0.1268988711)
(6.951495785e-05 9.969762125e-11 -0.1268983193)
(4.001438854e-05 9.969767199e-11 -0.1268976898)
(8.004681825e-06 9.96977275e-11 -0.1268970068)
(-2.528444225e-05 9.969778475e-11 -0.1268962964)
(-5.857356631e-05 9.9697842e-11 -0.126895586)
(-9.0583273e-05 9.969789664e-11 -0.126894903)
(-0.0001200838423 9.969794738e-11 -0.1268942735)
(-0.0001459413653 9.969799162e-11 -0.1268937217)
(-0.0001671618962 9.969802805e-11 -0.1268932689)
(-0.0001829302288 9.969805537e-11 -0.1268929324)
(-0.0001926401841 9.969807206e-11 -0.1268927252)
(-0.0001839371511 1.019441358e-10 -0.1287845333)
(-0.0001806559317 1.019441303e-10 -0.1287846034)
(-0.0001709386383 1.019441142e-10 -0.1287848109)
(-0.0001551583892 1.019440877e-10 -0.1287851479)
(-0.0001339218214 1.019440526e-10 -0.1287856014)
(-0.0001080447572 1.019440097e-10 -0.128786154)
(-7.852189374e-05 1.019439611e-10 -0.1287867845)
(-4.648799661e-05 1.019439082e-10 -0.1287874686)
(-1.317371526e-05 1.019438527e-10 -0.12878818)
(2.014056609e-05 1.019437972e-10 -0.1287888914)
(5.217446319e-05 1.019437442e-10 -0.1287895755)
(8.169732665e-05 1.019436957e-10 -0.128790206)
(0.0001075743908 1.019436527e-10 -0.1287907586)
(0.0001288109585 1.019436176e-10 -0.1287912121)
(0.0001445912075 1.019435916e-10 -0.1287915491)
(0.0001543085008 1.019435754e-10 -0.1287917566)
(0.0001575897202 1.0194357e-10 -0.1287918267)
(0.0001543085007 1.019435754e-10 -0.1287917566)
(0.0001445912074 1.019435916e-10 -0.1287915491)
(0.0001288109583 1.019436176e-10 -0.1287912121)
(0.0001075743905 1.019436527e-10 -0.1287907586)
(8.169732631e-05 1.019436957e-10 -0.128790206)
(5.217446281e-05 1.019437442e-10 -0.1287895755)
(2.014056569e-05 1.019437972e-10 -0.1287888914)
(-1.317371566e-05 1.019438527e-10 -0.12878818)
(-4.648799701e-05 1.019439082e-10 -0.1287874686)
(-7.852189411e-05 1.019439611e-10 -0.1287867845)
(-0.0001080447576 1.019440097e-10 -0.128786154)
(-0.0001339218217 1.019440526e-10 -0.1287856014)
(-0.0001551583894 1.019440877e-10 -0.1287851479)
(-0.0001709386385 1.019441142e-10 -0.1287848109)
(-0.0001806559317 1.019441303e-10 -0.1287846034)
)
;

boundaryField
{
    left
    {
        type            calculated;
    }
    right
    {
        type            calculated;
    }
    beam
    {
        type            empty;
    }
}


// ************************************************************************* //
