(
    ( 	0 (		0 	0 		0	)	)
    (	0.2 (	0 	-1.6 	0	)	)
    (	0.4 (	0 	-3.2 	0	)	)
    (	0.6 (	0 	-4.8 	0	)	)
    (	0.8 (	0 	-6.4 	0	)	)
    ( 	1 ( 	0 	-8.0 	0 	)	)
    (	1.1	(	0	-8.005	0	)	)
	(	1.2	(	0	-8.01	0	)	)
	(	1.3	(	0	-8.015	0	)	)
	(	1.4	(	0	-8.02	0	)	)
	(	1.5	(	0	-8.025	0	)	)
	(	1.6	(	0	-8.03	0	)	)
	(	1.7	(	0	-8.035	0	)	)
	(	1.8	(	0	-8.04	0	)	)
	(	1.9	(	0	-8.045	0	)	)
	(	2	(	0	-8.05	0	)	)
	(	2.1	(	0	-8.055	0	)	)
	(	2.2	(	0	-8.06	0	)	)
	(	2.3	(	0	-8.065	0	)	)
	(	2.4	(	0	-8.07	0	)	)
	(	2.5	(	0	-8.075	0	)	)
	(	2.6	(	0	-8.08	0	)	)
	(	2.7	(	0	-8.085	0	)	)
	(	2.8	(	0	-8.09	0	)	)
	(	2.9	(	0	-8.095	0	)	)
	(	3	(	0	-8.1	0	)	)
	(	3.1	(	0	-8.105	0	)	)
	(	3.2	(	0	-8.11	0	)	)
	(	3.3	(	0	-8.115	0	)	)
	(	3.4	(	0	-8.12	0	)	)
	(	3.5	(	0	-8.125	0	)	)
	(	3.6	(	0	-8.13	0	)	)
	(	3.7	(	0	-8.135	0	)	)
	(	3.8	(	0	-8.14	0	)	)
	(	3.9	(	0	-8.145	0	)	)
	(	4	(	0	-8.15	0	)	)
	(	4.1	(	0	-8.155	0	)	)
	(	4.2	(	0	-8.16	0	)	)
	(	4.3	(	0	-8.165	0	)	)
	(	4.4	(	0	-8.17	0	)	)
	(	4.5	(	0	-8.175	0	)	)
	(	4.6	(	0	-8.18	0	)	)
	(	4.7	(	0	-8.185	0	)	)
	(	4.8	(	0	-8.19	0	)	)
	(	4.9	(	0	-8.195	0	)	)
	(	5	(	0	-8.2	0	)	)
	(	5.1	(	0	-8.205	0	)	)
	(	5.2	(	0	-8.21	0	)	)
	(	5.3	(	0	-8.215	0	)	)
	(	5.4	(	0	-8.22	0	)	)
	(	5.5	(	0	-8.225	0	)	)
	(	5.6	(	0	-8.23	0	)	)
	(	5.7	(	0	-8.235	0	)	)
	(	5.8	(	0	-8.24	0	)	)
	(	5.9	(	0	-8.245	0	)	)
	(	6	(	0	-8.25	0	)	)
	(	6.1	(	0	-8.255	0	)	)
	(	6.2	(	0	-8.26	0	)	)
	(	6.3	(	0	-8.265	0	)	)
	(	6.4	(	0	-8.27	0	)	)
	(	6.5	(	0	-8.275	0	)	)
	(	6.6	(	0	-8.28	0	)	)
	(	6.7	(	0	-8.285	0	)	)
	(	6.8	(	0	-8.29	0	)	)
	(	6.9	(	0	-8.295	0	)	)
	(	7	(	0	-8.3	0	)	)
	(	7.1	(	0	-8.305	0	)	)
	(	7.2	(	0	-8.31	0	)	)
	(	7.3	(	0	-8.315	0	)	)
	(	7.4	(	0	-8.32	0	)	)
	(	7.5	(	0	-8.325	0	)	)
	(	7.6	(	0	-8.33	0	)	)
	(	7.7	(	0	-8.335	0	)	)
	(	7.8	(	0	-8.34	0	)	)
	(	7.9	(	0	-8.345	0	)	)
	(	8	(	0	-8.35	0	)	)
	(	8.1	(	0	-8.355	0	)	)
	(	8.2	(	0	-8.36	0	)	)
	(	8.3	(	0	-8.365	0	)	)
	(	8.4	(	0	-8.37	0	)	)
	(	8.5	(	0	-8.375	0	)	)
	(	8.6	(	0	-8.38	0	)	)
	(	8.7	(	0	-8.385	0	)	)
	(	8.8	(	0	-8.39	0	)	)
	(	8.9	(	0	-8.395	0	)	)
	(	9	(	0	-8.4	0	)	)
	(	9.1	(	0	-8.405	0	)	)
	(	9.2	(	0	-8.41	0	)	)
	(	9.3	(	0	-8.415	0	)	)
	(	9.4	(	0	-8.42	0	)	)
	(	9.5	(	0	-8.425	0	)	)
	(	9.6	(	0	-8.43	0	)	)
	(	9.7	(	0	-8.435	0	)	)
	(	9.8	(	0	-8.44	0	)	)
	(	9.9	(	0	-8.445	0	)	)
	(	10	(	0	-8.45	0	)	)
	(	10.1	(	0	-8.455	0	)	)
	(	10.2	(	0	-8.46	0	)	)
	(	10.3	(	0	-8.465	0	)	)
	(	10.4	(	0	-8.47	0	)	)
	(	10.5	(	0	-8.475	0	)	)
	(	10.6	(	0	-8.48	0	)	)
	(	10.7	(	0	-8.485	0	)	)
	(	10.8	(	0	-8.49	0	)	)
	(	10.9	(	0	-8.495	0	)	)
	(	11	(	0	-8.5	0	)	)
	(	11.1	(	0	-8.505	0	)	)
	(	11.2	(	0	-8.51	0	)	)
	(	11.3	(	0	-8.515	0	)	)
	(	11.4	(	0	-8.52	0	)	)
	(	11.5	(	0	-8.525	0	)	)
	(	11.6	(	0	-8.53	0	)	)
	(	11.7	(	0	-8.535	0	)	)
	(	11.8	(	0	-8.54	0	)	)
	(	11.9	(	0	-8.545	0	)	)
	(	12	(	0	-8.55	0	)	)
	(	12.1	(	0	-8.555	0	)	)
	(	12.2	(	0	-8.56	0	)	)
	(	12.3	(	0	-8.565	0	)	)
	(	12.4	(	0	-8.57	0	)	)
	(	12.5	(	0	-8.575	0	)	)
	(	12.6	(	0	-8.58	0	)	)
	(	12.7	(	0	-8.585	0	)	)
	(	12.8	(	0	-8.59	0	)	)
	(	12.9	(	0	-8.595	0	)	)
	(	13	(	0	-8.6	0	)	)
	(	13.1	(	0	-8.605	0	)	)
	(	13.2	(	0	-8.61	0	)	)
	(	13.3	(	0	-8.615	0	)	)
	(	13.4	(	0	-8.62	0	)	)
	(	13.5	(	0	-8.625	0	)	)
	(	13.6	(	0	-8.63	0	)	)
	(	13.7	(	0	-8.635	0	)	)
	(	13.8	(	0	-8.64	0	)	)
	(	13.9	(	0	-8.645	0	)	)
	(	14	(	0	-8.65	0	)	)
	(	14.1	(	0	-8.655	0	)	)
	(	14.2	(	0	-8.66	0	)	)
	(	14.3	(	0	-8.665	0	)	)
	(	14.4	(	0	-8.67	0	)	)
	(	14.5	(	0	-8.675	0	)	)
	(	14.6	(	0	-8.68	0	)	)
	(	14.7	(	0	-8.685	0	)	)
	(	14.8	(	0	-8.69	0	)	)
	(	14.9	(	0	-8.695	0	)	)
	(	15		(	0	-8.7	0	)	)
	(	15.1	(	0	-8.705	0	)	)
	(	15.2	(	0	-8.71	0	)	)
	(	15.3	(	0	-8.715	0	)	)
	(	15.4	(	0	-8.72	0	)	)
	(	15.5	(	0	-8.725	0	)	)
	(	15.6	(	0	-8.73	0	)	)
	(	15.7	(	0	-8.735	0	)	)
	(	15.8	(	0	-8.74	0	)	)
	(	15.9	(	0	-8.745	0	)	)
	(	16	(	0	-8.75	0	)	)
	(	16.1	(	0	-8.755	0	)	)
	(	16.2	(	0	-8.76	0	)	)
	(	16.3	(	0	-8.765	0	)	)
	(	16.4	(	0	-8.77	0	)	)
	(	16.5	(	0	-8.775	0	)	)
	(	16.6	(	0	-8.78	0	)	)
	(	16.7	(	0	-8.785	0	)	)
	(	16.8	(	0	-8.79	0	)	)
	(	16.9	(	0	-8.795	0	)	)
	(	17	(	0	-8.8	0	)	)
	(	17.1	(	0	-8.805	0	)	)
	(	17.2	(	0	-8.81	0	)	)
	(	17.3	(	0	-8.815	0	)	)
	(	17.4	(	0	-8.82	0	)	)
	(	17.5	(	0	-8.825	0	)	)
	(	17.6	(	0	-8.83	0	)	)
	(	17.7	(	0	-8.835	0	)	)
	(	17.8	(	0	-8.84	0	)	)
	(	17.9	(	0	-8.845	0	)	)
	(	18	(	0	-8.85	0	)	)
	(	18.1	(	0	-8.855	0	)	)
	(	18.2	(	0	-8.86	0	)	)
	(	18.3	(	0	-8.865	0	)	)
	(	18.4	(	0	-8.87	0	)	)
	(	18.5	(	0	-8.875	0	)	)
	(	18.6	(	0	-8.88	0	)	)
	(	18.7	(	0	-8.885	0	)	)
	(	18.8	(	0	-8.89	0	)	)
	(	18.9	(	0	-8.895	0	)	)
	(	19	(	0	-8.9	0	)	)
	(	19.1	(	0	-8.905	0	)	)
	(	19.2	(	0	-8.91	0	)	)
	(	19.3	(	0	-8.915	0	)	)
	(	19.4	(	0	-8.92	0	)	)
	(	19.5	(	0	-8.925	0	)	)
	(	19.6	(	0	-8.93	0	)	)
	(	19.7	(	0	-8.935	0	)	)
	(	19.8	(	0	-8.94	0	)	)
	(	19.9	(	0	-8.945	0	)	)
	(	20	(	0	-8.95	0	)	)
	(	20.1	(	0	-8.955	0	)	)
	(	20.2	(	0	-8.96	0	)	)
	(	20.3	(	0	-8.965	0	)	)
	(	20.4	(	0	-8.97	0	)	)
	(	20.5	(	0	-8.975	0	)	)
	(	20.6	(	0	-8.98	0	)	)
	(	20.7	(	0	-8.985	0	)	)
	(	20.8	(	0	-8.99	0	)	)
	(	20.9	(	0	-8.995	0	)	)
	(	21	(	0	-9	0	)	)
	(	21.1	(	0	-9.005	0	)	)
	(	21.2	(	0	-9.01	0	)	)
	(	21.3	(	0	-9.015	0	)	)
	(	21.4	(	0	-9.02	0	)	)
	(	21.5	(	0	-9.025	0	)	)
	(	21.6	(	0	-9.03	0	)	)
	(	21.7	(	0	-9.035	0	)	)
	(	21.8	(	0	-9.04	0	)	)
	(	21.9	(	0	-9.045	0	)	)
	(	22	(	0	-9.05	0	)	)
	(	22.1	(	0	-9.055	0	)	)
	(	22.2	(	0	-9.06	0	)	)
	(	22.3	(	0	-9.065	0	)	)
//	(	22.4	(	0	-9.07	0	)	)
//	(	22.5	(	0	-9.075	0	)	)
//	(	22.6	(	0	-9.08	0	)	)
//	(	22.7	(	0	-9.085	0	)	)
//	(	22.8	(	0	-9.09	0	)	)
//	(	22.9	(	0	-9.095	0	)	)
//	(	23	(	0	-9.1	0	)	)
//	(	23.1	(	0	-9.105	0	)	)
//	(	23.2	(	0	-9.11	0	)	)
//	(	23.3	(	0	-9.115	0	)	)
//	(	23.4	(	0	-9.12	0	)	)
//	(	23.5	(	0	-9.125	0	)	)
//	(	23.6	(	0	-9.13	0	)	)
//	(	23.7	(	0	-9.135	0	)	)
//	(	23.8	(	0	-9.14	0	)	)
//	(	23.9	(	0	-9.145	0	)	)
//	(	24	(	0	-9.15	0	)	)
//	(	24.1	(	0	-9.155	0	)	)
//	(	24.2	(	0	-9.16	0	)	)
//	(	24.3	(	0	-9.165	0	)	)
//	(	24.4	(	0	-9.17	0	)	)
//	(	24.5	(	0	-9.175	0	)	)
//	(	24.6	(	0	-9.18	0	)	)
)
