/*--------------------------------*- C++ -*----------------------------------*\
| =========                 |                                                 |
| \\      /  F ield         | OpenFOAM: The Open Source CFD Toolbox           |
|  \\    /   O peration     | Version:  2312                                  |
|   \\  /    A nd           | Website:  www.openfoam.com                      |
|    \\/     M anipulation  |                                                 |
\*---------------------------------------------------------------------------*/
FoamFile
{
    version     2.0;
    format      ascii;
    arch        "LSB;label=32;scalar=64";
    class       pointVectorField;
    location    "0.1/beam";
    object      pointW;
}
// * * * * * * * * * * * * * * * * * * * * * * * * * * * * * * * * * * * * * //

dimensions      [0 1 0 0 0 0 0];

internalField   nonuniform List<vector> 
1952
(
(1.652464969e-06 4.628795101e-17 3.37663791e-10)
(1.620712855e-06 4.542807103e-17 3.311755722e-10)
(1.526679336e-06 4.27175656e-17 3.119608053e-10)
(1.373975048e-06 3.859759734e-17 2.807572863e-10)
(1.168470373e-06 3.252606517e-17 2.387645663e-10)
(9.18059963e-07 2.558717127e-17 1.875958338e-10)
(6.323694256e-07 1.778091563e-17 1.292179809e-10)
(3.22379804e-07 8.67361738e-18 6.587486795e-11)
(4.19106002e-17 0 -4.627064103e-17)
(-3.223798039e-07 -8.67361738e-18 -6.58749587e-11)
(-6.323694255e-07 -1.778091563e-17 -1.292180664e-10)
(-9.180599629e-07 -2.558717127e-17 -1.875959106e-10)
(-1.168470373e-06 -3.252606517e-17 -2.387646318e-10)
(-1.373975048e-06 -3.859759734e-17 -2.80757338e-10)
(-1.526679336e-06 -4.27175656e-17 -3.119608408e-10)
(-1.620712855e-06 -4.542807103e-17 -3.311755904e-10)
(-1.652464969e-06 -4.628795101e-17 -3.37663791e-10)
(-1.620712855e-06 -4.542807103e-17 -3.311755722e-10)
(-1.526679336e-06 -4.27175656e-17 -3.119608053e-10)
(-1.373975048e-06 -3.859759734e-17 -2.807572863e-10)
(-1.168470373e-06 -3.252606517e-17 -2.387645663e-10)
(-9.18059963e-07 -2.558717127e-17 -1.875958338e-10)
(-6.323694256e-07 -1.778091563e-17 -1.292179809e-10)
(-3.22379804e-07 -8.67361738e-18 -6.587486795e-11)
(-4.191075695e-17 0 4.6270641e-17)
(3.223798039e-07 8.67361738e-18 6.58749587e-11)
(6.323694255e-07 1.778091563e-17 1.292180664e-10)
(9.180599629e-07 2.558717127e-17 1.875959106e-10)
(1.168470373e-06 3.252606517e-17 2.387646318e-10)
(1.373975048e-06 3.859759734e-17 2.80757338e-10)
(1.526679336e-06 4.27175656e-17 3.119608408e-10)
(1.620712855e-06 4.542807103e-17 3.311755904e-10)
(1.232764298e-05 1.518917428e-15 1.844806345e-05)
(1.229535685e-05 1.517991462e-15 1.844805673e-05)
(1.219974184e-05 1.515280956e-15 1.844803685e-05)
(1.204446931e-05 1.511377828e-15 1.844800456e-05)
(1.183550838e-05 1.505306296e-15 1.84479611e-05)
(1.158088647e-05 1.498367402e-15 1.844790815e-05)
(1.129039108e-05 1.490561147e-15 1.844784774e-05)
(1.097518793e-05 1.481453848e-15 1.844778218e-05)
(1.064738622e-05 1.472780231e-15 1.844771401e-05)
(1.03195845e-05 1.464106614e-15 1.844764584e-05)
(1.000438136e-05 1.454999315e-15 1.844758029e-05)
(9.713885964e-06 1.44719306e-15 1.844751988e-05)
(9.459264054e-06 1.440254166e-15 1.844746692e-05)
(9.250303122e-06 1.434182634e-15 1.844742347e-05)
(9.095030594e-06 1.429845825e-15 1.844739118e-05)
(8.999415583e-06 1.42713532e-15 1.844737129e-05)
(8.967129449e-06 1.426340789e-15 1.844736458e-05)
(8.999415583e-06 1.42713532e-15 1.844737129e-05)
(9.095030594e-06 1.429845825e-15 1.844739118e-05)
(9.250303122e-06 1.434182634e-15 1.844742347e-05)
(9.459264054e-06 1.440254166e-15 1.844746693e-05)
(9.713885964e-06 1.44719306e-15 1.844751988e-05)
(1.000438136e-05 1.454999315e-15 1.844758029e-05)
(1.03195845e-05 1.464106614e-15 1.844764584e-05)
(1.064738622e-05 1.472780231e-15 1.844771401e-05)
(1.097518793e-05 1.481453848e-15 1.844778218e-05)
(1.129039108e-05 1.490561147e-15 1.844784774e-05)
(1.158088647e-05 1.498367402e-15 1.844790815e-05)
(1.183550838e-05 1.505306296e-15 1.84479611e-05)
(1.204446931e-05 1.511377828e-15 1.844800456e-05)
(1.219974184e-05 1.515280956e-15 1.844803685e-05)
(1.229535685e-05 1.517991462e-15 1.844805673e-05)
(2.305716515e-05 2.02685695e-15 3.750580381e-05)
(2.302329585e-05 2.02594018e-15 3.750579641e-05)
(2.292299231e-05 2.023338094e-15 3.750577449e-05)
(2.276010592e-05 2.019218126e-15 3.75057389e-05)
(2.254089849e-05 2.013146594e-15 3.7505691e-05)
(2.227379108e-05 2.0062077e-15 3.750563264e-05)
(2.19690511e-05 1.998401444e-15 3.750556605e-05)
(2.163839182e-05 1.988860465e-15 3.75054938e-05)
(2.129451619e-05 1.980186848e-15 3.750541866e-05)
(2.095064057e-05 1.97151323e-15 3.750534352e-05)
(2.061998128e-05 1.962839613e-15 3.750527126e-05)
(2.031524131e-05 1.955033357e-15 3.750520467e-05)
(2.004813389e-05 1.948094464e-15 3.750514631e-05)
(1.982892646e-05 1.942022931e-15 3.750509841e-05)
(1.966604007e-05 1.937902963e-15 3.750506282e-05)
(1.956573653e-05 1.935084037e-15 3.75050409e-05)
(1.953186723e-05 1.934278313e-15 3.75050335e-05)
(1.956573653e-05 1.935084037e-15 3.75050409e-05)
(1.966604007e-05 1.937902963e-15 3.750506282e-05)
(1.982892646e-05 1.942022931e-15 3.750509841e-05)
(2.004813389e-05 1.948094464e-15 3.750514631e-05)
(2.031524131e-05 1.955033357e-15 3.750520468e-05)
(2.061998128e-05 1.962839613e-15 3.750527126e-05)
(2.095064057e-05 1.97151323e-15 3.750534352e-05)
(2.129451619e-05 1.980186848e-15 3.750541866e-05)
(2.163839182e-05 1.988860465e-15 3.75054938e-05)
(2.19690511e-05 1.998401444e-15 3.750556605e-05)
(2.227379108e-05 2.0062077e-15 3.750563264e-05)
(2.254089849e-05 2.013146594e-15 3.7505691e-05)
(2.276010592e-05 2.019218126e-15 3.75057389e-05)
(2.292299231e-05 2.023338094e-15 3.750577449e-05)
(2.302329585e-05 2.02594018e-15 3.750579641e-05)
(3.383780569e-05 2.604156369e-15 5.776176619e-05)
(3.38013608e-05 2.603277836e-15 5.776175761e-05)
(3.369342969e-05 2.600567331e-15 5.776173219e-05)
(3.351815663e-05 2.596447363e-15 5.776169092e-05)
(3.32822796e-05 2.590375831e-15 5.776163537e-05)
(3.299486003e-05 2.583436937e-15 5.776156768e-05)
(3.266694615e-05 2.575630681e-15 5.776149045e-05)
(3.231114193e-05 2.566523383e-15 5.776140666e-05)
(3.194111633e-05 2.557849765e-15 5.776131952e-05)
(3.157109072e-05 2.549176148e-15 5.776123237e-05)
(3.12152865e-05 2.54006885e-15 5.776114858e-05)
(3.088737262e-05 2.532262594e-15 5.776107135e-05)
(3.059995305e-05 2.5253237e-15 5.776100367e-05)
(3.036407602e-05 2.519252168e-15 5.776094812e-05)
(3.018880296e-05 2.5151322e-15 5.776090684e-05)
(3.008087185e-05 2.512421694e-15 5.776088142e-05)
(3.004442696e-05 2.511574323e-15 5.776087284e-05)
(3.008087185e-05 2.512421694e-15 5.776088142e-05)
(3.018880296e-05 2.5151322e-15 5.776090684e-05)
(3.036407602e-05 2.519252168e-15 5.776094812e-05)
(3.059995305e-05 2.5253237e-15 5.776100367e-05)
(3.088737262e-05 2.532262594e-15 5.776107135e-05)
(3.12152865e-05 2.54006885e-15 5.776114858e-05)
(3.157109072e-05 2.549176148e-15 5.776123237e-05)
(3.194111633e-05 2.557849765e-15 5.776131952e-05)
(3.231114193e-05 2.566523383e-15 5.776140666e-05)
(3.266694615e-05 2.575630681e-15 5.776149045e-05)
(3.299486003e-05 2.583436937e-15 5.776156768e-05)
(3.32822796e-05 2.590375831e-15 5.776163537e-05)
(3.351815663e-05 2.596447363e-15 5.776169092e-05)
(3.369342969e-05 2.600567331e-15 5.776173219e-05)
(3.38013608e-05 2.603277836e-15 5.776175761e-05)
(4.466433856e-05 3.282339566e-15 7.976054414e-05)
(4.462442033e-05 3.281446295e-15 7.976053383e-05)
(4.450620296e-05 3.27884421e-15 7.976050328e-05)
(4.431422569e-05 3.274724242e-15 7.976045369e-05)
(4.405586865e-05 3.26865271e-15 7.976038694e-05)
(4.374105687e-05 3.261713816e-15 7.976030561e-05)
(4.33818915e-05 3.25390756e-15 7.976021282e-05)
(4.299217773e-05 3.244800262e-15 7.976011214e-05)
(4.258688724e-05 3.236126644e-15 7.976000744e-05)
(4.218159674e-05 3.227453027e-15 7.975990273e-05)
(4.179188297e-05 3.218345729e-15 7.975980205e-05)
(4.14327176e-05 3.210539473e-15 7.975970926e-05)
(4.111790582e-05 3.203600579e-15 7.975962793e-05)
(4.085954878e-05 3.197529047e-15 7.975956118e-05)
(4.066757151e-05 3.193409079e-15 7.975951159e-05)
(4.054935414e-05 3.190590153e-15 7.975948105e-05)
(4.050943591e-05 3.189752101e-15 7.975947073e-05)
(4.054935414e-05 3.190590153e-15 7.975948105e-05)
(4.066757151e-05 3.193409079e-15 7.975951159e-05)
(4.085954878e-05 3.197529047e-15 7.975956118e-05)
(4.111790582e-05 3.203600579e-15 7.975962793e-05)
(4.14327176e-05 3.210539473e-15 7.975970926e-05)
(4.179188297e-05 3.218345729e-15 7.975980205e-05)
(4.218159674e-05 3.227453027e-15 7.975990273e-05)
(4.258688724e-05 3.236126644e-15 7.976000744e-05)
(4.299217773e-05 3.244800262e-15 7.976011214e-05)
(4.33818915e-05 3.25390756e-15 7.976021282e-05)
(4.374105687e-05 3.261713816e-15 7.976030561e-05)
(4.405586865e-05 3.26865271e-15 7.976038694e-05)
(4.431422569e-05 3.274724242e-15 7.976045369e-05)
(4.450620296e-05 3.27884421e-15 7.976050328e-05)
(4.462442033e-05 3.281446295e-15 7.976053383e-05)
(5.552952551e-05 4.089097542e-15 0.0001039811989)
(5.548536899e-05 4.088201132e-15 0.0001039811862)
(5.535459997e-05 4.085490626e-15 0.0001039811488)
(5.514223963e-05 4.081370658e-15 0.0001039810881)
(5.485645169e-05 4.075299126e-15 0.0001039810063)
(5.450821497e-05 4.068360232e-15 0.0001039809067)
(5.411091545e-05 4.060553976e-15 0.000103980793)
(5.367982407e-05 4.051446678e-15 0.0001039806696)
(5.32315021e-05 4.042773061e-15 0.0001039805413)
(5.278318014e-05 4.034099443e-15 0.0001039804131)
(5.235208876e-05 4.024992145e-15 0.0001039802897)
(5.195478924e-05 4.017185889e-15 0.000103980176)
(5.160655252e-05 4.010246996e-15 0.0001039800764)
(5.132076458e-05 4.004175463e-15 0.0001039799946)
(5.110840424e-05 4.000055495e-15 0.0001039799338)
(5.097763522e-05 3.99734499e-15 0.0001039798964)
(5.09334787e-05 3.996502266e-15 0.0001039798838)
(5.097763522e-05 3.99734499e-15 0.0001039798964)
(5.110840424e-05 4.000055495e-15 0.0001039799338)
(5.132076458e-05 4.004175463e-15 0.0001039799946)
(5.160655252e-05 4.010246996e-15 0.0001039800764)
(5.195478924e-05 4.017185889e-15 0.000103980176)
(5.235208876e-05 4.024992145e-15 0.0001039802897)
(5.278318014e-05 4.034099443e-15 0.0001039804131)
(5.32315021e-05 4.042773061e-15 0.0001039805413)
(5.367982407e-05 4.051446678e-15 0.0001039806696)
(5.411091545e-05 4.060553976e-15 0.000103980793)
(5.450821497e-05 4.068360232e-15 0.0001039809067)
(5.485645169e-05 4.075299126e-15 0.0001039810063)
(5.514223962e-05 4.081370658e-15 0.0001039810881)
(5.535459997e-05 4.085490626e-15 0.0001039811488)
(5.548536899e-05 4.088201132e-15 0.0001039811862)
(6.642411058e-05 5.046928046e-15 0.0001308152021)
(6.637512204e-05 5.046093751e-15 0.0001308151865)
(6.623004305e-05 5.043274826e-15 0.0001308151404)
(6.599444426e-05 5.039371698e-15 0.0001308150656)
(6.567738274e-05 5.033300166e-15 0.0001308149648)
(6.529103871e-05 5.026361272e-15 0.000130814842)
(6.485026296e-05 5.018555016e-15 0.000130814702)
(6.437199754e-05 5.009014037e-15 0.00013081455)
(6.387461601e-05 5.00034042e-15 0.000130814392)
(6.337723447e-05 4.991666802e-15 0.0001308142339)
(6.289896905e-05 4.982993185e-15 0.0001308140819)
(6.245819331e-05 4.975186929e-15 0.0001308139419)
(6.207184927e-05 4.968248035e-15 0.0001308138191)
(6.175478775e-05 4.962176503e-15 0.0001308137184)
(6.151918896e-05 4.957839694e-15 0.0001308136435)
(6.137410997e-05 4.955237609e-15 0.0001308135974)
(6.132512143e-05 4.95432206e-15 0.0001308135818)
(6.137410997e-05 4.955237609e-15 0.0001308135974)
(6.151918896e-05 4.957839694e-15 0.0001308136435)
(6.175478775e-05 4.962176503e-15 0.0001308137184)
(6.207184927e-05 4.968248035e-15 0.0001308138191)
(6.245819331e-05 4.975186929e-15 0.0001308139419)
(6.289896905e-05 4.982993185e-15 0.0001308140819)
(6.337723447e-05 4.991666802e-15 0.0001308142339)
(6.387461601e-05 5.00034042e-15 0.000130814392)
(6.437199754e-05 5.009014037e-15 0.00013081455)
(6.485026296e-05 5.018555016e-15 0.000130814702)
(6.529103871e-05 5.026361272e-15 0.000130814842)
(6.567738274e-05 5.033300166e-15 0.0001308149648)
(6.599444426e-05 5.039371698e-15 0.0001308150656)
(6.623004305e-05 5.043274826e-15 0.0001308151404)
(6.637512204e-05 5.046093751e-15 0.0001308151865)
(7.733682686e-05 6.171717381e-15 0.0001605442024)
(7.728262255e-05 6.170736665e-15 0.0001605441833)
(7.712209712e-05 6.168243e-15 0.0001605441269)
(7.68614143e-05 6.163906191e-15 0.0001605440351)
(7.651059549e-05 6.15826834e-15 0.0001605439117)
(7.608311771e-05 6.150895765e-15 0.0001605437613)
(7.559541292e-05 6.143089509e-15 0.0001605435897)
(7.506622695e-05 6.133982211e-15 0.0001605434035)
(7.451588959e-05 6.125308594e-15 0.0001605432099)
(7.396555223e-05 6.116634976e-15 0.0001605430162)
(7.343636626e-05 6.107527678e-15 0.00016054283)
(7.294866147e-05 6.099721422e-15 0.0001605426584)
(7.252118368e-05 6.092348848e-15 0.000160542508)
(7.217036487e-05 6.086710996e-15 0.0001605423846)
(7.190968206e-05 6.082807869e-15 0.0001605422929)
(7.174915662e-05 6.079880523e-15 0.0001605422364)
(7.169495231e-05 6.079097874e-15 0.0001605422173)
(7.174915662e-05 6.079880523e-15 0.0001605422364)
(7.190968206e-05 6.082807869e-15 0.0001605422929)
(7.217036487e-05 6.086710996e-15 0.0001605423846)
(7.252118368e-05 6.092348848e-15 0.000160542508)
(7.294866147e-05 6.099721422e-15 0.0001605426584)
(7.343636626e-05 6.107527678e-15 0.00016054283)
(7.396555223e-05 6.116634976e-15 0.0001605430162)
(7.451588959e-05 6.125308594e-15 0.0001605432099)
(7.506622695e-05 6.133982211e-15 0.0001605434035)
(7.559541292e-05 6.143089509e-15 0.0001605435897)
(7.608311771e-05 6.150895765e-15 0.0001605437613)
(7.651059549e-05 6.15826834e-15 0.0001605439117)
(7.68614143e-05 6.163906191e-15 0.0001605440351)
(7.712209712e-05 6.168243e-15 0.0001605441269)
(7.728262255e-05 6.170736665e-15 0.0001605441833)
(8.825441707e-05 7.471258808e-15 0.0001933176015)
(8.81948623e-05 7.470369809e-15 0.0001933175785)
(8.801849151e-05 7.467767724e-15 0.0001933175103)
(8.773207689e-05 7.463647755e-15 0.0001933173995)
(8.734662901e-05 7.458009904e-15 0.0001933172504)
(8.687695521e-05 7.450637329e-15 0.0001933170688)
(8.634110944e-05 7.442831074e-15 0.0001933168615)
(8.575968791e-05 7.433290095e-15 0.0001933166366)
(8.515502715e-05 7.424616477e-15 0.0001933164028)
(8.45503664e-05 7.41594286e-15 0.0001933161689)
(8.396894487e-05 7.407269242e-15 0.000193315944)
(8.34330991e-05 7.399462987e-15 0.0001933157367)
(8.29634253e-05 7.392090412e-15 0.0001933155551)
(8.257797742e-05 7.386452561e-15 0.000193315406)
(8.229156279e-05 7.382332592e-15 0.0001933152952)
(8.211519201e-05 7.379513667e-15 0.000193315227)
(8.205563723e-05 7.37862316e-15 0.000193315204)
(8.211519201e-05 7.379513667e-15 0.000193315227)
(8.229156279e-05 7.382332592e-15 0.0001933152952)
(8.257797742e-05 7.386452561e-15 0.000193315406)
(8.29634253e-05 7.392090412e-15 0.0001933155551)
(8.34330991e-05 7.399462987e-15 0.0001933157367)
(8.396894487e-05 7.407269242e-15 0.000193315944)
(8.45503664e-05 7.41594286e-15 0.0001933161689)
(8.515502715e-05 7.424616477e-15 0.0001933164028)
(8.575968791e-05 7.433290095e-15 0.0001933166366)
(8.634110944e-05 7.442831074e-15 0.0001933168615)
(8.687695521e-05 7.450637329e-15 0.0001933170688)
(8.734662901e-05 7.458009904e-15 0.0001933172504)
(8.773207689e-05 7.463647755e-15 0.0001933173995)
(8.801849151e-05 7.467767724e-15 0.0001933175103)
(8.81948623e-05 7.470369809e-15 0.0001933175785)
(9.916166491e-05 8.943759212e-15 0.0002291299213)
(9.90969135e-05 8.9429332e-15 0.000229129894)
(9.890515295e-05 8.940114274e-15 0.0002291298134)
(9.859374635e-05 8.935994306e-15 0.0002291296823)
(9.817466504e-05 8.930356454e-15 0.000229129506)
(9.766400843e-05 8.92298388e-15 0.0002291292912)
(9.70814058e-05 8.915177624e-15 0.0002291290461)
(9.644925057e-05 8.906070326e-15 0.0002291287802)
(9.57918283e-05 8.897396708e-15 0.0002291285036)
(9.513440603e-05 8.888723091e-15 0.000229128227)
(9.45022508e-05 8.879615793e-15 0.0002291279611)
(9.391964817e-05 8.871809537e-15 0.000229127716)
(9.340899156e-05 8.864436962e-15 0.0002291275012)
(9.298991025e-05 8.858799111e-15 0.0002291273249)
(9.267850365e-05 8.854679143e-15 0.0002291271938)
(9.24867431e-05 8.852077057e-15 0.0002291271132)
(9.242199169e-05 8.851105872e-15 0.0002291270859)
(9.24867431e-05 8.852077057e-15 0.0002291271132)
(9.267850365e-05 8.854679143e-15 0.0002291271938)
(9.298991025e-05 8.858799111e-15 0.0002291273249)
(9.340899156e-05 8.864436962e-15 0.0002291275012)
(9.391964817e-05 8.871809537e-15 0.000229127716)
(9.45022508e-05 8.879615793e-15 0.0002291279611)
(9.513440603e-05 8.888723091e-15 0.000229128227)
(9.57918283e-05 8.897396708e-15 0.0002291285036)
(9.644925057e-05 8.906070326e-15 0.0002291287802)
(9.70814058e-05 8.915177624e-15 0.0002291290461)
(9.766400843e-05 8.92298388e-15 0.0002291292912)
(9.817466504e-05 8.930356454e-15 0.000229129506)
(9.859374635e-05 8.935994306e-15 0.0002291296823)
(9.890515295e-05 8.940114274e-15 0.0002291298134)
(9.90969135e-05 8.9429332e-15 0.000229129894)
(0.0001100414435 1.057629639e-14 0.0002677979864)
(0.0001099719775 1.057530799e-14 0.000267797955)
(0.0001097662549 1.057270591e-14 0.0002677978621)
(0.0001094321748 1.05683691e-14 0.0002677977113)
(0.0001089825802 1.056273125e-14 0.0002677975084)
(0.0001084347427 1.055535867e-14 0.000267797261)
(0.0001078097209 1.054755241e-14 0.0002677969789)
(0.0001071315385 1.053844512e-14 0.0002677966727)
(0.0001064262493 1.05297715e-14 0.0002677963543)
(0.0001057209602 1.052109788e-14 0.0002677960359)
(0.0001050427778 1.051199058e-14 0.0002677957298)
(0.0001044177559 1.050418433e-14 0.0002677954476)
(0.0001038699185 1.049681175e-14 0.0002677952003)
(0.0001034203239 1.04911739e-14 0.0002677949973)
(0.0001030862438 1.048727077e-14 0.0002677948465)
(0.0001028805212 1.048445185e-14 0.0002677947536)
(0.0001028110552 1.048362518e-14 0.0002677947223)
(0.0001028805212 1.048445185e-14 0.0002677947536)
(0.0001030862438 1.048727077e-14 0.0002677948465)
(0.0001034203239 1.04911739e-14 0.0002677949973)
(0.0001038699185 1.049681175e-14 0.0002677952003)
(0.0001044177559 1.050418433e-14 0.0002677954476)
(0.0001050427778 1.051199058e-14 0.0002677957298)
(0.0001057209602 1.052109788e-14 0.0002677960359)
(0.0001064262493 1.05297715e-14 0.0002677963543)
(0.0001071315385 1.053844512e-14 0.0002677966727)
(0.0001078097209 1.054755241e-14 0.0002677969789)
(0.0001084347427 1.055535867e-14 0.000267797261)
(0.0001089825802 1.056273125e-14 0.0002677975084)
(0.0001094321748 1.05683691e-14 0.0002677977113)
(0.0001097662549 1.057270591e-14 0.0002677978621)
(0.0001099719775 1.057530799e-14 0.000267797955)
(0.000120874778 1.234330646e-14 0.0003089380242)
(0.0001208014476 1.234244911e-14 0.0003089379892)
(0.0001205842805 1.233952177e-14 0.0003089378857)
(0.0001202316153 1.233561864e-14 0.0003089377176)
(0.0001197570095 1.232998079e-14 0.0003089374914)
(0.0001191786954 1.232260821e-14 0.0003089372158)
(0.0001185189032 1.231480196e-14 0.0003089369013)
(0.000117802993 1.230526098e-14 0.00030893656)
(0.0001170584682 1.229658736e-14 0.0003089362052)
(0.0001163139434 1.228791374e-14 0.0003089358503)
(0.0001155980333 1.227924012e-14 0.000308935509)
(0.000114938241 1.227143387e-14 0.0003089351945)
(0.000114359927 1.226406129e-14 0.0003089349189)
(0.0001138853211 1.225842344e-14 0.0003089346927)
(0.000113532656 1.225408663e-14 0.0003089345246)
(0.0001133154889 1.225159297e-14 0.0003089344211)
(0.0001132421585 1.225061944e-14 0.0003089343861)
(0.0001133154889 1.225159297e-14 0.0003089344211)
(0.000113532656 1.225408663e-14 0.0003089345246)
(0.0001138853211 1.225842344e-14 0.0003089346927)
(0.000114359927 1.226406129e-14 0.0003089349189)
(0.000114938241 1.227143387e-14 0.0003089351945)
(0.0001155980333 1.227924012e-14 0.000308935509)
(0.0001163139434 1.228791374e-14 0.0003089358503)
(0.0001170584682 1.229658736e-14 0.0003089362052)
(0.000117802993 1.230526098e-14 0.00030893656)
(0.0001185189032 1.231480196e-14 0.0003089369013)
(0.0001191786954 1.232260821e-14 0.0003089372158)
(0.0001197570095 1.232998079e-14 0.0003089374914)
(0.0001202316153 1.233561864e-14 0.0003089377176)
(0.0001205842805 1.233952177e-14 0.0003089378857)
(0.0001208014476 1.234244911e-14 0.0003089379892)
(0.0001316409178 1.4205216e-14 0.0003519428274)
(0.0001315649806 1.42043495e-14 0.0003519427899)
(0.0001313400935 1.420153058e-14 0.0003519426789)
(0.0001309748915 1.419741061e-14 0.0003519424986)
(0.0001304834141 1.419177276e-14 0.000351942256)
(0.0001298845417 1.418440018e-14 0.0003519419604)
(0.0001292012947 1.417659393e-14 0.0003519416231)
(0.0001284599348 1.416748663e-14 0.0003519412571)
(0.0001276889431 1.415881301e-14 0.0003519408765)
(0.0001269179514 1.415013939e-14 0.0003519404959)
(0.0001261765915 1.41410321e-14 0.0003519401299)
(0.0001254933445 1.413322584e-14 0.0003519397926)
(0.0001248944721 1.412585326e-14 0.000351939497)
(0.0001244029947 1.412021541e-14 0.0003519392543)
(0.0001240377927 1.411609545e-14 0.0003519390741)
(0.0001238129055 1.411349336e-14 0.000351938963)
(0.0001237369684 1.41125178e-14 0.0003519389255)
(0.0001238129055 1.411349336e-14 0.000351938963)
(0.0001240377927 1.411609545e-14 0.0003519390741)
(0.0001244029947 1.412021541e-14 0.0003519392543)
(0.0001248944721 1.412585326e-14 0.000351939497)
(0.0001254933445 1.413322584e-14 0.0003519397926)
(0.0001261765915 1.41410321e-14 0.0003519401299)
(0.0001269179514 1.415013939e-14 0.0003519404959)
(0.0001276889431 1.415881301e-14 0.0003519408765)
(0.0001284599348 1.416748663e-14 0.0003519412571)
(0.0001292012947 1.417659393e-14 0.0003519416231)
(0.0001298845417 1.418440018e-14 0.0003519419604)
(0.0001304834141 1.419177276e-14 0.000351942256)
(0.0001309748915 1.419741061e-14 0.0003519424986)
(0.0001313400935 1.420153058e-14 0.0003519426789)
(0.0001315649806 1.42043495e-14 0.0003519427899)
(0.0001423174217 1.610720461e-14 0.0003959592492)
(0.0001422405815 1.610636537e-14 0.0003959592108)
(0.0001420130201 1.610365487e-14 0.0003959590971)
(0.0001416434752 1.60995349e-14 0.0003959589125)
(0.0001411461532 1.609389705e-14 0.0003959586641)
(0.0001405401592 1.608652447e-14 0.0003959583613)
(0.0001398487871 1.607871822e-14 0.0003959580159)
(0.0001390986112 1.606961092e-14 0.0003959576412)
(0.0001383184511 1.60609373e-14 0.0003959572514)
(0.0001375382909 1.605226368e-14 0.0003959568617)
(0.000136788115 1.604315639e-14 0.0003959564869)
(0.000136096743 1.603535013e-14 0.0003959561415)
(0.0001354907489 1.602797756e-14 0.0003959558388)
(0.000134993427 1.60223397e-14 0.0003959555903)
(0.0001346238821 1.601821974e-14 0.0003959554057)
(0.0001343963207 1.601550923e-14 0.000395955292)
(0.0001343194804 1.601450264e-14 0.0003959552536)
(0.0001343963207 1.601550923e-14 0.000395955292)
(0.0001346238821 1.601821974e-14 0.0003959554057)
(0.000134993427 1.60223397e-14 0.0003959555903)
(0.0001354907489 1.602797756e-14 0.0003959558388)
(0.000136096743 1.603535013e-14 0.0003959561415)
(0.000136788115 1.604315639e-14 0.0003959564869)
(0.0001375382909 1.605226368e-14 0.0003959568617)
(0.0001383184511 1.60609373e-14 0.0003959572514)
(0.0001390986112 1.606961092e-14 0.0003959576412)
(0.0001398487871 1.607871822e-14 0.0003959580159)
(0.0001405401592 1.608652447e-14 0.0003959583613)
(0.0001411461532 1.609389705e-14 0.0003959586641)
(0.0001416434752 1.60995349e-14 0.0003959589125)
(0.0001420130201 1.610365487e-14 0.0003959590971)
(0.0001422405815 1.610636537e-14 0.0003959592108)
(0.0001528802412 1.797820528e-14 0.0004398664116)
(0.0001528046849 1.797726464e-14 0.0004398663745)
(0.0001525809258 1.797477098e-14 0.0004398662645)
(0.0001522175557 1.797043417e-14 0.000439866086)
(0.0001517285435 1.796479632e-14 0.0004398658458)
(0.000151132675 1.795742374e-14 0.0004398655531)
(0.0001504528552 1.794961749e-14 0.0004398652191)
(0.000149715214 1.794051019e-14 0.0004398648567)
(0.0001489480896 1.793183657e-14 0.0004398644799)
(0.0001481809652 1.792316295e-14 0.000439864103)
(0.000147443324 1.791405566e-14 0.0004398637407)
(0.0001467635042 1.79062494e-14 0.0004398634067)
(0.0001461676358 1.789887683e-14 0.000439863114)
(0.0001456786236 1.789323897e-14 0.0004398628738)
(0.0001453152535 1.788933585e-14 0.0004398626953)
(0.0001450914944 1.78864085e-14 0.0004398625853)
(0.0001450159381 1.788550923e-14 0.0004398625482)
(0.0001450914944 1.78864085e-14 0.0004398625853)
(0.0001453152535 1.788933585e-14 0.0004398626953)
(0.0001456786236 1.789323897e-14 0.0004398628738)
(0.0001461676358 1.789887683e-14 0.000439863114)
(0.0001467635042 1.79062494e-14 0.0004398634067)
(0.000147443324 1.791405566e-14 0.0004398637407)
(0.0001481809652 1.792316295e-14 0.000439864103)
(0.0001489480896 1.793183657e-14 0.0004398644799)
(0.000149715214 1.794051019e-14 0.0004398648567)
(0.0001504528552 1.794961749e-14 0.0004398652191)
(0.000151132675 1.795742374e-14 0.0004398655531)
(0.0001517285435 1.796479632e-14 0.0004398658458)
(0.0001522175557 1.797043417e-14 0.000439866086)
(0.0001525809258 1.797477098e-14 0.0004398662645)
(0.0001528046849 1.797726464e-14 0.0004398663745)
(0.0001633038075 1.97302725e-14 0.0004822551724)
(0.0001632322395 1.972933535e-14 0.0004822551391)
(0.0001630202918 1.972662485e-14 0.0004822550404)
(0.0001626761025 1.972250488e-14 0.0004822548803)
(0.0001622129033 1.971686703e-14 0.0004822546647)
(0.0001616484884 1.970949445e-14 0.0004822544021)
(0.0001610045535 1.97016882e-14 0.0004822541025)
(0.0001603058495 1.96925809e-14 0.0004822537773)
(0.0001595792185 1.968390728e-14 0.0004822534392)
(0.0001588525875 1.967523366e-14 0.0004822531011)
(0.0001581538835 1.966612637e-14 0.000482252776)
(0.0001575099487 1.965832011e-14 0.0004822524763)
(0.0001569455338 1.965094754e-14 0.0004822522137)
(0.0001564823346 1.964530968e-14 0.0004822519982)
(0.0001561381453 1.964118972e-14 0.000482251838)
(0.0001559261976 1.963847921e-14 0.0004822517394)
(0.0001558546296 1.963759326e-14 0.0004822517061)
(0.0001559261976 1.963847921e-14 0.0004822517394)
(0.0001561381453 1.964118972e-14 0.000482251838)
(0.0001564823346 1.964530968e-14 0.0004822519982)
(0.0001569455338 1.965094754e-14 0.0004822522137)
(0.0001575099487 1.965832011e-14 0.0004822524763)
(0.0001581538835 1.966612637e-14 0.000482252776)
(0.0001588525875 1.967523366e-14 0.0004822531011)
(0.0001595792185 1.968390728e-14 0.0004822534392)
(0.0001603058495 1.96925809e-14 0.0004822537773)
(0.0001610045535 1.97016882e-14 0.0004822541025)
(0.0001616484884 1.970949445e-14 0.0004822544021)
(0.0001622129033 1.971686703e-14 0.0004822546647)
(0.0001626761025 1.972250488e-14 0.0004822548803)
(0.0001630202918 1.972662485e-14 0.0004822550404)
(0.0001632322395 1.972933535e-14 0.0004822551391)
(0.0001735611006 2.125843046e-14 0.0005214095706)
(0.000173496773 2.125751832e-14 0.0005214095437)
(0.0001733062673 2.125491623e-14 0.000521409464)
(0.0001729968986 2.125036258e-14 0.0005214093347)
(0.0001725805598 2.124472473e-14 0.0005214091605)
(0.000172073245 2.123735215e-14 0.0005214089484)
(0.0001714944551 2.12295459e-14 0.0005214087063)
(0.0001708664368 2.122087228e-14 0.0005214084436)
(0.0001702133168 2.121219866e-14 0.0005214081705)
(0.0001695601968 2.120352505e-14 0.0005214078973)
(0.0001689321785 2.119398407e-14 0.0005214076347)
(0.0001683533885 2.118617781e-14 0.0005214073926)
(0.0001678460737 2.117880524e-14 0.0005214071804)
(0.0001674297349 2.117316739e-14 0.0005214070063)
(0.0001671203662 2.11694811e-14 0.0005214068769)
(0.0001669298606 2.116666217e-14 0.0005214067972)
(0.0001668655329 2.116577754e-14 0.0005214067703)
(0.0001669298606 2.116666217e-14 0.0005214067972)
(0.0001671203662 2.11694811e-14 0.0005214068769)
(0.0001674297349 2.117316739e-14 0.0005214070063)
(0.0001678460737 2.117880524e-14 0.0005214071804)
(0.0001683533885 2.118617781e-14 0.0005214073926)
(0.0001689321785 2.119398407e-14 0.0005214076347)
(0.0001695601968 2.120352505e-14 0.0005214078973)
(0.0001702133168 2.121219866e-14 0.0005214081705)
(0.0001708664368 2.122087228e-14 0.0005214084436)
(0.0001714944551 2.12295459e-14 0.0005214087063)
(0.000172073245 2.123735215e-14 0.0005214089484)
(0.0001725805598 2.124472473e-14 0.0005214091605)
(0.0001729968986 2.125036258e-14 0.0005214093347)
(0.0001733062673 2.125491623e-14 0.000521409464)
(0.000173496773 2.125751832e-14 0.0005214095437)
(0.000183623698 2.244110009e-14 0.0005552911454)
(0.0001835704345 2.244027447e-14 0.0005552911269)
(0.0001834126954 2.243734712e-14 0.0005552910723)
(0.0001831565373 2.243344399e-14 0.0005552909836)
(0.0001828118078 2.242780614e-14 0.0005552908643)
(0.0001823917499 2.242043357e-14 0.0005552907188)
(0.0001819125103 2.241262731e-14 0.0005552905529)
(0.0001813925096 2.240308633e-14 0.0005552903728)
(0.0001808517247 2.239441271e-14 0.0005552901856)
(0.0001803109397 2.23857391e-14 0.0005552899983)
(0.000179790939 2.237706548e-14 0.0005552898183)
(0.0001793116995 2.236925922e-14 0.0005552896524)
(0.0001788916415 2.236188665e-14 0.0005552895069)
(0.000178546912 2.23562488e-14 0.0005552893876)
(0.000178290754 2.235191199e-14 0.0005552892989)
(0.0001781330148 2.234941832e-14 0.0005552892442)
(0.0001780797514 2.234847826e-14 0.0005552892258)
(0.0001781330148 2.234941832e-14 0.0005552892442)
(0.000178290754 2.235191199e-14 0.0005552892989)
(0.000178546912 2.23562488e-14 0.0005552893876)
(0.0001788916415 2.236188665e-14 0.0005552895069)
(0.0001793116995 2.236925922e-14 0.0005552896524)
(0.000179790939 2.237706548e-14 0.0005552898183)
(0.0001803109397 2.23857391e-14 0.0005552899983)
(0.0001808517247 2.239441271e-14 0.0005552901856)
(0.0001813925096 2.240308633e-14 0.0005552903728)
(0.0001819125103 2.241262731e-14 0.0005552905529)
(0.0001823917499 2.242043357e-14 0.0005552907188)
(0.0001828118078 2.242780614e-14 0.0005552908643)
(0.0001831565373 2.243344399e-14 0.0005552909836)
(0.0001834126954 2.243734712e-14 0.0005552910723)
(0.0001835704345 2.244027447e-14 0.0005552911269)
(0.0001934617813 2.314128654e-14 0.0005815272227)
(0.0001934239943 2.314045223e-14 0.0005815272134)
(0.0001933120883 2.313774172e-14 0.0005815271859)
(0.0001931303603 2.313340491e-14 0.0005815271413)
(0.0001928857965 2.312733338e-14 0.0005815270812)
(0.0001925877919 2.312039449e-14 0.0005815270081)
(0.0001922478016 2.311258823e-14 0.0005815269246)
(0.0001918788939 2.310391461e-14 0.000581526834)
(0.0001914952411 2.3095241e-14 0.0005815267398)
(0.0001911115883 2.308656738e-14 0.0005815266456)
(0.0001907426806 2.30770264e-14 0.0005815265551)
(0.0001904026903 2.306922015e-14 0.0005815264716)
(0.0001901046857 2.306228125e-14 0.0005815263984)
(0.0001898601219 2.305620972e-14 0.0005815263384)
(0.0001896783939 2.305230659e-14 0.0005815262938)
(0.0001895664879 2.304959609e-14 0.0005815262663)
(0.0001895287008 2.304869049e-14 0.000581526257)
(0.0001895664879 2.304959609e-14 0.0005815262663)
(0.0001896783939 2.305230659e-14 0.0005815262938)
(0.0001898601219 2.305620972e-14 0.0005815263384)
(0.0001901046857 2.306228125e-14 0.0005815263984)
(0.0001904026903 2.306922015e-14 0.0005815264716)
(0.0001907426806 2.30770264e-14 0.0005815265551)
(0.0001911115883 2.308656738e-14 0.0005815266456)
(0.0001914952411 2.3095241e-14 0.0005815267398)
(0.0001918788939 2.310391461e-14 0.000581526834)
(0.0001922478016 2.311258823e-14 0.0005815269246)
(0.0001925877919 2.312039449e-14 0.0005815270081)
(0.0001928857965 2.312733338e-14 0.0005815270812)
(0.0001931303603 2.313340491e-14 0.0005815271413)
(0.0001933120883 2.313774172e-14 0.0005815271859)
(0.0001934239943 2.314045223e-14 0.0005815272134)
(0.0002030440906 2.320864044e-14 0.0005974044209)
(0.0002030267866 2.320778118e-14 0.000597404419)
(0.000202975541 2.320496226e-14 0.0005974044133)
(0.0002028923216 2.320105913e-14 0.0005974044039)
(0.0002027803275 2.31949876e-14 0.0005974043914)
(0.000202643861 2.31880487e-14 0.0005974043761)
(0.0002024881679 2.318024245e-14 0.0005974043587)
(0.0002023192324 2.317070147e-14 0.0005974043397)
(0.0002021435447 2.316202785e-14 0.0005974043201)
(0.000201967857 2.315335423e-14 0.0005974043004)
(0.0002017989216 2.314468062e-14 0.0005974042815)
(0.0002016432285 2.313687436e-14 0.000597404264)
(0.000201506762 2.312993547e-14 0.0005974042487)
(0.0002013947678 2.312386393e-14 0.0005974042362)
(0.0002013115484 2.311952713e-14 0.0005974042269)
(0.0002012603028 2.311692504e-14 0.0005974042211)
(0.0002012429988 2.311604787e-14 0.0005974042192)
(0.0002012603028 2.311692504e-14 0.0005974042211)
(0.0002013115484 2.311952713e-14 0.0005974042269)
(0.0002013947678 2.312386393e-14 0.0005974042362)
(0.000201506762 2.312993547e-14 0.0005974042487)
(0.0002016432285 2.313687436e-14 0.000597404264)
(0.0002017989216 2.314468062e-14 0.0005974042815)
(0.000201967857 2.315335423e-14 0.0005974043004)
(0.0002021435447 2.316202785e-14 0.0005974043201)
(0.0002023192324 2.317070147e-14 0.0005974043397)
(0.0002024881679 2.318024245e-14 0.0005974043587)
(0.000202643861 2.31880487e-14 0.0005974043761)
(0.0002027803275 2.31949876e-14 0.0005974043914)
(0.0002028923216 2.320105913e-14 0.0005974044039)
(0.000202975541 2.320496226e-14 0.0005974044133)
(0.0002030267866 2.320778118e-14 0.000597404419)
(0.0002123378034 2.248243749e-14 0.0005998687566)
(0.0002123465772 2.248147415e-14 0.0005998687561)
(0.0002123725606 2.247876364e-14 0.0005998687546)
(0.000212414756 2.247464367e-14 0.0005998687522)
(0.0002124715412 2.246900582e-14 0.000599868749)
(0.0002125407349 2.246163325e-14 0.0005998687452)
(0.0002126196772 2.245382699e-14 0.0005998687407)
(0.0002127053338 2.244471969e-14 0.0005998687359)
(0.0002127944141 2.243604608e-14 0.0005998687309)
(0.0002128834944 2.242737246e-14 0.0005998687259)
(0.000212969151 2.241826516e-14 0.0005998687211)
(0.0002130480933 2.241045891e-14 0.0005998687167)
(0.0002131172869 2.240308633e-14 0.0005998687128)
(0.0002131740722 2.239744848e-14 0.0005998687096)
(0.0002132162676 2.239332851e-14 0.0005998687072)
(0.000213242251 2.239061801e-14 0.0005998687058)
(0.0002132510248 2.238980045e-14 0.0005998687053)
(0.000213242251 2.239061801e-14 0.0005998687058)
(0.0002132162676 2.239332851e-14 0.0005998687072)
(0.0002131740722 2.239744848e-14 0.0005998687096)
(0.0002131172869 2.240308633e-14 0.0005998687128)
(0.0002130480933 2.241045891e-14 0.0005998687167)
(0.000212969151 2.241826516e-14 0.0005998687211)
(0.0002128834944 2.242737246e-14 0.0005998687259)
(0.0002127944141 2.243604608e-14 0.0005998687309)
(0.0002127053338 2.244471969e-14 0.0005998687359)
(0.0002126196772 2.245382699e-14 0.0005998687407)
(0.0002125407349 2.246163325e-14 0.0005998687452)
(0.0002124715412 2.246900582e-14 0.000599868749)
(0.000212414756 2.247464367e-14 0.0005998687522)
(0.0002123725606 2.247876364e-14 0.0005998687546)
(0.0002123465772 2.248147415e-14 0.0005998687561)
(0.0002213083312 2.079565591e-14 0.0005855338)
(0.0002213493437 2.079478083e-14 0.0005855337891)
(0.0002214708016 2.079217874e-14 0.0005855337567)
(0.0002216680413 2.078762509e-14 0.0005855337041)
(0.0002219334804 2.078198724e-14 0.0005855336333)
(0.0002222569217 2.077461467e-14 0.0005855335471)
(0.0002226259325 2.076680841e-14 0.0005855334487)
(0.000223026329 2.075770111e-14 0.0005855333419)
(0.0002234427293 2.07490275e-14 0.0005855332309)
(0.0002238591295 2.074035388e-14 0.0005855331199)
(0.000224259526 2.073124658e-14 0.0005855330131)
(0.0002246285368 2.072344032e-14 0.0005855329147)
(0.0002249519781 2.071606775e-14 0.0005855328285)
(0.0002252174172 2.07104299e-14 0.0005855327577)
(0.0002254146569 2.070630993e-14 0.0005855327051)
(0.0002255361149 2.070370785e-14 0.0005855326727)
(0.0002255771273 2.070289077e-14 0.0005855326618)
(0.0002255361149 2.070370785e-14 0.0005855326727)
(0.0002254146569 2.070630993e-14 0.0005855327051)
(0.0002252174172 2.07104299e-14 0.0005855327577)
(0.0002249519781 2.071606775e-14 0.0005855328285)
(0.0002246285368 2.072344032e-14 0.0005855329147)
(0.0002242595261 2.073124658e-14 0.0005855330131)
(0.0002238591295 2.074035388e-14 0.0005855331199)
(0.0002234427293 2.07490275e-14 0.0005855332309)
(0.000223026329 2.075770111e-14 0.0005855333419)
(0.0002226259325 2.076680841e-14 0.0005855334487)
(0.0002222569218 2.077461467e-14 0.0005855335471)
(0.0002219334804 2.078198724e-14 0.0005855336333)
(0.0002216680413 2.078762509e-14 0.0005855337041)
(0.0002214708016 2.079217874e-14 0.0005855337567)
(0.0002213493437 2.079478083e-14 0.0005855337891)
(0.0002299190252 1.798023109e-14 0.0005506983469)
(0.000229998964 1.797932463e-14 0.0005506983053)
(0.0002302357018 1.797672254e-14 0.0005506981822)
(0.0002306201484 1.797216889e-14 0.0005506979823)
(0.0002311375248 1.796653104e-14 0.0005506977133)
(0.0002317679553 1.795959215e-14 0.0005506973855)
(0.0002324872067 1.795135221e-14 0.0005506970115)
(0.0002332676332 1.794224491e-14 0.0005506966057)
(0.0002340792531 1.793357129e-14 0.0005506961837)
(0.000234890873 1.792489768e-14 0.0005506957617)
(0.0002356712995 1.791579038e-14 0.0005506953559)
(0.0002363905509 1.790755044e-14 0.0005506949819)
(0.0002370209815 1.790061155e-14 0.0005506946541)
(0.0002375383578 1.78949737e-14 0.0005506943851)
(0.0002379228045 1.789085373e-14 0.0005506941852)
(0.0002381595422 1.78880348e-14 0.0005506940621)
(0.000238239481 1.788720753e-14 0.0005506940205)
(0.0002381595422 1.78880348e-14 0.0005506940621)
(0.0002379228045 1.789085373e-14 0.0005506941852)
(0.0002375383578 1.78949737e-14 0.0005506943851)
(0.0002370209815 1.790061155e-14 0.0005506946541)
(0.0002363905509 1.790755044e-14 0.0005506949819)
(0.0002356712995 1.791579038e-14 0.0005506953559)
(0.000234890873 1.792489768e-14 0.0005506957617)
(0.0002340792531 1.793357129e-14 0.0005506961837)
(0.0002332676332 1.794224491e-14 0.0005506966057)
(0.0002324872067 1.795135221e-14 0.0005506970115)
(0.0002317679553 1.795959215e-14 0.0005506973855)
(0.0002311375248 1.796653104e-14 0.0005506977133)
(0.0002306201484 1.797216889e-14 0.0005506979823)
(0.0002302357018 1.797672254e-14 0.0005506981822)
(0.000229998964 1.797932463e-14 0.0005506983053)
(0.0002381298495 1.387400699e-14 0.0004913830437)
(0.0002382558646 1.387312574e-14 0.0004913829404)
(0.000238629057 1.387041523e-14 0.0004913826345)
(0.0002392350971 1.386651211e-14 0.0004913821377)
(0.0002400506869 1.386044057e-14 0.0004913814691)
(0.0002410444949 1.385350168e-14 0.0004913806545)
(0.0002421783197 1.384526174e-14 0.000491379725)
(0.0002434085807 1.383702181e-14 0.0004913787165)
(0.0002446880148 1.382748083e-14 0.0004913776677)
(0.0002459674489 1.381793985e-14 0.0004913766189)
(0.0002471977099 1.380969991e-14 0.0004913756104)
(0.0002483315347 1.380145997e-14 0.000491374681)
(0.0002493253427 1.379452108e-14 0.0004913738663)
(0.0002501409326 1.378844955e-14 0.0004913731978)
(0.0002507469726 1.378411274e-14 0.000491372701)
(0.000251120165 1.378140223e-14 0.000491372395)
(0.0002512461802 1.378053696e-14 0.0004913722917)
(0.000251120165 1.378140223e-14 0.000491372395)
(0.0002507469726 1.378411274e-14 0.000491372701)
(0.0002501409326 1.378844955e-14 0.0004913731978)
(0.0002493253427 1.379452108e-14 0.0004913738663)
(0.0002483315347 1.380145997e-14 0.000491374681)
(0.0002471977099 1.380969991e-14 0.0004913756104)
(0.0002459674489 1.381793985e-14 0.0004913766189)
(0.0002446880148 1.382748083e-14 0.0004913776677)
(0.0002434085807 1.383702181e-14 0.0004913787165)
(0.0002421783197 1.384526174e-14 0.000491379725)
(0.0002410444949 1.385350168e-14 0.0004913806545)
(0.0002400506869 1.386044057e-14 0.0004913814691)
(0.0002392350971 1.386651211e-14 0.0004913821377)
(0.000238629057 1.387041523e-14 0.0004913826345)
(0.0002382558646 1.387312574e-14 0.0004913829404)
(0.000245901475 8.3255905e-15 0.0004033290165)
(0.0002460811205 8.324721121e-15 0.0004033288066)
(0.0002466131387 8.322119036e-15 0.0004033281848)
(0.0002474771015 8.317565386e-15 0.0004033271752)
(0.0002486397958 8.311927535e-15 0.0004033258164)
(0.0002500565555 8.30455496e-15 0.0004033241607)
(0.0002516729213 8.296748705e-15 0.0004033222718)
(0.0002534267653 8.287641406e-15 0.0004033202222)
(0.0002552507099 8.278100427e-15 0.0004033180906)
(0.0002570746545 8.268559448e-15 0.0004033159591)
(0.0002588284985 8.260319512e-15 0.0004033139095)
(0.0002604448644 8.252513256e-15 0.0004033120205)
(0.000261861624 8.245140681e-15 0.0004033103649)
(0.0002630243183 8.23950283e-15 0.0004033090061)
(0.0002638882811 8.234949181e-15 0.0004033079964)
(0.0002644202993 8.232347096e-15 0.0004033073747)
(0.0002645999448 8.231418152e-15 0.0004033071647)
(0.0002644202993 8.232347096e-15 0.0004033073747)
(0.0002638882811 8.234949181e-15 0.0004033079964)
(0.0002630243183 8.23950283e-15 0.0004033090061)
(0.000261861624 8.245140681e-15 0.0004033103649)
(0.0002604448644 8.252513256e-15 0.0004033120205)
(0.0002588284985 8.260319512e-15 0.0004033139095)
(0.0002570746545 8.268559448e-15 0.0004033159591)
(0.0002552507099 8.278100427e-15 0.0004033180906)
(0.0002534267653 8.287641406e-15 0.0004033202222)
(0.0002516729213 8.296748705e-15 0.0004033222718)
(0.0002500565555 8.30455496e-15 0.0004033241607)
(0.0002486397958 8.311927535e-15 0.0004033258164)
(0.0002474771015 8.317565386e-15 0.0004033271752)
(0.0002466131387 8.322119036e-15 0.0004033281848)
(0.0002460811205 8.324721121e-15 0.0004033288066)
(0.0002531848782 1.209369225e-15 0.0002821494837)
(0.0002534259694 1.208560162e-15 0.0002821491056)
(0.0002541399582 1.205632816e-15 0.0002821479858)
(0.0002552994295 1.201296007e-15 0.0002821461673)
(0.0002568598097 1.195658156e-15 0.0002821437201)
(0.0002587611556 1.188285581e-15 0.000282140738)
(0.0002609303806 1.180045645e-15 0.0002821373359)
(0.0002632841066 1.171805708e-15 0.0002821336443)
(0.0002657319102 1.162264729e-15 0.0002821298053)
(0.0002681797138 1.15272375e-15 0.0002821259662)
(0.0002705334397 1.143616452e-15 0.0002821222747)
(0.0002727026647 1.135376515e-15 0.0002821188725)
(0.0002746040106 1.12800394e-15 0.0002821158905)
(0.0002761643909 1.122366089e-15 0.0002821134432)
(0.0002773238621 1.117595599e-15 0.0002821116247)
(0.000278037851 1.115101934e-15 0.0002821105049)
(0.0002782789422 1.114164174e-15 0.0002821101268)
(0.000278037851 1.115101934e-15 0.0002821105049)
(0.0002773238621 1.117595599e-15 0.0002821116247)
(0.0002761643909 1.122366089e-15 0.0002821134432)
(0.0002746040106 1.12800394e-15 0.0002821158905)
(0.0002727026647 1.135376515e-15 0.0002821188725)
(0.0002705334397 1.143616452e-15 0.0002821222747)
(0.0002681797138 1.15272375e-15 0.0002821259662)
(0.0002657319102 1.162264729e-15 0.0002821298053)
(0.0002632841066 1.171805708e-15 0.0002821336443)
(0.0002609303806 1.180045645e-15 0.0002821373359)
(0.0002587611556 1.188285581e-15 0.000282140738)
(0.0002568598097 1.195658156e-15 0.0002821437201)
(0.0002552994295 1.201296007e-15 0.0002821461673)
(0.0002541399582 1.205632816e-15 0.0002821479858)
(0.0002534259694 1.208560162e-15 0.0002821491056)
(0.0002599338362 -7.574844805e-15 0.0001232322948)
(0.0002602443782 -7.57575426e-15 0.0001232316674)
(0.0002611640448 -7.578356345e-15 0.0001232298096)
(0.0002626575232 -7.582909994e-15 0.0001232267925)
(0.0002646673999 -7.588981527e-15 0.0001232227321)
(0.0002671164637 -7.596354101e-15 0.0001232177846)
(0.0002699105742 -7.604594038e-15 0.00012321214)
(0.0002729423346 -7.613701336e-15 0.0001232060152)
(0.0002760952734 -7.623242315e-15 0.0001231996457)
(0.0002792482123 -7.632783294e-15 0.0001231932762)
(0.0002822799726 -7.641890593e-15 0.0001231871515)
(0.0002850740831 -7.650130529e-15 0.0001231815069)
(0.0002875231469 -7.657503104e-15 0.0001231765593)
(0.0002895330237 -7.663574636e-15 0.000123172499)
(0.0002910265021 -7.667694604e-15 0.0001231694819)
(0.0002919461687 -7.67051353e-15 0.000123167624)
(0.0002922567107 -7.671490986e-15 0.0001231669967)
(0.0002919461687 -7.67051353e-15 0.000123167624)
(0.0002910265021 -7.667694604e-15 0.0001231694819)
(0.0002895330237 -7.663574636e-15 0.000123172499)
(0.0002875231469 -7.657503104e-15 0.0001231765593)
(0.0002850740831 -7.650130529e-15 0.0001231815069)
(0.0002822799726 -7.641890593e-15 0.0001231871515)
(0.0002792482123 -7.632783294e-15 0.0001231932762)
(0.0002760952734 -7.623242315e-15 0.0001231996457)
(0.0002729423346 -7.613701336e-15 0.0001232060152)
(0.0002699105742 -7.604594038e-15 0.00012321214)
(0.0002671164637 -7.596354101e-15 0.0001232177846)
(0.0002646673999 -7.588981527e-15 0.0001232227321)
(0.0002626575232 -7.582909994e-15 0.0001232267925)
(0.0002611640448 -7.578356345e-15 0.0001232298096)
(0.0002602443782 -7.57575426e-15 0.0001232316674)
(0.0002660913705 -1.807853264e-14 -7.795828511e-05)
(0.0002664793564 -1.807939649e-14 -7.795926438e-05)
(0.0002676283723 -1.808232383e-14 -7.796216449e-05)
(0.000269494299 -1.808709432e-14 -7.796687407e-05)
(0.0002720054051 -1.809316585e-14 -7.797321209e-05)
(0.000275065224 -1.810053843e-14 -7.798093505e-05)
(0.0002785561385 -1.810921205e-14 -7.798974609e-05)
(0.0002823439687 -1.811831934e-14 -7.799930655e-05)
(0.0002862831972 -1.812786032e-14 -7.800924913e-05)
(0.0002902224258 -1.81374013e-14 -7.801919171e-05)
(0.000294010256 -1.81465086e-14 -7.802875217e-05)
(0.0002975011705 -1.815518222e-14 -7.803756321e-05)
(0.0003005609894 -1.816255479e-14 -7.804528617e-05)
(0.0003030720955 -1.816862633e-14 -7.805162418e-05)
(0.0003049380222 -1.817339682e-14 -7.805633377e-05)
(0.0003060870381 -1.817610732e-14 -7.805923388e-05)
(0.000306475024 -1.81771017e-14 -7.806021315e-05)
(0.0003060870381 -1.817610732e-14 -7.805923388e-05)
(0.0003049380222 -1.817339682e-14 -7.805633377e-05)
(0.0003030720955 -1.816862633e-14 -7.805162418e-05)
(0.0003005609894 -1.816255479e-14 -7.804528617e-05)
(0.0002975011705 -1.815518222e-14 -7.803756321e-05)
(0.000294010256 -1.81465086e-14 -7.802875217e-05)
(0.0002902224258 -1.81374013e-14 -7.801919171e-05)
(0.0002862831972 -1.812786032e-14 -7.800924913e-05)
(0.0002823439687 -1.811831934e-14 -7.799930655e-05)
(0.0002785561385 -1.810921205e-14 -7.798974609e-05)
(0.000275065224 -1.810053843e-14 -7.798093505e-05)
(0.0002720054051 -1.809316585e-14 -7.797321209e-05)
(0.000269494299 -1.808709432e-14 -7.796687407e-05)
(0.0002676283723 -1.808232383e-14 -7.796216449e-05)
(0.0002664793564 -1.807939649e-14 -7.795926438e-05)
(0.00027160157 -3.030973851e-14 -0.0003260881107)
(0.0002720748887 -3.031071488e-14 -0.0003260895681)
(0.0002734766164 -3.031364222e-14 -0.0003260938842)
(0.0002757529306 -3.031819587e-14 -0.0003261008933)
(0.0002788163234 -3.032470108e-14 -0.0003261103259)
(0.0002825491116 -3.033207366e-14 -0.0003261218196)
(0.0002868078095 -3.034074728e-14 -0.0003261349326)
(0.000291428726 -3.035072194e-14 -0.000326149161)
(0.0002962343391 -3.036026291e-14 -0.0003261639581)
(0.0003010399522 -3.036980389e-14 -0.0003261787552)
(0.0003056608688 -3.037977855e-14 -0.0003261929836)
(0.0003099195666 -3.038845217e-14 -0.0003262060966)
(0.0003136523549 -3.039582475e-14 -0.0003262175904)
(0.0003167157476 -3.040232996e-14 -0.0003262270229)
(0.0003189920618 -3.040688361e-14 -0.000326234032)
(0.0003203937895 -3.040981095e-14 -0.0003262383481)
(0.0003208671082 -3.041077555e-14 -0.0003262398055)
(0.0003203937895 -3.040981095e-14 -0.0003262383481)
(0.0003189920618 -3.040688361e-14 -0.000326234032)
(0.0003167157476 -3.040232996e-14 -0.0003262270229)
(0.0003136523549 -3.039582475e-14 -0.0003262175904)
(0.0003099195666 -3.038845217e-14 -0.0003262060966)
(0.0003056608688 -3.037977855e-14 -0.0003261929836)
(0.0003010399522 -3.036980389e-14 -0.0003261787552)
(0.0002962343391 -3.036026291e-14 -0.0003261639581)
(0.000291428726 -3.035072194e-14 -0.000326149161)
(0.0002868078095 -3.034074728e-14 -0.0003261349326)
(0.0002825491116 -3.033207366e-14 -0.0003261218196)
(0.0002788163234 -3.032470108e-14 -0.0003261103259)
(0.0002757529306 -3.031819587e-14 -0.0003261008933)
(0.0002734766164 -3.031364222e-14 -0.0003260938842)
(0.0002720748887 -3.031071488e-14 -0.0003260895681)
(0.000276398499 -4.420342969e-14 -0.0006254887931)
(0.0002769646914 -4.420444046e-14 -0.0006254908786)
(0.0002786414637 -4.420725938e-14 -0.0006254970547)
(0.0002813644324 -4.421202987e-14 -0.0006255070842)
(0.0002850289188 -4.421853508e-14 -0.0006255205817)
(0.0002894941483 -4.422634134e-14 -0.0006255370286)
(0.0002945884805 -4.423544864e-14 -0.0006255557926)
(0.0003001161053 -4.424498962e-14 -0.0006255761527)
(0.0003058646675 -4.425539796e-14 -0.0006255973265)
(0.0003116132297 -4.42658063e-14 -0.0006256185003)
(0.0003171408545 -4.427534728e-14 -0.0006256388603)
(0.0003222351867 -4.428445458e-14 -0.0006256576243)
(0.0003267004162 -4.429226083e-14 -0.0006256740712)
(0.0003303649026 -4.429876604e-14 -0.0006256875687)
(0.0003330878712 -4.430353653e-14 -0.0006256975982)
(0.0003347646436 -4.43065723e-14 -0.0006257037743)
(0.000335330836 -4.430752048e-14 -0.0006257058598)
(0.0003347646436 -4.43065723e-14 -0.0006257037743)
(0.0003330878713 -4.430353653e-14 -0.0006256975982)
(0.0003303649026 -4.429876604e-14 -0.0006256875687)
(0.0003267004162 -4.429226083e-14 -0.0006256740712)
(0.0003222351867 -4.428445458e-14 -0.0006256576243)
(0.0003171408545 -4.427534728e-14 -0.0006256388603)
(0.0003116132297 -4.42658063e-14 -0.0006256185003)
(0.0003058646675 -4.425539796e-14 -0.0006255973265)
(0.0003001161053 -4.424498962e-14 -0.0006255761527)
(0.0002945884805 -4.423544864e-14 -0.0006255557926)
(0.0002894941483 -4.422634134e-14 -0.0006255370286)
(0.0002850289188 -4.421853508e-14 -0.0006255205817)
(0.0002813644324 -4.421202987e-14 -0.0006255070842)
(0.0002786414637 -4.420725938e-14 -0.0006254970547)
(0.0002769646914 -4.420444046e-14 -0.0006254908786)
(0.0002804163446 -5.963275461e-14 -0.0009805128114)
(0.0002810825099 -5.963382999e-14 -0.0009805156984)
(0.0002830553509 -5.963675734e-14 -0.0009805242481)
(0.0002862591157 -5.964196151e-14 -0.0009805381323)
(0.0002905706426 -5.964846672e-14 -0.0009805568172)
(0.0002958243002 -5.965670666e-14 -0.000980579585)
(0.0003018181416 -5.966581396e-14 -0.0009806055606)
(0.0003083217824 -5.96762223e-14 -0.0009806337455)
(0.0003150853715 -5.968663064e-14 -0.0009806630569)
(0.0003218489607 -5.969703898e-14 -0.0009806923684)
(0.0003283526014 -5.970744732e-14 -0.0009807205533)
(0.0003343464428 -5.971655462e-14 -0.0009807465288)
(0.0003396001005 -5.972479455e-14 -0.0009807692967)
(0.0003439116274 -5.973129977e-14 -0.0009807879816)
(0.0003471153922 -5.973650394e-14 -0.0009808018658)
(0.0003490882331 -5.973943128e-14 -0.0009808104155)
(0.0003497543985 -5.974049789e-14 -0.0009808133024)
(0.0003490882331 -5.973943128e-14 -0.0009808104155)
(0.0003471153922 -5.973650394e-14 -0.0009808018658)
(0.0003439116274 -5.973129977e-14 -0.0009807879816)
(0.0003396001005 -5.972479455e-14 -0.0009807692967)
(0.0003343464428 -5.971655462e-14 -0.0009807465288)
(0.0003283526014 -5.970744732e-14 -0.0009807205533)
(0.0003218489607 -5.969703898e-14 -0.0009806923684)
(0.0003150853715 -5.968663064e-14 -0.0009806630569)
(0.0003083217824 -5.96762223e-14 -0.0009806337455)
(0.0003018181416 -5.966581396e-14 -0.0009806055606)
(0.0002958243002 -5.965670666e-14 -0.000980579585)
(0.0002905706426 -5.964846672e-14 -0.0009805568172)
(0.0002862591157 -5.964196151e-14 -0.0009805381323)
(0.0002830553509 -5.963675734e-14 -0.0009805242481)
(0.0002810825099 -5.963382999e-14 -0.0009805156984)
(0.0002835815401 -7.637556856e-14 -0.001394887061)
(0.0002843540769 -7.637673046e-14 -0.001394890943)
(0.0002866419357 -7.637965781e-14 -0.001394902442)
(0.0002903572688 -7.638507882e-14 -0.001394921114)
(0.0002953572484 -7.639201771e-14 -0.001394946242)
(0.0003014497956 -7.640025765e-14 -0.001394976862)
(0.000308400717 -7.641023231e-14 -0.001395011796)
(0.0003159428411 -7.642064065e-14 -0.0013950497)
(0.0003237864215 -7.643191635e-14 -0.00139508912)
(0.0003316300019 -7.644319205e-14 -0.00139512854)
(0.000339172126 -7.645273303e-14 -0.001395166445)
(0.0003461230474 -7.646270769e-14 -0.001395201378)
(0.0003522155946 -7.647094763e-14 -0.001395231998)
(0.0003572155742 -7.647788652e-14 -0.001395257126)
(0.0003609309073 -7.648330753e-14 -0.001395275798)
(0.0003632187661 -7.648645172e-14 -0.001395287297)
(0.0003639913029 -7.648753355e-14 -0.001395291179)
(0.0003632187661 -7.648645172e-14 -0.001395287297)
(0.0003609309073 -7.648330753e-14 -0.001395275798)
(0.0003572155742 -7.647788652e-14 -0.001395257126)
(0.0003522155946 -7.647094763e-14 -0.001395231998)
(0.0003461230474 -7.646270769e-14 -0.001395201378)
(0.000339172126 -7.645273303e-14 -0.001395166445)
(0.0003316300019 -7.644319205e-14 -0.00139512854)
(0.0003237864215 -7.643191635e-14 -0.00139508912)
(0.0003159428411 -7.642064065e-14 -0.0013950497)
(0.000308400717 -7.641023231e-14 -0.001395011796)
(0.0003014497956 -7.640025765e-14 -0.001394976862)
(0.0002953572484 -7.639201771e-14 -0.001394946242)
(0.0002903572688 -7.638507882e-14 -0.001394921114)
(0.0002866419357 -7.637965781e-14 -0.001394902442)
(0.0002843540769 -7.637673046e-14 -0.001394890943)
(0.0002858210326 -9.413575419e-14 -0.001872263901)
(0.0002867055714 -9.413682941e-14 -0.001872268991)
(0.0002893251227 -9.414019043e-14 -0.001872284065)
(0.0002935791028 -9.414561145e-14 -0.001872308544)
(0.0002993039768 -9.415298402e-14 -0.001872341487)
(0.0003062798183 -9.416165764e-14 -0.001872381629)
(0.0003142384806 -9.417206598e-14 -0.001872427427)
(0.0003228740579 -9.418247432e-14 -0.001872477119)
(0.0003318547964 -9.419375002e-14 -0.001872528798)
(0.0003408355349 -9.420502572e-14 -0.001872580477)
(0.0003494711122 -9.421630143e-14 -0.00187263017)
(0.0003574297745 -9.422670977e-14 -0.001872675967)
(0.000364405616 -9.423538339e-14 -0.001872716109)
(0.00037013049 -9.424275596e-14 -0.001872749052)
(0.0003743844701 -9.424817697e-14 -0.001872773531)
(0.0003770040214 -9.425132116e-14 -0.001872788605)
(0.0003778885602 -9.425243862e-14 -0.001872793695)
(0.0003770040214 -9.425132116e-14 -0.001872788605)
(0.0003743844701 -9.424817697e-14 -0.001872773531)
(0.00037013049 -9.424275596e-14 -0.001872749052)
(0.000364405616 -9.423538339e-14 -0.001872716109)
(0.0003574297745 -9.422670977e-14 -0.001872675967)
(0.0003494711122 -9.421630143e-14 -0.00187263017)
(0.0003408355349 -9.420502572e-14 -0.001872580477)
(0.0003318547964 -9.419375002e-14 -0.001872528798)
(0.0003228740579 -9.418247432e-14 -0.001872477119)
(0.0003142384806 -9.417206598e-14 -0.001872427427)
(0.0003062798183 -9.416165764e-14 -0.001872381629)
(0.0002993039768 -9.415298402e-14 -0.001872341487)
(0.0002935791028 -9.414561145e-14 -0.001872308544)
(0.0002893251227 -9.414019043e-14 -0.001872284065)
(0.0002867055714 -9.413682941e-14 -0.001872268991)
(0.0002870582171 -1.125071895e-13 -0.002415381135)
(0.0002880593817 -1.1250831e-13 -0.002415387655)
(0.0002910243192 -1.125119962e-13 -0.002415406967)
(0.0002958391839 -1.125172004e-13 -0.002415438327)
(0.0003023188788 -1.125250067e-13 -0.00241548053)
(0.0003102144806 -1.12534114e-13 -0.002415531956)
(0.0003192224875 -1.125445223e-13 -0.002415590627)
(0.0003289966602 -1.12555798e-13 -0.002415654288)
(0.0003391615034 -1.125679411e-13 -0.002415720493)
(0.0003493263465 -1.125800841e-13 -0.002415786699)
(0.0003591005193 -1.125913598e-13 -0.00241585036)
(0.0003681085262 -1.126017682e-13 -0.00241590903)
(0.0003760041279 -1.126108755e-13 -0.002415960456)
(0.0003824838229 -1.126186817e-13 -0.002416002659)
(0.0003872986876 -1.126243196e-13 -0.00241603402)
(0.0003902636251 -1.12627789e-13 -0.002416053331)
(0.0003912647897 -1.126289652e-13 -0.002416059852)
(0.0003902636251 -1.12627789e-13 -0.002416053331)
(0.0003872986876 -1.126243196e-13 -0.00241603402)
(0.0003824838229 -1.126186817e-13 -0.002416002659)
(0.0003760041279 -1.126108755e-13 -0.002415960456)
(0.0003681085262 -1.126017682e-13 -0.00241590903)
(0.0003591005193 -1.125913598e-13 -0.00241585036)
(0.0003493263465 -1.125800841e-13 -0.002415786699)
(0.0003391615034 -1.125679411e-13 -0.002415720493)
(0.0003289966602 -1.12555798e-13 -0.002415654288)
(0.0003192224875 -1.125445223e-13 -0.002415590627)
(0.0003102144806 -1.12534114e-13 -0.002415531956)
(0.0003023188788 -1.125250067e-13 -0.00241548053)
(0.0002958391839 -1.125172004e-13 -0.002415438327)
(0.0002910243192 -1.125119962e-13 -0.002415406967)
(0.0002880593817 -1.1250831e-13 -0.002415387655)
(0.0002872187314 -1.310027407e-13 -0.003026855997)
(0.0002883401307 -1.310039317e-13 -0.003026864178)
(0.0002916611418 -1.310074011e-13 -0.003026888406)
(0.0002970542467 -1.310136895e-13 -0.003026927751)
(0.0003043121193 -1.310214957e-13 -0.003026980701)
(0.0003131559417 -1.310314704e-13 -0.003027045221)
(0.0003232457634 -1.310423124e-13 -0.003027118831)
(0.0003341937634 -1.310540218e-13 -0.003027198701)
(0.0003455793513 -1.310661649e-13 -0.003027281764)
(0.0003569649393 -1.310783079e-13 -0.003027364828)
(0.0003679129393 -1.310908847e-13 -0.003027444698)
(0.000378002761 -1.311017267e-13 -0.003027518308)
(0.0003868465834 -1.311117014e-13 -0.003027582828)
(0.000394104456 -1.311195076e-13 -0.003027635778)
(0.0003994975609 -1.311249286e-13 -0.003027675123)
(0.000402818572 -1.311286149e-13 -0.003027699351)
(0.0004039399713 -1.311298085e-13 -0.003027707532)
(0.000402818572 -1.311286149e-13 -0.003027699351)
(0.0003994975609 -1.311249286e-13 -0.003027675123)
(0.000394104456 -1.311195076e-13 -0.003027635778)
(0.0003868465834 -1.311117014e-13 -0.003027582828)
(0.000378002761 -1.311017267e-13 -0.003027518308)
(0.0003679129393 -1.310908847e-13 -0.003027444698)
(0.0003569649393 -1.310783079e-13 -0.003027364828)
(0.0003455793513 -1.310661649e-13 -0.003027281764)
(0.0003341937634 -1.310540218e-13 -0.003027198701)
(0.0003232457634 -1.310423124e-13 -0.003027118831)
(0.0003131559417 -1.310314704e-13 -0.003027045221)
(0.0003043121193 -1.310214957e-13 -0.003026980701)
(0.0002970542467 -1.310136895e-13 -0.003026927751)
(0.0002916611418 -1.310074011e-13 -0.003026888406)
(0.0002883401307 -1.310039317e-13 -0.003026864178)
(0.0002862304248 -1.490240241e-13 -0.003708146675)
(0.0002874744703 -1.490252149e-13 -0.003708156744)
(0.0002911586967 -1.490292265e-13 -0.003708186562)
(0.0002971416396 -1.49035298e-13 -0.003708234985)
(0.0003051932977 -1.490435379e-13 -0.00370830015)
(0.0003150043593 -1.490535126e-13 -0.003708379556)
(0.0003261976937 -1.49065222e-13 -0.003708470149)
(0.0003383430645 -1.490769314e-13 -0.003708568447)
(0.0003509738816 -1.490899418e-13 -0.003708670674)
(0.0003636046988 -1.491029522e-13 -0.003708772901)
(0.0003757500695 -1.49115529e-13 -0.003708871199)
(0.0003869434039 -1.491272383e-13 -0.003708961792)
(0.0003967544655 -1.49137213e-13 -0.003709041197)
(0.0004048061237 -1.491454529e-13 -0.003709106363)
(0.0004107890665 -1.491515245e-13 -0.003709154786)
(0.0004144732929 -1.491551023e-13 -0.003709184604)
(0.0004157173384 -1.491563646e-13 -0.003709194672)
(0.0004144732929 -1.491551023e-13 -0.003709184604)
(0.0004107890665 -1.491515245e-13 -0.003709154786)
(0.0004048061237 -1.491454529e-13 -0.003709106363)
(0.0003967544655 -1.49137213e-13 -0.003709041197)
(0.0003869434039 -1.491272383e-13 -0.003708961792)
(0.0003757500695 -1.49115529e-13 -0.003708871199)
(0.0003636046988 -1.491029522e-13 -0.003708772901)
(0.0003509738816 -1.490899418e-13 -0.003708670674)
(0.0003383430645 -1.490769314e-13 -0.003708568447)
(0.0003261976937 -1.49065222e-13 -0.003708470149)
(0.0003150043593 -1.490535126e-13 -0.003708379556)
(0.0003051932977 -1.490435379e-13 -0.00370830015)
(0.0002971416396 -1.49035298e-13 -0.003708234985)
(0.0002911586967 -1.490292265e-13 -0.003708186562)
(0.0002874744703 -1.490252149e-13 -0.003708156744)
(0.0002840256293 -1.659000273e-13 -0.004460628008)
(0.0002853936112 -1.659013638e-13 -0.004460640183)
(0.0002894448737 -1.65905267e-13 -0.004460676239)
(0.0002960238591 -1.659111216e-13 -0.004460734791)
(0.0003048776529 -1.659197953e-13 -0.004460813589)
(0.0003156661283 -1.659302036e-13 -0.004460909605)
(0.0003279745836 -1.65941913e-13 -0.004461019149)
(0.0003413299205 -1.659557908e-13 -0.00446113801)
(0.0003552190659 -1.659688012e-13 -0.004461261622)
(0.0003691082112 -1.659818116e-13 -0.004461385233)
(0.0003824635482 -1.659948221e-13 -0.004461504094)
(0.0003947720035 -1.660065314e-13 -0.004461613638)
(0.0004055604789 -1.660169398e-13 -0.004461709654)
(0.0004144142726 -1.660256134e-13 -0.004461788452)
(0.0004209932581 -1.660323354e-13 -0.004461847004)
(0.0004250445206 -1.660360217e-13 -0.00446188306)
(0.0004264125025 -1.660373716e-13 -0.004461895235)
(0.0004250445206 -1.660360217e-13 -0.00446188306)
(0.0004209932581 -1.660323354e-13 -0.004461847004)
(0.0004144142726 -1.660256134e-13 -0.004461788452)
(0.0004055604789 -1.660169398e-13 -0.004461709654)
(0.0003947720035 -1.660065314e-13 -0.004461613638)
(0.0003824635482 -1.659948221e-13 -0.004461504094)
(0.0003691082112 -1.659818116e-13 -0.004461385233)
(0.0003552190659 -1.659688012e-13 -0.004461261622)
(0.0003413299205 -1.659557908e-13 -0.00446113801)
(0.0003279745836 -1.65941913e-13 -0.004461019149)
(0.0003156661283 -1.659302036e-13 -0.004460909605)
(0.0003048776529 -1.659197953e-13 -0.004460813589)
(0.0002960238591 -1.659111216e-13 -0.004460734791)
(0.0002894448737 -1.65905267e-13 -0.004460676239)
(0.0002853936112 -1.659013638e-13 -0.004460640183)
(0.000280544992 -1.808663005e-13 -0.005284352467)
(0.0002820369793 -1.808676906e-13 -0.00528436695)
(0.0002864554823 -1.808715937e-13 -0.005284409839)
(0.0002936308424 -1.808783158e-13 -0.005284479489)
(0.0003032872185 -1.808869894e-13 -0.005284573221)
(0.0003150536521 -1.808978314e-13 -0.005284687436)
(0.0003284778493 -1.809099745e-13 -0.005284817741)
(0.0003430438264 -1.809229849e-13 -0.00528495913)
(0.0003581920008 -1.809368627e-13 -0.00528510617)
(0.0003733401751 -1.809507405e-13 -0.005285253211)
(0.0003879061522 -1.809646183e-13 -0.005285394599)
(0.0004013303494 -1.809767614e-13 -0.005285524905)
(0.000413096783 -1.809876034e-13 -0.005285639119)
(0.0004227531591 -1.80996277e-13 -0.005285732852)
(0.0004299285192 -1.810025654e-13 -0.005285802502)
(0.0004343470222 -1.810066853e-13 -0.005285845391)
(0.0004358390095 -1.81008106e-13 -0.005285859873)
(0.0004343470222 -1.810066853e-13 -0.005285845391)
(0.0004299285192 -1.810025654e-13 -0.005285802502)
(0.0004227531591 -1.80996277e-13 -0.005285732852)
(0.000413096783 -1.809876034e-13 -0.005285639119)
(0.0004013303494 -1.809767614e-13 -0.005285524905)
(0.0003879061522 -1.809646183e-13 -0.005285394599)
(0.0003733401751 -1.809507405e-13 -0.005285253211)
(0.0003581920008 -1.809368627e-13 -0.00528510617)
(0.0003430438264 -1.809229849e-13 -0.00528495913)
(0.0003284778494 -1.809099745e-13 -0.005284817741)
(0.0003150536521 -1.808978314e-13 -0.005284687436)
(0.0003032872185 -1.808869894e-13 -0.005284573221)
(0.0002936308424 -1.808783158e-13 -0.005284479489)
(0.0002864554823 -1.808715937e-13 -0.005284409839)
(0.0002820369793 -1.808676906e-13 -0.00528436695)
(0.0002757349365 -1.93110479e-13 -0.006179429737)
(0.0002773499454 -1.931118026e-13 -0.006179446707)
(0.0002821327757 -1.931161394e-13 -0.006179496961)
(0.0002898997794 -1.931228615e-13 -0.006179578572)
(0.000300352371 -1.931315351e-13 -0.006179688401)
(0.0003130890048 -1.931428108e-13 -0.006179822229)
(0.0003276200929 -1.931553875e-13 -0.006179974912)
(0.0003433871062 -1.931692653e-13 -0.006180140581)
(0.0003597843218 -1.931831431e-13 -0.006180312872)
(0.0003761815374 -1.931970209e-13 -0.006180485163)
(0.0003919485507 -1.932108987e-13 -0.006180650832)
(0.0004064796388 -1.932234754e-13 -0.006180803515)
(0.0004192162725 -1.932347511e-13 -0.006180937343)
(0.0004296688642 -1.932434247e-13 -0.006181047172)
(0.0004374358679 -1.932505805e-13 -0.006181128782)
(0.0004422186982 -1.932544836e-13 -0.006181179037)
(0.0004438337071 -1.932559317e-13 -0.006181196006)
(0.0004422186982 -1.932544836e-13 -0.006181179037)
(0.0004374358679 -1.932505805e-13 -0.006181128782)
(0.0004296688642 -1.932434247e-13 -0.006181047172)
(0.0004192162725 -1.932347511e-13 -0.006180937343)
(0.0004064796388 -1.932234754e-13 -0.006180803515)
(0.0003919485507 -1.932108987e-13 -0.006180650832)
(0.0003761815374 -1.931970209e-13 -0.006180485163)
(0.0003597843218 -1.931831431e-13 -0.006180312872)
(0.0003433871062 -1.931692653e-13 -0.006180140581)
(0.0003276200929 -1.931553875e-13 -0.006179974912)
(0.0003130890048 -1.931428108e-13 -0.006179822229)
(0.000300352371 -1.931315351e-13 -0.006179688401)
(0.0002898997794 -1.931228615e-13 -0.006179578572)
(0.0002821327757 -1.931161394e-13 -0.006179496961)
(0.0002773499454 -1.931118026e-13 -0.006179446707)
(0.0002695550644 -2.017678067e-13 -0.007144583237)
(0.0002712910461 -2.017691569e-13 -0.007144602844)
(0.0002764321356 -2.017737106e-13 -0.00714466091)
(0.0002847809288 -2.01779999e-13 -0.007144755207)
(0.0002960164747 -2.017891063e-13 -0.007144882107)
(0.0003097071495 -2.01800382e-13 -0.007145036738)
(0.0003253266927 -2.018133924e-13 -0.007145213154)
(0.0003422747385 -2.018272702e-13 -0.007145404575)
(0.000359900192 -2.018420153e-13 -0.007145603647)
(0.0003775256456 -2.018567605e-13 -0.007145802719)
(0.0003944736913 -2.018697709e-13 -0.00714599414)
(0.0004100932346 -2.018827813e-13 -0.007146170556)
(0.0004237839093 -2.01894057e-13 -0.007146325186)
(0.0004350194553 -2.019031643e-13 -0.007146452087)
(0.0004433682485 -2.019103201e-13 -0.007146546383)
(0.000448509338 -2.0191444e-13 -0.00714660445)
(0.0004502453196 -2.019158345e-13 -0.007146624057)
(0.000448509338 -2.0191444e-13 -0.00714660445)
(0.0004433682485 -2.019103201e-13 -0.007146546383)
(0.0004350194553 -2.019031643e-13 -0.007146452087)
(0.0004237839093 -2.01894057e-13 -0.007146325186)
(0.0004100932346 -2.018827813e-13 -0.007146170556)
(0.0003944736913 -2.018697709e-13 -0.00714599414)
(0.0003775256456 -2.018567605e-13 -0.007145802719)
(0.000359900192 -2.018420153e-13 -0.007145603647)
(0.0003422747385 -2.018272702e-13 -0.007145404575)
(0.0003253266927 -2.018133924e-13 -0.007145213154)
(0.0003097071495 -2.01800382e-13 -0.007145036738)
(0.0002960164747 -2.017891063e-13 -0.007144882107)
(0.0002847809288 -2.01779999e-13 -0.007144755207)
(0.0002764321356 -2.017737106e-13 -0.00714466091)
(0.0002712910461 -2.017691569e-13 -0.007144602844)
(0.0002619697641 -2.059689299e-13 -0.008178833326)
(0.0002638238491 -2.059703319e-13 -0.008178855692)
(0.0002693147003 -2.059747772e-13 -0.008178921929)
(0.0002782314837 -2.059814992e-13 -0.008179029494)
(0.0002902314131 -2.059906065e-13 -0.008179174251)
(0.0003048535002 -2.060018822e-13 -0.00817935064)
(0.0003215356817 -2.060148926e-13 -0.008179551881)
(0.0003396367473 -2.060287704e-13 -0.008179770237)
(0.0003584613064 -2.060435156e-13 -0.008179997322)
(0.0003772858655 -2.060582607e-13 -0.008180224406)
(0.000395386931 -2.060721385e-13 -0.008180442763)
(0.0004120691126 -2.060851489e-13 -0.008180644003)
(0.0004266911996 -2.060964246e-13 -0.008180820392)
(0.0004386911291 -2.061055319e-13 -0.00818096515)
(0.0004476079125 -2.061126877e-13 -0.008181072714)
(0.0004530987637 -2.061166992e-13 -0.008181138952)
(0.0004549528487 -2.061182397e-13 -0.008181161318)
(0.0004530987637 -2.061166992e-13 -0.008181138952)
(0.0004476079125 -2.061126877e-13 -0.008181072714)
(0.0004386911291 -2.061055319e-13 -0.00818096515)
(0.0004266911996 -2.060964246e-13 -0.008180820392)
(0.0004120691126 -2.060851489e-13 -0.008180644003)
(0.000395386931 -2.060721385e-13 -0.008180442763)
(0.0003772858655 -2.060582607e-13 -0.008180224406)
(0.0003584613064 -2.060435156e-13 -0.008179997322)
(0.0003396367473 -2.060287704e-13 -0.008179770237)
(0.0003215356817 -2.060148926e-13 -0.008179551881)
(0.0003048535002 -2.060018822e-13 -0.00817935064)
(0.0002902314131 -2.059906065e-13 -0.008179174251)
(0.0002782314837 -2.059814992e-13 -0.008179029494)
(0.0002693147003 -2.059747772e-13 -0.008178921929)
(0.0002638238491 -2.059703319e-13 -0.008178855692)
(0.0002529591759 -2.048572981e-13 -0.009279840492)
(0.0002549277287 -2.04858591e-13 -0.009279865706)
(0.0002607575748 -2.048628194e-13 -0.009279940376)
(0.0002702248639 -2.048699752e-13 -0.009280061635)
(0.0002829656466 -2.048790824e-13 -0.009280224821)
(0.0002984904742 -2.048903582e-13 -0.009280423666)
(0.0003162025826 -2.049033686e-13 -0.009280650526)
(0.0003354211742 -2.049168127e-13 -0.009280896681)
(0.0003554079266 -2.049315578e-13 -0.009281152675)
(0.000375394679 -2.04946303e-13 -0.009281408669)
(0.0003946132706 -2.049606145e-13 -0.009281654825)
(0.000412325379 -2.049736249e-13 -0.009281881685)
(0.0004278502065 -2.049849006e-13 -0.00928208053)
(0.0004405909893 -2.049940079e-13 -0.009282243716)
(0.0004500582783 -2.050007299e-13 -0.009282364975)
(0.0004558881245 -2.050049583e-13 -0.009282439645)
(0.0004578566772 -2.050064238e-13 -0.009282464858)
(0.0004558881245 -2.050049583e-13 -0.009282439645)
(0.0004500582783 -2.050007299e-13 -0.009282364975)
(0.0004405909893 -2.049940079e-13 -0.009282243716)
(0.0004278502065 -2.049849006e-13 -0.00928208053)
(0.000412325379 -2.049736249e-13 -0.009281881685)
(0.0003946132706 -2.049606145e-13 -0.009281654825)
(0.000375394679 -2.04946303e-13 -0.009281408669)
(0.0003554079266 -2.049315578e-13 -0.009281152675)
(0.0003354211742 -2.049168127e-13 -0.009280896681)
(0.0003162025826 -2.049033686e-13 -0.009280650526)
(0.0002984904742 -2.048903582e-13 -0.009280423666)
(0.0002829656466 -2.048790824e-13 -0.009280224821)
(0.0002702248639 -2.048699752e-13 -0.009280061635)
(0.0002607575748 -2.048628194e-13 -0.009279940376)
(0.0002549277287 -2.04858591e-13 -0.009279865706)
(0.0002425046026 -1.97631855e-13 -0.01044586917)
(0.0002445835039 -1.976332509e-13 -0.01044589729)
(0.0002507401461 -1.976372625e-13 -0.01044598057)
(0.0002607381305 -1.976444182e-13 -0.0104461158)
(0.0002741931065 -1.976535255e-13 -0.0104462978)
(0.0002905881889 -1.976648012e-13 -0.01044651957)
(0.0003092931616 -1.976773779e-13 -0.01044677258)
(0.0003295890645 -1.97690822e-13 -0.01044704711)
(0.0003506961879 -1.977055672e-13 -0.01044733261)
(0.0003718033113 -1.977203123e-13 -0.01044761812)
(0.0003920992143 -1.977337565e-13 -0.01044789265)
(0.000410804187 -1.977463332e-13 -0.01044814566)
(0.0004271992693 -1.977576089e-13 -0.01044836743)
(0.0004406542453 -1.977667162e-13 -0.01044854942)
(0.0004506522297 -1.977734383e-13 -0.01044868466)
(0.0004568088719 -1.977778835e-13 -0.01044876794)
(0.0004588877732 -1.977792168e-13 -0.01044879606)
(0.0004568088719 -1.977778835e-13 -0.01044876794)
(0.0004506522297 -1.977734383e-13 -0.01044868466)
(0.0004406542453 -1.977667162e-13 -0.01044854942)
(0.0004271992693 -1.977576089e-13 -0.01044836743)
(0.000410804187 -1.977463332e-13 -0.01044814566)
(0.0003920992143 -1.977337565e-13 -0.01044789265)
(0.0003718033113 -1.977203123e-13 -0.01044761812)
(0.0003506961879 -1.977055672e-13 -0.01044733261)
(0.0003295890645 -1.97690822e-13 -0.01044704711)
(0.0003092931616 -1.976773779e-13 -0.01044677258)
(0.0002905881889 -1.976648012e-13 -0.01044651957)
(0.0002741931065 -1.976535255e-13 -0.0104462978)
(0.0002607381305 -1.976444182e-13 -0.0104461158)
(0.0002507401461 -1.976372625e-13 -0.01044598057)
(0.0002445835039 -1.976332509e-13 -0.01044589729)
(0.0002306035809 -1.835897296e-13 -0.01167390445)
(0.0002327883077 -1.835910981e-13 -0.01167393551)
(0.000239258351 -1.835951096e-13 -0.01167402748)
(0.0002497652783 -1.836018317e-13 -0.01167417684)
(0.0002639051739 -1.83610939e-13 -0.01167437784)
(0.0002811348406 -1.83621781e-13 -0.01167462277)
(0.0003007919816 -1.83633924e-13 -0.0116749022)
(0.0003221210384 -1.836473681e-13 -0.0116752054)
(0.0003443026105 -1.836612459e-13 -0.01167552071)
(0.0003664841826 -1.836751237e-13 -0.01167583603)
(0.0003878132394 -1.836894352e-13 -0.01167613923)
(0.0004074703804 -1.837015783e-13 -0.01167641866)
(0.0004247000471 -1.837124203e-13 -0.01167666358)
(0.0004388399427 -1.837215276e-13 -0.01167686459)
(0.00044934687 -1.837282496e-13 -0.01167701394)
(0.0004558169133 -1.837322612e-13 -0.01167710592)
(0.0004580016401 -1.837336988e-13 -0.01167713697)
(0.0004558169133 -1.837322612e-13 -0.01167710592)
(0.00044934687 -1.837282496e-13 -0.01167701394)
(0.0004388399427 -1.837215276e-13 -0.01167686459)
(0.0004247000471 -1.837124203e-13 -0.01167666358)
(0.0004074703804 -1.837015783e-13 -0.01167641866)
(0.0003878132394 -1.836894352e-13 -0.01167613923)
(0.0003664841826 -1.836751237e-13 -0.01167583603)
(0.0003443026105 -1.836612459e-13 -0.01167552071)
(0.0003221210384 -1.836473681e-13 -0.0116752054)
(0.0003007919816 -1.83633924e-13 -0.0116749022)
(0.0002811348406 -1.83621781e-13 -0.01167462277)
(0.0002639051739 -1.83610939e-13 -0.01167437784)
(0.0002497652783 -1.836018317e-13 -0.01167417684)
(0.000239258351 -1.835951096e-13 -0.01167402748)
(0.0002327883077 -1.835910981e-13 -0.01167393551)
(0.0002172495355 -1.621537444e-13 -0.0129618572)
(0.0002195354309 -1.621551201e-13 -0.0129618912)
(0.0002263050836 -1.621591316e-13 -0.01296199189)
(0.0002372985571 -1.6216542e-13 -0.0129621554)
(0.0002520932314 -1.621740936e-13 -0.01296237546)
(0.0002701207553 -1.621845019e-13 -0.0129626436)
(0.0002906881631 -1.62196645e-13 -0.01296294951)
(0.0003130049083 -1.622096554e-13 -0.01296328145)
(0.0003362136465 -1.622235332e-13 -0.01296362665)
(0.0003594223847 -1.62237411e-13 -0.01296397185)
(0.0003817391299 -1.622495541e-13 -0.01296430378)
(0.0004023065377 -1.622616971e-13 -0.0129646097)
(0.0004203340617 -1.622721055e-13 -0.01296487784)
(0.0004351287359 -1.622807791e-13 -0.01296509789)
(0.0004461222094 -1.622875011e-13 -0.01296526141)
(0.0004528918622 -1.622915127e-13 -0.0129653621)
(0.0004551777575 -1.622927041e-13 -0.0129653961)
(0.0004528918622 -1.622915127e-13 -0.0129653621)
(0.0004461222094 -1.622875011e-13 -0.01296526141)
(0.0004351287359 -1.622807791e-13 -0.01296509789)
(0.0004203340617 -1.622721055e-13 -0.01296487784)
(0.0004023065377 -1.622616971e-13 -0.0129646097)
(0.0003817391299 -1.622495541e-13 -0.01296430378)
(0.0003594223847 -1.62237411e-13 -0.01296397185)
(0.0003362136465 -1.622235332e-13 -0.01296362665)
(0.0003130049083 -1.622096554e-13 -0.01296328145)
(0.0002906881631 -1.62196645e-13 -0.01296294951)
(0.0002701207553 -1.621845019e-13 -0.0129626436)
(0.0002520932314 -1.621740936e-13 -0.01296237546)
(0.0002372985571 -1.6216542e-13 -0.0129621554)
(0.0002263050836 -1.621591316e-13 -0.01296199189)
(0.0002195354309 -1.621551201e-13 -0.0129618912)
(0.0002024518962 -1.329400867e-13 -0.01430644178)
(0.0002048342277 -1.329412925e-13 -0.01430647871)
(0.0002118894747 -1.329453041e-13 -0.01430658808)
(0.0002233467347 -1.329513756e-13 -0.01430676569)
(0.0002387655583 -1.329596155e-13 -0.0143070047)
(0.0002575536173 -1.329695902e-13 -0.01430729595)
(0.0002789887113 -1.329812996e-13 -0.01430762822)
(0.0003022469428 -1.329934426e-13 -0.01430798876)
(0.0003264347981 -1.330064531e-13 -0.01430836371)
(0.0003506226535 -1.330194635e-13 -0.01430873866)
(0.000373880885 -1.330316066e-13 -0.0143090992)
(0.000395315979 -1.330433159e-13 -0.01430943148)
(0.000414104038 -1.330532906e-13 -0.01430972273)
(0.0004295228616 -1.330615305e-13 -0.01430996174)
(0.0004409801216 -1.330676021e-13 -0.01431013935)
(0.0004480353686 -1.330711799e-13 -0.01431024871)
(0.0004504177001 -1.330724935e-13 -0.01431028564)
(0.0004480353686 -1.330711799e-13 -0.01431024871)
(0.0004409801216 -1.330676021e-13 -0.01431013935)
(0.0004295228616 -1.330615305e-13 -0.01430996174)
(0.000414104038 -1.330532906e-13 -0.01430972273)
(0.000395315979 -1.330433159e-13 -0.01430943148)
(0.000373880885 -1.330316066e-13 -0.0143090992)
(0.0003506226535 -1.330194635e-13 -0.01430873866)
(0.0003264347981 -1.330064531e-13 -0.01430836371)
(0.0003022469428 -1.329934426e-13 -0.01430798876)
(0.0002789887113 -1.329812996e-13 -0.01430762822)
(0.0002575536173 -1.329695902e-13 -0.01430729595)
(0.0002387655583 -1.329596155e-13 -0.0143070047)
(0.0002233467347 -1.329513756e-13 -0.01430676569)
(0.0002118894747 -1.329453041e-13 -0.01430658808)
(0.0002048342277 -1.329412925e-13 -0.01430647871)
(0.0001862108573 -9.575827635e-14 -0.01570557843)
(0.0001886850285 -9.575944638e-14 -0.01570561826)
(0.0001960122578 -9.576302425e-14 -0.01570573622)
(0.0002079111992 -9.576887894e-14 -0.01570592779)
(0.000223924424 -9.577668519e-14 -0.0157061856)
(0.0002434367693 -9.578579249e-14 -0.01570649973)
(0.0002656981937 -9.579663451e-14 -0.01570685813)
(0.0002898530383 -9.580877758e-14 -0.01570724701)
(0.000314973344 -9.582092064e-14 -0.01570765144)
(0.0003400936497 -9.583306371e-14 -0.01570805586)
(0.0003642484943 -9.584433941e-14 -0.01570844474)
(0.0003865099187 -9.585518143e-14 -0.01570880314)
(0.0004060222641 -9.586428873e-14 -0.01570911727)
(0.0004220354888 -9.587209499e-14 -0.01570937508)
(0.0004339344302 -9.587794968e-14 -0.01570956665)
(0.0004412616595 -9.588152754e-14 -0.01570968461)
(0.0004437358307 -9.588270519e-14 -0.01570972444)
(0.0004412616595 -9.588152754e-14 -0.01570968461)
(0.0004339344302 -9.587794968e-14 -0.01570956665)
(0.0004220354888 -9.587209499e-14 -0.01570937508)
(0.0004060222641 -9.586428873e-14 -0.01570911727)
(0.0003865099187 -9.585518143e-14 -0.01570880314)
(0.0003642484943 -9.584433941e-14 -0.01570844474)
(0.0003400936497 -9.583306371e-14 -0.01570805586)
(0.000314973344 -9.582092064e-14 -0.01570765144)
(0.0002898530383 -9.580877758e-14 -0.01570724701)
(0.0002656981937 -9.579663451e-14 -0.01570685813)
(0.0002434367693 -9.578579249e-14 -0.01570649973)
(0.000223924424 -9.577668519e-14 -0.0157061856)
(0.0002079111992 -9.576887894e-14 -0.01570592779)
(0.0001960122578 -9.576302425e-14 -0.01570573622)
(0.0001886850285 -9.575944638e-14 -0.01570561826)
(0.0001685434451 -5.069831181e-14 -0.01715602716)
(0.000171104997 -5.069946199e-14 -0.01715606985)
(0.0001786910032 -5.07027146e-14 -0.0171561963)
(0.0001910101813 -5.070813561e-14 -0.01715640164)
(0.0002075889476 -5.07150745e-14 -0.01715667798)
(0.0002277904135 -5.072374812e-14 -0.01715701471)
(0.0002508380481 -5.073372278e-14 -0.01715739887)
(0.0002758459731 -5.074499848e-14 -0.01715781572)
(0.0003018534566 -5.075627418e-14 -0.01715824922)
(0.0003278609401 -5.076754989e-14 -0.01715868272)
(0.0003528688651 -5.077795823e-14 -0.01715909956)
(0.0003759164997 -5.078793289e-14 -0.01715948373)
(0.0003961179655 -5.07966065e-14 -0.01715982045)
(0.0004126967318 -5.08035454e-14 -0.0171600968)
(0.00042501591 -5.080896641e-14 -0.01716030214)
(0.0004326019162 -5.081243586e-14 -0.01716042858)
(0.0004351634681 -5.081350436e-14 -0.01716047128)
(0.0004326019162 -5.081243586e-14 -0.01716042858)
(0.00042501591 -5.080896641e-14 -0.01716030214)
(0.0004126967318 -5.08035454e-14 -0.0171600968)
(0.0003961179655 -5.07966065e-14 -0.01715982045)
(0.0003759164997 -5.078793289e-14 -0.01715948373)
(0.000352868865 -5.077795823e-14 -0.01715909956)
(0.00032786094 -5.076754989e-14 -0.01715868272)
(0.0003018534566 -5.075627418e-14 -0.01715824922)
(0.0002758459731 -5.074499848e-14 -0.01715781572)
(0.0002508380481 -5.073372278e-14 -0.01715739887)
(0.0002277904135 -5.072374812e-14 -0.01715701471)
(0.0002075889476 -5.07150745e-14 -0.01715667798)
(0.0001910101813 -5.070813561e-14 -0.01715640164)
(0.0001786910032 -5.07027146e-14 -0.0171561963)
(0.000171104997 -5.069946199e-14 -0.01715606985)
(0.0001494541359 1.910547812e-15 -0.0186559504)
(0.0001520988743 1.909496866e-15 -0.01865599592)
(0.0001599312365 1.9064611e-15 -0.01865613071)
(0.0001726504806 1.901690611e-15 -0.01865634961)
(0.0001897676433 1.895185398e-15 -0.0186566442)
(0.0002106251529 1.886945461e-15 -0.01865700316)
(0.0002344212607 1.877838163e-15 -0.01865741269)
(0.0002602413194 1.868297184e-15 -0.01865785705)
(0.0002870933974 1.857888843e-15 -0.01865831917)
(0.0003139454753 1.847480502e-15 -0.0186587813)
(0.0003397655341 1.837939523e-15 -0.01865922566)
(0.0003635616419 1.828832225e-15 -0.01865963519)
(0.0003844191515 1.820592288e-15 -0.01865999415)
(0.0004015363141 1.814087075e-15 -0.01866028874)
(0.0004142555583 1.809750266e-15 -0.01866050763)
(0.0004220879205 1.8067145e-15 -0.01866064243)
(0.0004247326589 1.805656888e-15 -0.01866068794)
(0.0004220879205 1.8067145e-15 -0.01866064243)
(0.0004142555583 1.809750266e-15 -0.01866050763)
(0.0004015363141 1.814087075e-15 -0.01866028874)
(0.0003844191515 1.820592288e-15 -0.01865999415)
(0.0003635616419 1.828832225e-15 -0.01865963519)
(0.0003397655341 1.837939523e-15 -0.01865922566)
(0.0003139454753 1.847480502e-15 -0.0186587813)
(0.0002870933974 1.857888843e-15 -0.01865831917)
(0.0002602413194 1.868297184e-15 -0.01865785705)
(0.0002344212607 1.877838163e-15 -0.01865741269)
(0.0002106251529 1.886945461e-15 -0.01865700316)
(0.0001897676433 1.895185398e-15 -0.0186566442)
(0.0001726504806 1.901690611e-15 -0.01865634961)
(0.0001599312365 1.9064611e-15 -0.01865613071)
(0.0001520988743 1.909496866e-15 -0.01865599592)
(0.0001289673771 6.140473747e-14 -0.02020231057)
(0.000131691302 6.140389846e-14 -0.02020235886)
(0.0001397581742 6.140118795e-14 -0.02020250185)
(0.0001528582472 6.139706799e-14 -0.02020273405)
(0.0001704879174 6.139099645e-14 -0.02020304655)
(0.0001919699249 6.138405756e-14 -0.02020342733)
(0.0002164785156 6.137581762e-14 -0.02020386176)
(0.0002430716567 6.136757769e-14 -0.02020433314)
(0.0002707277168 6.135803671e-14 -0.02020482336)
(0.0002983837769 6.134849573e-14 -0.02020531358)
(0.000324976918 6.134025579e-14 -0.02020578496)
(0.0003494855087 6.133201585e-14 -0.02020621939)
(0.0003709675162 6.132507696e-14 -0.02020660017)
(0.0003885971864 6.131900543e-14 -0.02020691267)
(0.0004016972594 6.131445178e-14 -0.02020714487)
(0.0004097641315 6.131195811e-14 -0.02020728786)
(0.0004124880565 6.131098369e-14 -0.02020733615)
(0.0004097641315 6.131195811e-14 -0.02020728786)
(0.0004016972594 6.131445178e-14 -0.02020714487)
(0.0003885971864 6.131900543e-14 -0.02020691267)
(0.0003709675162 6.132507696e-14 -0.02020660017)
(0.0003494855087 6.133201585e-14 -0.02020621939)
(0.000324976918 6.134025579e-14 -0.02020578496)
(0.0002983837769 6.134849573e-14 -0.02020531358)
(0.0002707277168 6.135803671e-14 -0.02020482336)
(0.0002430716567 6.136757769e-14 -0.02020433314)
(0.0002164785156 6.137581762e-14 -0.02020386176)
(0.0001919699249 6.138405756e-14 -0.02020342733)
(0.0001704879174 6.139099645e-14 -0.02020304655)
(0.0001528582471 6.139706799e-14 -0.02020273405)
(0.0001397581742 6.140118795e-14 -0.02020250185)
(0.000131691302 6.140389846e-14 -0.02020235886)
(0.0001070944867 1.268818905e-13 -0.02179356925)
(0.0001098938329 1.268811445e-13 -0.02179362024)
(0.0001181840645 1.268787592e-13 -0.02179377126)
(0.0001316468585 1.268750729e-13 -0.02179401651)
(0.0001497646675 1.268698688e-13 -0.02179434656)
(0.0001718414791 1.268637972e-13 -0.02179474872)
(0.0001970286753 1.268564247e-13 -0.02179520755)
(0.00022435814 1.268490521e-13 -0.02179570541)
(0.0002527799543 1.268412458e-13 -0.02179622316)
(0.0002812017686 1.268334396e-13 -0.02179674091)
(0.0003085312333 1.268251996e-13 -0.02179723876)
(0.0003337184295 1.268178271e-13 -0.02179769759)
(0.0003557952411 1.268117555e-13 -0.02179809976)
(0.0003739130501 1.268065514e-13 -0.0217984298)
(0.0003873758441 1.268028651e-13 -0.02179867505)
(0.0003956660757 1.268006967e-13 -0.02179882607)
(0.0003984654219 1.267998643e-13 -0.02179887707)
(0.0003956660757 1.268006967e-13 -0.02179882607)
(0.0003873758441 1.268028651e-13 -0.02179867505)
(0.0003739130501 1.268065514e-13 -0.0217984298)
(0.0003557952411 1.268117555e-13 -0.02179809976)
(0.0003337184295 1.268178271e-13 -0.02179769759)
(0.0003085312333 1.268251996e-13 -0.02179723876)
(0.0002812017686 1.268334396e-13 -0.02179674091)
(0.0002527799543 1.268412458e-13 -0.02179622316)
(0.00022435814 1.268490521e-13 -0.02179570541)
(0.0001970286753 1.268564247e-13 -0.02179520755)
(0.000171841479 1.268637972e-13 -0.02179474872)
(0.0001497646675 1.268698688e-13 -0.02179434656)
(0.0001316468585 1.268750729e-13 -0.02179401651)
(0.0001181840645 1.268787592e-13 -0.02179377126)
(0.0001098938329 1.268811445e-13 -0.02179362024)
(8.387279532e-05 1.971149414e-13 -0.02342686643)
(8.674389322e-05 1.971143518e-13 -0.02342692007)
(9.524661637e-05 1.971122918e-13 -0.02342707894)
(0.0001090544829 1.971088223e-13 -0.02342733692)
(0.0001276366797 1.971044855e-13 -0.02342768411)
(0.0001502793545 1.970992813e-13 -0.02342810717)
(0.0001761121381 1.970932098e-13 -0.02342858983)
(0.0002041420998 1.970871383e-13 -0.02342911354)
(0.0002332924097 1.970801994e-13 -0.02342965818)
(0.0002624427196 1.970732605e-13 -0.02343020282)
(0.0002904726813 1.970663216e-13 -0.02343072653)
(0.0003163054649 1.970602501e-13 -0.02343120919)
(0.0003389481397 1.970550459e-13 -0.02343163225)
(0.0003575303365 1.970507091e-13 -0.02343197944)
(0.000371338203 1.970476733e-13 -0.02343223742)
(0.0003798409262 1.970456133e-13 -0.02343239629)
(0.0003827120241 1.970449534e-13 -0.02343244993)
(0.0003798409262 1.970456133e-13 -0.02343239629)
(0.000371338203 1.970476733e-13 -0.02343223742)
(0.0003575303365 1.970507091e-13 -0.02343197944)
(0.0003389481397 1.970550459e-13 -0.02343163225)
(0.0003163054648 1.970602501e-13 -0.02343120919)
(0.0002904726813 1.970663216e-13 -0.02343072653)
(0.0002624427196 1.970732605e-13 -0.02343020282)
(0.0002332924097 1.970801994e-13 -0.02342965818)
(0.0002041420998 1.970871383e-13 -0.02342911354)
(0.0001761121381 1.970932098e-13 -0.02342858983)
(0.0001502793545 1.970992813e-13 -0.02342810717)
(0.0001276366797 1.971044855e-13 -0.02342768411)
(0.0001090544829 1.971088223e-13 -0.02342733692)
(9.524661637e-05 1.971122918e-13 -0.02342707894)
(8.674389321e-05 1.971143518e-13 -0.02342692007)
(5.932923493e-05 2.707115174e-13 -0.0251008424)
(6.226847179e-05 2.70710971e-13 -0.02510089862)
(7.097298773e-05 2.707090194e-13 -0.02510106512)
(8.510855258e-05 2.707066342e-13 -0.0251013355)
(0.0001041317555 2.707027311e-13 -0.02510169937)
(0.0001273118027 2.706983943e-13 -0.02510214275)
(0.0001537576686 2.706936238e-13 -0.0251026486)
(0.0001824528576 2.706888533e-13 -0.02510319747)
(0.0002122949838 2.706827817e-13 -0.02510376828)
(0.0002421371099 2.706767102e-13 -0.02510433909)
(0.0002708322989 2.706710724e-13 -0.02510488797)
(0.0002972781648 2.706663019e-13 -0.02510539381)
(0.000320458212 2.706619651e-13 -0.02510583719)
(0.0003394814149 2.706580619e-13 -0.02510620106)
(0.0003536169798 2.706556767e-13 -0.02510647145)
(0.0003623214957 2.706541588e-13 -0.02510663794)
(0.0003652607326 2.706535819e-13 -0.02510669416)
(0.0003623214957 2.706541588e-13 -0.02510663794)
(0.0003536169798 2.706556767e-13 -0.02510647145)
(0.0003394814149 2.706580619e-13 -0.02510620106)
(0.000320458212 2.706619651e-13 -0.02510583719)
(0.0002972781648 2.706663019e-13 -0.02510539381)
(0.0002708322989 2.706710724e-13 -0.02510488797)
(0.0002421371099 2.706767102e-13 -0.02510433909)
(0.0002122949837 2.706827817e-13 -0.02510376828)
(0.0001824528576 2.706888533e-13 -0.02510319747)
(0.0001537576686 2.706936238e-13 -0.0251026486)
(0.0001273118027 2.706983943e-13 -0.02510214275)
(0.0001041317555 2.707027311e-13 -0.02510169937)
(8.510855257e-05 2.707066342e-13 -0.0251013355)
(7.097298772e-05 2.707090194e-13 -0.02510106512)
(6.226847179e-05 2.70710971e-13 -0.02510089862)
(3.352644983e-05 3.460566767e-13 -0.02681261808)
(3.653006518e-05 3.460562999e-13 -0.0268126768)
(4.542523727e-05 3.460547821e-13 -0.02681285067)
(5.987041523e-05 3.460526136e-13 -0.02681313303)
(7.931028586e-05 3.460500116e-13 -0.02681351302)
(0.0001029980486 3.460465421e-13 -0.02681397604)
(0.0001300231618 3.460422053e-13 -0.0268145043)
(0.0001593468652 3.460374348e-13 -0.02681507749)
(0.0001898426274 3.46033098e-13 -0.02681567359)
(0.0002203383895 3.460287612e-13 -0.02681626969)
(0.000249662093 3.460248581e-13 -0.02681684288)
(0.0002766872061 3.460205213e-13 -0.02681737114)
(0.0003003749689 3.460170518e-13 -0.02681783417)
(0.0003198148395 3.460144497e-13 -0.02681821416)
(0.0003342600175 3.460122813e-13 -0.02681849652)
(0.0003431551896 3.460109803e-13 -0.02681867039)
(0.0003461588049 3.460104696e-13 -0.0268187291)
(0.0003431551896 3.460109803e-13 -0.02681867039)
(0.0003342600175 3.460122813e-13 -0.02681849652)
(0.0003198148395 3.460144497e-13 -0.02681821416)
(0.0003003749689 3.460170518e-13 -0.02681783417)
(0.0002766872061 3.460205213e-13 -0.02681737114)
(0.000249662093 3.460248581e-13 -0.02681684288)
(0.0002203383895 3.460287612e-13 -0.02681626969)
(0.0001898426274 3.46033098e-13 -0.02681567359)
(0.0001593468652 3.460374348e-13 -0.02681507749)
(0.0001300231618 3.460422053e-13 -0.0268145043)
(0.0001029980486 3.460465421e-13 -0.02681397604)
(7.931028586e-05 3.460500116e-13 -0.02681351302)
(5.987041523e-05 3.460526136e-13 -0.02681313303)
(4.542523726e-05 3.460547821e-13 -0.02681285067)
(3.653006518e-05 3.460562999e-13 -0.0268126768)
(6.52423568e-06 4.215382555e-13 -0.02856072276)
(9.588196776e-06 4.215379131e-13 -0.02856078385)
(1.866208208e-05 4.215369373e-13 -0.02856096479)
(3.339747863e-05 4.215352026e-13 -0.02856125861)
(5.322791639e-05 4.215330342e-13 -0.02856165403)
(7.739159083e-05 4.215304321e-13 -0.02856213585)
(0.0001049596665 4.215273963e-13 -0.02856268556)
(0.0001348725135 4.215239269e-13 -0.02856328202)
(0.0001659809671 4.215204574e-13 -0.02856390232)
(0.0001970894207 4.21516988e-13 -0.02856452263)
(0.0002270022677 4.215135185e-13 -0.02856511909)
(0.0002545703434 4.215104828e-13 -0.0285656688)
(0.0002787340178 4.215078807e-13 -0.02856615062)
(0.0002985644556 4.215057123e-13 -0.02856654604)
(0.0003132998521 4.215044112e-13 -0.02856683986)
(0.0003223737374 4.215034355e-13 -0.0285670208)
(0.0003254376985 4.215030887e-13 -0.02856708189)
(0.0003223737374 4.215034355e-13 -0.0285670208)
(0.0003132998521 4.215044112e-13 -0.02856683986)
(0.0002985644556 4.215057123e-13 -0.02856654604)
(0.0002787340178 4.215078807e-13 -0.02856615062)
(0.0002545703434 4.215104828e-13 -0.0285656688)
(0.0002270022677 4.215135185e-13 -0.02856511909)
(0.0001970894207 4.21516988e-13 -0.02856452263)
(0.0001659809671 4.215204574e-13 -0.02856390232)
(0.0001348725135 4.215239269e-13 -0.02856328202)
(0.0001049596665 4.215273963e-13 -0.02856268556)
(7.739159082e-05 4.215304321e-13 -0.02856213585)
(5.322791638e-05 4.215330342e-13 -0.02856165403)
(3.339747862e-05 4.215352026e-13 -0.02856125861)
(1.866208207e-05 4.215369373e-13 -0.02856096479)
(9.588196773e-06 4.215379131e-13 -0.02856078385)
(-2.156608696e-05 4.955347697e-13 -0.03034188191)
(-1.844638063e-05 4.955344945e-13 -0.03034194525)
(-9.207406448e-06 4.955339524e-13 -0.03034213283)
(5.796083642e-06 4.955324345e-13 -0.03034243744)
(2.598731334e-05 4.955311335e-13 -0.03034284739)
(5.059061796e-05 4.955289651e-13 -0.03034334691)
(7.866026294e-05 4.955267967e-13 -0.03034391681)
(0.0001091173397 4.955246283e-13 -0.03034453518)
(0.0001407917757 4.955220262e-13 -0.03034517827)
(0.0001724662117 4.955194241e-13 -0.03034582136)
(0.0002029232885 4.955172557e-13 -0.03034643973)
(0.0002309929335 4.955150873e-13 -0.03034700963)
(0.0002555962381 4.955129189e-13 -0.03034750916)
(0.0002757874678 4.955116178e-13 -0.0303479191)
(0.0002907909579 4.955105336e-13 -0.03034822372)
(0.0003000299321 4.955097747e-13 -0.0303484113)
(0.0003031496384 4.955095502e-13 -0.03034847464)
(0.0003000299321 4.955097747e-13 -0.0303484113)
(0.0002907909579 4.955105336e-13 -0.03034822372)
(0.0002757874678 4.955116178e-13 -0.0303479191)
(0.0002555962381 4.955129189e-13 -0.03034750916)
(0.0002309929335 4.955150873e-13 -0.03034700963)
(0.0002029232885 4.955172557e-13 -0.03034643973)
(0.0001724662117 4.955194241e-13 -0.03034582136)
(0.0001407917757 4.955220262e-13 -0.03034517827)
(0.0001091173397 4.955246283e-13 -0.03034453518)
(7.866026293e-05 4.955267967e-13 -0.03034391681)
(5.059061795e-05 4.955289651e-13 -0.03034334691)
(2.598731333e-05 4.955311335e-13 -0.03034284739)
(5.796083635e-06 4.955324345e-13 -0.03034243744)
(-9.207406453e-06 4.955339524e-13 -0.03034213283)
(-1.844638063e-05 4.955344945e-13 -0.03034194525)
(-5.061947399e-05 5.666982507e-13 -0.03215401249)
(-4.744945404e-05 5.666981641e-13 -0.03215407789)
(-3.806147668e-05 5.666977304e-13 -0.03215427157)
(-2.281601515e-05 5.66696863e-13 -0.0321545861)
(-2.299147834e-06 5.666959957e-13 -0.03215500938)
(2.270095092e-05 5.666946946e-13 -0.03215552515)
(5.122329406e-05 5.666929599e-13 -0.03215611359)
(8.21715727e-05 5.666916589e-13 -0.03215675207)
(0.0001143568438 5.666899242e-13 -0.03215741608)
(0.0001465421149 5.666881894e-13 -0.03215808009)
(0.0001774903935 5.666868884e-13 -0.03215871858)
(0.0002060127366 5.666851537e-13 -0.03215930702)
(0.0002310128354 5.666838526e-13 -0.03215982279)
(0.0002515297027 5.666829853e-13 -0.03216024607)
(0.0002667751642 5.666821179e-13 -0.03216056059)
(0.0002761631416 5.666816842e-13 -0.03216075428)
(0.0002793331615 5.666814913e-13 -0.03216081968)
(0.0002761631416 5.666816842e-13 -0.03216075428)
(0.0002667751642 5.666821179e-13 -0.03216056059)
(0.0002515297027 5.666829853e-13 -0.03216024607)
(0.0002310128354 5.666838526e-13 -0.03215982279)
(0.0002060127366 5.666851537e-13 -0.03215930702)
(0.0001774903935 5.666868884e-13 -0.03215871858)
(0.0001465421148 5.666881894e-13 -0.03215808009)
(0.0001143568438 5.666899242e-13 -0.03215741608)
(8.217157269e-05 5.666916589e-13 -0.03215675207)
(5.122329405e-05 5.666929599e-13 -0.03215611359)
(2.270095091e-05 5.666946946e-13 -0.03215552515)
(-2.299147843e-06 5.666959957e-13 -0.03215500938)
(-2.281601516e-05 5.66696863e-13 -0.0321545861)
(-3.806147668e-05 5.666977304e-13 -0.03215427157)
(-4.744945404e-05 5.666981641e-13 -0.03215407789)
(-8.043141286e-05 6.339963619e-13 -0.03399279507)
(-7.721781479e-05 6.339963277e-13 -0.03399286228)
(-6.770078131e-05 6.339956771e-13 -0.03399306133)
(-5.22457411e-05 6.339954603e-13 -0.03399338457)
(-3.14468293e-05 6.339945929e-13 -0.03399381957)
(-6.103055285e-06 6.339937256e-13 -0.03399434962)
(2.281138325e-05 6.339928582e-13 -0.03399495436)
(5.418510653e-05 6.339919909e-13 -0.03399561053)
(8.681282712e-05 6.339911235e-13 -0.03399629293)
(0.0001194405477 6.339902561e-13 -0.03399697533)
(0.000150814271 6.339893888e-13 -0.0339976315)
(0.0001797287095 6.339885214e-13 -0.03399823623)
(0.0002050724835 6.33987654e-13 -0.03399876629)
(0.0002258713953 6.339867867e-13 -0.03399920129)
(0.0002413264355 6.339865698e-13 -0.03399952453)
(0.000250843469 6.33986353e-13 -0.03399972357)
(0.0002540570671 6.339862718e-13 -0.03399979078)
(0.000250843469 6.33986353e-13 -0.03399972357)
(0.0002413264355 6.339865698e-13 -0.03399952453)
(0.0002258713953 6.339867867e-13 -0.03399920129)
(0.0002050724835 6.33987654e-13 -0.03399876629)
(0.0001797287095 6.339885214e-13 -0.03399823623)
(0.000150814271 6.339893888e-13 -0.0339976315)
(0.0001194405477 6.339902561e-13 -0.03399697533)
(8.681282711e-05 6.339911235e-13 -0.03399629293)
(5.418510652e-05 6.339919909e-13 -0.03399561053)
(2.281138324e-05 6.339928582e-13 -0.03399495436)
(-6.103055295e-06 6.339937256e-13 -0.03399434962)
(-3.144682931e-05 6.339945929e-13 -0.03399381957)
(-5.22457411e-05 6.339954603e-13 -0.03399338457)
(-6.770078132e-05 6.339956771e-13 -0.03399306133)
(-7.721781479e-05 6.339963277e-13 -0.03399286228)
(-0.0001107489975 6.970386925e-13 -0.035854653)
(-0.0001075004016 6.970386724e-13 -0.03585472168)
(-9.787972247e-05 6.970383472e-13 -0.03585492509)
(-8.225636854e-05 6.970383472e-13 -0.03585525541)
(-6.123094539e-05 6.970379135e-13 -0.03585569994)
(-3.561116402e-05 6.970374798e-13 -0.03585624161)
(-6.381831668e-06 6.970370461e-13 -0.03585685959)
(2.533356836e-05 6.970370461e-13 -0.03585753014)
(5.83166224e-05 6.970361788e-13 -0.03585822749)
(9.129967644e-05 6.970353114e-13 -0.03585892484)
(0.0001230150765 6.970353114e-13 -0.03585959538)
(0.0001522444088 6.970348777e-13 -0.03586021337)
(0.0001778641902 6.970344441e-13 -0.03586075504)
(0.0001988896133 6.970340104e-13 -0.03586119957)
(0.0002145129673 6.970335767e-13 -0.03586152989)
(0.0002241336464 6.970336851e-13 -0.0358617333)
(0.0002273822422 6.970335016e-13 -0.03586180198)
(0.0002241336464 6.970336851e-13 -0.0358617333)
(0.0002145129673 6.970335767e-13 -0.03586152989)
(0.0001988896133 6.970340104e-13 -0.03586119957)
(0.0001778641902 6.970344441e-13 -0.03586075504)
(0.0001522444088 6.970348777e-13 -0.03586021337)
(0.0001230150765 6.970353114e-13 -0.03585959538)
(9.129967643e-05 6.970353114e-13 -0.03585892484)
(5.831662239e-05 6.970361788e-13 -0.03585822749)
(2.533356835e-05 6.970370461e-13 -0.03585753014)
(-6.381831679e-06 6.970370461e-13 -0.03585685959)
(-3.561116403e-05 6.970374798e-13 -0.03585624161)
(-6.12309454e-05 6.970379135e-13 -0.03585569994)
(-8.225636854e-05 6.970383472e-13 -0.03585525541)
(-9.787972247e-05 6.970383472e-13 -0.03585492509)
(-0.0001075004016 6.970386724e-13 -0.03585472168)
(-0.0001411878571 7.561830917e-13 -0.03773303478)
(-0.0001379155337 7.561830936e-13 -0.03773310447)
(-0.000128224586 7.561830936e-13 -0.03773331086)
(-0.0001124871205 7.561828767e-13 -0.03773364603)
(-9.130812946e-05 7.561828767e-13 -0.03773409708)
(-6.550122342e-05 7.561828767e-13 -0.03773464669)
(-3.605840255e-05 7.561828767e-13 -0.03773527374)
(-4.111355979e-06 7.561824431e-13 -0.03773595413)
(2.911260344e-05 7.561824431e-13 -0.0377366617)
(6.233656286e-05 7.561824431e-13 -0.03773736928)
(9.428360943e-05 7.561820094e-13 -0.03773804966)
(0.0001237264303 7.561820094e-13 -0.03773867671)
(0.0001495333363 7.561820094e-13 -0.03773922633)
(0.0001707123274 7.561820094e-13 -0.03773967738)
(0.0001864497929 7.561817925e-13 -0.03774001254)
(0.0001961407406 7.561817925e-13 -0.03774021893)
(0.000199413064 7.561817906e-13 -0.03774028862)
(0.0001961407406 7.561817925e-13 -0.03774021893)
(0.0001864497929 7.561817925e-13 -0.03774001254)
(0.0001707123274 7.561820094e-13 -0.03773967738)
(0.0001495333363 7.561820094e-13 -0.03773922633)
(0.0001237264303 7.561820094e-13 -0.03773867671)
(9.428360942e-05 7.561820094e-13 -0.03773804966)
(6.233656285e-05 7.561824431e-13 -0.03773736928)
(2.911260343e-05 7.561824431e-13 -0.0377366617)
(-4.111355989e-06 7.561824431e-13 -0.03773595413)
(-3.605840256e-05 7.561828767e-13 -0.03773527374)
(-6.550122343e-05 7.561828767e-13 -0.03773464669)
(-9.130812946e-05 7.561828767e-13 -0.03773409708)
(-0.0001124871205 7.561828767e-13 -0.03773364603)
(-0.000128224586 7.561830936e-13 -0.03773331086)
(-0.0001379155337 7.561830936e-13 -0.03773310447)
(-0.0001712456165 8.119185332e-13 -0.03962121009)
(-0.0001679646363 8.119185662e-13 -0.03962128015)
(-0.0001582480516 8.119184578e-13 -0.03962148763)
(-0.0001424689533 8.119186747e-13 -0.03962182457)
(-0.0001212339341 8.11918241e-13 -0.03962227802)
(-9.535875705e-05 8.11918241e-13 -0.03962283054)
(-6.583804647e-05 8.11918241e-13 -0.03962346092)
(-3.380648537e-05 8.11918241e-13 -0.03962414491)
(-4.946333925e-07 8.11918241e-13 -0.03962485623)
(3.281721858e-05 8.11918241e-13 -0.03962556756)
(6.484877968e-05 8.11918241e-13 -0.03962625155)
(9.436949027e-05 8.11918241e-13 -0.03962688192)
(0.0001202446674 8.11918241e-13 -0.03962743445)
(0.0001414796865 8.119178073e-13 -0.03962788789)
(0.0001572587848 8.119180241e-13 -0.03962822483)
(0.0001669753695 8.119179157e-13 -0.03962843232)
(0.0001702563497 8.119179254e-13 -0.03962850238)
(0.0001669753695 8.119179157e-13 -0.03962843232)
(0.0001572587848 8.119180241e-13 -0.03962822483)
(0.0001414796865 8.119178073e-13 -0.03962788789)
(0.0001202446674 8.11918241e-13 -0.03962743445)
(9.436949026e-05 8.11918241e-13 -0.03962688192)
(6.484877967e-05 8.11918241e-13 -0.03962625155)
(3.281721857e-05 8.11918241e-13 -0.03962556756)
(-4.946334022e-07 8.11918241e-13 -0.03962485623)
(-3.380648538e-05 8.11918241e-13 -0.03962414491)
(-6.583804648e-05 8.11918241e-13 -0.03962346092)
(-9.535875706e-05 8.11918241e-13 -0.03962283054)
(-0.0001212339342 8.11918241e-13 -0.03962227802)
(-0.0001424689533 8.119186747e-13 -0.03962182457)
(-0.0001582480516 8.119184578e-13 -0.03962148763)
(-0.0001679646363 8.119185662e-13 -0.03962128015)
)
;

boundaryField
{
    left
    {
        type            calculated;
    }
    right
    {
        type            calculated;
    }
    beam
    {
        type            empty;
    }
}


// ************************************************************************* //
