/*--------------------------------*- C++ -*----------------------------------*\
| =========                 |                                                 |
| \\      /  F ield         | OpenFOAM: The Open Source CFD Toolbox           |
|  \\    /   O peration     | Version:  2312                                  |
|   \\  /    A nd           | Website:  www.openfoam.com                      |
|    \\/     M anipulation  |                                                 |
\*---------------------------------------------------------------------------*/
FoamFile
{
    version     2.0;
    format      ascii;
    arch        "LSB;label=32;scalar=64";
    class       vectorField;
    location    "constant/polyMesh";
    object      points;
}
// * * * * * * * * * * * * * * * * * * * * * * * * * * * * * * * * * * * * * //


1952
(
(8.881784197e-19 0 -0.004)
(8.711120714e-19 -0.000780361 -0.00392314)
(8.205702784e-19 -0.00153073 -0.00369552)
(7.384937106e-19 -0.00222228 -0.00332588)
(6.280376219e-19 -0.00282843 -0.00282843)
(4.934452846e-19 -0.00332588 -0.00222228)
(3.398903381e-19 -0.00369552 -0.00153073)
(1.732749499e-19 -0.00392314 -0.000780361)
(5.438516304e-35 -0.004 -2.44929e-19)
(-1.732749499e-19 -0.00392314 0.000780361)
(-3.398903381e-19 -0.00369552 0.00153073)
(-4.934452846e-19 -0.00332588 0.00222228)
(-6.280376219e-19 -0.00282843 0.00282843)
(-7.384937106e-19 -0.00222228 0.00332588)
(-8.205702784e-19 -0.00153073 0.00369552)
(-8.711120714e-19 -0.000780361 0.00392314)
(-8.881784197e-19 -4.89859e-19 0.004)
(-8.711120714e-19 0.000780361 0.00392314)
(-8.205702784e-19 0.00153073 0.00369552)
(-7.384937106e-19 0.00222228 0.00332588)
(-6.280376219e-19 0.00282843 0.00282843)
(-4.934452846e-19 0.00332588 0.00222228)
(-3.398903381e-19 0.00369552 0.00153073)
(-1.732749499e-19 0.00392314 0.000780361)
(-1.631557112e-34 0.004 7.34788e-19)
(1.732749499e-19 0.00392314 -0.000780361)
(3.398903381e-19 0.00369552 -0.00153073)
(4.934452846e-19 0.00332588 -0.00222228)
(6.280376219e-19 0.00282843 -0.00282843)
(7.384937106e-19 0.00222228 -0.00332588)
(8.205702784e-19 0.00153073 -0.00369552)
(8.711120714e-19 0.000780361 -0.00392314)
(0.044275 0 -0.004)
(0.044275 -0.000780361 -0.00392314)
(0.044275 -0.00153073 -0.00369552)
(0.044275 -0.00222228 -0.00332588)
(0.044275 -0.00282843 -0.00282843)
(0.044275 -0.00332588 -0.00222228)
(0.044275 -0.00369552 -0.00153073)
(0.044275 -0.00392314 -0.000780361)
(0.044275 -0.004 9.586095883e-18)
(0.044275 -0.00392314 0.000780361)
(0.044275 -0.00369552 0.00153073)
(0.044275 -0.00332588 0.00222228)
(0.044275 -0.00282843 0.00282843)
(0.044275 -0.00222228 0.00332588)
(0.044275 -0.00153073 0.00369552)
(0.044275 -0.000780361 0.00392314)
(0.044275 -4.89859e-19 0.004)
(0.044275 0.000780361 0.00392314)
(0.044275 0.00153073 0.00369552)
(0.044275 0.00222228 0.00332588)
(0.044275 0.00282843 0.00282843)
(0.044275 0.00332588 0.00222228)
(0.044275 0.00369552 0.00153073)
(0.044275 0.00392314 0.000780361)
(0.044275 0.004 1.056581288e-17)
(0.044275 0.00392314 -0.000780361)
(0.044275 0.00369552 -0.00153073)
(0.044275 0.00332588 -0.00222228)
(0.044275 0.00282843 -0.00282843)
(0.044275 0.00222228 -0.00332588)
(0.044275 0.00153073 -0.00369552)
(0.044275 0.000780361 -0.00392314)
(0.08855 0 -0.004)
(0.08855 -0.000780361 -0.00392314)
(0.08855 -0.00153073 -0.00369552)
(0.08855 -0.00222228 -0.00332588)
(0.08855 -0.00282843 -0.00282843)
(0.08855 -0.00332588 -0.00222228)
(0.08855 -0.00369552 -0.00153073)
(0.08855 -0.00392314 -0.000780361)
(0.08855 -0.004 1.941712077e-17)
(0.08855 -0.00392314 0.000780361)
(0.08855 -0.00369552 0.00153073)
(0.08855 -0.00332588 0.00222228)
(0.08855 -0.00282843 0.00282843)
(0.08855 -0.00222228 0.00332588)
(0.08855 -0.00153073 0.00369552)
(0.08855 -0.000780361 0.00392314)
(0.08855 -4.89859e-19 0.004)
(0.08855 0.000780361 0.00392314)
(0.08855 0.00153073 0.00369552)
(0.08855 0.00222228 0.00332588)
(0.08855 0.00282843 0.00282843)
(0.08855 0.00332588 0.00222228)
(0.08855 0.00369552 0.00153073)
(0.08855 0.00392314 0.000780361)
(0.08855 0.004 2.039683777e-17)
(0.08855 0.00392314 -0.000780361)
(0.08855 0.00369552 -0.00153073)
(0.08855 0.00332588 -0.00222228)
(0.08855 0.00282843 -0.00282843)
(0.08855 0.00222228 -0.00332588)
(0.08855 0.00153073 -0.00369552)
(0.08855 0.000780361 -0.00392314)
(0.132825 0 -0.004)
(0.132825 -0.000780361 -0.00392314)
(0.132825 -0.00153073 -0.00369552)
(0.132825 -0.00222228 -0.00332588)
(0.132825 -0.00282843 -0.00282843)
(0.132825 -0.00332588 -0.00222228)
(0.132825 -0.00369552 -0.00153073)
(0.132825 -0.00392314 -0.000780361)
(0.132825 -0.004 2.924814565e-17)
(0.132825 -0.00392314 0.000780361)
(0.132825 -0.00369552 0.00153073)
(0.132825 -0.00332588 0.00222228)
(0.132825 -0.00282843 0.00282843)
(0.132825 -0.00222228 0.00332588)
(0.132825 -0.00153073 0.00369552)
(0.132825 -0.000780361 0.00392314)
(0.132825 -4.89859e-19 0.004)
(0.132825 0.000780361 0.00392314)
(0.132825 0.00153073 0.00369552)
(0.132825 0.00222228 0.00332588)
(0.132825 0.00282843 0.00282843)
(0.132825 0.00332588 0.00222228)
(0.132825 0.00369552 0.00153073)
(0.132825 0.00392314 0.000780361)
(0.132825 0.004 3.022786265e-17)
(0.132825 0.00392314 -0.000780361)
(0.132825 0.00369552 -0.00153073)
(0.132825 0.00332588 -0.00222228)
(0.132825 0.00282843 -0.00282843)
(0.132825 0.00222228 -0.00332588)
(0.132825 0.00153073 -0.00369552)
(0.132825 0.000780361 -0.00392314)
(0.1771 0 -0.004)
(0.1771 -0.000780361 -0.00392314)
(0.1771 -0.00153073 -0.00369552)
(0.1771 -0.00222228 -0.00332588)
(0.1771 -0.00282843 -0.00282843)
(0.1771 -0.00332588 -0.00222228)
(0.1771 -0.00369552 -0.00153073)
(0.1771 -0.00392314 -0.000780361)
(0.1771 -0.004 3.907917053e-17)
(0.1771 -0.00392314 0.000780361)
(0.1771 -0.00369552 0.00153073)
(0.1771 -0.00332588 0.00222228)
(0.1771 -0.00282843 0.00282843)
(0.1771 -0.00222228 0.00332588)
(0.1771 -0.00153073 0.00369552)
(0.1771 -0.000780361 0.00392314)
(0.1771 -4.89859e-19 0.004)
(0.1771 0.000780361 0.00392314)
(0.1771 0.00153073 0.00369552)
(0.1771 0.00222228 0.00332588)
(0.1771 0.00282843 0.00282843)
(0.1771 0.00332588 0.00222228)
(0.1771 0.00369552 0.00153073)
(0.1771 0.00392314 0.000780361)
(0.1771 0.004 4.005888753e-17)
(0.1771 0.00392314 -0.000780361)
(0.1771 0.00369552 -0.00153073)
(0.1771 0.00332588 -0.00222228)
(0.1771 0.00282843 -0.00282843)
(0.1771 0.00222228 -0.00332588)
(0.1771 0.00153073 -0.00369552)
(0.1771 0.000780361 -0.00392314)
(0.221375 0 -0.004)
(0.221375 -0.000780361 -0.00392314)
(0.221375 -0.00153073 -0.00369552)
(0.221375 -0.00222228 -0.00332588)
(0.221375 -0.00282843 -0.00282843)
(0.221375 -0.00332588 -0.00222228)
(0.221375 -0.00369552 -0.00153073)
(0.221375 -0.00392314 -0.000780361)
(0.221375 -0.004 4.891019542e-17)
(0.221375 -0.00392314 0.000780361)
(0.221375 -0.00369552 0.00153073)
(0.221375 -0.00332588 0.00222228)
(0.221375 -0.00282843 0.00282843)
(0.221375 -0.00222228 0.00332588)
(0.221375 -0.00153073 0.00369552)
(0.221375 -0.000780361 0.00392314)
(0.221375 -4.89859e-19 0.004)
(0.221375 0.000780361 0.00392314)
(0.221375 0.00153073 0.00369552)
(0.221375 0.00222228 0.00332588)
(0.221375 0.00282843 0.00282843)
(0.221375 0.00332588 0.00222228)
(0.221375 0.00369552 0.00153073)
(0.221375 0.00392314 0.000780361)
(0.221375 0.004 4.988991242e-17)
(0.221375 0.00392314 -0.000780361)
(0.221375 0.00369552 -0.00153073)
(0.221375 0.00332588 -0.00222228)
(0.221375 0.00282843 -0.00282843)
(0.221375 0.00222228 -0.00332588)
(0.221375 0.00153073 -0.00369552)
(0.221375 0.000780361 -0.00392314)
(0.26565 0 -0.004)
(0.26565 -0.000780361 -0.00392314)
(0.26565 -0.00153073 -0.00369552)
(0.26565 -0.00222228 -0.00332588)
(0.26565 -0.00282843 -0.00282843)
(0.26565 -0.00332588 -0.00222228)
(0.26565 -0.00369552 -0.00153073)
(0.26565 -0.00392314 -0.000780361)
(0.26565 -0.004 5.87412203e-17)
(0.26565 -0.00392314 0.000780361)
(0.26565 -0.00369552 0.00153073)
(0.26565 -0.00332588 0.00222228)
(0.26565 -0.00282843 0.00282843)
(0.26565 -0.00222228 0.00332588)
(0.26565 -0.00153073 0.00369552)
(0.26565 -0.000780361 0.00392314)
(0.26565 -4.89859e-19 0.004)
(0.26565 0.000780361 0.00392314)
(0.26565 0.00153073 0.00369552)
(0.26565 0.00222228 0.00332588)
(0.26565 0.00282843 0.00282843)
(0.26565 0.00332588 0.00222228)
(0.26565 0.00369552 0.00153073)
(0.26565 0.00392314 0.000780361)
(0.26565 0.004 5.97209373e-17)
(0.26565 0.00392314 -0.000780361)
(0.26565 0.00369552 -0.00153073)
(0.26565 0.00332588 -0.00222228)
(0.26565 0.00282843 -0.00282843)
(0.26565 0.00222228 -0.00332588)
(0.26565 0.00153073 -0.00369552)
(0.26565 0.000780361 -0.00392314)
(0.309925 0 -0.004)
(0.309925 -0.000780361 -0.00392314)
(0.309925 -0.00153073 -0.00369552)
(0.309925 -0.00222228 -0.00332588)
(0.309925 -0.00282843 -0.00282843)
(0.309925 -0.00332588 -0.00222228)
(0.309925 -0.00369552 -0.00153073)
(0.309925 -0.00392314 -0.000780361)
(0.309925 -0.004 6.857224518e-17)
(0.309925 -0.00392314 0.000780361)
(0.309925 -0.00369552 0.00153073)
(0.309925 -0.00332588 0.00222228)
(0.309925 -0.00282843 0.00282843)
(0.309925 -0.00222228 0.00332588)
(0.309925 -0.00153073 0.00369552)
(0.309925 -0.000780361 0.00392314)
(0.309925 -4.89859e-19 0.004)
(0.309925 0.000780361 0.00392314)
(0.309925 0.00153073 0.00369552)
(0.309925 0.00222228 0.00332588)
(0.309925 0.00282843 0.00282843)
(0.309925 0.00332588 0.00222228)
(0.309925 0.00369552 0.00153073)
(0.309925 0.00392314 0.000780361)
(0.309925 0.004 6.955196218e-17)
(0.309925 0.00392314 -0.000780361)
(0.309925 0.00369552 -0.00153073)
(0.309925 0.00332588 -0.00222228)
(0.309925 0.00282843 -0.00282843)
(0.309925 0.00222228 -0.00332588)
(0.309925 0.00153073 -0.00369552)
(0.309925 0.000780361 -0.00392314)
(0.3542 0 -0.004)
(0.3542 -0.000780361 -0.00392314)
(0.3542 -0.00153073 -0.00369552)
(0.3542 -0.00222228 -0.00332588)
(0.3542 -0.00282843 -0.00282843)
(0.3542 -0.00332588 -0.00222228)
(0.3542 -0.00369552 -0.00153073)
(0.3542 -0.00392314 -0.000780361)
(0.3542 -0.004 7.840327006e-17)
(0.3542 -0.00392314 0.000780361)
(0.3542 -0.00369552 0.00153073)
(0.3542 -0.00332588 0.00222228)
(0.3542 -0.00282843 0.00282843)
(0.3542 -0.00222228 0.00332588)
(0.3542 -0.00153073 0.00369552)
(0.3542 -0.000780361 0.00392314)
(0.3542 -4.89859e-19 0.004)
(0.3542 0.000780361 0.00392314)
(0.3542 0.00153073 0.00369552)
(0.3542 0.00222228 0.00332588)
(0.3542 0.00282843 0.00282843)
(0.3542 0.00332588 0.00222228)
(0.3542 0.00369552 0.00153073)
(0.3542 0.00392314 0.000780361)
(0.3542 0.004 7.938298706e-17)
(0.3542 0.00392314 -0.000780361)
(0.3542 0.00369552 -0.00153073)
(0.3542 0.00332588 -0.00222228)
(0.3542 0.00282843 -0.00282843)
(0.3542 0.00222228 -0.00332588)
(0.3542 0.00153073 -0.00369552)
(0.3542 0.000780361 -0.00392314)
(0.398475 0 -0.004)
(0.398475 -0.000780361 -0.00392314)
(0.398475 -0.00153073 -0.00369552)
(0.398475 -0.00222228 -0.00332588)
(0.398475 -0.00282843 -0.00282843)
(0.398475 -0.00332588 -0.00222228)
(0.398475 -0.00369552 -0.00153073)
(0.398475 -0.00392314 -0.000780361)
(0.398475 -0.004 8.823429495e-17)
(0.398475 -0.00392314 0.000780361)
(0.398475 -0.00369552 0.00153073)
(0.398475 -0.00332588 0.00222228)
(0.398475 -0.00282843 0.00282843)
(0.398475 -0.00222228 0.00332588)
(0.398475 -0.00153073 0.00369552)
(0.398475 -0.000780361 0.00392314)
(0.398475 -4.89859e-19 0.004)
(0.398475 0.000780361 0.00392314)
(0.398475 0.00153073 0.00369552)
(0.398475 0.00222228 0.00332588)
(0.398475 0.00282843 0.00282843)
(0.398475 0.00332588 0.00222228)
(0.398475 0.00369552 0.00153073)
(0.398475 0.00392314 0.000780361)
(0.398475 0.004 8.921401195e-17)
(0.398475 0.00392314 -0.000780361)
(0.398475 0.00369552 -0.00153073)
(0.398475 0.00332588 -0.00222228)
(0.398475 0.00282843 -0.00282843)
(0.398475 0.00222228 -0.00332588)
(0.398475 0.00153073 -0.00369552)
(0.398475 0.000780361 -0.00392314)
(0.44275 0 -0.004)
(0.44275 -0.000780361 -0.00392314)
(0.44275 -0.00153073 -0.00369552)
(0.44275 -0.00222228 -0.00332588)
(0.44275 -0.00282843 -0.00282843)
(0.44275 -0.00332588 -0.00222228)
(0.44275 -0.00369552 -0.00153073)
(0.44275 -0.00392314 -0.000780361)
(0.44275 -0.004 9.806531983e-17)
(0.44275 -0.00392314 0.000780361)
(0.44275 -0.00369552 0.00153073)
(0.44275 -0.00332588 0.00222228)
(0.44275 -0.00282843 0.00282843)
(0.44275 -0.00222228 0.00332588)
(0.44275 -0.00153073 0.00369552)
(0.44275 -0.000780361 0.00392314)
(0.44275 -4.89859e-19 0.004)
(0.44275 0.000780361 0.00392314)
(0.44275 0.00153073 0.00369552)
(0.44275 0.00222228 0.00332588)
(0.44275 0.00282843 0.00282843)
(0.44275 0.00332588 0.00222228)
(0.44275 0.00369552 0.00153073)
(0.44275 0.00392314 0.000780361)
(0.44275 0.004 9.904503683e-17)
(0.44275 0.00392314 -0.000780361)
(0.44275 0.00369552 -0.00153073)
(0.44275 0.00332588 -0.00222228)
(0.44275 0.00282843 -0.00282843)
(0.44275 0.00222228 -0.00332588)
(0.44275 0.00153073 -0.00369552)
(0.44275 0.000780361 -0.00392314)
(0.487025 0 -0.004)
(0.487025 -0.000780361 -0.00392314)
(0.487025 -0.00153073 -0.00369552)
(0.487025 -0.00222228 -0.00332588)
(0.487025 -0.00282843 -0.00282843)
(0.487025 -0.00332588 -0.00222228)
(0.487025 -0.00369552 -0.00153073)
(0.487025 -0.00392314 -0.000780361)
(0.487025 -0.004 1.078963447e-16)
(0.487025 -0.00392314 0.000780361)
(0.487025 -0.00369552 0.00153073)
(0.487025 -0.00332588 0.00222228)
(0.487025 -0.00282843 0.00282843)
(0.487025 -0.00222228 0.00332588)
(0.487025 -0.00153073 0.00369552)
(0.487025 -0.000780361 0.00392314)
(0.487025 -4.89859e-19 0.004)
(0.487025 0.000780361 0.00392314)
(0.487025 0.00153073 0.00369552)
(0.487025 0.00222228 0.00332588)
(0.487025 0.00282843 0.00282843)
(0.487025 0.00332588 0.00222228)
(0.487025 0.00369552 0.00153073)
(0.487025 0.00392314 0.000780361)
(0.487025 0.004 1.088760617e-16)
(0.487025 0.00392314 -0.000780361)
(0.487025 0.00369552 -0.00153073)
(0.487025 0.00332588 -0.00222228)
(0.487025 0.00282843 -0.00282843)
(0.487025 0.00222228 -0.00332588)
(0.487025 0.00153073 -0.00369552)
(0.487025 0.000780361 -0.00392314)
(0.5313 0 -0.004)
(0.5313 -0.000780361 -0.00392314)
(0.5313 -0.00153073 -0.00369552)
(0.5313 -0.00222228 -0.00332588)
(0.5313 -0.00282843 -0.00282843)
(0.5313 -0.00332588 -0.00222228)
(0.5313 -0.00369552 -0.00153073)
(0.5313 -0.00392314 -0.000780361)
(0.5313 -0.004 1.177273696e-16)
(0.5313 -0.00392314 0.000780361)
(0.5313 -0.00369552 0.00153073)
(0.5313 -0.00332588 0.00222228)
(0.5313 -0.00282843 0.00282843)
(0.5313 -0.00222228 0.00332588)
(0.5313 -0.00153073 0.00369552)
(0.5313 -0.000780361 0.00392314)
(0.5313 -4.89859e-19 0.004)
(0.5313 0.000780361 0.00392314)
(0.5313 0.00153073 0.00369552)
(0.5313 0.00222228 0.00332588)
(0.5313 0.00282843 0.00282843)
(0.5313 0.00332588 0.00222228)
(0.5313 0.00369552 0.00153073)
(0.5313 0.00392314 0.000780361)
(0.5313 0.004 1.187070866e-16)
(0.5313 0.00392314 -0.000780361)
(0.5313 0.00369552 -0.00153073)
(0.5313 0.00332588 -0.00222228)
(0.5313 0.00282843 -0.00282843)
(0.5313 0.00222228 -0.00332588)
(0.5313 0.00153073 -0.00369552)
(0.5313 0.000780361 -0.00392314)
(0.575575 0 -0.004)
(0.575575 -0.000780361 -0.00392314)
(0.575575 -0.00153073 -0.00369552)
(0.575575 -0.00222228 -0.00332588)
(0.575575 -0.00282843 -0.00282843)
(0.575575 -0.00332588 -0.00222228)
(0.575575 -0.00369552 -0.00153073)
(0.575575 -0.00392314 -0.000780361)
(0.575575 -0.004 1.275583945e-16)
(0.575575 -0.00392314 0.000780361)
(0.575575 -0.00369552 0.00153073)
(0.575575 -0.00332588 0.00222228)
(0.575575 -0.00282843 0.00282843)
(0.575575 -0.00222228 0.00332588)
(0.575575 -0.00153073 0.00369552)
(0.575575 -0.000780361 0.00392314)
(0.575575 -4.89859e-19 0.004)
(0.575575 0.000780361 0.00392314)
(0.575575 0.00153073 0.00369552)
(0.575575 0.00222228 0.00332588)
(0.575575 0.00282843 0.00282843)
(0.575575 0.00332588 0.00222228)
(0.575575 0.00369552 0.00153073)
(0.575575 0.00392314 0.000780361)
(0.575575 0.004 1.285381115e-16)
(0.575575 0.00392314 -0.000780361)
(0.575575 0.00369552 -0.00153073)
(0.575575 0.00332588 -0.00222228)
(0.575575 0.00282843 -0.00282843)
(0.575575 0.00222228 -0.00332588)
(0.575575 0.00153073 -0.00369552)
(0.575575 0.000780361 -0.00392314)
(0.61985 0 -0.004)
(0.61985 -0.000780361 -0.00392314)
(0.61985 -0.00153073 -0.00369552)
(0.61985 -0.00222228 -0.00332588)
(0.61985 -0.00282843 -0.00282843)
(0.61985 -0.00332588 -0.00222228)
(0.61985 -0.00369552 -0.00153073)
(0.61985 -0.00392314 -0.000780361)
(0.61985 -0.004 1.373894194e-16)
(0.61985 -0.00392314 0.000780361)
(0.61985 -0.00369552 0.00153073)
(0.61985 -0.00332588 0.00222228)
(0.61985 -0.00282843 0.00282843)
(0.61985 -0.00222228 0.00332588)
(0.61985 -0.00153073 0.00369552)
(0.61985 -0.000780361 0.00392314)
(0.61985 -4.89859e-19 0.004)
(0.61985 0.000780361 0.00392314)
(0.61985 0.00153073 0.00369552)
(0.61985 0.00222228 0.00332588)
(0.61985 0.00282843 0.00282843)
(0.61985 0.00332588 0.00222228)
(0.61985 0.00369552 0.00153073)
(0.61985 0.00392314 0.000780361)
(0.61985 0.004 1.383691364e-16)
(0.61985 0.00392314 -0.000780361)
(0.61985 0.00369552 -0.00153073)
(0.61985 0.00332588 -0.00222228)
(0.61985 0.00282843 -0.00282843)
(0.61985 0.00222228 -0.00332588)
(0.61985 0.00153073 -0.00369552)
(0.61985 0.000780361 -0.00392314)
(0.664125 0 -0.004)
(0.664125 -0.000780361 -0.00392314)
(0.664125 -0.00153073 -0.00369552)
(0.664125 -0.00222228 -0.00332588)
(0.664125 -0.00282843 -0.00282843)
(0.664125 -0.00332588 -0.00222228)
(0.664125 -0.00369552 -0.00153073)
(0.664125 -0.00392314 -0.000780361)
(0.664125 -0.004 1.472204442e-16)
(0.664125 -0.00392314 0.000780361)
(0.664125 -0.00369552 0.00153073)
(0.664125 -0.00332588 0.00222228)
(0.664125 -0.00282843 0.00282843)
(0.664125 -0.00222228 0.00332588)
(0.664125 -0.00153073 0.00369552)
(0.664125 -0.000780361 0.00392314)
(0.664125 -4.89859e-19 0.004)
(0.664125 0.000780361 0.00392314)
(0.664125 0.00153073 0.00369552)
(0.664125 0.00222228 0.00332588)
(0.664125 0.00282843 0.00282843)
(0.664125 0.00332588 0.00222228)
(0.664125 0.00369552 0.00153073)
(0.664125 0.00392314 0.000780361)
(0.664125 0.004 1.482001612e-16)
(0.664125 0.00392314 -0.000780361)
(0.664125 0.00369552 -0.00153073)
(0.664125 0.00332588 -0.00222228)
(0.664125 0.00282843 -0.00282843)
(0.664125 0.00222228 -0.00332588)
(0.664125 0.00153073 -0.00369552)
(0.664125 0.000780361 -0.00392314)
(0.7084 0 -0.004)
(0.7084 -0.000780361 -0.00392314)
(0.7084 -0.00153073 -0.00369552)
(0.7084 -0.00222228 -0.00332588)
(0.7084 -0.00282843 -0.00282843)
(0.7084 -0.00332588 -0.00222228)
(0.7084 -0.00369552 -0.00153073)
(0.7084 -0.00392314 -0.000780361)
(0.7084 -0.004 1.570514691e-16)
(0.7084 -0.00392314 0.000780361)
(0.7084 -0.00369552 0.00153073)
(0.7084 -0.00332588 0.00222228)
(0.7084 -0.00282843 0.00282843)
(0.7084 -0.00222228 0.00332588)
(0.7084 -0.00153073 0.00369552)
(0.7084 -0.000780361 0.00392314)
(0.7084 -4.89859e-19 0.004)
(0.7084 0.000780361 0.00392314)
(0.7084 0.00153073 0.00369552)
(0.7084 0.00222228 0.00332588)
(0.7084 0.00282843 0.00282843)
(0.7084 0.00332588 0.00222228)
(0.7084 0.00369552 0.00153073)
(0.7084 0.00392314 0.000780361)
(0.7084 0.004 1.580311861e-16)
(0.7084 0.00392314 -0.000780361)
(0.7084 0.00369552 -0.00153073)
(0.7084 0.00332588 -0.00222228)
(0.7084 0.00282843 -0.00282843)
(0.7084 0.00222228 -0.00332588)
(0.7084 0.00153073 -0.00369552)
(0.7084 0.000780361 -0.00392314)
(0.752675 0 -0.004)
(0.752675 -0.000780361 -0.00392314)
(0.752675 -0.00153073 -0.00369552)
(0.752675 -0.00222228 -0.00332588)
(0.752675 -0.00282843 -0.00282843)
(0.752675 -0.00332588 -0.00222228)
(0.752675 -0.00369552 -0.00153073)
(0.752675 -0.00392314 -0.000780361)
(0.752675 -0.004 1.66882494e-16)
(0.752675 -0.00392314 0.000780361)
(0.752675 -0.00369552 0.00153073)
(0.752675 -0.00332588 0.00222228)
(0.752675 -0.00282843 0.00282843)
(0.752675 -0.00222228 0.00332588)
(0.752675 -0.00153073 0.00369552)
(0.752675 -0.000780361 0.00392314)
(0.752675 -4.89859e-19 0.004)
(0.752675 0.000780361 0.00392314)
(0.752675 0.00153073 0.00369552)
(0.752675 0.00222228 0.00332588)
(0.752675 0.00282843 0.00282843)
(0.752675 0.00332588 0.00222228)
(0.752675 0.00369552 0.00153073)
(0.752675 0.00392314 0.000780361)
(0.752675 0.004 1.67862211e-16)
(0.752675 0.00392314 -0.000780361)
(0.752675 0.00369552 -0.00153073)
(0.752675 0.00332588 -0.00222228)
(0.752675 0.00282843 -0.00282843)
(0.752675 0.00222228 -0.00332588)
(0.752675 0.00153073 -0.00369552)
(0.752675 0.000780361 -0.00392314)
(0.79695 0 -0.004)
(0.79695 -0.000780361 -0.00392314)
(0.79695 -0.00153073 -0.00369552)
(0.79695 -0.00222228 -0.00332588)
(0.79695 -0.00282843 -0.00282843)
(0.79695 -0.00332588 -0.00222228)
(0.79695 -0.00369552 -0.00153073)
(0.79695 -0.00392314 -0.000780361)
(0.79695 -0.004 1.767135189e-16)
(0.79695 -0.00392314 0.000780361)
(0.79695 -0.00369552 0.00153073)
(0.79695 -0.00332588 0.00222228)
(0.79695 -0.00282843 0.00282843)
(0.79695 -0.00222228 0.00332588)
(0.79695 -0.00153073 0.00369552)
(0.79695 -0.000780361 0.00392314)
(0.79695 -4.89859e-19 0.004)
(0.79695 0.000780361 0.00392314)
(0.79695 0.00153073 0.00369552)
(0.79695 0.00222228 0.00332588)
(0.79695 0.00282843 0.00282843)
(0.79695 0.00332588 0.00222228)
(0.79695 0.00369552 0.00153073)
(0.79695 0.00392314 0.000780361)
(0.79695 0.004 1.776932359e-16)
(0.79695 0.00392314 -0.000780361)
(0.79695 0.00369552 -0.00153073)
(0.79695 0.00332588 -0.00222228)
(0.79695 0.00282843 -0.00282843)
(0.79695 0.00222228 -0.00332588)
(0.79695 0.00153073 -0.00369552)
(0.79695 0.000780361 -0.00392314)
(0.841225 0 -0.004)
(0.841225 -0.000780361 -0.00392314)
(0.841225 -0.00153073 -0.00369552)
(0.841225 -0.00222228 -0.00332588)
(0.841225 -0.00282843 -0.00282843)
(0.841225 -0.00332588 -0.00222228)
(0.841225 -0.00369552 -0.00153073)
(0.841225 -0.00392314 -0.000780361)
(0.841225 -0.004 1.865445438e-16)
(0.841225 -0.00392314 0.000780361)
(0.841225 -0.00369552 0.00153073)
(0.841225 -0.00332588 0.00222228)
(0.841225 -0.00282843 0.00282843)
(0.841225 -0.00222228 0.00332588)
(0.841225 -0.00153073 0.00369552)
(0.841225 -0.000780361 0.00392314)
(0.841225 -4.89859e-19 0.004)
(0.841225 0.000780361 0.00392314)
(0.841225 0.00153073 0.00369552)
(0.841225 0.00222228 0.00332588)
(0.841225 0.00282843 0.00282843)
(0.841225 0.00332588 0.00222228)
(0.841225 0.00369552 0.00153073)
(0.841225 0.00392314 0.000780361)
(0.841225 0.004 1.875242608e-16)
(0.841225 0.00392314 -0.000780361)
(0.841225 0.00369552 -0.00153073)
(0.841225 0.00332588 -0.00222228)
(0.841225 0.00282843 -0.00282843)
(0.841225 0.00222228 -0.00332588)
(0.841225 0.00153073 -0.00369552)
(0.841225 0.000780361 -0.00392314)
(0.8855 0 -0.004)
(0.8855 -0.000780361 -0.00392314)
(0.8855 -0.00153073 -0.00369552)
(0.8855 -0.00222228 -0.00332588)
(0.8855 -0.00282843 -0.00282843)
(0.8855 -0.00332588 -0.00222228)
(0.8855 -0.00369552 -0.00153073)
(0.8855 -0.00392314 -0.000780361)
(0.8855 -0.004 1.963755687e-16)
(0.8855 -0.00392314 0.000780361)
(0.8855 -0.00369552 0.00153073)
(0.8855 -0.00332588 0.00222228)
(0.8855 -0.00282843 0.00282843)
(0.8855 -0.00222228 0.00332588)
(0.8855 -0.00153073 0.00369552)
(0.8855 -0.000780361 0.00392314)
(0.8855 -4.89859e-19 0.004)
(0.8855 0.000780361 0.00392314)
(0.8855 0.00153073 0.00369552)
(0.8855 0.00222228 0.00332588)
(0.8855 0.00282843 0.00282843)
(0.8855 0.00332588 0.00222228)
(0.8855 0.00369552 0.00153073)
(0.8855 0.00392314 0.000780361)
(0.8855 0.004 1.973552857e-16)
(0.8855 0.00392314 -0.000780361)
(0.8855 0.00369552 -0.00153073)
(0.8855 0.00332588 -0.00222228)
(0.8855 0.00282843 -0.00282843)
(0.8855 0.00222228 -0.00332588)
(0.8855 0.00153073 -0.00369552)
(0.8855 0.000780361 -0.00392314)
(0.929775 0 -0.004)
(0.929775 -0.000780361 -0.00392314)
(0.929775 -0.00153073 -0.00369552)
(0.929775 -0.00222228 -0.00332588)
(0.929775 -0.00282843 -0.00282843)
(0.929775 -0.00332588 -0.00222228)
(0.929775 -0.00369552 -0.00153073)
(0.929775 -0.00392314 -0.000780361)
(0.929775 -0.004 2.062065935e-16)
(0.929775 -0.00392314 0.000780361)
(0.929775 -0.00369552 0.00153073)
(0.929775 -0.00332588 0.00222228)
(0.929775 -0.00282843 0.00282843)
(0.929775 -0.00222228 0.00332588)
(0.929775 -0.00153073 0.00369552)
(0.929775 -0.000780361 0.00392314)
(0.929775 -4.89859e-19 0.004)
(0.929775 0.000780361 0.00392314)
(0.929775 0.00153073 0.00369552)
(0.929775 0.00222228 0.00332588)
(0.929775 0.00282843 0.00282843)
(0.929775 0.00332588 0.00222228)
(0.929775 0.00369552 0.00153073)
(0.929775 0.00392314 0.000780361)
(0.929775 0.004 2.071863105e-16)
(0.929775 0.00392314 -0.000780361)
(0.929775 0.00369552 -0.00153073)
(0.929775 0.00332588 -0.00222228)
(0.929775 0.00282843 -0.00282843)
(0.929775 0.00222228 -0.00332588)
(0.929775 0.00153073 -0.00369552)
(0.929775 0.000780361 -0.00392314)
(0.97405 0 -0.004)
(0.97405 -0.000780361 -0.00392314)
(0.97405 -0.00153073 -0.00369552)
(0.97405 -0.00222228 -0.00332588)
(0.97405 -0.00282843 -0.00282843)
(0.97405 -0.00332588 -0.00222228)
(0.97405 -0.00369552 -0.00153073)
(0.97405 -0.00392314 -0.000780361)
(0.97405 -0.004 2.160376184e-16)
(0.97405 -0.00392314 0.000780361)
(0.97405 -0.00369552 0.00153073)
(0.97405 -0.00332588 0.00222228)
(0.97405 -0.00282843 0.00282843)
(0.97405 -0.00222228 0.00332588)
(0.97405 -0.00153073 0.00369552)
(0.97405 -0.000780361 0.00392314)
(0.97405 -4.89859e-19 0.004)
(0.97405 0.000780361 0.00392314)
(0.97405 0.00153073 0.00369552)
(0.97405 0.00222228 0.00332588)
(0.97405 0.00282843 0.00282843)
(0.97405 0.00332588 0.00222228)
(0.97405 0.00369552 0.00153073)
(0.97405 0.00392314 0.000780361)
(0.97405 0.004 2.170173354e-16)
(0.97405 0.00392314 -0.000780361)
(0.97405 0.00369552 -0.00153073)
(0.97405 0.00332588 -0.00222228)
(0.97405 0.00282843 -0.00282843)
(0.97405 0.00222228 -0.00332588)
(0.97405 0.00153073 -0.00369552)
(0.97405 0.000780361 -0.00392314)
(1.01832 0 -0.004)
(1.01832 -0.000780361 -0.00392314)
(1.01832 -0.00153073 -0.00369552)
(1.01832 -0.00222228 -0.00332588)
(1.01832 -0.00282843 -0.00282843)
(1.01832 -0.00332588 -0.00222228)
(1.01832 -0.00369552 -0.00153073)
(1.01832 -0.00392314 -0.000780361)
(1.01832 -0.004 2.258675331e-16)
(1.01832 -0.00392314 0.000780361)
(1.01832 -0.00369552 0.00153073)
(1.01832 -0.00332588 0.00222228)
(1.01832 -0.00282843 0.00282843)
(1.01832 -0.00222228 0.00332588)
(1.01832 -0.00153073 0.00369552)
(1.01832 -0.000780361 0.00392314)
(1.01832 -4.89859e-19 0.004)
(1.01832 0.000780361 0.00392314)
(1.01832 0.00153073 0.00369552)
(1.01832 0.00222228 0.00332588)
(1.01832 0.00282843 0.00282843)
(1.01832 0.00332588 0.00222228)
(1.01832 0.00369552 0.00153073)
(1.01832 0.00392314 0.000780361)
(1.01832 0.004 2.268472501e-16)
(1.01832 0.00392314 -0.000780361)
(1.01832 0.00369552 -0.00153073)
(1.01832 0.00332588 -0.00222228)
(1.01832 0.00282843 -0.00282843)
(1.01832 0.00222228 -0.00332588)
(1.01832 0.00153073 -0.00369552)
(1.01832 0.000780361 -0.00392314)
(1.0626 0 -0.004)
(1.0626 -0.000780361 -0.00392314)
(1.0626 -0.00153073 -0.00369552)
(1.0626 -0.00222228 -0.00332588)
(1.0626 -0.00282843 -0.00282843)
(1.0626 -0.00332588 -0.00222228)
(1.0626 -0.00369552 -0.00153073)
(1.0626 -0.00392314 -0.000780361)
(1.0626 -0.004 2.356996682e-16)
(1.0626 -0.00392314 0.000780361)
(1.0626 -0.00369552 0.00153073)
(1.0626 -0.00332588 0.00222228)
(1.0626 -0.00282843 0.00282843)
(1.0626 -0.00222228 0.00332588)
(1.0626 -0.00153073 0.00369552)
(1.0626 -0.000780361 0.00392314)
(1.0626 -4.89859e-19 0.004)
(1.0626 0.000780361 0.00392314)
(1.0626 0.00153073 0.00369552)
(1.0626 0.00222228 0.00332588)
(1.0626 0.00282843 0.00282843)
(1.0626 0.00332588 0.00222228)
(1.0626 0.00369552 0.00153073)
(1.0626 0.00392314 0.000780361)
(1.0626 0.004 2.366793852e-16)
(1.0626 0.00392314 -0.000780361)
(1.0626 0.00369552 -0.00153073)
(1.0626 0.00332588 -0.00222228)
(1.0626 0.00282843 -0.00282843)
(1.0626 0.00222228 -0.00332588)
(1.0626 0.00153073 -0.00369552)
(1.0626 0.000780361 -0.00392314)
(1.10687 0 -0.004)
(1.10687 -0.000780361 -0.00392314)
(1.10687 -0.00153073 -0.00369552)
(1.10687 -0.00222228 -0.00332588)
(1.10687 -0.00282843 -0.00282843)
(1.10687 -0.00332588 -0.00222228)
(1.10687 -0.00369552 -0.00153073)
(1.10687 -0.00392314 -0.000780361)
(1.10687 -0.004 2.455295829e-16)
(1.10687 -0.00392314 0.000780361)
(1.10687 -0.00369552 0.00153073)
(1.10687 -0.00332588 0.00222228)
(1.10687 -0.00282843 0.00282843)
(1.10687 -0.00222228 0.00332588)
(1.10687 -0.00153073 0.00369552)
(1.10687 -0.000780361 0.00392314)
(1.10687 -4.89859e-19 0.004)
(1.10687 0.000780361 0.00392314)
(1.10687 0.00153073 0.00369552)
(1.10687 0.00222228 0.00332588)
(1.10687 0.00282843 0.00282843)
(1.10687 0.00332588 0.00222228)
(1.10687 0.00369552 0.00153073)
(1.10687 0.00392314 0.000780361)
(1.10687 0.004 2.465092999e-16)
(1.10687 0.00392314 -0.000780361)
(1.10687 0.00369552 -0.00153073)
(1.10687 0.00332588 -0.00222228)
(1.10687 0.00282843 -0.00282843)
(1.10687 0.00222228 -0.00332588)
(1.10687 0.00153073 -0.00369552)
(1.10687 0.000780361 -0.00392314)
(1.15115 0 -0.004)
(1.15115 -0.000780361 -0.00392314)
(1.15115 -0.00153073 -0.00369552)
(1.15115 -0.00222228 -0.00332588)
(1.15115 -0.00282843 -0.00282843)
(1.15115 -0.00332588 -0.00222228)
(1.15115 -0.00369552 -0.00153073)
(1.15115 -0.00392314 -0.000780361)
(1.15115 -0.004 2.55361718e-16)
(1.15115 -0.00392314 0.000780361)
(1.15115 -0.00369552 0.00153073)
(1.15115 -0.00332588 0.00222228)
(1.15115 -0.00282843 0.00282843)
(1.15115 -0.00222228 0.00332588)
(1.15115 -0.00153073 0.00369552)
(1.15115 -0.000780361 0.00392314)
(1.15115 -4.89859e-19 0.004)
(1.15115 0.000780361 0.00392314)
(1.15115 0.00153073 0.00369552)
(1.15115 0.00222228 0.00332588)
(1.15115 0.00282843 0.00282843)
(1.15115 0.00332588 0.00222228)
(1.15115 0.00369552 0.00153073)
(1.15115 0.00392314 0.000780361)
(1.15115 0.004 2.56341435e-16)
(1.15115 0.00392314 -0.000780361)
(1.15115 0.00369552 -0.00153073)
(1.15115 0.00332588 -0.00222228)
(1.15115 0.00282843 -0.00282843)
(1.15115 0.00222228 -0.00332588)
(1.15115 0.00153073 -0.00369552)
(1.15115 0.000780361 -0.00392314)
(1.19542 0 -0.004)
(1.19542 -0.000780361 -0.00392314)
(1.19542 -0.00153073 -0.00369552)
(1.19542 -0.00222228 -0.00332588)
(1.19542 -0.00282843 -0.00282843)
(1.19542 -0.00332588 -0.00222228)
(1.19542 -0.00369552 -0.00153073)
(1.19542 -0.00392314 -0.000780361)
(1.19542 -0.004 2.651916326e-16)
(1.19542 -0.00392314 0.000780361)
(1.19542 -0.00369552 0.00153073)
(1.19542 -0.00332588 0.00222228)
(1.19542 -0.00282843 0.00282843)
(1.19542 -0.00222228 0.00332588)
(1.19542 -0.00153073 0.00369552)
(1.19542 -0.000780361 0.00392314)
(1.19542 -4.89859e-19 0.004)
(1.19542 0.000780361 0.00392314)
(1.19542 0.00153073 0.00369552)
(1.19542 0.00222228 0.00332588)
(1.19542 0.00282843 0.00282843)
(1.19542 0.00332588 0.00222228)
(1.19542 0.00369552 0.00153073)
(1.19542 0.00392314 0.000780361)
(1.19542 0.004 2.661713496e-16)
(1.19542 0.00392314 -0.000780361)
(1.19542 0.00369552 -0.00153073)
(1.19542 0.00332588 -0.00222228)
(1.19542 0.00282843 -0.00282843)
(1.19542 0.00222228 -0.00332588)
(1.19542 0.00153073 -0.00369552)
(1.19542 0.000780361 -0.00392314)
(1.2397 0 -0.004)
(1.2397 -0.000780361 -0.00392314)
(1.2397 -0.00153073 -0.00369552)
(1.2397 -0.00222228 -0.00332588)
(1.2397 -0.00282843 -0.00282843)
(1.2397 -0.00332588 -0.00222228)
(1.2397 -0.00369552 -0.00153073)
(1.2397 -0.00392314 -0.000780361)
(1.2397 -0.004 2.750237677e-16)
(1.2397 -0.00392314 0.000780361)
(1.2397 -0.00369552 0.00153073)
(1.2397 -0.00332588 0.00222228)
(1.2397 -0.00282843 0.00282843)
(1.2397 -0.00222228 0.00332588)
(1.2397 -0.00153073 0.00369552)
(1.2397 -0.000780361 0.00392314)
(1.2397 -4.89859e-19 0.004)
(1.2397 0.000780361 0.00392314)
(1.2397 0.00153073 0.00369552)
(1.2397 0.00222228 0.00332588)
(1.2397 0.00282843 0.00282843)
(1.2397 0.00332588 0.00222228)
(1.2397 0.00369552 0.00153073)
(1.2397 0.00392314 0.000780361)
(1.2397 0.004 2.760034847e-16)
(1.2397 0.00392314 -0.000780361)
(1.2397 0.00369552 -0.00153073)
(1.2397 0.00332588 -0.00222228)
(1.2397 0.00282843 -0.00282843)
(1.2397 0.00222228 -0.00332588)
(1.2397 0.00153073 -0.00369552)
(1.2397 0.000780361 -0.00392314)
(1.28397 0 -0.004)
(1.28397 -0.000780361 -0.00392314)
(1.28397 -0.00153073 -0.00369552)
(1.28397 -0.00222228 -0.00332588)
(1.28397 -0.00282843 -0.00282843)
(1.28397 -0.00332588 -0.00222228)
(1.28397 -0.00369552 -0.00153073)
(1.28397 -0.00392314 -0.000780361)
(1.28397 -0.004 2.848536824e-16)
(1.28397 -0.00392314 0.000780361)
(1.28397 -0.00369552 0.00153073)
(1.28397 -0.00332588 0.00222228)
(1.28397 -0.00282843 0.00282843)
(1.28397 -0.00222228 0.00332588)
(1.28397 -0.00153073 0.00369552)
(1.28397 -0.000780361 0.00392314)
(1.28397 -4.89859e-19 0.004)
(1.28397 0.000780361 0.00392314)
(1.28397 0.00153073 0.00369552)
(1.28397 0.00222228 0.00332588)
(1.28397 0.00282843 0.00282843)
(1.28397 0.00332588 0.00222228)
(1.28397 0.00369552 0.00153073)
(1.28397 0.00392314 0.000780361)
(1.28397 0.004 2.858333994e-16)
(1.28397 0.00392314 -0.000780361)
(1.28397 0.00369552 -0.00153073)
(1.28397 0.00332588 -0.00222228)
(1.28397 0.00282843 -0.00282843)
(1.28397 0.00222228 -0.00332588)
(1.28397 0.00153073 -0.00369552)
(1.28397 0.000780361 -0.00392314)
(1.32825 0 -0.004)
(1.32825 -0.000780361 -0.00392314)
(1.32825 -0.00153073 -0.00369552)
(1.32825 -0.00222228 -0.00332588)
(1.32825 -0.00282843 -0.00282843)
(1.32825 -0.00332588 -0.00222228)
(1.32825 -0.00369552 -0.00153073)
(1.32825 -0.00392314 -0.000780361)
(1.32825 -0.004 2.946858175e-16)
(1.32825 -0.00392314 0.000780361)
(1.32825 -0.00369552 0.00153073)
(1.32825 -0.00332588 0.00222228)
(1.32825 -0.00282843 0.00282843)
(1.32825 -0.00222228 0.00332588)
(1.32825 -0.00153073 0.00369552)
(1.32825 -0.000780361 0.00392314)
(1.32825 -4.89859e-19 0.004)
(1.32825 0.000780361 0.00392314)
(1.32825 0.00153073 0.00369552)
(1.32825 0.00222228 0.00332588)
(1.32825 0.00282843 0.00282843)
(1.32825 0.00332588 0.00222228)
(1.32825 0.00369552 0.00153073)
(1.32825 0.00392314 0.000780361)
(1.32825 0.004 2.956655345e-16)
(1.32825 0.00392314 -0.000780361)
(1.32825 0.00369552 -0.00153073)
(1.32825 0.00332588 -0.00222228)
(1.32825 0.00282843 -0.00282843)
(1.32825 0.00222228 -0.00332588)
(1.32825 0.00153073 -0.00369552)
(1.32825 0.000780361 -0.00392314)
(1.37252 0 -0.004)
(1.37252 -0.000780361 -0.00392314)
(1.37252 -0.00153073 -0.00369552)
(1.37252 -0.00222228 -0.00332588)
(1.37252 -0.00282843 -0.00282843)
(1.37252 -0.00332588 -0.00222228)
(1.37252 -0.00369552 -0.00153073)
(1.37252 -0.00392314 -0.000780361)
(1.37252 -0.004 3.045157322e-16)
(1.37252 -0.00392314 0.000780361)
(1.37252 -0.00369552 0.00153073)
(1.37252 -0.00332588 0.00222228)
(1.37252 -0.00282843 0.00282843)
(1.37252 -0.00222228 0.00332588)
(1.37252 -0.00153073 0.00369552)
(1.37252 -0.000780361 0.00392314)
(1.37252 -4.89859e-19 0.004)
(1.37252 0.000780361 0.00392314)
(1.37252 0.00153073 0.00369552)
(1.37252 0.00222228 0.00332588)
(1.37252 0.00282843 0.00282843)
(1.37252 0.00332588 0.00222228)
(1.37252 0.00369552 0.00153073)
(1.37252 0.00392314 0.000780361)
(1.37252 0.004 3.054954492e-16)
(1.37252 0.00392314 -0.000780361)
(1.37252 0.00369552 -0.00153073)
(1.37252 0.00332588 -0.00222228)
(1.37252 0.00282843 -0.00282843)
(1.37252 0.00222228 -0.00332588)
(1.37252 0.00153073 -0.00369552)
(1.37252 0.000780361 -0.00392314)
(1.4168 0 -0.004)
(1.4168 -0.000780361 -0.00392314)
(1.4168 -0.00153073 -0.00369552)
(1.4168 -0.00222228 -0.00332588)
(1.4168 -0.00282843 -0.00282843)
(1.4168 -0.00332588 -0.00222228)
(1.4168 -0.00369552 -0.00153073)
(1.4168 -0.00392314 -0.000780361)
(1.4168 -0.004 3.143478673e-16)
(1.4168 -0.00392314 0.000780361)
(1.4168 -0.00369552 0.00153073)
(1.4168 -0.00332588 0.00222228)
(1.4168 -0.00282843 0.00282843)
(1.4168 -0.00222228 0.00332588)
(1.4168 -0.00153073 0.00369552)
(1.4168 -0.000780361 0.00392314)
(1.4168 -4.89859e-19 0.004)
(1.4168 0.000780361 0.00392314)
(1.4168 0.00153073 0.00369552)
(1.4168 0.00222228 0.00332588)
(1.4168 0.00282843 0.00282843)
(1.4168 0.00332588 0.00222228)
(1.4168 0.00369552 0.00153073)
(1.4168 0.00392314 0.000780361)
(1.4168 0.004 3.153275843e-16)
(1.4168 0.00392314 -0.000780361)
(1.4168 0.00369552 -0.00153073)
(1.4168 0.00332588 -0.00222228)
(1.4168 0.00282843 -0.00282843)
(1.4168 0.00222228 -0.00332588)
(1.4168 0.00153073 -0.00369552)
(1.4168 0.000780361 -0.00392314)
(1.46107 0 -0.004)
(1.46107 -0.000780361 -0.00392314)
(1.46107 -0.00153073 -0.00369552)
(1.46107 -0.00222228 -0.00332588)
(1.46107 -0.00282843 -0.00282843)
(1.46107 -0.00332588 -0.00222228)
(1.46107 -0.00369552 -0.00153073)
(1.46107 -0.00392314 -0.000780361)
(1.46107 -0.004 3.241777819e-16)
(1.46107 -0.00392314 0.000780361)
(1.46107 -0.00369552 0.00153073)
(1.46107 -0.00332588 0.00222228)
(1.46107 -0.00282843 0.00282843)
(1.46107 -0.00222228 0.00332588)
(1.46107 -0.00153073 0.00369552)
(1.46107 -0.000780361 0.00392314)
(1.46107 -4.89859e-19 0.004)
(1.46107 0.000780361 0.00392314)
(1.46107 0.00153073 0.00369552)
(1.46107 0.00222228 0.00332588)
(1.46107 0.00282843 0.00282843)
(1.46107 0.00332588 0.00222228)
(1.46107 0.00369552 0.00153073)
(1.46107 0.00392314 0.000780361)
(1.46107 0.004 3.251574989e-16)
(1.46107 0.00392314 -0.000780361)
(1.46107 0.00369552 -0.00153073)
(1.46107 0.00332588 -0.00222228)
(1.46107 0.00282843 -0.00282843)
(1.46107 0.00222228 -0.00332588)
(1.46107 0.00153073 -0.00369552)
(1.46107 0.000780361 -0.00392314)
(1.50535 0 -0.004)
(1.50535 -0.000780361 -0.00392314)
(1.50535 -0.00153073 -0.00369552)
(1.50535 -0.00222228 -0.00332588)
(1.50535 -0.00282843 -0.00282843)
(1.50535 -0.00332588 -0.00222228)
(1.50535 -0.00369552 -0.00153073)
(1.50535 -0.00392314 -0.000780361)
(1.50535 -0.004 3.34009917e-16)
(1.50535 -0.00392314 0.000780361)
(1.50535 -0.00369552 0.00153073)
(1.50535 -0.00332588 0.00222228)
(1.50535 -0.00282843 0.00282843)
(1.50535 -0.00222228 0.00332588)
(1.50535 -0.00153073 0.00369552)
(1.50535 -0.000780361 0.00392314)
(1.50535 -4.89859e-19 0.004)
(1.50535 0.000780361 0.00392314)
(1.50535 0.00153073 0.00369552)
(1.50535 0.00222228 0.00332588)
(1.50535 0.00282843 0.00282843)
(1.50535 0.00332588 0.00222228)
(1.50535 0.00369552 0.00153073)
(1.50535 0.00392314 0.000780361)
(1.50535 0.004 3.34989634e-16)
(1.50535 0.00392314 -0.000780361)
(1.50535 0.00369552 -0.00153073)
(1.50535 0.00332588 -0.00222228)
(1.50535 0.00282843 -0.00282843)
(1.50535 0.00222228 -0.00332588)
(1.50535 0.00153073 -0.00369552)
(1.50535 0.000780361 -0.00392314)
(1.54962 0 -0.004)
(1.54962 -0.000780361 -0.00392314)
(1.54962 -0.00153073 -0.00369552)
(1.54962 -0.00222228 -0.00332588)
(1.54962 -0.00282843 -0.00282843)
(1.54962 -0.00332588 -0.00222228)
(1.54962 -0.00369552 -0.00153073)
(1.54962 -0.00392314 -0.000780361)
(1.54962 -0.004 3.438398317e-16)
(1.54962 -0.00392314 0.000780361)
(1.54962 -0.00369552 0.00153073)
(1.54962 -0.00332588 0.00222228)
(1.54962 -0.00282843 0.00282843)
(1.54962 -0.00222228 0.00332588)
(1.54962 -0.00153073 0.00369552)
(1.54962 -0.000780361 0.00392314)
(1.54962 -4.89859e-19 0.004)
(1.54962 0.000780361 0.00392314)
(1.54962 0.00153073 0.00369552)
(1.54962 0.00222228 0.00332588)
(1.54962 0.00282843 0.00282843)
(1.54962 0.00332588 0.00222228)
(1.54962 0.00369552 0.00153073)
(1.54962 0.00392314 0.000780361)
(1.54962 0.004 3.448195487e-16)
(1.54962 0.00392314 -0.000780361)
(1.54962 0.00369552 -0.00153073)
(1.54962 0.00332588 -0.00222228)
(1.54962 0.00282843 -0.00282843)
(1.54962 0.00222228 -0.00332588)
(1.54962 0.00153073 -0.00369552)
(1.54962 0.000780361 -0.00392314)
(1.5939 0 -0.004)
(1.5939 -0.000780361 -0.00392314)
(1.5939 -0.00153073 -0.00369552)
(1.5939 -0.00222228 -0.00332588)
(1.5939 -0.00282843 -0.00282843)
(1.5939 -0.00332588 -0.00222228)
(1.5939 -0.00369552 -0.00153073)
(1.5939 -0.00392314 -0.000780361)
(1.5939 -0.004 3.536719668e-16)
(1.5939 -0.00392314 0.000780361)
(1.5939 -0.00369552 0.00153073)
(1.5939 -0.00332588 0.00222228)
(1.5939 -0.00282843 0.00282843)
(1.5939 -0.00222228 0.00332588)
(1.5939 -0.00153073 0.00369552)
(1.5939 -0.000780361 0.00392314)
(1.5939 -4.89859e-19 0.004)
(1.5939 0.000780361 0.00392314)
(1.5939 0.00153073 0.00369552)
(1.5939 0.00222228 0.00332588)
(1.5939 0.00282843 0.00282843)
(1.5939 0.00332588 0.00222228)
(1.5939 0.00369552 0.00153073)
(1.5939 0.00392314 0.000780361)
(1.5939 0.004 3.546516838e-16)
(1.5939 0.00392314 -0.000780361)
(1.5939 0.00369552 -0.00153073)
(1.5939 0.00332588 -0.00222228)
(1.5939 0.00282843 -0.00282843)
(1.5939 0.00222228 -0.00332588)
(1.5939 0.00153073 -0.00369552)
(1.5939 0.000780361 -0.00392314)
(1.63817 0 -0.004)
(1.63817 -0.000780361 -0.00392314)
(1.63817 -0.00153073 -0.00369552)
(1.63817 -0.00222228 -0.00332588)
(1.63817 -0.00282843 -0.00282843)
(1.63817 -0.00332588 -0.00222228)
(1.63817 -0.00369552 -0.00153073)
(1.63817 -0.00392314 -0.000780361)
(1.63817 -0.004 3.635018815e-16)
(1.63817 -0.00392314 0.000780361)
(1.63817 -0.00369552 0.00153073)
(1.63817 -0.00332588 0.00222228)
(1.63817 -0.00282843 0.00282843)
(1.63817 -0.00222228 0.00332588)
(1.63817 -0.00153073 0.00369552)
(1.63817 -0.000780361 0.00392314)
(1.63817 -4.89859e-19 0.004)
(1.63817 0.000780361 0.00392314)
(1.63817 0.00153073 0.00369552)
(1.63817 0.00222228 0.00332588)
(1.63817 0.00282843 0.00282843)
(1.63817 0.00332588 0.00222228)
(1.63817 0.00369552 0.00153073)
(1.63817 0.00392314 0.000780361)
(1.63817 0.004 3.644815985e-16)
(1.63817 0.00392314 -0.000780361)
(1.63817 0.00369552 -0.00153073)
(1.63817 0.00332588 -0.00222228)
(1.63817 0.00282843 -0.00282843)
(1.63817 0.00222228 -0.00332588)
(1.63817 0.00153073 -0.00369552)
(1.63817 0.000780361 -0.00392314)
(1.68245 0 -0.004)
(1.68245 -0.000780361 -0.00392314)
(1.68245 -0.00153073 -0.00369552)
(1.68245 -0.00222228 -0.00332588)
(1.68245 -0.00282843 -0.00282843)
(1.68245 -0.00332588 -0.00222228)
(1.68245 -0.00369552 -0.00153073)
(1.68245 -0.00392314 -0.000780361)
(1.68245 -0.004 3.733340166e-16)
(1.68245 -0.00392314 0.000780361)
(1.68245 -0.00369552 0.00153073)
(1.68245 -0.00332588 0.00222228)
(1.68245 -0.00282843 0.00282843)
(1.68245 -0.00222228 0.00332588)
(1.68245 -0.00153073 0.00369552)
(1.68245 -0.000780361 0.00392314)
(1.68245 -4.89859e-19 0.004)
(1.68245 0.000780361 0.00392314)
(1.68245 0.00153073 0.00369552)
(1.68245 0.00222228 0.00332588)
(1.68245 0.00282843 0.00282843)
(1.68245 0.00332588 0.00222228)
(1.68245 0.00369552 0.00153073)
(1.68245 0.00392314 0.000780361)
(1.68245 0.004 3.743137336e-16)
(1.68245 0.00392314 -0.000780361)
(1.68245 0.00369552 -0.00153073)
(1.68245 0.00332588 -0.00222228)
(1.68245 0.00282843 -0.00282843)
(1.68245 0.00222228 -0.00332588)
(1.68245 0.00153073 -0.00369552)
(1.68245 0.000780361 -0.00392314)
(1.72672 0 -0.004)
(1.72672 -0.000780361 -0.00392314)
(1.72672 -0.00153073 -0.00369552)
(1.72672 -0.00222228 -0.00332588)
(1.72672 -0.00282843 -0.00282843)
(1.72672 -0.00332588 -0.00222228)
(1.72672 -0.00369552 -0.00153073)
(1.72672 -0.00392314 -0.000780361)
(1.72672 -0.004 3.831639312e-16)
(1.72672 -0.00392314 0.000780361)
(1.72672 -0.00369552 0.00153073)
(1.72672 -0.00332588 0.00222228)
(1.72672 -0.00282843 0.00282843)
(1.72672 -0.00222228 0.00332588)
(1.72672 -0.00153073 0.00369552)
(1.72672 -0.000780361 0.00392314)
(1.72672 -4.89859e-19 0.004)
(1.72672 0.000780361 0.00392314)
(1.72672 0.00153073 0.00369552)
(1.72672 0.00222228 0.00332588)
(1.72672 0.00282843 0.00282843)
(1.72672 0.00332588 0.00222228)
(1.72672 0.00369552 0.00153073)
(1.72672 0.00392314 0.000780361)
(1.72672 0.004 3.841436482e-16)
(1.72672 0.00392314 -0.000780361)
(1.72672 0.00369552 -0.00153073)
(1.72672 0.00332588 -0.00222228)
(1.72672 0.00282843 -0.00282843)
(1.72672 0.00222228 -0.00332588)
(1.72672 0.00153073 -0.00369552)
(1.72672 0.000780361 -0.00392314)
(1.771 0 -0.004)
(1.771 -0.000780361 -0.00392314)
(1.771 -0.00153073 -0.00369552)
(1.771 -0.00222228 -0.00332588)
(1.771 -0.00282843 -0.00282843)
(1.771 -0.00332588 -0.00222228)
(1.771 -0.00369552 -0.00153073)
(1.771 -0.00392314 -0.000780361)
(1.771 -0.004 3.929960663e-16)
(1.771 -0.00392314 0.000780361)
(1.771 -0.00369552 0.00153073)
(1.771 -0.00332588 0.00222228)
(1.771 -0.00282843 0.00282843)
(1.771 -0.00222228 0.00332588)
(1.771 -0.00153073 0.00369552)
(1.771 -0.000780361 0.00392314)
(1.771 -4.89859e-19 0.004)
(1.771 0.000780361 0.00392314)
(1.771 0.00153073 0.00369552)
(1.771 0.00222228 0.00332588)
(1.771 0.00282843 0.00282843)
(1.771 0.00332588 0.00222228)
(1.771 0.00369552 0.00153073)
(1.771 0.00392314 0.000780361)
(1.771 0.004 3.939757833e-16)
(1.771 0.00392314 -0.000780361)
(1.771 0.00369552 -0.00153073)
(1.771 0.00332588 -0.00222228)
(1.771 0.00282843 -0.00282843)
(1.771 0.00222228 -0.00332588)
(1.771 0.00153073 -0.00369552)
(1.771 0.000780361 -0.00392314)
(1.81527 0 -0.004)
(1.81527 -0.000780361 -0.00392314)
(1.81527 -0.00153073 -0.00369552)
(1.81527 -0.00222228 -0.00332588)
(1.81527 -0.00282843 -0.00282843)
(1.81527 -0.00332588 -0.00222228)
(1.81527 -0.00369552 -0.00153073)
(1.81527 -0.00392314 -0.000780361)
(1.81527 -0.004 4.02825981e-16)
(1.81527 -0.00392314 0.000780361)
(1.81527 -0.00369552 0.00153073)
(1.81527 -0.00332588 0.00222228)
(1.81527 -0.00282843 0.00282843)
(1.81527 -0.00222228 0.00332588)
(1.81527 -0.00153073 0.00369552)
(1.81527 -0.000780361 0.00392314)
(1.81527 -4.89859e-19 0.004)
(1.81527 0.000780361 0.00392314)
(1.81527 0.00153073 0.00369552)
(1.81527 0.00222228 0.00332588)
(1.81527 0.00282843 0.00282843)
(1.81527 0.00332588 0.00222228)
(1.81527 0.00369552 0.00153073)
(1.81527 0.00392314 0.000780361)
(1.81527 0.004 4.03805698e-16)
(1.81527 0.00392314 -0.000780361)
(1.81527 0.00369552 -0.00153073)
(1.81527 0.00332588 -0.00222228)
(1.81527 0.00282843 -0.00282843)
(1.81527 0.00222228 -0.00332588)
(1.81527 0.00153073 -0.00369552)
(1.81527 0.000780361 -0.00392314)
(1.85955 0 -0.004)
(1.85955 -0.000780361 -0.00392314)
(1.85955 -0.00153073 -0.00369552)
(1.85955 -0.00222228 -0.00332588)
(1.85955 -0.00282843 -0.00282843)
(1.85955 -0.00332588 -0.00222228)
(1.85955 -0.00369552 -0.00153073)
(1.85955 -0.00392314 -0.000780361)
(1.85955 -0.004 4.126581161e-16)
(1.85955 -0.00392314 0.000780361)
(1.85955 -0.00369552 0.00153073)
(1.85955 -0.00332588 0.00222228)
(1.85955 -0.00282843 0.00282843)
(1.85955 -0.00222228 0.00332588)
(1.85955 -0.00153073 0.00369552)
(1.85955 -0.000780361 0.00392314)
(1.85955 -4.89859e-19 0.004)
(1.85955 0.000780361 0.00392314)
(1.85955 0.00153073 0.00369552)
(1.85955 0.00222228 0.00332588)
(1.85955 0.00282843 0.00282843)
(1.85955 0.00332588 0.00222228)
(1.85955 0.00369552 0.00153073)
(1.85955 0.00392314 0.000780361)
(1.85955 0.004 4.136378331e-16)
(1.85955 0.00392314 -0.000780361)
(1.85955 0.00369552 -0.00153073)
(1.85955 0.00332588 -0.00222228)
(1.85955 0.00282843 -0.00282843)
(1.85955 0.00222228 -0.00332588)
(1.85955 0.00153073 -0.00369552)
(1.85955 0.000780361 -0.00392314)
(1.90382 0 -0.004)
(1.90382 -0.000780361 -0.00392314)
(1.90382 -0.00153073 -0.00369552)
(1.90382 -0.00222228 -0.00332588)
(1.90382 -0.00282843 -0.00282843)
(1.90382 -0.00332588 -0.00222228)
(1.90382 -0.00369552 -0.00153073)
(1.90382 -0.00392314 -0.000780361)
(1.90382 -0.004 4.224880307e-16)
(1.90382 -0.00392314 0.000780361)
(1.90382 -0.00369552 0.00153073)
(1.90382 -0.00332588 0.00222228)
(1.90382 -0.00282843 0.00282843)
(1.90382 -0.00222228 0.00332588)
(1.90382 -0.00153073 0.00369552)
(1.90382 -0.000780361 0.00392314)
(1.90382 -4.89859e-19 0.004)
(1.90382 0.000780361 0.00392314)
(1.90382 0.00153073 0.00369552)
(1.90382 0.00222228 0.00332588)
(1.90382 0.00282843 0.00282843)
(1.90382 0.00332588 0.00222228)
(1.90382 0.00369552 0.00153073)
(1.90382 0.00392314 0.000780361)
(1.90382 0.004 4.234677477e-16)
(1.90382 0.00392314 -0.000780361)
(1.90382 0.00369552 -0.00153073)
(1.90382 0.00332588 -0.00222228)
(1.90382 0.00282843 -0.00282843)
(1.90382 0.00222228 -0.00332588)
(1.90382 0.00153073 -0.00369552)
(1.90382 0.000780361 -0.00392314)
(1.9481 0 -0.004)
(1.9481 -0.000780361 -0.00392314)
(1.9481 -0.00153073 -0.00369552)
(1.9481 -0.00222228 -0.00332588)
(1.9481 -0.00282843 -0.00282843)
(1.9481 -0.00332588 -0.00222228)
(1.9481 -0.00369552 -0.00153073)
(1.9481 -0.00392314 -0.000780361)
(1.9481 -0.004 4.323201659e-16)
(1.9481 -0.00392314 0.000780361)
(1.9481 -0.00369552 0.00153073)
(1.9481 -0.00332588 0.00222228)
(1.9481 -0.00282843 0.00282843)
(1.9481 -0.00222228 0.00332588)
(1.9481 -0.00153073 0.00369552)
(1.9481 -0.000780361 0.00392314)
(1.9481 -4.89859e-19 0.004)
(1.9481 0.000780361 0.00392314)
(1.9481 0.00153073 0.00369552)
(1.9481 0.00222228 0.00332588)
(1.9481 0.00282843 0.00282843)
(1.9481 0.00332588 0.00222228)
(1.9481 0.00369552 0.00153073)
(1.9481 0.00392314 0.000780361)
(1.9481 0.004 4.332998829e-16)
(1.9481 0.00392314 -0.000780361)
(1.9481 0.00369552 -0.00153073)
(1.9481 0.00332588 -0.00222228)
(1.9481 0.00282843 -0.00282843)
(1.9481 0.00222228 -0.00332588)
(1.9481 0.00153073 -0.00369552)
(1.9481 0.000780361 -0.00392314)
(1.99237 0 -0.004)
(1.99237 -0.000780361 -0.00392314)
(1.99237 -0.00153073 -0.00369552)
(1.99237 -0.00222228 -0.00332588)
(1.99237 -0.00282843 -0.00282843)
(1.99237 -0.00332588 -0.00222228)
(1.99237 -0.00369552 -0.00153073)
(1.99237 -0.00392314 -0.000780361)
(1.99237 -0.004 4.421500805e-16)
(1.99237 -0.00392314 0.000780361)
(1.99237 -0.00369552 0.00153073)
(1.99237 -0.00332588 0.00222228)
(1.99237 -0.00282843 0.00282843)
(1.99237 -0.00222228 0.00332588)
(1.99237 -0.00153073 0.00369552)
(1.99237 -0.000780361 0.00392314)
(1.99237 -4.89859e-19 0.004)
(1.99237 0.000780361 0.00392314)
(1.99237 0.00153073 0.00369552)
(1.99237 0.00222228 0.00332588)
(1.99237 0.00282843 0.00282843)
(1.99237 0.00332588 0.00222228)
(1.99237 0.00369552 0.00153073)
(1.99237 0.00392314 0.000780361)
(1.99237 0.004 4.431297975e-16)
(1.99237 0.00392314 -0.000780361)
(1.99237 0.00369552 -0.00153073)
(1.99237 0.00332588 -0.00222228)
(1.99237 0.00282843 -0.00282843)
(1.99237 0.00222228 -0.00332588)
(1.99237 0.00153073 -0.00369552)
(1.99237 0.000780361 -0.00392314)
(2.03665 0 -0.004)
(2.03665 -0.000780361 -0.00392314)
(2.03665 -0.00153073 -0.00369552)
(2.03665 -0.00222228 -0.00332588)
(2.03665 -0.00282843 -0.00282843)
(2.03665 -0.00332588 -0.00222228)
(2.03665 -0.00369552 -0.00153073)
(2.03665 -0.00392314 -0.000780361)
(2.03665 -0.004 4.519822156e-16)
(2.03665 -0.00392314 0.000780361)
(2.03665 -0.00369552 0.00153073)
(2.03665 -0.00332588 0.00222228)
(2.03665 -0.00282843 0.00282843)
(2.03665 -0.00222228 0.00332588)
(2.03665 -0.00153073 0.00369552)
(2.03665 -0.000780361 0.00392314)
(2.03665 -4.89859e-19 0.004)
(2.03665 0.000780361 0.00392314)
(2.03665 0.00153073 0.00369552)
(2.03665 0.00222228 0.00332588)
(2.03665 0.00282843 0.00282843)
(2.03665 0.00332588 0.00222228)
(2.03665 0.00369552 0.00153073)
(2.03665 0.00392314 0.000780361)
(2.03665 0.004 4.529619326e-16)
(2.03665 0.00392314 -0.000780361)
(2.03665 0.00369552 -0.00153073)
(2.03665 0.00332588 -0.00222228)
(2.03665 0.00282843 -0.00282843)
(2.03665 0.00222228 -0.00332588)
(2.03665 0.00153073 -0.00369552)
(2.03665 0.000780361 -0.00392314)
(2.08092 0 -0.004)
(2.08092 -0.000780361 -0.00392314)
(2.08092 -0.00153073 -0.00369552)
(2.08092 -0.00222228 -0.00332588)
(2.08092 -0.00282843 -0.00282843)
(2.08092 -0.00332588 -0.00222228)
(2.08092 -0.00369552 -0.00153073)
(2.08092 -0.00392314 -0.000780361)
(2.08092 -0.004 4.618121303e-16)
(2.08092 -0.00392314 0.000780361)
(2.08092 -0.00369552 0.00153073)
(2.08092 -0.00332588 0.00222228)
(2.08092 -0.00282843 0.00282843)
(2.08092 -0.00222228 0.00332588)
(2.08092 -0.00153073 0.00369552)
(2.08092 -0.000780361 0.00392314)
(2.08092 -4.89859e-19 0.004)
(2.08092 0.000780361 0.00392314)
(2.08092 0.00153073 0.00369552)
(2.08092 0.00222228 0.00332588)
(2.08092 0.00282843 0.00282843)
(2.08092 0.00332588 0.00222228)
(2.08092 0.00369552 0.00153073)
(2.08092 0.00392314 0.000780361)
(2.08092 0.004 4.627918473e-16)
(2.08092 0.00392314 -0.000780361)
(2.08092 0.00369552 -0.00153073)
(2.08092 0.00332588 -0.00222228)
(2.08092 0.00282843 -0.00282843)
(2.08092 0.00222228 -0.00332588)
(2.08092 0.00153073 -0.00369552)
(2.08092 0.000780361 -0.00392314)
(2.1252 0 -0.004)
(2.1252 -0.000780361 -0.00392314)
(2.1252 -0.00153073 -0.00369552)
(2.1252 -0.00222228 -0.00332588)
(2.1252 -0.00282843 -0.00282843)
(2.1252 -0.00332588 -0.00222228)
(2.1252 -0.00369552 -0.00153073)
(2.1252 -0.00392314 -0.000780361)
(2.1252 -0.004 4.716442654e-16)
(2.1252 -0.00392314 0.000780361)
(2.1252 -0.00369552 0.00153073)
(2.1252 -0.00332588 0.00222228)
(2.1252 -0.00282843 0.00282843)
(2.1252 -0.00222228 0.00332588)
(2.1252 -0.00153073 0.00369552)
(2.1252 -0.000780361 0.00392314)
(2.1252 -4.89859e-19 0.004)
(2.1252 0.000780361 0.00392314)
(2.1252 0.00153073 0.00369552)
(2.1252 0.00222228 0.00332588)
(2.1252 0.00282843 0.00282843)
(2.1252 0.00332588 0.00222228)
(2.1252 0.00369552 0.00153073)
(2.1252 0.00392314 0.000780361)
(2.1252 0.004 4.726239824e-16)
(2.1252 0.00392314 -0.000780361)
(2.1252 0.00369552 -0.00153073)
(2.1252 0.00332588 -0.00222228)
(2.1252 0.00282843 -0.00282843)
(2.1252 0.00222228 -0.00332588)
(2.1252 0.00153073 -0.00369552)
(2.1252 0.000780361 -0.00392314)
(2.16947 0 -0.004)
(2.16947 -0.000780361 -0.00392314)
(2.16947 -0.00153073 -0.00369552)
(2.16947 -0.00222228 -0.00332588)
(2.16947 -0.00282843 -0.00282843)
(2.16947 -0.00332588 -0.00222228)
(2.16947 -0.00369552 -0.00153073)
(2.16947 -0.00392314 -0.000780361)
(2.16947 -0.004 4.8147418e-16)
(2.16947 -0.00392314 0.000780361)
(2.16947 -0.00369552 0.00153073)
(2.16947 -0.00332588 0.00222228)
(2.16947 -0.00282843 0.00282843)
(2.16947 -0.00222228 0.00332588)
(2.16947 -0.00153073 0.00369552)
(2.16947 -0.000780361 0.00392314)
(2.16947 -4.89859e-19 0.004)
(2.16947 0.000780361 0.00392314)
(2.16947 0.00153073 0.00369552)
(2.16947 0.00222228 0.00332588)
(2.16947 0.00282843 0.00282843)
(2.16947 0.00332588 0.00222228)
(2.16947 0.00369552 0.00153073)
(2.16947 0.00392314 0.000780361)
(2.16947 0.004 4.82453897e-16)
(2.16947 0.00392314 -0.000780361)
(2.16947 0.00369552 -0.00153073)
(2.16947 0.00332588 -0.00222228)
(2.16947 0.00282843 -0.00282843)
(2.16947 0.00222228 -0.00332588)
(2.16947 0.00153073 -0.00369552)
(2.16947 0.000780361 -0.00392314)
(2.21375 0 -0.004)
(2.21375 -0.000780361 -0.00392314)
(2.21375 -0.00153073 -0.00369552)
(2.21375 -0.00222228 -0.00332588)
(2.21375 -0.00282843 -0.00282843)
(2.21375 -0.00332588 -0.00222228)
(2.21375 -0.00369552 -0.00153073)
(2.21375 -0.00392314 -0.000780361)
(2.21375 -0.004 4.913063152e-16)
(2.21375 -0.00392314 0.000780361)
(2.21375 -0.00369552 0.00153073)
(2.21375 -0.00332588 0.00222228)
(2.21375 -0.00282843 0.00282843)
(2.21375 -0.00222228 0.00332588)
(2.21375 -0.00153073 0.00369552)
(2.21375 -0.000780361 0.00392314)
(2.21375 -4.89859e-19 0.004)
(2.21375 0.000780361 0.00392314)
(2.21375 0.00153073 0.00369552)
(2.21375 0.00222228 0.00332588)
(2.21375 0.00282843 0.00282843)
(2.21375 0.00332588 0.00222228)
(2.21375 0.00369552 0.00153073)
(2.21375 0.00392314 0.000780361)
(2.21375 0.004 4.922860322e-16)
(2.21375 0.00392314 -0.000780361)
(2.21375 0.00369552 -0.00153073)
(2.21375 0.00332588 -0.00222228)
(2.21375 0.00282843 -0.00282843)
(2.21375 0.00222228 -0.00332588)
(2.21375 0.00153073 -0.00369552)
(2.21375 0.000780361 -0.00392314)
(2.25802 0 -0.004)
(2.25802 -0.000780361 -0.00392314)
(2.25802 -0.00153073 -0.00369552)
(2.25802 -0.00222228 -0.00332588)
(2.25802 -0.00282843 -0.00282843)
(2.25802 -0.00332588 -0.00222228)
(2.25802 -0.00369552 -0.00153073)
(2.25802 -0.00392314 -0.000780361)
(2.25802 -0.004 5.011362298e-16)
(2.25802 -0.00392314 0.000780361)
(2.25802 -0.00369552 0.00153073)
(2.25802 -0.00332588 0.00222228)
(2.25802 -0.00282843 0.00282843)
(2.25802 -0.00222228 0.00332588)
(2.25802 -0.00153073 0.00369552)
(2.25802 -0.000780361 0.00392314)
(2.25802 -4.89859e-19 0.004)
(2.25802 0.000780361 0.00392314)
(2.25802 0.00153073 0.00369552)
(2.25802 0.00222228 0.00332588)
(2.25802 0.00282843 0.00282843)
(2.25802 0.00332588 0.00222228)
(2.25802 0.00369552 0.00153073)
(2.25802 0.00392314 0.000780361)
(2.25802 0.004 5.021159468e-16)
(2.25802 0.00392314 -0.000780361)
(2.25802 0.00369552 -0.00153073)
(2.25802 0.00332588 -0.00222228)
(2.25802 0.00282843 -0.00282843)
(2.25802 0.00222228 -0.00332588)
(2.25802 0.00153073 -0.00369552)
(2.25802 0.000780361 -0.00392314)
(2.3023 0 -0.004)
(2.3023 -0.000780361 -0.00392314)
(2.3023 -0.00153073 -0.00369552)
(2.3023 -0.00222228 -0.00332588)
(2.3023 -0.00282843 -0.00282843)
(2.3023 -0.00332588 -0.00222228)
(2.3023 -0.00369552 -0.00153073)
(2.3023 -0.00392314 -0.000780361)
(2.3023 -0.004 5.109683649e-16)
(2.3023 -0.00392314 0.000780361)
(2.3023 -0.00369552 0.00153073)
(2.3023 -0.00332588 0.00222228)
(2.3023 -0.00282843 0.00282843)
(2.3023 -0.00222228 0.00332588)
(2.3023 -0.00153073 0.00369552)
(2.3023 -0.000780361 0.00392314)
(2.3023 -4.89859e-19 0.004)
(2.3023 0.000780361 0.00392314)
(2.3023 0.00153073 0.00369552)
(2.3023 0.00222228 0.00332588)
(2.3023 0.00282843 0.00282843)
(2.3023 0.00332588 0.00222228)
(2.3023 0.00369552 0.00153073)
(2.3023 0.00392314 0.000780361)
(2.3023 0.004 5.119480819e-16)
(2.3023 0.00392314 -0.000780361)
(2.3023 0.00369552 -0.00153073)
(2.3023 0.00332588 -0.00222228)
(2.3023 0.00282843 -0.00282843)
(2.3023 0.00222228 -0.00332588)
(2.3023 0.00153073 -0.00369552)
(2.3023 0.000780361 -0.00392314)
(2.34657 0 -0.004)
(2.34657 -0.000780361 -0.00392314)
(2.34657 -0.00153073 -0.00369552)
(2.34657 -0.00222228 -0.00332588)
(2.34657 -0.00282843 -0.00282843)
(2.34657 -0.00332588 -0.00222228)
(2.34657 -0.00369552 -0.00153073)
(2.34657 -0.00392314 -0.000780361)
(2.34657 -0.004 5.207982796e-16)
(2.34657 -0.00392314 0.000780361)
(2.34657 -0.00369552 0.00153073)
(2.34657 -0.00332588 0.00222228)
(2.34657 -0.00282843 0.00282843)
(2.34657 -0.00222228 0.00332588)
(2.34657 -0.00153073 0.00369552)
(2.34657 -0.000780361 0.00392314)
(2.34657 -4.89859e-19 0.004)
(2.34657 0.000780361 0.00392314)
(2.34657 0.00153073 0.00369552)
(2.34657 0.00222228 0.00332588)
(2.34657 0.00282843 0.00282843)
(2.34657 0.00332588 0.00222228)
(2.34657 0.00369552 0.00153073)
(2.34657 0.00392314 0.000780361)
(2.34657 0.004 5.217779966e-16)
(2.34657 0.00392314 -0.000780361)
(2.34657 0.00369552 -0.00153073)
(2.34657 0.00332588 -0.00222228)
(2.34657 0.00282843 -0.00282843)
(2.34657 0.00222228 -0.00332588)
(2.34657 0.00153073 -0.00369552)
(2.34657 0.000780361 -0.00392314)
(2.39085 0 -0.004)
(2.39085 -0.000780361 -0.00392314)
(2.39085 -0.00153073 -0.00369552)
(2.39085 -0.00222228 -0.00332588)
(2.39085 -0.00282843 -0.00282843)
(2.39085 -0.00332588 -0.00222228)
(2.39085 -0.00369552 -0.00153073)
(2.39085 -0.00392314 -0.000780361)
(2.39085 -0.004 5.306304147e-16)
(2.39085 -0.00392314 0.000780361)
(2.39085 -0.00369552 0.00153073)
(2.39085 -0.00332588 0.00222228)
(2.39085 -0.00282843 0.00282843)
(2.39085 -0.00222228 0.00332588)
(2.39085 -0.00153073 0.00369552)
(2.39085 -0.000780361 0.00392314)
(2.39085 -4.89859e-19 0.004)
(2.39085 0.000780361 0.00392314)
(2.39085 0.00153073 0.00369552)
(2.39085 0.00222228 0.00332588)
(2.39085 0.00282843 0.00282843)
(2.39085 0.00332588 0.00222228)
(2.39085 0.00369552 0.00153073)
(2.39085 0.00392314 0.000780361)
(2.39085 0.004 5.316101317e-16)
(2.39085 0.00392314 -0.000780361)
(2.39085 0.00369552 -0.00153073)
(2.39085 0.00332588 -0.00222228)
(2.39085 0.00282843 -0.00282843)
(2.39085 0.00222228 -0.00332588)
(2.39085 0.00153073 -0.00369552)
(2.39085 0.000780361 -0.00392314)
(2.43512 0 -0.004)
(2.43512 -0.000780361 -0.00392314)
(2.43512 -0.00153073 -0.00369552)
(2.43512 -0.00222228 -0.00332588)
(2.43512 -0.00282843 -0.00282843)
(2.43512 -0.00332588 -0.00222228)
(2.43512 -0.00369552 -0.00153073)
(2.43512 -0.00392314 -0.000780361)
(2.43512 -0.004 5.404603293e-16)
(2.43512 -0.00392314 0.000780361)
(2.43512 -0.00369552 0.00153073)
(2.43512 -0.00332588 0.00222228)
(2.43512 -0.00282843 0.00282843)
(2.43512 -0.00222228 0.00332588)
(2.43512 -0.00153073 0.00369552)
(2.43512 -0.000780361 0.00392314)
(2.43512 -4.89859e-19 0.004)
(2.43512 0.000780361 0.00392314)
(2.43512 0.00153073 0.00369552)
(2.43512 0.00222228 0.00332588)
(2.43512 0.00282843 0.00282843)
(2.43512 0.00332588 0.00222228)
(2.43512 0.00369552 0.00153073)
(2.43512 0.00392314 0.000780361)
(2.43512 0.004 5.414400463e-16)
(2.43512 0.00392314 -0.000780361)
(2.43512 0.00369552 -0.00153073)
(2.43512 0.00332588 -0.00222228)
(2.43512 0.00282843 -0.00282843)
(2.43512 0.00222228 -0.00332588)
(2.43512 0.00153073 -0.00369552)
(2.43512 0.000780361 -0.00392314)
(2.4794 0 -0.004)
(2.4794 -0.000780361 -0.00392314)
(2.4794 -0.00153073 -0.00369552)
(2.4794 -0.00222228 -0.00332588)
(2.4794 -0.00282843 -0.00282843)
(2.4794 -0.00332588 -0.00222228)
(2.4794 -0.00369552 -0.00153073)
(2.4794 -0.00392314 -0.000780361)
(2.4794 -0.004 5.502924645e-16)
(2.4794 -0.00392314 0.000780361)
(2.4794 -0.00369552 0.00153073)
(2.4794 -0.00332588 0.00222228)
(2.4794 -0.00282843 0.00282843)
(2.4794 -0.00222228 0.00332588)
(2.4794 -0.00153073 0.00369552)
(2.4794 -0.000780361 0.00392314)
(2.4794 -4.89859e-19 0.004)
(2.4794 0.000780361 0.00392314)
(2.4794 0.00153073 0.00369552)
(2.4794 0.00222228 0.00332588)
(2.4794 0.00282843 0.00282843)
(2.4794 0.00332588 0.00222228)
(2.4794 0.00369552 0.00153073)
(2.4794 0.00392314 0.000780361)
(2.4794 0.004 5.512721815e-16)
(2.4794 0.00392314 -0.000780361)
(2.4794 0.00369552 -0.00153073)
(2.4794 0.00332588 -0.00222228)
(2.4794 0.00282843 -0.00282843)
(2.4794 0.00222228 -0.00332588)
(2.4794 0.00153073 -0.00369552)
(2.4794 0.000780361 -0.00392314)
(2.52367 0 -0.004)
(2.52367 -0.000780361 -0.00392314)
(2.52367 -0.00153073 -0.00369552)
(2.52367 -0.00222228 -0.00332588)
(2.52367 -0.00282843 -0.00282843)
(2.52367 -0.00332588 -0.00222228)
(2.52367 -0.00369552 -0.00153073)
(2.52367 -0.00392314 -0.000780361)
(2.52367 -0.004 5.601223791e-16)
(2.52367 -0.00392314 0.000780361)
(2.52367 -0.00369552 0.00153073)
(2.52367 -0.00332588 0.00222228)
(2.52367 -0.00282843 0.00282843)
(2.52367 -0.00222228 0.00332588)
(2.52367 -0.00153073 0.00369552)
(2.52367 -0.000780361 0.00392314)
(2.52367 -4.89859e-19 0.004)
(2.52367 0.000780361 0.00392314)
(2.52367 0.00153073 0.00369552)
(2.52367 0.00222228 0.00332588)
(2.52367 0.00282843 0.00282843)
(2.52367 0.00332588 0.00222228)
(2.52367 0.00369552 0.00153073)
(2.52367 0.00392314 0.000780361)
(2.52367 0.004 5.611020961e-16)
(2.52367 0.00392314 -0.000780361)
(2.52367 0.00369552 -0.00153073)
(2.52367 0.00332588 -0.00222228)
(2.52367 0.00282843 -0.00282843)
(2.52367 0.00222228 -0.00332588)
(2.52367 0.00153073 -0.00369552)
(2.52367 0.000780361 -0.00392314)
(2.56795 0 -0.004)
(2.56795 -0.000780361 -0.00392314)
(2.56795 -0.00153073 -0.00369552)
(2.56795 -0.00222228 -0.00332588)
(2.56795 -0.00282843 -0.00282843)
(2.56795 -0.00332588 -0.00222228)
(2.56795 -0.00369552 -0.00153073)
(2.56795 -0.00392314 -0.000780361)
(2.56795 -0.004 5.699545142e-16)
(2.56795 -0.00392314 0.000780361)
(2.56795 -0.00369552 0.00153073)
(2.56795 -0.00332588 0.00222228)
(2.56795 -0.00282843 0.00282843)
(2.56795 -0.00222228 0.00332588)
(2.56795 -0.00153073 0.00369552)
(2.56795 -0.000780361 0.00392314)
(2.56795 -4.89859e-19 0.004)
(2.56795 0.000780361 0.00392314)
(2.56795 0.00153073 0.00369552)
(2.56795 0.00222228 0.00332588)
(2.56795 0.00282843 0.00282843)
(2.56795 0.00332588 0.00222228)
(2.56795 0.00369552 0.00153073)
(2.56795 0.00392314 0.000780361)
(2.56795 0.004 5.709342312e-16)
(2.56795 0.00392314 -0.000780361)
(2.56795 0.00369552 -0.00153073)
(2.56795 0.00332588 -0.00222228)
(2.56795 0.00282843 -0.00282843)
(2.56795 0.00222228 -0.00332588)
(2.56795 0.00153073 -0.00369552)
(2.56795 0.000780361 -0.00392314)
(2.61222 0 -0.004)
(2.61222 -0.000780361 -0.00392314)
(2.61222 -0.00153073 -0.00369552)
(2.61222 -0.00222228 -0.00332588)
(2.61222 -0.00282843 -0.00282843)
(2.61222 -0.00332588 -0.00222228)
(2.61222 -0.00369552 -0.00153073)
(2.61222 -0.00392314 -0.000780361)
(2.61222 -0.004 5.797844289e-16)
(2.61222 -0.00392314 0.000780361)
(2.61222 -0.00369552 0.00153073)
(2.61222 -0.00332588 0.00222228)
(2.61222 -0.00282843 0.00282843)
(2.61222 -0.00222228 0.00332588)
(2.61222 -0.00153073 0.00369552)
(2.61222 -0.000780361 0.00392314)
(2.61222 -4.89859e-19 0.004)
(2.61222 0.000780361 0.00392314)
(2.61222 0.00153073 0.00369552)
(2.61222 0.00222228 0.00332588)
(2.61222 0.00282843 0.00282843)
(2.61222 0.00332588 0.00222228)
(2.61222 0.00369552 0.00153073)
(2.61222 0.00392314 0.000780361)
(2.61222 0.004 5.807641459e-16)
(2.61222 0.00392314 -0.000780361)
(2.61222 0.00369552 -0.00153073)
(2.61222 0.00332588 -0.00222228)
(2.61222 0.00282843 -0.00282843)
(2.61222 0.00222228 -0.00332588)
(2.61222 0.00153073 -0.00369552)
(2.61222 0.000780361 -0.00392314)
(2.6565 0 -0.004)
(2.6565 -0.000780361 -0.00392314)
(2.6565 -0.00153073 -0.00369552)
(2.6565 -0.00222228 -0.00332588)
(2.6565 -0.00282843 -0.00282843)
(2.6565 -0.00332588 -0.00222228)
(2.6565 -0.00369552 -0.00153073)
(2.6565 -0.00392314 -0.000780361)
(2.6565 -0.004 5.89616564e-16)
(2.6565 -0.00392314 0.000780361)
(2.6565 -0.00369552 0.00153073)
(2.6565 -0.00332588 0.00222228)
(2.6565 -0.00282843 0.00282843)
(2.6565 -0.00222228 0.00332588)
(2.6565 -0.00153073 0.00369552)
(2.6565 -0.000780361 0.00392314)
(2.6565 -4.89859e-19 0.004)
(2.6565 0.000780361 0.00392314)
(2.6565 0.00153073 0.00369552)
(2.6565 0.00222228 0.00332588)
(2.6565 0.00282843 0.00282843)
(2.6565 0.00332588 0.00222228)
(2.6565 0.00369552 0.00153073)
(2.6565 0.00392314 0.000780361)
(2.6565 0.004 5.90596281e-16)
(2.6565 0.00392314 -0.000780361)
(2.6565 0.00369552 -0.00153073)
(2.6565 0.00332588 -0.00222228)
(2.6565 0.00282843 -0.00282843)
(2.6565 0.00222228 -0.00332588)
(2.6565 0.00153073 -0.00369552)
(2.6565 0.000780361 -0.00392314)
)


// ************************************************************************* //
