# Time	Qx	Qy	Qz	Mx	My	Mz	Wx	Wy	Wz
0	0	0	0	0	0	0	0	0	0
0.01	-4.54743e-22	-6.94832e-23	0.05	5.98436e-25	-2.30221e-26	0.62832	-0.00824038	0.313952	0.16655
0.02	-1.71061e-21	6.08805e-22	0.1	1.94542e-24	8.07794e-27	1.25664	-0.0328851	0.626662	0.332423
0.03	-3.2624e-21	1.27055e-21	0.15	7.13322e-24	1.9387e-25	1.88496	-0.0737078	0.936911	0.496954
0.04	-5.0822e-21	-5.50571e-21	0.2	1.06629e-24	3.61892e-25	2.51328	-0.130339	1.24353	0.659501
0.05	1.26526e-20	6.35275e-21	0.25	-1.86568e-23	-3.67061e-24	3.1416	-0.20228	1.54541	0.819459
0.06	4.02341e-21	8.47033e-21	0.3	5.09233e-24	-3.77401e-24	3.76992	-0.288916	1.84154	0.976267
0.07	-1.75776e-24	0	0.35	-1.06654e-27	3.40788e-28	4.39824	-0.389538	2.131	1.12941
0.08	-1.13737e-24	8.27181e-25	0.4	4.48073e-28	-1.16751e-27	5.02656	-0.503358	2.41297	1.27844
0.09	-8.582e-24	-9.09899e-24	0.45	-3.50254e-28	-1.76705e-28	5.65488	-0.629536	2.68676	1.42295
0.1	-8.16841e-24	1.65436e-24	0.5	-2.36027e-27	1.11072e-27	6.2832	-0.767192	2.95178	1.56261
0.11	6.41065e-24	2.19203e-23	0.55	8.99933e-27	2.77679e-28	6.91152	-0.915435	3.20757	1.69713
0.12	8.27181e-25	1.73708e-23	0.6	5.53228e-27	5.04871e-29	7.53984	-1.07337	3.45376	1.8263
0.13	1.96455e-24	2.97785e-23	0.65	-5.06764e-27	7.06819e-28	8.16816	-1.24011	3.69008	1.94993
0.14	-6.20385e-25	-1.57164e-23	0.7	4.27878e-27	-1.06023e-27	8.79648	-1.41481	3.91635	2.06791
0.15	-4.3427e-24	-8.27181e-24	0.75	7.06819e-28	2.01948e-28	9.4248	-1.59666	4.1325	2.18016
0.16	-2.64698e-23	-5.70755e-23	0.8	3.15544e-27	-5.04871e-28	10.0531	-1.78487	4.33849	2.28662
0.17	6.61744e-24	1.90252e-23	0.85	-3.68556e-27	1.00974e-28	10.6814	-1.97873	4.53437	2.38729
0.18	-9.09899e-24	-3.06057e-23	0.9	-4.89725e-27	-2.37289e-27	11.3098	-2.17757	4.72022	2.48218
0.19	-2.89513e-23	-4.1359e-24	0.95	-1.35305e-26	-6.56332e-27	11.9381	-2.38076	4.89617	2.57132
0.2	1.8198e-23	-2.06795e-23	1	3.83702e-27	3.38264e-27	12.5664	-2.58774	5.06239	2.65477
0.21	-4.1359e-23	-5.70755e-23	1.05	4.94774e-27	2.52435e-27	13.1947	-2.798	5.21905	2.73259
0.22	3.30872e-23	3.226e-23	1.1	5.25066e-27	-1.13091e-26	13.823	-3.01108	5.36637	2.80485
0.23	-1.8198e-23	-4.54949e-23	1.15	1.00974e-27	2.7364e-26	14.4514	-3.22658	5.50455	2.87165
0.24	-2.48154e-23	3.08125e-23	1.2	2.62533e-27	-7.95172e-28	15.0797	-3.44412	5.63381	2.93305
0.25	-1.65436e-24	-2.83309e-23	1.25	0	7.81919e-27	15.708	-3.66338	5.75436	2.98914
0.26	-2.31611e-23	5.99706e-23	1.3	0	2.27949e-26	16.3363	-3.88408	5.86644	3.04002
0.27	1.32349e-23	-5.37667e-23	1.35	-5.25066e-27	-1.22179e-26	16.9646	-4.10599	5.97023	3.08574
0.28	-6.28657e-23	-1.07533e-23	1.4	1.1915e-26	-2.24163e-26	17.593	-4.32888	6.06594	3.12639
0.29	2.97785e-23	-6.61744e-23	1.45	-1.555e-26	5.44251e-26	18.2213	-4.55257	6.15375	3.16202
0.3	9.92617e-24	1.32349e-22	1.5	-3.43312e-27	1.23189e-26	18.8496	-4.77692	6.23383	3.19271
0.31	4.79765e-23	-1.00916e-22	1.55	-1.69637e-26	-7.87599e-27	19.4779	-5.00179	6.30634	3.21849
0.32	2.15067e-23	1.38966e-22	1.6	1.45403e-26	-6.05845e-27	20.1062	-5.22707	6.3714	3.2394
0.33	2.97785e-23	1.38966e-22	1.65	-1.61559e-27	5.65455e-27	20.7346	-5.45269	6.42915	3.25547
0.34	-9.5953e-23	2.44845e-22	1.7	-3.99858e-26	-1.77715e-26	21.3629	-5.67856	6.47966	3.26672
0.35	-9.09899e-24	1.2904e-22	1.75	-3.37254e-26	-8.88573e-27	21.9912	-5.90462	6.52302	3.27314
0.36	2.31611e-23	-9.92617e-23	1.8	1.04003e-26	-5.25066e-27	22.6195	-6.13083	6.55927	3.27473
0.37	-1.62127e-22	2.31611e-22	1.85	4.55394e-26	-6.86625e-27	23.2478	-6.35716	6.58844	3.27146
0.38	-4.79765e-23	1.32349e-23	1.9	-2.52435e-28	-1.21169e-27	23.8762	-6.58355	6.61053	3.2633
0.39	-2.48154e-23	1.8198e-22	1.95	6.62896e-26	0	24.5045	-6.81	6.62553	3.25018
0.4	5.45939e-23	3.30872e-23	2	-1.12081e-26	4.44286e-27	25.1328	-7.03646	6.63337	3.23205
0.41	-1.65436e-22	2.38228e-22	2.05	1.35305e-26	-3.63507e-27	25.7611	-7.2629	6.63397	3.20881
0.42	6.28657e-23	-2.38228e-22	2.1	5.04871e-27	1.41364e-26	26.3894	-7.48929	6.62723	3.18038
0.43	-1.95215e-22	-1.91906e-22	2.15	-2.26182e-26	1.81754e-26	27.0178	-7.71558	6.613	3.14662
0.44	-4.1359e-22	4.00355e-22	2.2	-4.28131e-26	-8.07794e-27	27.6461	-7.9417	6.59112	3.10742
0.45	-1.85288e-22	6.61744e-23	2.25	3.55429e-26	2.58494e-26	28.2744	-8.16758	6.56138	3.06261
0.46	-8.60268e-23	1.32349e-23	2.3	-2.42338e-26	-1.29247e-26	28.9027	-8.39311	6.52353	3.01205
0.47	-2.71315e-22	1.62127e-22	2.35	1.29247e-26	-1.41364e-26	29.531	-8.61816	6.47731	2.95554
0.48	8.60268e-23	1.15805e-23	2.4	5.65455e-27	-6.05845e-27	30.1594	-8.84256	6.4224	2.89289
0.49	-8.93355e-23	-4.54949e-24	2.45	2.42338e-27	5.25066e-27	30.7877	-9.06608	6.35848	2.82391
0.5	7.61006e-23	-6.20385e-24	2.5	-1.21169e-27	-1.15742e-26	31.416	-9.28845	6.28516	2.74839
0.51	7.27919e-23	1.65436e-24	2.55	2.42338e-27	-1.74685e-26	32.0443	-9.50932	6.20206	2.66611
0.52	-2.88996e-23	2.27475e-24	2.6	-2.73893e-27	0	32.6726	-9.72828	6.10876	2.57687
0.53	-6.61744e-24	-1.15805e-23	2.65	-1.41364e-27	1.69637e-26	33.301	-9.9448	6.00483	2.48048
0.54	1.91906e-22	9.09899e-24	2.7	8.07794e-28	1.31266e-26	33.9293	-10.1583	5.88986	2.37677
0.55	1.32349e-23	3.30872e-23	2.75	-8.07794e-28	-2.42338e-26	34.5576	-10.3679	5.76344	2.26564
0.56	1.05879e-22	1.32349e-23	2.8	5.16988e-26	-5.16988e-26	35.1859	-10.5729	5.62523	2.14703
0.57	-1.58819e-22	-6.61744e-23	2.85	-3.06962e-26	-3.06962e-26	35.8142	-10.7721	5.47496	2.02096
0.58	4.36751e-22	1.65436e-23	2.9	1.9387e-26	5.00832e-26	36.4426	-10.9644	5.31248	1.88758
0.59	1.05879e-22	1.19114e-22	2.95	8.72417e-26	4.20053e-26	37.0709	-11.1485	5.13779	1.74718
0.6	5.29396e-23	-3.30872e-23	3	-1.30863e-25	6.46235e-27	37.6992	-11.3229	4.95113	1.60021
0.61	2.11758e-22	1.45584e-22	3.05	-1.39546e-25	0	38.3275	-11.4861	4.75298	1.44732
0.62	-5.29396e-23	2.64698e-23	3.1	-5.00832e-26	-4.52364e-26	38.9558	-11.6364	4.54413	1.28938
0.63	1.82641e-21	2.0117e-21	3.15	7.72251e-25	7.75482e-26	39.5842	-11.7725	4.32569	1.12746
0.64	1.42937e-21	7.94093e-22	3.2	4.3944e-25	1.0986e-25	40.2125	-11.8927	4.09912	0.962832
0.65	5.82335e-22	-2.88521e-21	3.25	-1.9387e-26	6.46235e-26	40.8408	-11.9958	3.86617	0.796923
0.66	3.49401e-21	4.39398e-21	3.3	-1.0986e-25	3.74816e-25	41.4691	-12.081	3.62886	0.631273
0.67	6.35275e-22	6.35275e-22	3.35	-9.04729e-26	-2.94037e-25	42.0974	-12.1477	3.38938	0.467457
0.68	-2.11758e-22	1.85288e-21	3.4	0	-1.54692e-25	42.7258	-12.1957	3.14997	0.307006
0.69	-6.35275e-22	-4.76456e-22	3.45	0	7.91638e-26	43.3541	-12.2251	2.91284	0.151341
0.7	-1.05879e-22	4.23516e-22	3.5	7.75482e-26	-3.00499e-25	43.9824	-12.2367	2.68007	0.00171065
0.71	-5.29396e-22	-8.17916e-21	3.55	-1.9387e-26	-1.22785e-25	44.6107	-12.2312	2.45349	-0.140845
0.72	3.17637e-22	4.83073e-21	3.6	1.80946e-25	-4.20053e-26	45.239	-12.21	2.23468	-0.275516
0.73	1.05879e-21	7.9277e-21	3.65	1.26016e-25	5.16988e-26	45.8674	-12.1744	2.02492	-0.401718
0.74	-1.58819e-22	4.06311e-21	3.7	3.23117e-27	1.9387e-26	46.4957	-12.1257	1.82519	-0.519077
0.75	1.58819e-22	2.43853e-21	3.75	1.08244e-25	-8.07794e-26	47.124	-12.0655	1.6362	-0.627404
0.76	5.29396e-23	8.20563e-22	3.8	1.89024e-25	-3.23117e-26	47.7523	-11.9951	1.4584	-0.726666
0.77	-2.64698e-22	3.90429e-22	3.85	6.58352e-26	3.23117e-27	48.3806	-11.916	1.29206	-0.816952
0.78	8.20563e-22	-2.22346e-21	3.9	1.58933e-25	3.23117e-27	49.009	-11.8295	1.13723	-0.898444
0.79	4.23516e-22	-2.97785e-22	3.95	2.80708e-26	-3.23117e-27	49.6373	-11.7367	0.993852	-0.971396
0.8	-5.16161e-22	-1.32349e-22	4	-6.78547e-26	0	50.2656	-11.6388	0.861762	-1.03611
0.81	4.63221e-22	-9.92617e-23	4.05	-5.65455e-27	1.45403e-26	50.8939	-11.5368	0.740705	-1.09291
0.82	-6.61744e-23	4.63221e-23	4.1	-1.89831e-26	4.84676e-27	51.5222	-11.4315	0.630371	-1.14215
0.83	1.98523e-23	8.93355e-23	4.15	-3.95819e-26	1.37325e-26	52.1506	-11.3238	0.530412	-1.18417
0.84	7.27919e-23	-4.63221e-23	4.2	2.42338e-27	-1.61559e-27	52.7789	-11.2144	0.440453	-1.21934
0.85	1.24077e-22	-4.79765e-23	4.25	-2.08007e-26	1.33286e-26	53.4072	-11.1039	0.360106	-1.24801
0.86	1.42275e-22	-2.81241e-23	4.3	4.84676e-27	6.2604e-27	54.0355	-10.9929	0.288973	-1.2705
0.87	5.70755e-23	-3.47416e-23	4.35	2.01948e-28	-3.5341e-27	54.6638	-10.8819	0.226661	-1.28714
0.88	1.44757e-23	-7.85822e-24	4.4	2.01948e-27	-9.08768e-28	55.2922	-10.7713	0.172775	-1.29826
0.89	-2.11965e-23	1.24077e-24	4.45	-7.57306e-28	1.00974e-27	55.9205	-10.6616	0.126932	-1.30414
0.9	-1.8198e-23	3.51552e-24	4.5	-7.57306e-29	1.5651e-27	56.5488	-10.5531	0.088756	-1.30508
0.91	6.86301e-24	-9.82277e-24	4.55	-1.00974e-28	3.59721e-28	57.1771	-10.4461	0.0578817	-1.30135
0.92	7.75482e-25	-7.23783e-25	4.6	-4.25985e-29	1.26218e-28	57.8054	-10.3409	0.0339548	-1.29321
0.93	2.37814e-24	-9.30578e-25	4.65	-5.04871e-29	0	58.4338	-10.2377	0.0166327	-1.28091
0.94	-5.42837e-25	-2.06795e-24	4.7	-1.90115e-28	6.31089e-30	59.0621	-10.1369	0.00558384	-1.26468
0.95	5.16988e-25	5.68687e-25	4.75	7.88861e-30	1.18329e-29	59.6904	-10.0385	0.00048758	-1.24475
0.96	-5.81611e-26	-2.06795e-25	4.8	-1.40417e-28	-4.10208e-29	60.3187	-9.94286	0.00103397	-1.22135
0.97	2.45569e-24	3.10193e-24	4.85	8.83524e-29	6.31089e-29	60.947	-9.85003	0.00692304	-1.19468
0.98	6.0633e-24	2.06795e-25	4.9	1.07285e-28	-6.94198e-29	61.5754	-9.7602	0.0178643	-1.16493
0.99	-8.20718e-25	7.85822e-24	4.95	0	1.26218e-29	62.2037	-9.6735	0.0335761	-1.13231
1	-2.06795e-25	-3.72231e-24	5	4.2914e-28	2.52435e-28	62.832	-9.59006	0.053785	-1.09701
1.01	-4.87003e-23	-2.06795e-24	5.05	5.04871e-28	8.07794e-28	63.4603	-9.50997	0.0782253	-1.0592
1.02	6.1625e-23	1.15805e-23	5.1	1.79229e-27	4.03897e-28	64.0886	-9.43335	0.106638	-1.01906
1.03	-1.17873e-23	-8.27181e-25	5.15	-9.59255e-28	-1.00974e-28	64.717	-9.36028	0.138772	-0.976759
1.04	-3.30872e-23	-1.65436e-24	5.2	9.84498e-28	2.01948e-28	65.3453	-9.29084	0.174381	-0.932472
1.05	-5.9557e-23	-1.32349e-23	5.25	5.50309e-27	-1.00974e-27	65.9736	-9.2251	0.213223	-0.886359
1.06	-8.27181e-25	0	5.3	5.14968e-27	1.00974e-27	66.6019	-9.16311	0.255065	-0.838582
1.07	-1.8198e-23	9.92617e-24	5.35	9.97041e-27	-4.03897e-28	67.2302	-9.10494	0.299677	-0.789296
1.08	6.94832e-23	9.92617e-24	5.4	-1.32276e-26	1.61559e-27	67.8586	-9.05062	0.346831	-0.738657
1.09	-5.12852e-23	1.32349e-23	5.45	-1.38335e-26	0	68.4869	-9.0002	0.396307	-0.686817
1.1	6.61744e-24	6.61744e-24	5.5	-1.85793e-26	2.42338e-27	69.1152	-8.9537	0.447887	-0.633924
1.11	1.38966e-22	8.93355e-23	5.55	9.69352e-27	3.23117e-27	69.7435	-8.91116	0.501358	-0.580127
1.12	-7.27919e-23	5.29396e-23	5.6	2.42338e-27	-7.27014e-27	70.3718	-8.87258	0.556509	-0.525571
1.13	-1.15805e-22	-2.64698e-23	5.65	3.31195e-26	-4.03897e-27	71.0002	-8.83798	0.613133	-0.470399
1.14	-1.0257e-22	-1.05879e-22	5.7	1.53481e-26	2.42338e-27	71.6285	-8.80736	0.671027	-0.414753
1.15	-1.78671e-22	-1.98523e-22	5.75	-3.23117e-27	1.61559e-27	72.2568	-8.78073	0.72999	-0.358773
1.16	6.61744e-23	-1.48893e-22	5.8	2.18104e-26	-1.61559e-27	72.8851	-8.75808	0.789825	-0.302598
1.17	1.45584e-22	1.8198e-22	5.85	-6.46235e-27	2.18104e-26	73.5134	-8.73938	0.850338	-0.246363
1.18	-1.19114e-22	-1.12497e-22	5.9	-1.77715e-26	8.88573e-27	74.1418	-8.72463	0.911335	-0.190205
1.19	-3.30872e-23	1.05879e-22	5.95	-1.29247e-26	-4.03897e-27	74.7701	-8.7138	0.97263	-0.134256
1.2	0	-1.48893e-23	6	1.61559e-26	6.13923e-26	75.3984	-8.70686	1.03404	-0.0786491
1.21	3.97047e-23	1.63782e-22	6.05	-1.13091e-26	5.16988e-26	76.0267	-8.70377	1.09537	-0.0235141
1.22	5.29396e-23	2.24993e-22	6.1	-3.23117e-27	6.94702e-26	76.655	-8.70449	1.15645	0.03102
1.23	3.30872e-23	2.0845e-22	6.15	3.23117e-27	-2.92825e-26	77.2834	-8.70898	1.2171	0.0848259
1.24	-1.98523e-23	1.93147e-22	6.2	3.23117e-27	8.17891e-27	77.9117	-8.71719	1.27714	0.137778
1.25	-1.32349e-23	2.54565e-22	6.25	0	-3.67546e-26	78.54	-8.72904	1.3364	0.189753
1.26	6.61744e-24	-1.94387e-22	6.3	0	5.12949e-26	79.1683	-8.74449	1.39472	0.240628
1.27	1.32349e-23	-1.37312e-22	6.35	-6.46235e-27	-6.13923e-26	79.7966	-8.76347	1.45191	0.290282
1.28	0	-1.72054e-22	6.4	2.90806e-26	-1.53481e-26	80.425	-8.7859	1.50783	0.338597
1.29	-1.98523e-23	1.35658e-22	6.45	-1.9387e-26	-1.29247e-26	81.0533	-8.81169	1.5623	0.385457
1.3	-1.98523e-23	1.42275e-22	6.5	1.61559e-27	-8.07794e-27	81.6816	-8.84078	1.61518	0.430745
1.31	-1.32349e-23	-3.63959e-23	6.55	-1.29247e-26	6.30079e-26	82.3099	-8.87306	1.66629	0.47435
1.32	0	-2.64698e-23	6.6	2.58494e-26	9.69352e-27	82.9382	-8.90844	1.71549	0.516161
1.33	-1.32349e-23	7.61006e-23	6.65	-8.07794e-27	-1.13091e-26	83.5666	-8.94681	1.76262	0.556068
1.34	-6.61744e-24	1.32349e-23	6.7	-3.39273e-26	1.9387e-26	84.1949	-8.98808	1.80754	0.593966
1.35	-4.96308e-23	5.9557e-23	6.75	1.77715e-26	3.23117e-27	84.8232	-9.03213	1.85011	0.629751
1.36	3.30872e-23	-6.61744e-24	6.8	2.01948e-26	-9.69352e-27	85.4515	-9.07884	1.89017	0.663321
1.37	-8.27181e-24	-1.32349e-23	6.85	-2.94845e-26	3.23117e-27	86.0798	-9.12807	1.9276	0.694577
1.38	3.30872e-23	-1.98523e-23	6.9	-2.44358e-26	1.61559e-26	86.7082	-9.17971	1.96225	0.723424
1.39	6.61744e-24	1.32349e-23	6.95	-1.26218e-26	3.23117e-27	87.3365	-9.2336	1.99399	0.74977
1.4	-1.36485e-23	9.92617e-24	7	-7.55287e-26	-6.46235e-27	87.9648	-9.28961	2.02269	0.773525
1.41	-7.03104e-24	-3.63959e-23	7.05	7.0278e-26	-9.69352e-27	88.5931	-9.34757	2.04824	0.794603
1.42	-1.57164e-23	-4.96308e-24	7.1	4.20053e-26	-8.07794e-27	89.2214	-9.40733	2.0705	0.812924
1.43	-2.15067e-23	1.98523e-23	7.15	-2.18104e-26	6.46235e-27	89.8498	-9.46872	2.08937	0.828411
1.44	-1.65436e-23	9.92617e-24	7.2	7.27014e-27	-9.69352e-27	90.4781	-9.53155	2.10473	0.840992
1.45	2.31611e-23	2.97785e-23	7.25	-2.42338e-26	-2.82728e-26	91.1064	-9.59565	2.11649	0.850601
1.46	1.65436e-24	1.613e-23	7.3	4.03897e-27	1.61559e-27	91.7347	-9.6608	2.12454	0.857177
1.47	-7.44463e-24	-4.1359e-25	7.35	-2.42338e-27	-8.48183e-27	92.363	-9.72682	2.12879	0.860668
1.48	-2.23339e-23	4.1359e-25	7.4	-2.01948e-27	-2.17095e-26	92.9914	-9.79347	2.12918	0.861028
1.49	1.19941e-23	-2.84343e-25	7.45	-2.01948e-28	-9.34011e-28	93.6197	-9.86055	2.12561	0.85822
1.5	1.03398e-23	-2.89513e-24	7.5	0	-6.05845e-28	94.248	-9.92781	2.11805	0.852217
1.51	7.44463e-24	-2.89513e-24	7.55	0	-7.27014e-27	94.8763	-9.99501	2.10644	0.843001
1.52	-8.10637e-23	-5.58347e-24	7.6	4.84676e-27	-9.49157e-27	95.5046	-10.0619	2.09074	0.830566
1.53	3.97047e-23	-8.27181e-25	7.65	9.69352e-27	-9.69352e-27	96.133	-10.1282	2.07093	0.814921
1.54	-4.30134e-23	-9.09899e-24	7.7	9.69352e-27	2.10026e-26	96.7613	-10.1937	2.04703	0.796086
1.55	-7.61006e-23	1.65436e-24	7.75	-6.46235e-27	1.29247e-26	97.3896	-10.258	2.01904	0.774098
1.56	-3.63959e-23	-3.06057e-23	7.8	-3.23117e-26	5.493e-26	98.0179	-10.3209	1.98699	0.74901
1.57	9.26442e-23	3.30872e-23	7.85	-6.46235e-27	-2.58494e-26	98.6462	-10.3822	1.95096	0.720893
1.58	-1.65436e-23	3.30872e-23	7.9	-8.72417e-26	-1.9387e-26	99.2746	-10.4414	1.91103	0.689836
1.59	6.61744e-24	-4.96308e-24	7.95	-1.08244e-25	5.16988e-26	99.9029	-10.4984	1.86729	0.655949
1.6	1.98523e-23	1.32349e-23	8	1.69637e-26	3.23117e-26	100.531	-10.5528	1.8199	0.619361
1.61	-5.9557e-23	-1.32349e-23	8.05	1.83975e-25	6.46235e-27	101.16	-10.6043	1.76901	0.580223
1.62	6.61744e-23	6.61744e-23	8.1	3.23117e-27	1.9387e-26	101.788	-10.6527	1.71481	0.538707
1.63	-1.05879e-22	5.29396e-23	8.15	-1.29247e-25	-5.16988e-26	102.416	-10.6976	1.65752	0.495006
1.64	-1.85288e-22	-1.45584e-22	8.2	9.69352e-27	7.75482e-26	103.044	-10.739	1.5974	0.449333
1.65	1.72054e-22	1.72054e-22	8.25	-1.22785e-25	3.87741e-26	103.673	-10.7764	1.53471	0.401919
1.66	0	1.05879e-22	8.3	-2.58494e-26	-6.46235e-26	104.301	-10.8097	1.46975	0.353013
1.67	5.55865e-22	9.39677e-22	8.35	-5.16988e-26	2.00333e-25	104.929	-10.8388	1.40285	0.30288
1.68	-1.05879e-22	-4.76456e-22	8.4	7.75482e-26	1.29247e-25	105.558	-10.8634	1.33435	0.251796
1.69	-2.64698e-22	-4.89691e-22	8.45	-1.68021e-25	-2.35876e-25	106.186	-10.8835	1.26461	0.200047
1.7	1.32349e-22	4.23516e-22	8.5	2.58494e-26	-4.03897e-26	106.814	-10.8989	1.19399	0.147924
1.71	-1.58819e-22	-6.74979e-22	8.55	-2.58494e-26	-3.00423e-25	107.443	-10.9096	1.12287	0.0957219
1.72	-1.05879e-22	-1.91244e-21	8.6	0	6.46235e-27	108.071	-10.9157	1.05164	0.0437331
1.73	5.29396e-23	2.44845e-22	8.65	3.87741e-26	-2.90806e-26	108.699	-10.9171	0.980655	-0.00775461
1.74	-1.05879e-22	2.64698e-23	8.7	-2.58494e-26	-3.23117e-27	109.328	-10.9138	0.9103	-0.0584623
1.75	0	5.0458e-22	8.75	3.23117e-26	-1.9387e-26	109.956	-10.9061	0.840928	-0.108123
1.76	-1.05879e-22	2.64698e-22	8.8	7.75482e-26	-2.00333e-25	110.584	-10.894	0.772883	-0.156483
1.77	-1.05879e-22	4.43369e-22	8.85	5.81611e-26	-6.46235e-26	111.213	-10.8776	0.706485	-0.203309
1.78	-2.91168e-22	6.88214e-22	8.9	-6.46235e-27	5.16988e-26	111.841	-10.8572	0.642036	-0.248383
1.79	0	-8.27181e-22	8.95	-9.04729e-26	4.52364e-26	112.469	-10.833	0.579812	-0.29151
1.8	-2.64698e-22	1.65436e-22	9	-9.69352e-26	-1.9387e-26	113.098	-10.8052	0.520062	-0.332516
1.81	1.32349e-22	-1.32349e-23	9.05	1.10668e-25	-1.9387e-26	113.726	-10.774	0.463009	-0.371249
1.82	3.04402e-22	-4.76456e-22	9.1	-3.85721e-26	-9.69352e-27	114.354	-10.7398	0.408847	-0.407578
1.83	2.38228e-22	-2.51463e-22	9.15	-7.59326e-26	3.23117e-27	114.983	-10.7026	0.357744	-0.441394
1.84	1.72054e-22	3.97047e-23	9.2	3.87741e-26	3.23117e-27	115.611	-10.663	0.309839	-0.47261
1.85	9.92617e-23	-9.92617e-23	9.25	2.18104e-26	-3.23117e-27	116.239	-10.621	0.265246	-0.501158
1.86	1.52201e-22	-5.9557e-23	9.3	1.37325e-26	-4.84676e-27	116.868	-10.577	0.224055	-0.526987
1.87	1.65436e-22	-4.30134e-23	9.35	1.61559e-26	-6.46235e-27	117.496	-10.5312	0.186331	-0.550068
1.88	7.61006e-23	-1.65436e-23	9.4	-1.13091e-26	1.61559e-27	118.124	-10.4839	0.152117	-0.570383
1.89	-5.79026e-23	2.97785e-23	9.45	1.21169e-27	-8.07794e-28	118.752	-10.4354	0.121436	-0.587931
1.9	6.78288e-23	-3.47416e-23	9.5	9.69352e-27	5.25066e-27	119.381	-10.3859	0.0942945	-0.602726
1.91	-1.65436e-24	-1.48893e-23	9.55	8.07794e-28	2.22143e-27	120.009	-10.3357	0.0706788	-0.614791
1.92	1.38553e-23	-1.77844e-23	9.6	-2.01948e-28	-7.06819e-28	120.637	-10.2849	0.0505616	-0.624163
1.93	-9.30578e-24	-2.63664e-24	9.65	-2.01948e-28	2.01948e-28	121.266	-10.2339	0.0339018	-0.630884
1.94	6.04876e-24	4.4461e-24	9.7	4.54384e-28	2.52435e-28	121.894	-10.1828	0.0206459	-0.635009
1.95	3.83864e-24	-1.55096e-25	9.75	1.26218e-28	-2.39814e-28	122.522	-10.1318	0.0107295	-0.636599
1.96	1.55096e-24	4.65289e-25	9.8	1.26218e-29	2.20881e-29	123.151	-10.0811	0.00407834	-0.63572
1.97	5.16988e-25	-4.1359e-25	9.85	1.69605e-29	1.26218e-29	123.779	-10.031	0.000609938	-0.632445
1.98	9.04729e-25	-3.10193e-25	9.9	-1.22273e-29	1.57772e-30	124.407	-9.9815	0.000234182	-0.626852
1.99	4.87907e-25	-4.1359e-25	9.95	5.36425e-29	-6.31089e-29	125.036	-9.93285	0.00285445	-0.619023
2	-3.47674e-24	5.16988e-25	10	5.99534e-29	1.26218e-29	125.664	-9.8852	0.00836844	-0.609042
2.01	-5.94536e-25	-2.68834e-24	10.05	0	9.9002e-29	126.292	-9.83868	0.0166689	-0.597
2.02	1.20975e-23	-2.48154e-24	10.1	-6.31089e-28	8.58281e-28	126.921	-9.79343	0.0276442	-0.582986
2.03	-1.22009e-23	-6.20385e-24	10.15	1.00974e-28	6.05845e-28	127.549	-9.74957	0.0411793	-0.567095
2.04	-1.5096e-23	-4.1359e-25	10.2	-8.58281e-28	1.00974e-27	128.177	-9.70723	0.0571557	-0.549421
2.05	2.93649e-23	0	10.25	7.06819e-28	1.21169e-27	128.806	-9.66651	0.0754523	-0.530062
2.06	3.51552e-23	8.27181e-25	10.3	4.03897e-28	-8.07794e-28	129.434	-9.62751	0.0959459	-0.509116
2.07	4.1359e-23	9.92617e-24	10.35	8.68378e-27	-1.61559e-27	130.062	-9.59031	0.118511	-0.486682
2.08	9.42986e-23	2.81241e-23	10.4	-7.97696e-27	2.82728e-27	130.691	-9.55502	0.143021	-0.46286
2.09	-3.30872e-23	-9.92617e-24	10.45	-1.07538e-26	8.07794e-28	131.319	-9.5217	0.169348	-0.437752
2.1	1.32349e-23	-1.98523e-23	10.5	7.56675e-27	-1.61559e-27	131.947	-9.49042	0.197362	-0.411457
2.11	-7.61006e-23	-1.65436e-23	10.55	1.10062e-26	-2.42338e-27	132.576	-9.46126	0.226934	-0.384078
2.12	-3.97047e-23	1.32349e-23	10.6	-5.25066e-27	3.23117e-27	133.204	-9.43425	0.257933	-0.355716
2.13	-5.29396e-23	-7.94093e-23	10.65	-2.50416e-26	3.23117e-27	133.832	-9.40946	0.290227	-0.326475
2.14	-6.61744e-24	-6.28657e-23	10.7	-1.61559e-26	9.69352e-27	134.46	-9.38692	0.323687	-0.296454
2.15	-5.9557e-23	-7.61006e-23	10.75	-9.69352e-27	-6.46235e-27	135.089	-9.36668	0.358179	-0.265757
2.16	-2.64698e-23	9.5953e-23	10.8	-1.13091e-26	-2.7465e-26	135.717	-9.34876	0.393574	-0.234485
2.17	2.64698e-23	9.5953e-23	10.85	3.23117e-27	-3.55429e-26	136.345	-9.3332	0.42974	-0.202738
2.18	-3.97047e-23	2.31611e-23	10.9	1.13091e-26	1.61559e-27	136.974	-9.32	0.466547	-0.170619
2.19	1.32349e-23	-1.52201e-22	10.95	1.29247e-26	-3.71585e-26	137.602	-9.30918	0.503864	-0.138227
2.2	1.32349e-23	1.88597e-22	11	1.9387e-26	-2.10026e-26	138.23	-9.30075	0.541562	-0.105662
2.21	-1.32349e-23	4.30134e-23	11.05	0	-3.23117e-27	138.859	-9.29471	0.579513	-0.0730232
2.22	-5.29396e-23	1.35658e-22	11.1	9.69352e-27	1.61559e-26	139.487	-9.29106	0.617587	-0.0404092
2.23	1.32349e-23	-1.05879e-22	11.15	1.29247e-26	1.77715e-26	140.115	-9.28979	0.655659	-0.0079173
2.24	1.32349e-23	1.69986e-22	11.2	1.9387e-26	5.89689e-26	140.744	-9.29088	0.693602	0.0243558
2.25	0	-1.63368e-22	11.25	0	8.74437e-26	141.372	-9.29431	0.731293	0.0563146
2.26	-1.32349e-23	1.05052e-22	11.3	1.9387e-26	7.75482e-26	142	-9.30006	0.768607	0.0878646
2.27	0	-1.1746e-22	11.35	1.29247e-26	1.06629e-25	142.629	-9.30809	0.805423	0.118913
2.28	1.32349e-23	-8.76811e-23	11.4	-1.29247e-26	1.61559e-25	143.257	-9.31838	0.841621	0.149367
2.29	0	1.25731e-22	11.45	-4.52364e-26	5.16988e-26	143.885	-9.33087	0.877083	0.179136
2.3	1.32349e-23	-1.48893e-22	11.5	-1.9387e-26	7.4317e-26	144.514	-9.34553	0.911691	0.208133
2.31	-6.61744e-24	1.32349e-23	11.55	1.9387e-26	-1.29247e-26	145.142	-9.36229	0.945332	0.236269
2.32	5.9557e-23	-1.12497e-22	11.6	-3.23117e-26	2.26182e-26	145.77	-9.38111	0.977893	0.263459
2.33	-1.32349e-23	-3.97047e-23	11.65	-5.81611e-26	9.69352e-27	146.399	-9.40192	1.00926	0.28962
2.34	6.61744e-24	4.63221e-23	11.7	-9.69352e-27	-4.52364e-26	147.027	-9.42465	1.03934	0.31467
2.35	-3.30872e-23	3.97047e-23	11.75	1.9387e-26	3.87741e-26	147.655	-9.44923	1.06801	0.338531
2.36	-1.98523e-23	2.64698e-23	11.8	3.87741e-26	-6.46235e-27	148.284	-9.47558	1.09518	0.361125
2.37	1.32349e-23	-3.30872e-24	11.85	-4.03897e-26	6.46235e-27	148.912	-9.50362	1.12075	0.382379
2.38	-1.65436e-23	0	11.9	2.18104e-26	1.9387e-26	149.54	-9.53326	1.14462	0.402221
2.39	-1.65436e-24	-2.64698e-23	11.95	9.49157e-26	-6.46235e-27	150.168	-9.5644	1.16671	0.420584
2.4	3.72231e-23	-1.98523e-23	12	7.27014e-27	0	150.797	-9.59695	1.18691	0.437401
2.41	-4.1359e-24	1.65436e-23	12.05	6.78547e-26	9.69352e-27	151.425	-9.6308	1.20516	0.452613
2.42	2.97785e-23	-1.48893e-23	12.1	-4.20053e-26	9.69352e-27	152.053	-9.66583	1.22138	0.46616
2.43	-3.80503e-23	-1.65436e-24	12.15	8.07794e-27	-3.23117e-26	152.682	-9.70195	1.23548	0.47799
2.44	5.21124e-23	-1.8198e-23	12.2	-4.52364e-26	1.61559e-26	153.31	-9.73902	1.2474	0.488054
2.45	2.06795e-23	-1.73708e-23	12.25	1.61559e-27	2.10026e-26	153.938	-9.77691	1.25708	0.496306
2.46	3.06057e-23	7.85822e-24	12.3	-9.69352e-27	1.61559e-27	154.567	-9.81551	1.26446	0.502707
2.47	2.31611e-23	3.30872e-24	12.35	-6.46235e-27	7.27014e-27	155.195	-9.85467	1.26949	0.507223
2.48	-4.46678e-23	5.76441e-24	12.4	-1.05013e-26	-8.07794e-27	155.823	-9.89426	1.27213	0.509825
2.49	8.6854e-24	-6.20385e-25	12.45	-8.07794e-28	-3.02923e-27	156.452	-9.93412	1.27234	0.510492
2.5	5.27328e-24	-1.65436e-24	12.5	2.01948e-28	-1.08547e-27	157.08	-9.97412	1.2701	0.509206
2.51	-1.44757e-23	8.27181e-25	12.55	-1.61559e-27	3.93799e-27	157.708	-10.0141	1.26539	0.50596
2.52	-1.613e-23	4.1359e-25	12.6	-1.61559e-27	-2.7465e-26	158.337	-10.0539	1.2582	0.500753
2.53	-1.98523e-23	6.20385e-25	12.65	6.46235e-27	-8.88573e-27	158.965	-10.0934	1.24852	0.493589
2.54	-3.63959e-23	-4.1359e-24	12.7	-9.69352e-27	2.90806e-26	159.593	-10.1323	1.23637	0.484485
2.55	1.65436e-23	-2.48154e-24	12.75	-3.23117e-27	-3.23117e-27	160.222	-10.1706	1.22178	0.473462
2.56	-2.81241e-23	-1.32349e-23	12.8	0	-5.81611e-26	160.85	-10.2081	1.20477	0.460554
2.57	7.7755e-23	3.72231e-23	12.85	6.13923e-26	0	161.478	-10.2447	1.18539	0.445801
2.58	6.61744e-23	2.48154e-23	12.9	-7.75482e-26	6.46235e-26	162.107	-10.28	1.16369	0.429254
2.59	-2.31611e-23	-9.92617e-24	12.95	7.10858e-26	6.46235e-27	162.735	-10.3141	1.13975	0.410973
2.6	1.32349e-23	0	13	3.87741e-26	1.29247e-26	163.363	-10.3467	1.11364	0.391029
2.61	-3.30872e-23	-2.97785e-23	13.05	-6.16952e-26	0	163.992	-10.3777	1.08546	0.369501
2.62	1.32349e-23	0	13.1	-2.66572e-25	-2.58494e-26	164.62	-10.4069	1.05532	0.346478
2.63	-1.32349e-23	6.61744e-24	13.15	-1.42172e-25	-3.87741e-26	165.248	-10.4342	1.02334	0.32206
2.64	-3.97047e-23	-9.26442e-23	13.2	-3.42504e-25	1.29247e-26	165.876	-10.4595	0.989648	0.296355
2.65	2.64698e-23	-1.98523e-23	13.25	1.61559e-25	-5.16988e-26	166.505	-10.4826	0.954386	0.26948
2.66	-9.26442e-23	-2.11758e-22	13.3	-5.16988e-26	1.29247e-26	167.133	-10.5035	0.917709	0.241558
2.67	1.05879e-22	1.58819e-22	13.35	-9.04729e-26	2.58494e-26	167.761	-10.5219	0.879781	0.212722
2.68	0	-3.97047e-23	13.4	3.87741e-26	1.16322e-25	168.39	-10.538	0.840775	0.183111
2.69	7.94093e-23	1.32349e-23	13.45	2.58494e-26	2.58494e-26	169.018	-10.5514	0.80087	0.152867
2.7	5.29396e-23	-1.32349e-23	13.5	-1.29247e-26	-3.23117e-26	169.646	-10.5623	0.760253	0.12214
2.71	-7.94093e-23	-7.27919e-23	13.55	2.58494e-26	-1.14707e-25	170.275	-10.5706	0.719116	0.0910795
2.72	5.29396e-23	4.56604e-22	13.6	0	1.27631e-25	170.903	-10.5761	0.677653	0.0598392
2.73	2.64698e-23	1.42275e-22	13.65	-2.58494e-26	-9.37041e-26	171.531	-10.5791	0.63606	0.0285724
2.74	-7.94093e-23	6.9814e-22	13.7	-1.29247e-26	-9.69352e-27	172.16	-10.5793	0.594532	-0.00256822
2.75	-1.05879e-22	5.60828e-22	13.75	-3.87741e-26	1.9387e-26	172.788	-10.5769	0.553265	-0.0334319
2.76	-7.94093e-23	-1.27386e-22	13.8	-3.87741e-26	1.42172e-25	173.416	-10.5718	0.512448	-0.0638711
2.77	1.58819e-22	2.24993e-22	13.85	-7.75482e-26	1.0986e-25	174.045	-10.5642	0.472268	-0.0937432
2.78	5.29396e-23	1.72054e-22	13.9	-5.81611e-26	1.9387e-26	174.673	-10.5542	0.432902	-0.122911
2.79	-7.94093e-23	8.60268e-23	13.95	-1.9387e-25	1.29247e-26	175.301	-10.5417	0.394524	-0.151243
2.8	-2.11758e-22	2.5808e-22	14	-1.19553e-25	-3.23117e-26	175.93	-10.5268	0.357294	-0.178616
2.81	1.58819e-22	-3.63959e-22	14.05	-1.35709e-25	-3.23117e-26	176.558	-10.5098	0.321365	-0.204916
2.82	-2.64698e-23	-4.63221e-23	14.1	-1.08244e-25	1.29247e-26	177.186	-10.4907	0.28688	-0.230035
2.83	2.77933e-22	-3.97047e-23	14.15	-1.45403e-26	-1.29247e-26	177.815	-10.4696	0.253966	-0.253878
2.84	-9.26442e-23	1.78671e-22	14.2	-3.55429e-26	6.46235e-27	178.443	-10.4466	0.222743	-0.276356
2.85	1.32349e-22	-9.92617e-23	14.25	-4.6852e-26	0	179.071	-10.4219	0.193316	-0.297391
2.86	1.45584e-22	1.98523e-23	14.3	-6.30079e-26	0	179.7	-10.3957	0.165778	-0.316916
2.87	-1.38966e-22	9.26442e-23	14.35	-4.52364e-26	9.69352e-27	180.328	-10.3681	0.140208	-0.334872
2.88	-1.09188e-22	4.63221e-23	14.4	1.9387e-26	1.61559e-27	180.956	-10.3392	0.116676	-0.351212
2.89	4.96308e-23	-1.98523e-23	14.45	-2.10026e-26	-8.07794e-27	181.584	-10.3092	0.0952376	-0.365895
2.9	-3.63959e-23	6.61744e-24	14.5	-1.77715e-26	-8.07794e-28	182.213	-10.2782	0.0759357	-0.378892
2.91	3.30872e-24	-3.30872e-24	14.55	4.03897e-27	1.61559e-27	182.841	-10.2464	0.0588033	-0.390182
2.92	1.32349e-23	-1.15805e-23	14.6	-4.84676e-27	-4.03897e-27	183.469	-10.214	0.0438619	-0.399753
2.93	-2.48154e-24	-4.96308e-24	14.65	4.03897e-28	-8.48183e-27	184.098	-10.181	0.0311226	-0.407598
2.94	-2.5229e-23	8.27181e-24	14.7	-1.61559e-27	1.00974e-28	184.726	-10.1477	0.0205865	-0.413722
2.95	1.0805e-23	-8.27181e-24	14.75	2.01948e-28	-1.81754e-27	185.354	-10.1142	0.0122453	-0.418134
2.96	-3.51552e-24	5.68687e-25	14.8	1.00974e-28	-2.27192e-28	185.983	-10.0806	0.00608206	-0.42085
2.97	1.18907e-24	-3.10193e-24	14.85	5.04871e-29	2.72453e-28	186.611	-10.047	0.00207167	-0.421893
2.98	-1.96455e-23	1.65436e-24	14.9	-2.27192e-28	-1.51461e-28	187.239	-10.0136	0.000181341	-0.421291
2.99	4.20053e-25	0	14.95	1.89327e-29	1.26218e-29	187.868	-9.98053	0.000371284	-0.419078
3	1.29247e-26	0	15	-6.94198e-29	8.20415e-29	188.496	-9.94787	0.00259521	-0.415292
3.01	-8.27181e-25	0	15.05	1.51461e-28	-2.52435e-29	189.124	-9.91576	0.00680086	-0.409975
3.02	3.51552e-24	-8.27181e-25	15.1	1.13596e-28	0	189.753	-9.8843	0.0129305	-0.403175
3.03	1.49926e-24	1.03398e-24	15.15	5.04871e-29	-3.78653e-29	190.381	-9.85359	0.0209215	-0.394941
3.04	-6.36218e-24	1.9387e-26	15.2	-1.51461e-28	1.00974e-28	191.009	-9.82374	0.0307064	-0.385328
3.05	0	-8.27181e-25	15.25	-1.26218e-27	1.00974e-28	191.638	-9.79484	0.042214	-0.374393
3.06	1.32349e-23	0	15.3	-2.22143e-27	-1.00974e-27	192.266	-9.76698	0.0553691	-0.362195
3.07	-1.90252e-23	-4.96308e-24	15.35	-2.01948e-27	8.07794e-28	192.894	-9.74023	0.0700932	-0.348795
3.08	8.27181e-25	1.65436e-24	15.4	-6.05845e-28	1.21169e-27	193.523	-9.71468	0.0863048	-0.33426
3.09	4.96308e-24	6.61744e-24	15.45	2.01948e-27	8.07794e-28	194.151	-9.6904	0.10392	-0.318653
3.1	3.97047e-23	1.65436e-23	15.5	-2.01948e-27	3.23117e-27	194.779	-9.66745	0.122851	-0.302044
3.11	-3.97047e-23	-1.32349e-23	15.55	-1.34801e-26	1.61559e-27	195.408	-9.6459	0.143011	-0.284502
3.12	-4.63221e-23	3.30872e-24	15.6	-2.01948e-26	3.23117e-27	196.036	-9.62579	0.164309	-0.266098
3.13	1.98523e-23	-1.32349e-23	15.65	-1.65598e-26	3.23117e-27	196.664	-9.60719	0.186652	-0.246903
3.14	-3.63959e-23	-4.30134e-23	15.7	-4.36209e-26	0	197.292	-9.59013	0.209947	-0.226991
3.15	1.32349e-23	9.92617e-24	15.75	3.23117e-27	-3.23117e-27	197.921	-9.57466	0.234099	-0.206435
3.16	6.61744e-24	-9.92617e-23	15.8	-4.20053e-26	-9.69352e-27	198.549	-9.5608	0.259014	-0.18531
3.17	-6.61744e-24	4.96308e-23	15.85	-1.9387e-26	-1.9387e-26	199.177	-9.5486	0.284594	-0.16369
3.18	-5.29396e-23	-3.30872e-24	15.9	-2.58494e-26	0	199.806	-9.53806	0.310744	-0.14165
3.19	-5.29396e-23	-2.64698e-23	15.95	-3.23117e-26	-9.69352e-27	200.434	-9.52922	0.337365	-0.119267
3.2	0	1.65436e-23	16	0	-1.61559e-26	201.062	-9.52209	0.364361	-0.0966158
3.21	-6.61744e-23	-1.68745e-22	16.05	1.29247e-26	-1.29247e-26	201.691	-9.51668	0.391634	-0.073772
3.22	5.29396e-23	2.0845e-22	16.1	-3.23117e-26	-6.78547e-26	202.319	-9.51299	0.419088	-0.050811
3.23	-1.32349e-23	-1.35658e-22	16.15	-6.46235e-27	-6.13923e-26	202.947	-9.51102	0.446625	-0.027808
3.24	-1.32349e-23	-6.36929e-23	16.2	1.29247e-26	9.69352e-27	203.576	-9.51077	0.47415	-0.00483789
3.25	0	4.17726e-23	16.25	0	7.27014e-26	204.204	-9.51223	0.501566	0.0180251
3.26	0	2.34092e-22	16.3	-1.29247e-26	-4.30655e-26	204.832	-9.51538	0.528779	0.0407073
3.27	0	2.48154e-23	16.35	1.9387e-26	6.38157e-26	205.461	-9.52022	0.555695	0.0631358
3.28	2.64698e-23	-1.58819e-22	16.4	6.46235e-27	4.52364e-26	206.089	-9.52671	0.582221	0.0852385
3.29	0	1.05879e-22	16.45	1.29247e-26	6.46235e-27	206.717	-9.53482	0.608266	0.106944
3.3	2.64698e-23	-9.26442e-23	16.5	-5.81611e-26	1.3894e-25	207.346	-9.54454	0.63374	0.128184
3.31	-2.64698e-23	6.94832e-23	16.55	7.75482e-26	-1.29247e-26	207.974	-9.55581	0.658554	0.148887
3.32	-5.29396e-23	1.32349e-23	16.6	0	-4.52364e-26	208.602	-9.5686	0.682622	0.168988
3.33	-3.97047e-23	5.29396e-23	16.65	-4.52364e-26	2.58494e-26	209.231	-9.58286	0.70586	0.188421
3.34	6.61744e-24	3.30872e-23	16.7	6.46235e-27	5.16988e-26	209.859	-9.59855	0.728185	0.207121
3.35	-3.30872e-23	3.30872e-23	16.75	-7.4317e-26	3.87741e-26	210.487	-9.61561	0.749517	0.225027
3.36	0	1.32349e-23	16.8	6.46235e-26	-1.9387e-26	211.116	-9.63397	0.769778	0.242077
3.37	0	6.61744e-24	16.85	-1.244e-25	6.46235e-27	211.744	-9.65359	0.788894	0.258214
3.38	3.30872e-24	1.32349e-23	16.9	1.08244e-25	-6.46235e-27	212.372	-9.67439	0.806792	0.273382
3.39	-6.61744e-24	0	16.95	-2.06997e-26	6.46235e-27	213	-9.69631	0.823405	0.287528
3.4	-1.57164e-23	-6.61744e-24	17	-8.96651e-26	0	213.629	-9.71926	0.838668	0.3006
3.41	-2.31611e-23	1.65436e-23	17.05	3.87741e-26	-1.9387e-26	214.257	-9.74317	0.852518	0.312552
3.42	-2.23339e-23	2.31611e-23	17.1	-3.87741e-26	-6.46235e-27	214.885	-9.76796	0.864898	0.323337
3.43	2.06795e-24	-1.65436e-24	17.15	0	-1.29247e-26	215.514	-9.79354	0.875754	0.332915
3.44	2.77106e-23	1.65436e-24	17.2	-3.23117e-26	2.90806e-26	216.142	-9.81982	0.885038	0.341248
3.45	-4.1359e-23	2.37814e-23	17.25	-3.23117e-26	0	216.77	-9.84671	0.892706	0.348301
3.46	3.06057e-23	-4.1359e-24	17.3	2.90806e-26	-6.46235e-27	217.399	-9.87411	0.898717	0.354043
3.47	1.65436e-23	-4.96308e-24	17.35	-1.61559e-26	-9.69352e-27	218.027	-9.90192	0.903038	0.358448
3.48	-1.53028e-23	4.96308e-24	17.4	8.07794e-27	1.69637e-26	218.655	-9.93005	0.90564	0.361493
3.49	2.17135e-23	-1.55096e-24	17.45	0	4.03897e-28	219.284	-9.95837	0.9065	0.363162
3.5	5.79026e-24	-4.1359e-25	17.5	-8.07794e-28	6.05845e-28	219.912	-9.9868	0.905603	0.363442
3.51	-5.79026e-24	-4.1359e-25	17.55	0	4.59433e-27	220.54	-10.0152	0.902938	0.362324
3.52	1.11669e-23	1.65436e-24	17.6	1.61559e-27	-3.63507e-27	221.169	-10.0435	0.898501	0.359806
3.53	-3.06057e-23	-4.96308e-24	17.65	9.69352e-27	-1.53481e-26	221.797	-10.0716	0.892296	0.355892
3.54	2.48154e-23	8.27181e-24	17.7	1.29247e-26	6.46235e-27	222.425	-10.0993	0.884334	0.350589
3.55	-2.06795e-23	-5.99706e-24	17.75	-3.23117e-27	5.81611e-26	223.054	-10.1265	0.874634	0.343912
3.56	-3.88775e-23	-1.65436e-23	17.8	-6.46235e-26	-6.46235e-27	223.682	-10.1532	0.86322	0.335882
3.57	5.62483e-23	4.96308e-24	17.85	-1.9387e-26	6.46235e-27	224.31	-10.1792	0.850127	0.326524
3.58	4.96308e-23	1.73708e-23	17.9	-2.26182e-26	-3.87741e-26	224.939	-10.2044	0.835397	0.315872
3.59	-1.65436e-23	-3.30872e-24	17.95	-4.20053e-26	0	225.567	-10.2286	0.819078	0.303964
3.6	1.65436e-23	6.61744e-24	18	-4.03897e-26	1.29247e-26	226.195	-10.2519	0.801229	0.290845
3.61	-6.61744e-24	-9.92617e-24	18.05	2.62533e-26	0	226.824	-10.2741	0.781916	0.276568
3.62	-6.61744e-24	1.32349e-23	18.1	7.10858e-26	-1.29247e-26	227.452	-10.295	0.761211	0.261188
3.63	0	6.61744e-24	18.15	1.45403e-25	-5.16988e-26	228.08	-10.3146	0.739196	0.244769
3.64	-6.61744e-24	-3.30872e-23	18.2	-1.03398e-25	-2.58494e-26	228.708	-10.3328	0.71596	0.227381
3.65	-2.64698e-23	-3.97047e-23	18.25	-2.77881e-25	0	229.337	-10.3496	0.691597	0.209098
3.66	0	-7.27919e-23	18.3	-1.68021e-25	-3.87741e-26	229.965	-10.3647	0.666211	0.19
3.67	-3.97047e-23	-6.61744e-24	18.35	1.16322e-25	-1.42172e-25	230.593	-10.3783	0.639909	0.170171
3.68	7.94093e-23	1.12497e-22	18.4	9.04729e-26	1.03398e-25	231.222	-10.3901	0.612806	0.149701
3.69	-7.94093e-23	-9.92617e-23	18.45	-1.16322e-25	-9.69352e-26	231.85	-10.4002	0.58502	0.128681
3.7	2.64698e-23	1.25731e-22	18.5	-7.75482e-26	-1.42172e-25	232.478	-10.4085	0.556674	0.107208
3.71	1.05879e-22	-8.60268e-23	18.55	0	3.55429e-26	233.107	-10.415	0.527894	0.0853793
3.72	5.29396e-23	1.32349e-23	18.6	-2.58494e-26	-9.37041e-26	233.735	-10.4196	0.498809	0.0632963
3.73	-5.29396e-23	-2.94476e-22	18.65	-2.58494e-26	-2.0518e-25	234.363	-10.4224	0.46955	0.0410602
3.74	2.64698e-23	-2.54772e-22	18.7	0	1.9387e-26	234.992	-10.4233	0.440247	0.0187731
3.75	5.29396e-23	-3.32113e-22	18.75	-3.87741e-26	-2.71419e-25	235.62	-10.4224	0.411031	-0.00346287
3.76	1.05879e-22	1.38966e-22	18.8	1.16322e-25	-2.58494e-26	236.248	-10.4195	0.382032	-0.0255467
3.77	1.32349e-22	-2.38228e-22	18.85	-1.29247e-26	-1.16322e-25	236.877	-10.4149	0.353378	-0.0473787
3.78	1.58819e-22	1.32349e-23	18.9	-1.16322e-25	3.87741e-26	237.505	-10.4085	0.325193	-0.0688616
3.79	2.64698e-23	-3.77194e-22	18.95	-1.29247e-26	-3.87741e-26	238.133	-10.4003	0.297599	-0.0899009
3.8	-5.29396e-23	-3.30872e-23	19	1.29247e-26	1.29247e-26	238.762	-10.3905	0.270711	-0.110406
3.81	0	-1.32349e-23	19.05	-3.23117e-26	1.03398e-25	239.39	-10.379	0.244641	-0.130289
3.82	1.05879e-22	-2.11758e-22	19.1	-6.13923e-26	3.87741e-26	240.018	-10.3659	0.219495	-0.149468
3.83	1.19114e-22	-2.24993e-22	19.15	2.58494e-26	2.58494e-26	240.647	-10.3514	0.195372	-0.167865
3.84	1.32349e-23	-1.58819e-22	19.2	6.30079e-26	1.29247e-26	241.275	-10.3355	0.172363	-0.185408
3.85	1.85288e-22	-6.61744e-23	19.25	-7.85579e-26	0	241.903	-10.3182	0.150553	-0.202031
3.86	7.94093e-23	-3.97047e-23	19.3	4.03897e-26	-1.9387e-26	242.532	-10.2997	0.13002	-0.217673
3.87	-3.30872e-23	4.63221e-23	19.35	-1.45403e-26	0	243.16	-10.2801	0.110833	-0.232278
3.88	1.45584e-22	-7.94093e-23	19.4	-8.88573e-26	3.23117e-27	243.788	-10.2595	0.0930536	-0.245799
3.89	-4.63221e-23	2.64698e-23	19.45	-4.36209e-26	6.46235e-27	244.416	-10.238	0.0767346	-0.258192
3.9	6.61744e-24	0	19.5	-2.26182e-26	1.29247e-26	245.045	-10.2156	0.0619217	-0.269421
3.91	-5.62483e-23	2.31611e-23	19.55	9.69352e-27	-9.69352e-27	245.673	-10.1926	0.048652	-0.279457
3.92	2.31611e-23	-1.98523e-23	19.6	8.07794e-27	-8.07794e-27	246.301	-10.1689	0.0369551	-0.288274
3.93	3.14329e-23	-3.30872e-24	19.65	3.23117e-27	-2.42338e-27	246.93	-10.1447	0.0268528	-0.295856
3.94	-2.23339e-23	1.98523e-23	19.7	8.07794e-28	9.28963e-27	247.558	-10.1202	0.0183593	-0.302188
3.95	-7.75482e-24	-1.48893e-23	19.75	4.84676e-27	5.25066e-27	248.186	-10.0953	0.0114816	-0.307265
3.96	3.05023e-24	3.51552e-24	19.8	2.82728e-27	3.83702e-27	248.815	-10.0703	0.00621995	-0.311084
3.97	1.0805e-23	-1.44757e-24	19.85	2.01948e-28	1.46413e-27	249.443	-10.0452	0.0025677	-0.313649
3.98	7.75482e-24	-8.27181e-25	19.9	-2.01948e-28	-1.23693e-27	250.071	-10.0202	0.000511967	-0.314969
3.99	-8.20718e-24	0	19.95	-1.51461e-28	1.76705e-28	250.7	-9.99527	3.38221e-05	-0.315056
4	-6.92764e-24	-2.48154e-24	20	1.00974e-28	3.5341e-28	251.328	-9.97056	0.00110866	-0.313928
4.01	6.46235e-25	1.03398e-25	20.05	-2.52435e-29	0	251.956	-9.94616	0.00370651	-0.311607
4.02	-3.98081e-24	-4.1359e-25	20.1	-7.57306e-29	-1.19907e-28	252.585	-9.92217	0.00779239	-0.308117
4.03	-1.55096e-24	-4.1359e-25	20.15	-5.6798e-29	2.52435e-29	253.213	-9.89867	0.0133266	-0.303488
4.04	-3.41212e-24	0	20.2	1.26218e-29	-2.52435e-29	253.841	-9.87573	0.0202652	-0.297753
4.05	1.44757e-24	-1.24077e-24	20.25	-5.04871e-29	5.04871e-29	254.47	-9.85345	0.02856	-0.290946
4.06	-9.61597e-24	-3.72231e-24	20.3	2.52435e-28	1.00974e-28	255.098	-9.83188	0.0381593	-0.283107
4.07	-1.44757e-23	-4.1359e-24	20.35	0	2.01948e-28	255.726	-9.81111	0.0490077	-0.274276
4.08	-3.14329e-23	-9.92617e-24	20.4	1.00974e-28	-8.07794e-28	256.355	-9.7912	0.0610469	-0.264497
4.09	-3.14329e-23	-6.61744e-24	20.45	2.52435e-27	-2.01948e-27	256.983	-9.77221	0.0742156	-0.253817
4.1	9.92617e-24	9.92617e-24	20.5	-1.21169e-27	1.61559e-27	257.611	-9.7542	0.08845	-0.242283
4.11	6.61744e-24	3.30872e-24	20.55	3.23117e-27	-1.61559e-27	258.24	-9.73722	0.103684	-0.229944
4.12	1.32349e-23	9.92617e-24	20.6	1.63073e-26	-4.84676e-27	258.868	-9.72132	0.119848	-0.216854
4.13	-5.12852e-23	-3.14329e-23	20.65	-1.00974e-28	0	259.496	-9.70655	0.136874	-0.203064
4.14	3.30872e-23	1.98523e-23	20.7	1.33286e-26	0	260.124	-9.69295	0.154689	-0.188629
4.15	3.30872e-24	3.63959e-23	20.75	4.84676e-27	0	260.753	-9.68055	0.173219	-0.173604
4.16	-6.61744e-24	-4.63221e-23	20.8	4.20053e-26	6.46235e-27	261.381	-9.66939	0.19239	-0.158047
4.17	1.12497e-22	1.32349e-22	20.85	8.07794e-27	6.46235e-27	262.009	-9.65949	0.212127	-0.142016
4.18	2.64698e-23	-6.28657e-23	20.9	1.61559e-27	6.46235e-27	262.638	-9.65088	0.232354	-0.125567
4.19	-2.64698e-23	-9.92617e-23	20.95	-3.55429e-26	6.46235e-27	263.266	-9.64359	0.252992	-0.108761
4.2	-1.32349e-23	-7.27919e-23	21	-2.90806e-26	3.23117e-26	263.894	-9.63762	0.273965	-0.0916559
4.21	-1.32349e-23	-4.96308e-23	21.05	-5.16988e-26	6.46235e-27	264.523	-9.63298	0.295196	-0.0743125
4.22	2.64698e-23	1.0257e-22	21.1	-5.81611e-26	-3.87741e-26	265.151	-9.62969	0.316605	-0.0567903
4.23	0	-1.22423e-22	21.15	-3.23117e-26	-9.69352e-27	265.779	-9.62775	0.338116	-0.0391495
4.24	-2.64698e-23	4.96308e-24	21.2	-6.46235e-27	-5.16988e-26	266.408	-9.62715	0.359651	-0.02145
4.25	-1.32349e-23	1.2811e-22	21.25	0	4.84676e-26	267.036	-9.6279	0.381132	-0.00375156
4.26	-2.64698e-23	2.23339e-22	21.3	-1.29247e-26	8.88573e-27	267.664	-9.62998	0.402484	0.0138862
4.27	-3.97047e-23	5.62483e-23	21.35	-1.29247e-26	2.38299e-26	268.293	-9.63338	0.423629	0.0314041
4.28	0	-4.63221e-23	21.4	1.29247e-26	6.94702e-26	268.921	-9.63809	0.444493	0.0487436
4.29	2.64698e-23	-2.97785e-23	21.45	2.58494e-26	-1.29247e-26	269.549	-9.64408	0.465002	0.0658467
4.3	5.29396e-23	-1.19114e-22	21.5	0	4.84676e-26	270.178	-9.65133	0.485084	0.0826563
4.31	-1.32349e-23	9.92617e-24	21.55	-3.87741e-26	-3.87741e-26	270.806	-9.65981	0.504665	0.099116
4.32	1.32349e-23	4.63221e-23	21.6	-1.9387e-26	6.46235e-27	271.434	-9.6695	0.523678	0.115171
4.33	3.97047e-23	-9.92617e-23	21.65	-5.16988e-26	-1.29247e-26	272.063	-9.68034	0.542053	0.130766
4.34	-2.64698e-23	9.92617e-24	21.7	-3.23117e-26	-1.9387e-26	272.691	-9.69232	0.559724	0.14585
4.35	6.61744e-24	1.32349e-23	21.75	0	6.46235e-26	273.319	-9.70537	0.576627	0.16037
4.36	2.64698e-23	-2.64698e-23	21.8	-1.9387e-26	-3.87741e-26	273.948	-9.71946	0.592699	0.174276
4.37	-1.98523e-23	2.31611e-23	21.85	2.26182e-26	5.16988e-26	274.576	-9.73454	0.607881	0.187522
4.38	1.98523e-23	-2.64698e-23	21.9	-1.85793e-25	3.87741e-26	275.204	-9.75055	0.622116	0.200059
4.39	-6.61744e-24	-6.61744e-24	21.95	-1.04205e-25	3.87741e-26	275.832	-9.76744	0.635349	0.211845
4.4	-1.65436e-23	3.30872e-24	22	6.17962e-26	-2.58494e-26	276.461	-9.78515	0.647529	0.222836
4.41	2.64698e-23	-1.65436e-23	22.05	-1.29247e-26	1.29247e-26	277.089	-9.80361	0.658607	0.232993
4.42	-1.40621e-23	6.61744e-24	22.1	-6.13923e-26	-6.46235e-27	277.717	-9.82277	0.668538	0.242278
4.43	1.57164e-23	-4.96308e-24	22.15	-9.69352e-27	4.52364e-26	278.346	-9.84254	0.677281	0.250657
4.44	-3.30872e-23	2.15067e-23	22.2	4.84676e-26	0	278.974	-9.86286	0.684798	0.258096
4.45	1.03398e-23	3.51552e-24	22.25	3.87741e-26	1.9387e-26	279.602	-9.88366	0.691055	0.264567
4.46	3.30872e-24	-4.96308e-24	22.3	0	-3.23117e-26	280.231	-9.90486	0.696023	0.270043
4.47	4.92172e-23	-4.1359e-24	22.35	-1.29247e-26	-1.29247e-26	280.859	-9.92638	0.699675	0.274502
4.48	-1.26145e-23	4.96308e-24	22.4	9.69352e-27	9.69352e-27	281.487	-9.94815	0.70199	0.277923
4.49	-2.39882e-23	-1.65436e-24	22.45	6.46235e-27	3.47351e-26	282.116	-9.97007	0.702953	0.280291
4.5	6.61744e-24	0	22.5	-1.61559e-27	1.27227e-26	282.744	-9.99207	0.702552	0.281593
4.51	1.38036e-23	0	22.55	8.07794e-28	6.31089e-29	283.372	-10.0141	0.700781	0.281819
4.52	6.20385e-25	1.24077e-24	22.6	-8.07794e-28	-2.22143e-27	284.001	-10.036	0.697638	0.280967
4.53	-8.06501e-24	-7.23783e-25	22.65	-1.61559e-27	8.07794e-27	284.629	-10.0577	0.693127	0.279034
4.54	-6.61744e-24	-1.86116e-24	22.7	-3.23117e-27	1.61559e-27	285.257	-10.0791	0.687259	0.276024
4.55	1.8198e-23	1.65436e-24	22.75	-1.61559e-26	1.61559e-26	285.886	-10.1002	0.680048	0.271946
4.56	-3.80503e-23	-1.32349e-23	22.8	6.46235e-27	-3.23117e-27	286.514	-10.1209	0.671516	0.266811
4.57	-9.51258e-24	-1.73708e-23	22.85	3.87741e-26	-1.29247e-26	287.142	-10.141	0.661688	0.260637
4.58	-2.31611e-23	-1.32349e-23	22.9	3.87741e-26	-7.75482e-26	287.771	-10.1605	0.650599	0.253444
4.59	3.63959e-23	1.15805e-23	22.95	6.78547e-26	2.58494e-26	288.399	-10.1794	0.638286	0.245259
4.6	-1.32349e-23	1.15805e-23	23	6.46235e-27	-2.58494e-26	289.027	-10.1974	0.624792	0.236111
4.61	2.97785e-23	2.31611e-23	23.05	1.01782e-25	-3.87741e-26	289.656	-10.2146	0.610169	0.226036
4.62	6.61744e-24	9.92617e-24	23.1	1.09456e-25	0	290.284	-10.2309	0.594472	0.215072
4.63	0	3.30872e-24	23.15	-1.77715e-25	3.87741e-26	290.912	-10.2462	0.577761	0.203264
4.64	-3.30872e-23	-6.61744e-24	23.2	1.74483e-25	0	291.54	-10.2604	0.560103	0.19066
4.65	6.61744e-24	-6.61744e-24	23.25	8.40105e-26	-7.75482e-26	292.169	-10.2735	0.541569	0.177311
4.66	2.64698e-23	-1.98523e-23	23.3	5.16988e-26	1.29247e-26	292.797	-10.2854	0.522235	0.163272
4.67	1.32349e-23	2.64698e-23	23.35	5.16988e-26	-7.75482e-26	293.425	-10.2961	0.502181	0.148605
4.68	3.97047e-23	1.05879e-22	23.4	-9.04729e-26	2.58494e-26	294.054	-10.3055	0.481491	0.13337
4.69	3.97047e-23	-6.61744e-23	23.45	5.16988e-26	-3.87741e-26	294.682	-10.3135	0.460254	0.117634
4.7	2.64698e-23	1.05879e-22	23.5	-1.55096e-25	1.03398e-25	295.31	-10.3202	0.438559	0.101465
4.71	-2.64698e-23	-1.78671e-22	23.55	-5.16988e-26	-1.87408e-25	295.939	-10.3255	0.416501	0.084934
4.72	7.94093e-23	4.96308e-23	23.6	-7.75482e-26	-5.81611e-26	296.567	-10.3294	0.394175	0.0681133
4.73	-5.29396e-23	1.98523e-23	23.65	-2.58494e-26	4.52364e-26	297.195	-10.3319	0.371677	0.0510769
4.74	0	3.80503e-23	23.7	2.58494e-26	2.00333e-25	297.824	-10.333	0.349106	0.0338998
4.75	2.64698e-23	2.50222e-22	23.75	0	1.87408e-25	298.452	-10.3326	0.326559	0.0166575
4.76	2.64698e-23	6.61744e-24	23.8	0	-5.16988e-26	299.08	-10.3308	0.304133	-0.000574359
4.77	5.29396e-23	-4.16899e-22	23.85	-7.75482e-26	2.1972e-25	299.709	-10.3275	0.281927	-0.0177205
4.78	2.64698e-23	-3.30872e-23	23.9	-5.16988e-26	1.42172e-25	300.337	-10.3229	0.260033	-0.0347065
4.79	1.85288e-22	-2.18376e-22	23.95	6.46235e-26	0	300.965	-10.317	0.238547	-0.0514591
4.8	-1.32349e-22	8.60268e-23	24	6.46235e-26	2.58494e-26	301.594	-10.3097	0.217556	-0.0679071
4.81	5.29396e-23	-5.29396e-23	24.05	3.87741e-26	1.29247e-26	302.222	-10.3011	0.197149	-0.083981
4.82	5.29396e-23	-1.45584e-22	24.1	-3.87741e-26	7.75482e-26	302.85	-10.2913	0.177409	-0.0996141
4.83	-5.29396e-23	-1.58819e-22	24.15	-3.23117e-26	2.58494e-26	303.479	-10.2803	0.158415	-0.114742
4.84	-1.58819e-22	9.26442e-23	24.2	-6.78547e-26	-3.87741e-26	304.107	-10.2681	0.140241	-0.129305
4.85	1.32349e-23	5.29396e-23	24.25	3.23117e-26	-3.87741e-26	304.735	-10.2549	0.122956	-0.143245
4.86	-5.29396e-23	0	24.3	3.524e-26	-3.87741e-26	305.364	-10.2408	0.106626	-0.156509
4.87	1.19114e-22	-1.32349e-22	24.35	-1.13091e-26	1.29247e-26	305.992	-10.2256	0.0913089	-0.169048
4.88	1.25731e-22	0	24.4	-3.87741e-26	-6.46235e-27	306.62	-10.2097	0.0770581	-0.180815
4.89	9.26442e-23	-1.32349e-23	24.45	-1.9387e-26	-1.29247e-26	307.248	-10.193	0.0639208	-0.19177
4.9	-5.29396e-23	6.61744e-24	24.5	4.84676e-26	6.46235e-27	307.877	-10.1755	0.0519387	-0.201875
4.91	-3.30872e-23	1.32349e-23	24.55	1.29247e-26	-2.58494e-26	308.505	-10.1575	0.0411473	-0.2111
4.92	1.19114e-22	-2.64698e-23	24.6	6.46235e-27	-1.61559e-26	309.133	-10.1389	0.031576	-0.219415
4.93	-3.97047e-23	1.32349e-23	24.65	-1.9387e-26	-1.29247e-26	309.762	-10.1199	0.0232485	-0.226797
4.94	-3.30872e-24	-1.65436e-24	24.7	-8.07794e-27	3.23117e-27	310.39	-10.1005	0.0161825	-0.233227
4.95	2.64698e-23	-1.48893e-23	24.75	1.61559e-27	-2.42338e-27	311.018	-10.0808	0.0103899	-0.238691
4.96	-4.54949e-24	9.92617e-24	24.8	-9.69352e-27	-8.48183e-27	311.647	-10.061	0.00587718	-0.243178
4.97	-8.06501e-24	-1.65436e-24	24.85	8.07794e-28	-3.43312e-27	312.275	-10.041	0.00264507	-0.246681
4.98	0	0	24.9	0	-4.84676e-27	312.903	-10.021	0.000689184	-0.2492
4.99	-3.61892e-24	0	24.95	0	2.96296e-27	313.532	-10.0011	-2.63923e-08	-0.250735
5	-9.73391e-25	-2.21659e-24	25	0	-1.32529e-27	314.16	-9.98123	0.000563029	-0.251292
5.01	8.27181e-25	1.65436e-24	25.05	-2.01948e-28	-2.8399e-28	314.788	-9.96161	0.00235928	-0.250881
5.02	6.20385e-25	3.30872e-24	25.1	7.57306e-28	-1.51461e-28	315.417	-9.94226	0.00536521	-0.249513
5.03	0	0	25.15	-1.00974e-28	-1.19907e-28	316.045	-9.92326	0.00955314	-0.247207
5.04	4.1359e-25	0	25.2	-3.78653e-29	2.52435e-29	316.673	-9.90468	0.0148914	-0.243979
5.05	4.96308e-24	4.96308e-24	25.25	1.00974e-28	1.00974e-28	317.302	-9.88658	0.0213447	-0.239853
5.06	-9.30578e-25	8.27181e-25	25.3	-1.13596e-28	-3.78653e-29	317.93	-9.86904	0.0288742	-0.234854
5.07	4.65289e-24	1.70606e-24	25.35	-3.78653e-29	-3.78653e-29	318.558	-9.8521	0.0374379	-0.229009
5.08	-3.30872e-24	-4.96308e-24	25.4	-2.52435e-28	6.05845e-28	319.187	-9.83582	0.0469907	-0.222348
5.09	-3.30872e-24	3.30872e-24	25.45	-5.04871e-28	2.01948e-28	319.815	-9.82027	0.0574848	-0.214904
5.1	-1.07533e-23	-2.48154e-24	25.5	-2.42338e-27	2.01948e-28	320.443	-9.80548	0.0688699	-0.20671
5.11	-9.92617e-24	-9.92617e-24	25.55	1.21169e-27	0	321.072	-9.79152	0.0810935	-0.197805
5.12	7.03104e-24	2.89513e-24	25.6	8.07794e-28	-1.61559e-27	321.7	-9.77841	0.0941008	-0.188225
5.13	-1.98523e-23	-8.27181e-24	25.65	4.74579e-27	0	322.328	-9.7662	0.107835	-0.178012
5.14	-9.92617e-24	-1.65436e-23	25.7	2.97874e-27	-1.61559e-27	322.956	-9.75494	0.122238	-0.167205
5.15	1.98523e-23	-6.61744e-24	25.75	9.49157e-27	0	323.585	-9.74464	0.137251	-0.155849
5.16	3.97047e-23	2.31611e-23	25.8	-3.23117e-27	-3.23117e-27	324.213	-9.73534	0.152811	-0.143987
5.17	-3.30872e-23	2.97785e-23	25.85	-2.42338e-27	6.46235e-27	324.841	-9.72707	0.168857	-0.131665
5.18	0	2.97785e-23	25.9	-3.39273e-26	-1.29247e-26	325.47	-9.71984	0.185327	-0.118928
5.19	0	-2.97785e-23	25.95	-2.58494e-26	6.46235e-27	326.098	-9.71369	0.202155	-0.105824
5.2	1.98523e-23	6.61744e-24	26	-2.90806e-26	-2.58494e-26	326.726	-9.70861	0.219279	-0.0924003
5.21	-1.32349e-23	3.63959e-23	26.05	6.46235e-27	-4.20053e-26	327.355	-9.70463	0.236632	-0.078705
5.22	-6.61744e-24	-1.25731e-22	26.1	1.9387e-26	6.46235e-27	327.983	-9.70175	0.254151	-0.0647868
5.23	0	-3.97047e-23	26.15	-6.46235e-27	3.55429e-26	328.611	-9.69997	0.27177	-0.0506949
5.24	1.32349e-23	-1.12497e-22	26.2	4.52364e-26	1.9387e-26	329.24	-9.6993	0.289425	-0.0364784
5.25	1.32349e-23	-4.1359e-23	26.25	6.46235e-27	-6.46235e-27	329.868	-9.69973	0.307051	-0.0221868
5.26	-1.32349e-23	-1.06706e-22	26.3	6.46235e-27	3.39273e-26	330.496	-9.70126	0.324583	-0.00786942
5.27	1.32349e-23	1.04225e-22	26.35	1.29247e-26	3.23117e-27	331.125	-9.70388	0.341959	0.00642465
5.28	-1.32349e-23	9.26442e-23	26.4	0	2.3527e-26	331.753	-9.70757	0.359115	0.0206464
5.29	3.97047e-23	-9.26442e-23	26.45	0	-4.84676e-27	332.381	-9.71232	0.375989	0.0347472
5.3	-3.97047e-23	7.94093e-23	26.5	0	7.4317e-26	333.01	-9.71811	0.39252	0.0486791
5.31	1.32349e-23	-6.61744e-24	26.55	-1.29247e-26	-9.37041e-26	333.638	-9.72491	0.408649	0.0623944
5.32	0	5.9557e-23	26.6	0	4.52364e-26	334.266	-9.7327	0.424317	0.0758463
5.33	5.29396e-23	-7.27919e-23	26.65	1.29247e-26	-4.52364e-26	334.895	-9.74145	0.439467	0.0889889
5.34	-3.97047e-23	6.61744e-23	26.7	5.16988e-26	5.16988e-26	335.523	-9.75113	0.454044	0.101777
5.35	0	2.64698e-23	26.75	6.46235e-27	6.46235e-26	336.151	-9.7617	0.467994	0.114167
5.36	1.32349e-23	-3.30872e-23	26.8	6.46235e-27	3.87741e-26	336.78	-9.77313	0.481266	0.126116
5.37	6.61744e-24	-1.98523e-23	26.85	0	0	337.408	-9.78536	0.493811	0.137581
5.38	-2.31611e-23	2.64698e-23	26.9	1.29247e-26	-6.46235e-26	338.036	-9.79836	0.50558	0.148524
5.39	-2.97785e-23	6.61744e-24	26.95	-1.61559e-26	-1.29247e-26	338.664	-9.81209	0.51653	0.158906
5.4	2.31611e-23	0	27	6.70469e-26	0	339.293	-9.82648	0.526618	0.168689
5.41	8.27181e-24	0	27.05	5.65455e-27	-1.29247e-26	339.921	-9.8415	0.535805	0.177839
5.42	6.61744e-24	-9.92617e-24	27.1	1.19553e-25	1.29247e-26	340.549	-9.85708	0.544053	0.186322
5.43	1.32349e-23	-1.32349e-23	27.15	2.90806e-26	0	341.178	-9.87317	0.551329	0.194107
5.44	-7.44463e-24	-3.30872e-24	27.2	0	1.29247e-26	341.806	-9.8897	0.557604	0.201165
5.45	1.11669e-23	-4.96308e-24	27.25	6.46235e-27	6.46235e-27	342.434	-9.90663	0.562849	0.207469
5.46	-8.6854e-24	1.65436e-24	27.3	4.52364e-26	2.58494e-26	343.063	-9.92388	0.56704	0.212995
5.47	0	3.30872e-24	27.35	3.87741e-26	-6.46235e-27	343.691	-9.94139	0.570159	0.217722
5.48	1.65436e-24	-4.1359e-25	27.4	1.29247e-26	9.69352e-27	344.319	-9.9591	0.572188	0.221629
5.49	7.44463e-24	0	27.45	6.46235e-27	-3.23117e-26	344.948	-9.97694	0.573115	0.224701
5.5	3.51552e-23	-3.30872e-24	27.5	-6.46235e-27	1.61559e-27	345.576	-9.99484	0.572932	0.226924
5.51	-1.69572e-23	-1.65436e-24	27.55	-3.23117e-27	1.69637e-26	346.204	-10.0127	0.571634	0.228287
5.52	7.44463e-24	0	27.6	3.23117e-27	1.07411e-26	346.833	-10.0306	0.569221	0.228783
5.53	-1.96455e-24	-8.27181e-25	27.65	-8.07794e-28	-4.03897e-28	347.461	-10.0482	0.565697	0.228409
5.54	-6.51405e-24	-1.24077e-24	27.7	-8.07794e-28	1.21169e-27	348.089	-10.0657	0.561071	0.227161
5.55	2.48154e-24	-1.65436e-24	27.75	-1.61559e-27	1.45403e-26	348.718	-10.0828	0.555356	0.225044
5.56	-1.96455e-24	-8.27181e-25	27.8	-1.61559e-26	1.61559e-26	349.346	-10.0996	0.54857	0.222063
5.57	3.10193e-24	-2.68834e-24	27.85	-9.69352e-27	-1.29247e-26	349.974	-10.116	0.540733	0.218227
5.58	-3.63959e-23	-1.73708e-23	27.9	-1.9387e-26	-4.52364e-26	350.603	-10.1319	0.531874	0.213548
5.59	1.48893e-23	4.1359e-24	27.95	-6.46235e-27	-6.46235e-27	351.231	-10.1473	0.522023	0.208044
5.6	-1.8198e-23	-1.8198e-23	28	2.26182e-26	0	351.859	-10.162	0.511215	0.201734
5.61	0	-8.27181e-24	28.05	1.9387e-26	3.87741e-26	352.488	-10.176	0.499491	0.194641
5.62	2.31611e-23	3.30872e-24	28.1	-9.20885e-26	1.29247e-26	353.116	-10.1893	0.486895	0.186792
5.63	-9.92617e-24	-9.92617e-24	28.15	-8.56261e-26	2.58494e-26	353.744	-10.2018	0.473476	0.178217
5.64	9.92617e-24	6.61744e-24	28.2	4.20053e-26	-5.16988e-26	354.372	-10.2134	0.459285	0.16895
5.65	-6.61744e-24	-9.92617e-24	28.25	-1.74483e-25	-2.58494e-26	355.001	-10.2242	0.444379	0.159028
5.66	-6.61744e-24	1.32349e-23	28.3	-1.42172e-25	-5.16988e-26	355.629	-10.234	0.428819	0.14849
5.67	1.32349e-23	9.92617e-24	28.35	0	-2.58494e-26	356.257	-10.2428	0.412667	0.137379
5.68	0	-1.98523e-23	28.4	7.75482e-26	5.16988e-26	356.886	-10.2505	0.395989	0.125742
5.69	0	-4.63221e-23	28.45	-1.55096e-25	5.16988e-26	357.514	-10.2572	0.378856	0.113626
5.7	-1.32349e-23	5.9557e-23	28.5	-7.75482e-26	-3.87741e-26	358.142	-10.2628	0.361337	0.101081
5.71	0	-7.27919e-23	28.55	-2.06795e-25	-2.97268e-25	358.771	-10.2673	0.343508	0.0881617
5.72	-2.64698e-23	6.61744e-23	28.6	2.58494e-26	-1.29247e-25	359.399	-10.2707	0.325443	0.0749211
5.73	5.29396e-23	-2.01832e-22	28.65	0	5.81611e-26	360.027	-10.2729	0.307218	0.0614157
5.74	2.64698e-23	-3.14329e-23	28.7	2.58494e-26	2.58494e-26	360.656	-10.2739	0.288912	0.0477029
5.75	-2.64698e-23	2.08553e-22	28.75	2.58494e-26	4.36209e-26	361.284	-10.2738	0.270602	0.033841
5.76	2.64698e-23	-9.76073e-23	28.8	-2.58494e-26	-1.87408e-25	361.912	-10.2725	0.252366	0.0198889
5.77	2.64698e-23	-3.30872e-24	28.85	7.75482e-26	7.75482e-26	362.541	-10.2701	0.23428	0.00590599
5.78	0	-1.78671e-22	28.9	2.58494e-26	0	363.169	-10.2666	0.216422	-0.00804865
5.79	0	-1.45584e-22	28.95	7.75482e-26	1.03398e-25	363.797	-10.2619	0.198866	-0.0219162
5.8	-2.64698e-23	-3.97047e-23	29	-1.29247e-25	5.16988e-26	364.426	-10.2562	0.181686	-0.0356384
5.81	-2.11758e-22	2.51463e-22	29.05	-1.29247e-25	-5.16988e-26	365.054	-10.2494	0.164953	-0.0491582
5.82	-1.05879e-22	1.32349e-22	29.1	-9.04729e-26	-1.29247e-25	365.682	-10.2416	0.148735	-0.0624199
5.83	5.29396e-23	1.85288e-22	29.15	-2.58494e-26	-5.16988e-26	366.311	-10.2328	0.133097	-0.0753691
5.84	7.94093e-23	-2.11758e-22	29.2	0	1.03398e-25	366.939	-10.223	0.118103	-0.0879538
5.85	-5.29396e-23	6.61744e-23	29.25	6.46235e-27	-2.58494e-26	367.567	-10.2124	0.10381	-0.100124
5.86	-1.45584e-22	1.32349e-23	29.3	-5.16988e-26	-2.58494e-26	368.196	-10.2009	0.0902736	-0.111831
5.87	-1.58819e-22	6.61744e-23	29.35	-3.31195e-26	1.29247e-26	368.824	-10.1887	0.0775444	-0.123031
5.88	-1.32349e-22	2.64698e-23	29.4	-3.87741e-26	1.29247e-26	369.452	-10.1757	0.0656687	-0.133681
5.89	1.32349e-22	0	29.45	5.16988e-26	-2.58494e-26	370.08	-10.162	0.0546885	-0.143742
5.9	9.26442e-23	-1.32349e-23	29.5	-3.23117e-26	0	370.709	-10.1478	0.0446413	-0.153177
5.91	6.61744e-23	-2.64698e-23	29.55	-6.46235e-27	-1.29247e-26	371.337	-10.133	0.0355596	-0.161954
5.92	1.32349e-23	0	29.6	0	-1.29247e-26	371.965	-10.1178	0.0274714	-0.170043
5.93	-6.28657e-23	6.61744e-24	29.65	6.46235e-27	-1.29247e-26	372.594	-10.1021	0.0203998	-0.177418
5.94	2.31611e-23	-6.61744e-24	29.7	2.58494e-26	-3.23117e-26	373.222	-10.0861	0.014363	-0.184056
5.95	3.30872e-23	1.98523e-23	29.75	-3.23117e-27	-3.23117e-27	373.85	-10.0699	0.00937482	-0.189937
5.96	-2.56426e-23	1.32349e-23	29.8	-6.46235e-27	-4.84676e-27	374.479	-10.0535	0.00544398	-0.195045
5.97	-1.77844e-23	9.92617e-24	29.85	3.23117e-27	-3.23117e-27	375.107	-10.0369	0.00257477	-0.199368
5.98	9.71937e-24	3.30872e-24	29.9	3.23117e-27	1.61559e-27	375.735	-10.0203	0.000766974	-0.202897
5.99	-1.62334e-23	-6.61744e-24	29.95	-3.23117e-27	1.61559e-27	376.364	-10.0037	1.59574e-05	-0.205626
6	-8.3752e-24	-6.61744e-24	30	1.61559e-27	-1.51461e-27	376.992	-9.98713	0.000312856	-0.207552
6.01	6.51405e-24	4.96308e-24	30.05	-1.61559e-27	-3.55934e-27	377.62	-9.97073	0.00164472	-0.208676
6.02	-5.79026e-24	-4.1359e-24	30.1	0	1.71656e-27	378.249	-9.95455	0.00399466	-0.209002
6.03	-4.42025e-24	3.10193e-24	30.15	4.03897e-28	1.00974e-28	378.877	-9.93862	0.00734207	-0.208535
6.04	-6.20385e-25	-4.1359e-24	30.2	2.01948e-28	3.02923e-28	379.505	-9.92303	0.0116628	-0.207286
6.05	1.24077e-24	-4.1359e-25	30.25	3.02923e-28	-6.05845e-28	380.134	-9.90781	0.0169292	-0.205267
6.06	-2.01625e-24	5.16988e-25	30.3	1.51461e-28	-2.01948e-28	380.762	-9.89304	0.0231107	-0.202493
6.07	6.20385e-25	-1.24077e-24	30.35	-2.52435e-29	-5.04871e-29	381.39	-9.87876	0.0301734	-0.19898
6.08	-3.30872e-24	1.65436e-24	30.4	-1.00974e-28	-1.35881e-28	382.019	-9.86502	0.038081	-0.19475
6.09	-1.65436e-24	-4.1359e-24	30.45	-7.57306e-29	5.04871e-29	382.647	-9.85187	0.0467944	-0.189823
6.1	2.06795e-24	4.96308e-24	30.5	-1.26218e-28	0	383.275	-9.83935	0.0562722	-0.184223
6.11	6.77254e-24	7.75482e-25	30.55	-1.00974e-28	2.01948e-28	383.904	-9.82751	0.0664706	-0.177978
6.12	2.89513e-24	4.1359e-25	30.6	-3.02923e-28	2.01948e-28	384.532	-9.81638	0.0773441	-0.171115
6.13	4.96308e-24	-1.65436e-24	30.65	3.02923e-28	1.00974e-27	385.16	-9.806	0.0888453	-0.163663
6.14	-6.61744e-24	-4.1359e-25	30.7	-2.82728e-27	-4.03897e-28	385.788	-9.79641	0.100925	-0.155654
6.15	4.96308e-24	1.65436e-24	30.75	6.56332e-28	8.07794e-28	386.417	-9.78762	0.113533	-0.147121
6.16	0	1.65436e-24	30.8	5.62931e-27	-1.61559e-27	387.045	-9.77968	0.126617	-0.138097
6.17	1.15805e-23	1.40621e-23	30.85	1.41364e-27	0	387.673	-9.7726	0.140125	-0.128619
6.18	0	3.30872e-24	30.9	5.25066e-27	0	388.302	-9.7664	0.154003	-0.118722
6.19	0	-1.65436e-23	30.95	-3.23117e-27	-1.61559e-27	388.93	-9.7611	0.168196	-0.108444
6.2	-1.32349e-23	2.15067e-23	31	9.69352e-27	-3.23117e-27	389.558	-9.75672	0.18265	-0.0978236
6.21	-1.32349e-23	2.48154e-23	31.05	1.61559e-27	0	390.187	-9.75326	0.197309	-0.0868995
6.22	0	5.62483e-23	31.1	-3.23117e-27	3.23117e-27	390.815	-9.75073	0.212117	-0.0757117
6.23	-6.61744e-24	-4.30134e-23	31.15	9.69352e-27	0	391.443	-9.74913	0.227019	-0.0643005
6.24	-1.32349e-23	2.35746e-23	31.2	2.58494e-26	-1.9387e-26	392.072	-9.74848	0.241958	-0.0527065
6.25	-6.61744e-24	-5.13369e-23	31.25	-1.29247e-26	-2.26182e-26	392.7	-9.74876	0.25688	-0.0409709
6.26	0	4.96308e-23	31.3	-6.46235e-27	-1.9387e-26	393.328	-9.74997	0.271729	-0.0291348
6.27	2.64698e-23	5.12852e-23	31.35	-3.23117e-26	1.29247e-26	393.957	-9.7521	0.286451	-0.0172398
6.28	3.97047e-23	-2.31611e-23	31.4	-1.9387e-26	-5.33144e-26	394.585	-9.75515	0.300991	-0.00532726
6.29	0	1.65436e-23	31.45	-2.58494e-26	-2.14065e-26	395.213	-9.75909	0.315296	0.00656159
6.3	0	1.98523e-23	31.5	-1.29247e-26	-4.20053e-26	395.842	-9.76391	0.329315	0.0183856
6.31	-1.32349e-23	9.92617e-23	31.55	-1.29247e-26	1.61559e-27	396.47	-9.7696	0.342995	0.0301041
6.32	3.97047e-23	-6.94832e-23	31.6	-1.29247e-26	-5.81611e-26	397.098	-9.77612	0.356287	0.0416765
6.33	-1.32349e-23	2.64698e-23	31.65	0	4.52364e-26	397.727	-9.78346	0.369143	0.0530631
6.34	-6.61744e-24	-6.61744e-24	31.7	-1.29247e-26	-6.46235e-27	398.355	-9.79159	0.381514	0.0642245
6.35	-1.32349e-23	1.98523e-23	31.75	5.16988e-26	-8.40105e-26	398.983	-9.80047	0.393355	0.0751223
6.36	3.30872e-23	-3.30872e-23	31.8	-3.87741e-26	-3.87741e-26	399.612	-9.81007	0.404623	0.0857188
6.37	-1.98523e-23	2.64698e-23	31.85	2.58494e-26	1.29247e-26	400.24	-9.82036	0.415276	0.0959771
6.38	-1.32349e-23	6.61744e-24	31.9	3.23117e-26	-3.87741e-26	400.868	-9.8313	0.425273	0.105862
6.39	-1.32349e-23	-6.61744e-24	31.95	1.03398e-25	-3.87741e-26	401.496	-9.84284	0.434577	0.115338
6.4	-1.98523e-23	-1.32349e-23	32	-9.37041e-26	3.87741e-26	402.125	-9.85496	0.443152	0.124372
6.41	1.65436e-23	-6.61744e-24	32.05	6.78547e-26	-2.58494e-26	402.753	-9.86759	0.450965	0.132933
6.42	-3.30872e-24	-1.32349e-23	32.1	2.83233e-26	-1.29247e-26	403.381	-9.8807	0.457985	0.140989
6.43	6.61744e-24	-1.32349e-23	32.15	-1.61559e-27	2.58494e-26	404.01	-9.89424	0.464185	0.148512
6.44	-1.48893e-23	1.32349e-23	32.2	-9.69352e-27	1.29247e-26	404.638	-9.90816	0.469539	0.155474
6.45	-3.30872e-24	0	32.25	1.9387e-26	0	405.266	-9.9224	0.474025	0.161851
6.46	5.37667e-24	-6.61744e-24	32.3	1.29247e-26	-3.87741e-26	405.895	-9.93691	0.477623	0.167617
6.47	-7.03104e-24	0	32.35	-3.23117e-26	0	406.523	-9.95165	0.480317	0.172753
6.48	-1.24077e-23	-1.65436e-24	32.4	7.75482e-26	4.52364e-26	407.151	-9.96654	0.482094	0.177237
6.49	1.19941e-23	-8.27181e-25	32.45	-6.46235e-27	3.87741e-26	407.78	-9.98155	0.482944	0.181053
6.5	1.40621e-23	2.06795e-25	32.5	6.46235e-27	4.84676e-26	408.408	-9.9966	0.48286	0.184185
6.51	5.37667e-24	8.27181e-25	32.55	1.29247e-26	1.29247e-26	409.036	-10.0116	0.481841	0.186621
6.52	3.18465e-23	2.89513e-24	32.6	-6.46235e-27	-3.23117e-26	409.665	-10.0266	0.479885	0.18835
6.53	-9.92617e-24	-8.27181e-25	32.65	1.29247e-26	5.25066e-27	410.293	-10.0415	0.476998	0.189364
6.54	-5.58347e-24	1.65436e-24	32.7	6.46235e-27	1.61559e-27	410.921	-10.0561	0.473186	0.189659
6.55	-9.92617e-24	-1.65436e-24	32.75	0	8.07794e-28	411.55	-10.0706	0.468462	0.189231
6.56	-1.65436e-23	0	32.8	1.61559e-27	1.09052e-26	412.178	-10.0847	0.46284	0.18808
6.57	4.1359e-25	-3.30872e-24	32.85	1.61559e-27	-8.07794e-28	412.806	-10.0985	0.456339	0.18621
6.58	4.96308e-24	1.24077e-24	32.9	1.61559e-27	-1.61559e-27	413.435	-10.1119	0.448981	0.183626
6.59	1.73708e-23	1.65436e-24	32.95	1.61559e-26	-6.46235e-27	414.063	-10.1248	0.440793	0.180336
6.6	-5.58347e-24	-6.51405e-24	33	-3.23117e-27	-6.46235e-27	414.691	-10.1371	0.431805	0.176352
6.61	1.98523e-23	1.65436e-23	33.05	4.20053e-26	-3.87741e-26	415.32	-10.149	0.422048	0.171689
6.62	2.64698e-23	1.36485e-23	33.1	2.26182e-26	-2.58494e-26	415.948	-10.1602	0.411561	0.166361
6.63	-6.61744e-24	-1.65436e-23	33.15	-3.23117e-27	1.29247e-26	416.576	-10.1707	0.400382	0.160391
6.64	2.31611e-23	1.48893e-23	33.2	1.49442e-26	0	417.204	-10.1805	0.388556	0.1538
6.65	0	-3.30872e-24	33.25	2.10026e-26	0	417.833	-10.1896	0.376128	0.146613
6.66	0	-3.30872e-24	33.3	-3.87741e-26	2.58494e-26	418.461	-10.1979	0.363148	0.138859
6.67	1.32349e-23	-3.30872e-24	33.35	2.58494e-26	2.58494e-26	419.089	-10.2053	0.349668	0.130567
6.68	6.61744e-24	-6.61744e-24	33.4	-3.87741e-26	0	419.718	-10.2119	0.335741	0.121771
6.69	-3.97047e-23	-2.64698e-23	33.45	-7.75482e-26	7.75482e-26	420.346	-10.2176	0.321425	0.112505
6.7	-1.32349e-23	-3.97047e-23	33.5	-1.03398e-25	-1.03398e-25	420.974	-10.2225	0.306778	0.102808
6.71	3.97047e-23	4.96308e-23	33.55	1.80946e-25	1.03398e-25	421.603	-10.2263	0.29186	0.0927172
6.72	-1.32349e-23	-4.96308e-24	33.6	2.32645e-25	9.04729e-26	422.231	-10.2293	0.276734	0.0822751
6.73	1.32349e-23	6.61744e-23	33.65	1.80946e-25	2.45569e-25	422.859	-10.2312	0.261462	0.071524
6.74	-1.32349e-23	1.14151e-22	33.7	0	9.04729e-26	423.488	-10.2322	0.246107	0.0605081
6.75	2.64698e-23	-3.61892e-23	33.75	2.58494e-26	1.61559e-25	424.116	-10.2323	0.230735	0.0492726
6.76	5.29396e-23	-1.98523e-22	33.8	5.16988e-26	3.87741e-26	424.744	-10.2313	0.215408	0.0378641
6.77	-5.29396e-23	-1.09188e-22	33.85	-5.16988e-26	3.23117e-26	425.373	-10.2294	0.200192	0.0263295
6.78	-7.94093e-23	1.91906e-22	33.9	0	-7.10858e-26	426.001	-10.2266	0.185149	0.0147164
6.79	2.64698e-23	-1.72054e-22	33.95	-2.58494e-26	1.9387e-25	426.629	-10.2228	0.170342	0.00307261
6.8	-2.64698e-23	-1.45584e-22	34	0	-9.04729e-26	427.258	-10.2181	0.155833	-0.00855394
6.81	-7.94093e-23	1.85288e-22	34.05	-1.55096e-25	0	427.886	-10.2125	0.141682	-0.0201157
6.82	-7.94093e-23	1.45584e-22	34.1	-5.16988e-26	5.16988e-26	428.514	-10.206	0.127946	-0.0315656
6.83	7.94093e-23	1.98523e-22	34.15	-7.75482e-26	2.32645e-25	429.143	-10.1987	0.114682	-0.0428572
6.84	-7.94093e-23	-1.85288e-22	34.2	-7.75482e-26	-2.58494e-26	429.771	-10.1906	0.101941	-0.0539451
6.85	1.32349e-22	6.61744e-23	34.25	1.29247e-26	1.03398e-25	430.399	-10.1818	0.0897761	-0.0647852
6.86	5.29396e-23	-6.61744e-23	34.3	-1.29247e-26	0	431.028	-10.1722	0.0782336	-0.0753347
6.87	-2.11758e-22	1.45584e-22	34.35	-2.58494e-26	2.58494e-26	431.656	-10.1619	0.0673581	-0.0855523
6.88	-1.72054e-22	2.64698e-23	34.4	-1.35709e-25	0	432.284	-10.151	0.0571906	-0.0953989
6.89	1.19114e-22	-5.29396e-23	34.45	-2.58494e-26	0	432.912	-10.1395	0.0477687	-0.104837
6.9	-3.97047e-23	1.32349e-23	34.5	3.71585e-26	0	433.541	-10.1275	0.039126	-0.113831
6.91	-6.61744e-23	0	34.55	-3.23117e-26	0	434.169	-10.115	0.0312925	-0.122348
6.92	-2.64698e-23	1.32349e-23	34.6	-1.22785e-25	1.29247e-26	434.797	-10.1021	0.0242941	-0.130359
6.93	7.27919e-23	-3.97047e-23	34.65	-1.9387e-26	0	435.426	-10.0889	0.0181529	-0.137833
6.94	-5.9557e-23	1.32349e-23	34.7	2.58494e-26	2.58494e-26	436.054	-10.0753	0.012887	-0.144747
6.95	-3.30872e-24	1.32349e-23	34.75	-3.23117e-26	-3.87741e-26	436.682	-10.0615	0.00851025	-0.151077
6.96	1.14151e-22	-1.98523e-23	34.8	5.16988e-26	5.81611e-26	437.311	-10.0475	0.00503278	-0.156804
6.97	3.63959e-23	1.32349e-23	34.85	-6.46235e-27	6.46235e-27	437.939	-10.0334	0.00246058	-0.161909
6.98	8.27181e-24	6.61744e-24	34.9	-1.9387e-26	-1.9387e-26	438.567	-10.0192	0.000795778	-0.166378
6.99	5.60415e-23	6.61744e-24	34.95	6.46235e-27	9.69352e-27	439.196	-10.0049	3.66458e-05	-0.1702
7	1.16839e-23	-9.92617e-24	35	-1.9387e-26	-2.10026e-26	439.824	-9.99078	0.000177722	-0.173365
7.01	3.68095e-23	-1.32349e-23	35.05	-9.69352e-27	-8.88573e-27	440.452	-9.97672	0.00120991	-0.175867
7.02	-1.22009e-23	-8.27181e-24	35.1	-3.23117e-27	-8.07794e-28	441.081	-9.96282	0.00312058	-0.177701
7.03	-3.41212e-24	-1.65436e-24	35.15	6.46235e-27	1.44393e-26	441.709	-9.94913	0.00589376	-0.178868
7.04	4.96308e-24	8.27181e-24	35.2	1.61559e-27	1.00974e-27	442.337	-9.93571	0.00951022	-0.179367
7.05	-2.89513e-24	0	35.25	0	8.07794e-28	442.966	-9.9226	0.0139476	-0.179204
7.06	6.61744e-24	1.65436e-24	35.3	-8.07794e-28	2.42338e-27	443.594	-9.90985	0.0191808	-0.178385
7.07	4.96308e-24	0	35.35	4.03897e-28	2.01948e-27	444.222	-9.89752	0.0251817	-0.176918
7.08	-1.65436e-24	0	35.4	-4.03897e-28	4.03897e-28	444.851	-9.88564	0.0319198	-0.174814
7.09	3.30872e-24	1.65436e-24	35.45	4.03897e-28	8.07794e-28	445.479	-9.87426	0.0393622	-0.172086
7.1	3.41212e-24	3.15363e-24	35.5	-4.03897e-28	1.21169e-27	446.107	-9.86342	0.0474735	-0.16875
7.11	2.06795e-24	0	35.55	-2.01948e-28	2.01948e-28	446.736	-9.85315	0.0562165	-0.164822
7.12	5.37667e-24	1.65436e-24	35.6	3.02923e-28	1.00974e-28	447.364	-9.84349	0.065552	-0.160322
7.13	-2.06795e-24	-4.54949e-24	35.65	-1.76705e-28	0	447.992	-9.83448	0.0754392	-0.155271
7.14	-3.51552e-24	8.27181e-25	35.7	-2.1457e-28	5.04871e-29	448.62	-9.82614	0.0858356	-0.14969
7.15	-4.96308e-24	-4.1359e-25	35.75	2.77679e-28	0	449.249	-9.8185	0.0966974	-0.143604
7.16	0	8.27181e-25	35.8	-1.00974e-28	0	449.877	-9.81158	0.10798	-0.137038
7.17	-1.65436e-24	-8.27181e-25	35.85	6.31089e-28	-4.03897e-28	450.505	-9.80541	0.119636	-0.130019
7.18	-9.92617e-24	-1.65436e-24	35.9	-7.32063e-28	-8.07794e-28	451.134	-9.79999	0.131621	-0.122575
7.19	5.79026e-24	7.03104e-24	35.95	-1.89327e-27	8.07794e-28	451.762	-9.79536	0.143885	-0.114735
7.2	-1.65436e-23	-1.24077e-23	36	1.00974e-27	-8.07794e-28	452.39	-9.79152	0.15638	-0.10653
7.21	6.61744e-24	-1.48893e-23	36.05	5.25066e-27	-1.61559e-27	453.019	-9.78848	0.169059	-0.097989
7.22	6.61744e-24	3.06057e-23	36.1	3.23117e-27	1.61559e-27	453.647	-9.78624	0.181872	-0.0891457
7.23	3.30872e-24	1.8198e-23	36.15	1.13091e-26	1.61559e-27	454.275	-9.78482	0.194771	-0.0800323
7.24	-1.32349e-23	-1.65436e-23	36.2	-1.13091e-26	-6.46235e-27	454.904	-9.78421	0.207706	-0.070682
7.25	-1.32349e-23	-4.81833e-23	36.25	0	-6.46235e-27	455.532	-9.78441	0.220628	-0.0611287
7.26	6.61744e-24	-1.8198e-23	36.3	3.23117e-27	-1.61559e-26	456.16	-9.78542	0.233491	-0.0514066
7.27	0	3.55688e-23	36.35	-1.61559e-26	-1.9387e-26	456.789	-9.78723	0.246244	-0.0415504
7.28	0	-8.27181e-24	36.4	-6.46235e-27	3.23117e-27	457.417	-9.78984	0.258842	-0.0315949
7.29	-6.61744e-24	-4.63221e-23	36.45	-6.46235e-27	-3.23117e-26	458.045	-9.79322	0.271237	-0.0215751
7.3	1.32349e-23	-2.31611e-23	36.5	-6.46235e-27	1.45403e-26	458.674	-9.79736	0.283385	-0.0115261
7.31	-1.98523e-23	5.9557e-23	36.55	6.46235e-27	8.88573e-27	459.302	-9.80226	0.295239	-0.00148294
7.32	-6.61744e-24	4.30134e-23	36.6	0	3.81682e-26	459.93	-9.80788	0.306757	0.00851951
7.33	0	2.64698e-23	36.65	1.29247e-26	-1.29247e-26	460.559	-9.8142	0.317896	0.0184465
7.34	-2.64698e-23	6.61744e-24	36.7	0	1.29247e-26	461.187	-9.82121	0.328615	0.0282638
7.35	-1.32349e-23	4.63221e-23	36.75	2.58494e-26	1.9387e-26	461.815	-9.82887	0.338874	0.0379374
7.36	1.98523e-23	-3.30872e-23	36.8	0	1.9387e-26	462.444	-9.83715	0.348636	0.0474337
7.37	2.64698e-23	-2.64698e-23	36.85	-3.87741e-26	-3.23117e-26	463.072	-9.84603	0.357864	0.05672
7.38	0	3.30872e-23	36.9	-1.29247e-26	0	463.7	-9.85546	0.366524	0.065764
7.39	0	-2.64698e-23	36.95	4.52364e-26	-3.87741e-26	464.328	-9.86542	0.374583	0.0745345
7.4	4.63221e-23	-1.98523e-23	37	-2.58494e-26	-2.58494e-26	464.957	-9.87587	0.382011	0.0830007
7.41	-1.32349e-23	1.32349e-23	37.05	0	2.58494e-26	465.585	-9.88677	0.388779	0.0911331
7.42	-4.30134e-23	0	37.1	4.20053e-26	-2.58494e-26	466.213	-9.89807	0.394861	0.0989033
7.43	6.61744e-24	-6.61744e-24	37.15	3.23117e-27	1.29247e-26	466.842	-9.90975	0.400234	0.106284
7.44	-4.96308e-24	-6.61744e-24	37.2	4.36209e-26	-2.58494e-26	467.47	-9.92174	0.404876	0.113249
7.45	4.96308e-24	6.61744e-24	37.25	3.06962e-26	0	468.098	-9.93401	0.408769	0.119773
7.46	-4.96308e-24	9.92617e-24	37.3	2.26182e-26	1.29247e-26	468.727	-9.94652	0.411896	0.125833
7.47	-9.09899e-24	0	37.35	-3.87741e-26	2.58494e-26	469.355	-9.95921	0.414243	0.131407
7.48	2.06795e-24	3.30872e-24	37.4	0	-1.29247e-26	469.983	-9.97204	0.415801	0.136475
7.49	2.19203e-23	0	37.45	3.87741e-26	2.58494e-26	470.612	-9.98495	0.416561	0.141017
7.5	-2.08863e-23	-3.30872e-24	37.5	-6.46235e-26	-1.29247e-26	471.24	-9.99791	0.416518	0.145018
7.51	-5.79026e-24	4.96308e-24	37.55	-5.16988e-26	6.46235e-27	471.868	-10.0109	0.41567	0.148462
7.52	1.90252e-23	1.65436e-24	37.6	3.87741e-26	-1.29247e-26	472.497	-10.0237	0.414018	0.151336
7.53	3.18465e-23	1.65436e-24	37.65	1.29247e-26	6.46235e-27	473.125	-10.0365	0.411567	0.153628
7.54	-1.40621e-23	0	37.7	-1.29247e-26	3.55429e-26	473.753	-10.0491	0.408323	0.15533
7.55	1.24077e-23	4.1359e-25	37.75	0	-2.98884e-26	474.382	-10.0616	0.404296	0.156433
7.56	1.07533e-23	4.1359e-25	37.8	-1.29247e-26	-1.77715e-26	475.01	-10.0737	0.3995	0.156934
7.57	-9.92617e-24	-5.37667e-24	37.85	0	5.16988e-26	475.638	-10.0856	0.393951	0.15683
7.58	-9.51258e-24	3.30872e-24	37.9	-1.9387e-26	-9.69352e-27	476.267	-10.0971	0.387668	0.156119
7.59	1.65436e-24	-3.30872e-24	37.95	6.46235e-27	2.26182e-26	476.895	-10.1082	0.380674	0.154804
7.6	-4.1359e-24	-4.1359e-24	38	-6.46235e-27	-1.29247e-26	477.523	-10.1188	0.372994	0.152889
7.61	2.06795e-24	0	38.05	-8.07794e-28	5.25066e-27	478.152	-10.129	0.364657	0.15038
7.62	3.30872e-24	4.96308e-24	38.1	-4.9856e-27	1.61559e-27	478.78	-10.1386	0.355693	0.147286
7.63	2.17135e-24	5.16988e-25	38.15	8.07794e-27	-3.23117e-27	479.408	-10.1477	0.346137	0.143617
7.64	1.65436e-24	1.65436e-24	38.2	1.21169e-26	-6.46235e-27	480.036	-10.1562	0.336026	0.139387
7.65	4.1359e-24	8.27181e-25	38.25	4.76598e-26	-6.46235e-27	480.665	-10.164	0.325397	0.134613
7.66	0	4.96308e-24	38.3	3.23117e-26	0	481.293	-10.1712	0.314294	0.12931
7.67	-3.30872e-24	-3.30872e-24	38.35	2.7465e-26	1.29247e-26	481.921	-10.1776	0.302758	0.1235
7.68	1.32349e-23	-3.30872e-24	38.4	-3.23117e-27	0	482.55	-10.1833	0.290838	0.117204
7.69	0	-8.27181e-25	38.45	3.23117e-26	3.87741e-26	483.178	-10.1883	0.278579	0.110448
7.7	-1.32349e-23	6.61744e-24	38.5	-1.29247e-25	2.58494e-26	483.806	-10.1925	0.266031	0.103256
7.71	1.32349e-23	3.30872e-24	38.55	-5.16988e-26	7.75482e-26	484.435	-10.1959	0.253246	0.0956579
7.72	0	-3.14329e-23	38.6	7.75482e-26	1.03398e-25	485.063	-10.1985	0.240274	0.0876825
7.73	-1.32349e-23	-8.27181e-25	38.65	2.58494e-26	7.75482e-26	485.691	-10.2003	0.22717	0.0793616
7.74	1.32349e-23	-2.64698e-23	38.7	-1.29247e-25	3.87741e-26	486.32	-10.2012	0.213986	0.0707282
7.75	0	1.40621e-23	38.75	0	-1.80946e-25	486.948	-10.2013	0.200777	0.0618167
7.76	-2.64698e-23	-1.1746e-22	38.8	2.58494e-26	7.75482e-26	487.576	-10.2006	0.187597	0.0526626
7.77	-2.64698e-23	9.5953e-23	38.85	-5.16988e-26	-3.87741e-26	488.205	-10.1991	0.174501	0.0433027
7.78	5.29396e-23	-3.30872e-23	38.9	0	2.58494e-26	488.833	-10.1967	0.161543	0.0337743
7.79	-2.64698e-23	9.92617e-23	38.95	-5.16988e-26	1.13091e-26	489.461	-10.1935	0.148776	0.0241157
7.8	-5.29396e-23	-3.30872e-23	39	5.16988e-26	1.61559e-25	490.09	-10.1896	0.136252	0.0143656
7.81	2.64698e-23	0	39.05	-5.16988e-26	9.04729e-26	490.718	-10.1848	0.124023	0.00456299
7.82	-2.64698e-23	7.94093e-23	39.1	5.16988e-26	-6.46235e-26	491.346	-10.1794	0.11214	-0.00525288
7.83	7.94093e-23	-1.32349e-23	39.15	5.16988e-26	-2.58494e-25	491.975	-10.1731	0.100649	-0.0150429
7.84	-2.64698e-23	1.19114e-22	39.2	-1.55096e-25	-1.03398e-25	492.603	-10.1662	0.0895979	-0.0247684
7.85	2.64698e-23	1.32349e-23	39.25	-2.58494e-26	0	493.231	-10.1586	0.0790307	-0.0343907
7.86	-1.58819e-22	-2.64698e-23	39.3	-1.03398e-25	1.03398e-25	493.86	-10.1504	0.0689892	-0.0438722
7.87	5.29396e-23	5.29396e-23	39.35	1.03398e-25	7.75482e-26	494.488	-10.1416	0.0595127	-0.053176
7.88	7.94093e-23	-5.29396e-23	39.4	5.16988e-26	5.16988e-26	495.116	-10.1323	0.0506378	-0.0622659
7.89	-1.45584e-22	1.32349e-22	39.45	2.58494e-26	-1.03398e-25	495.744	-10.1224	0.0423983	-0.0711072
7.9	1.05879e-22	-2.64698e-23	39.5	-7.10858e-26	-2.58494e-26	496.373	-10.112	0.0348248	-0.0796663
7.91	6.61744e-23	-1.05879e-22	39.55	6.46235e-27	-7.75482e-26	497.001	-10.1013	0.0279447	-0.0879111
7.92	-6.61744e-23	0	39.6	3.15039e-26	-2.58494e-26	497.629	-10.0901	0.0217822	-0.0958112
7.93	-1.45584e-22	2.64698e-23	39.65	-3.55429e-26	2.58494e-26	498.258	-10.0786	0.0163582	-0.103338
7.94	1.72054e-22	-2.64698e-23	39.7	7.75482e-26	-2.58494e-26	498.886	-10.0669	0.01169	-0.110464
7.95	-2.18376e-22	5.29396e-23	39.75	7.75482e-26	-7.75482e-26	499.514	-10.0549	0.00779177	-0.117164
7.96	-9.92617e-24	5.29396e-23	39.8	2.58494e-26	0	500.143	-10.0427	0.00467387	-0.123416
7.97	-8.27181e-23	1.32349e-23	39.85	7.75482e-26	0	500.771	-10.0304	0.00234337	-0.129198
7.98	8.10637e-23	2.64698e-23	39.9	-5.16988e-26	-1.29247e-26	501.399	-10.018	0.000803887	-0.134492
7.99	-1.40621e-23	1.32349e-23	39.95	-1.29247e-26	-2.58494e-26	502.028	-10.0056	5.56096e-05	-0.139281
8	3.03989e-23	-1.32349e-23	40	5.16988e-26	1.9387e-26	502.656	-9.99327	9.53957e-05	-0.14355
8.01	2.31611e-23	0	40.05	1.29247e-26	1.29247e-26	503.284	-9.98097	0.000916832	-0.147288
8.02	-3.30872e-23	-1.32349e-23	40.1	1.29247e-26	-6.46235e-27	503.913	-9.96881	0.00251032	-0.150484
8.03	2.31611e-23	0	40.15	2.58494e-26	2.90806e-26	504.541	-9.95681	0.0048632	-0.15313
8.04	4.46678e-23	-6.61744e-24	40.2	6.46235e-27	9.69352e-27	505.169	-9.94504	0.00795982	-0.155221
8.05	1.73708e-23	6.61744e-24	40.25	-1.29247e-26	-2.78689e-26	505.798	-9.93354	0.0117817	-0.156753
8.06	-3.30872e-24	-1.65436e-24	40.3	-6.46235e-27	-1.45403e-26	506.426	-9.92234	0.0163077	-0.157726
8.07	4.75629e-24	1.48893e-23	40.35	1.29247e-26	5.65455e-27	507.054	-9.91149	0.0215139	-0.158141
8.08	1.65436e-24	9.92617e-24	40.4	-3.23117e-27	1.29247e-26	507.683	-9.90104	0.0273743	-0.157999
8.09	-4.1359e-24	-1.24077e-23	40.45	-3.23117e-27	-8.07794e-27	508.311	-9.89102	0.0338604	-0.157307
8.1	-3.61892e-24	1.86116e-24	40.5	1.61559e-27	1.29247e-26	508.939	-9.88147	0.0409415	-0.156072
8.11	6.61744e-24	7.44463e-24	40.55	0	3.23117e-27	509.568	-9.87241	0.0485853	-0.154301
8.12	1.57164e-23	4.96308e-24	40.6	-2.42338e-27	0	510.196	-9.86389	0.0567573	-0.152006
8.13	4.75629e-24	3.10193e-24	40.65	2.82728e-27	8.07794e-28	510.824	-9.85593	0.0654215	-0.1492
8.14	1.65436e-24	1.65436e-24	40.7	0	-8.07794e-28	511.452	-9.84856	0.0745406	-0.145896
8.15	-1.65436e-24	-5.79026e-24	40.75	-8.07794e-28	8.07794e-28	512.081	-9.84181	0.0840758	-0.14211
8.16	2.48154e-24	-1.65436e-24	40.8	-1.11072e-27	0	512.709	-9.83569	0.0939872	-0.137859
8.17	3.30872e-24	1.15805e-23	40.85	2.01948e-28	-2.01948e-28	513.337	-9.83022	0.104234	-0.133162
8.18	0	-4.1359e-25	40.9	-3.77963e-28	0	513.966	-9.82543	0.114774	-0.128038
8.19	1.65436e-24	-1.24077e-24	40.95	-7.95172e-28	0	514.594	-9.82132	0.125565	-0.12251
8.2	5.06648e-24	1.34417e-24	41	4.03897e-28	0	515.222	-9.81791	0.136565	-0.116599
8.21	1.65436e-24	2.06795e-25	41.05	-1.00974e-28	6.31089e-29	515.851	-9.81521	0.147729	-0.110328
8.22	-3.30872e-24	4.96308e-24	41.1	6.05845e-28	-4.03897e-28	516.479	-9.81322	0.159014	-0.103723
8.23	5.37667e-24	3.93557e-24	41.15	8.70902e-28	0	517.107	-9.81195	0.170377	-0.0968081
8.24	-4.96308e-24	-6.20385e-25	41.2	-2.52435e-28	-4.03897e-28	517.736	-9.8114	0.181773	-0.0896098
8.25	0	-5.02771e-24	41.25	-3.63507e-27	1.61559e-27	518.364	-9.81156	0.19316	-0.0821548
8.26	2.50739e-24	-9.00528e-24	41.3	-6.46235e-27	8.07794e-28	518.992	-9.81244	0.204494	-0.0744707
8.27	0	1.24077e-23	41.35	0	0	519.621	-9.81402	0.215733	-0.0665857
8.28	0	-3.14329e-23	41.4	3.23117e-27	-1.61559e-27	520.249	-9.8163	0.226833	-0.0585281
8.29	1.32349e-23	1.98523e-23	41.45	-1.61559e-27	-1.61559e-27	520.877	-9.81928	0.237755	-0.0503269
8.3	1.65436e-24	3.72231e-24	41.5	9.69352e-27	-8.07794e-27	521.506	-9.82292	0.248457	-0.0420114
8.31	0	-1.15805e-23	41.55	1.29247e-26	-1.61559e-27	522.134	-9.82722	0.258899	-0.0336111
8.32	-6.61744e-24	3.63959e-23	41.6	3.23117e-27	3.23117e-27	522.762	-9.83217	0.269043	-0.0251554
8.33	-1.32349e-23	2.64698e-23	41.65	6.46235e-27	3.39273e-26	523.391	-9.83773	0.278851	-0.0166741
8.34	0	-3.97047e-23	41.7	6.46235e-27	1.61559e-26	524.019	-9.8439	0.288287	-0.00819669
8.35	-6.61744e-24	6.61744e-24	41.75	0	1.45403e-26	524.647	-9.85064	0.297316	0.000247211
8.36	-6.61744e-24	3.97047e-23	41.8	0	-3.39273e-26	525.276	-9.85792	0.305904	0.00862832
8.37	-2.64698e-23	-1.32349e-23	41.85	-6.46235e-27	-1.61559e-26	525.904	-9.86573	0.314021	0.0169176
8.38	6.61744e-24	-6.61744e-24	41.9	1.29247e-26	6.46235e-27	526.532	-9.87403	0.321635	0.0250863
8.39	3.30872e-24	9.92617e-24	41.95	1.9387e-26	-2.58494e-26	527.16	-9.88279	0.328719	0.0331063
8.4	6.61744e-24	-2.64698e-23	42	1.29247e-26	-6.46235e-26	527.789	-9.89197	0.335245	0.0409497
8.41	0	2.64698e-23	42.05	-3.87741e-26	-4.52364e-26	528.417	-9.90155	0.34119	0.0485894
8.42	-1.65436e-23	1.32349e-23	42.1	-1.29247e-26	0	529.045	-9.91148	0.34653	0.055999
8.43	2.31611e-23	-1.32349e-23	42.15	6.46235e-27	0	529.674	-9.92172	0.351246	0.0631526
8.44	4.96308e-24	-6.61744e-24	42.2	-2.58494e-26	1.29247e-26	530.302	-9.93225	0.355319	0.0700255
8.45	-9.92617e-24	0	42.25	-2.90806e-26	1.29247e-26	530.93	-9.94302	0.358732	0.0765937
8.46	-1.65436e-23	-1.32349e-23	42.3	5.493e-26	-2.58494e-26	531.559	-9.95399	0.361473	0.0828341
8.47	-1.15805e-23	-6.61744e-24	42.35	4.76598e-26	-1.29247e-26	532.187	-9.96512	0.363531	0.0887248
8.48	-2.48154e-24	-1.32349e-23	42.4	6.13923e-26	0	532.815	-9.97637	0.364895	0.094245
8.49	-2.27475e-24	-6.61744e-24	42.45	4.52364e-26	2.58494e-26	533.444	-9.98768	0.365561	0.0993752
8.5	-2.27475e-24	-3.30872e-24	42.5	-3.87741e-26	3.87741e-26	534.072	-9.99903	0.365524	0.104097
8.51	9.92617e-24	3.30872e-24	42.55	3.87741e-26	-3.87741e-26	534.7	-10.0104	0.364782	0.108394
8.52	-7.85822e-24	-4.1359e-25	42.6	-5.16988e-26	1.29247e-26	535.329	-10.0217	0.363339	0.112249
8.53	-1.57164e-23	1.65436e-24	42.65	-2.58494e-26	3.87741e-26	535.957	-10.0328	0.361196	0.11565
8.54	-4.1359e-24	3.30872e-24	42.7	-2.58494e-26	-2.58494e-26	536.585	-10.0439	0.358362	0.118584
8.55	2.68834e-24	0	42.75	-1.29247e-26	-6.46235e-27	537.214	-10.0547	0.354845	0.121039
8.56	2.48154e-23	9.92617e-24	42.8	-3.87741e-26	6.46235e-27	537.842	-10.0654	0.350658	0.123007
8.57	-4.96308e-24	-6.61744e-24	42.85	2.58494e-26	-3.87741e-26	538.47	-10.0757	0.345815	0.124479
8.58	1.65436e-23	6.61744e-24	42.9	-1.29247e-26	3.71585e-26	539.099	-10.0858	0.340332	0.125451
8.59	1.98523e-23	4.96308e-24	42.95	0	1.61559e-26	539.727	-10.0955	0.334231	0.125918
8.6	-2.64698e-23	-3.30872e-24	43	-1.29247e-26	2.10026e-26	540.355	-10.1048	0.327533	0.125878
8.61	-1.19941e-23	-8.27181e-24	43.05	0	-1.9387e-26	540.984	-10.1137	0.320262	0.125331
8.62	9.09899e-24	7.85822e-24	43.1	0	1.29247e-26	541.612	-10.1221	0.312447	0.124278
8.63	-7.44463e-24	-1.15805e-23	43.15	-1.9387e-26	6.46235e-27	542.24	-10.1301	0.304116	0.122722
8.64	-3.30872e-24	0	43.2	6.46235e-27	0	542.868	-10.1375	0.295301	0.12067
8.65	6.61744e-24	9.92617e-24	43.25	0	-9.69352e-27	543.497	-10.1444	0.286036	0.118128
8.66	3.51552e-24	1.65436e-24	43.3	6.46235e-27	8.07794e-27	544.125	-10.1506	0.276356	0.115105
8.67	-9.92617e-24	1.65436e-24	43.35	0	-2.01948e-27	544.753	-10.1563	0.2663	0.111613
8.68	-4.96308e-24	6.61744e-24	43.4	-3.23117e-27	-3.23117e-27	545.382	-10.1613	0.255906	0.107664
8.69	-1.65436e-24	2.48154e-24	43.45	9.69352e-27	6.46235e-27	546.01	-10.1657	0.245216	0.103273
8.7	-6.61744e-24	2.48154e-24	43.5	1.9387e-26	6.46235e-27	546.638	-10.1694	0.234272	0.0984564
8.71	-1.65436e-24	-2.06795e-25	43.55	5.16988e-26	-1.29247e-26	547.267	-10.1724	0.223117	0.0932324
8.72	1.32349e-23	1.07533e-23	43.6	-1.9387e-26	2.58494e-26	547.895	-10.1747	0.211797	0.0876208
8.73	6.61744e-24	-8.6854e-24	43.65	-6.46235e-26	5.16988e-26	548.523	-10.1763	0.200356	0.0816429
8.74	6.61744e-24	2.48154e-24	43.7	-2.58494e-26	1.29247e-26	549.152	-10.1772	0.18884	0.0753218
8.75	0	4.1359e-24	43.75	-2.58494e-26	2.58494e-26	549.78	-10.1773	0.177297	0.0686817
8.76	-1.98523e-23	-1.65436e-23	43.8	-2.58494e-26	-2.58494e-26	550.408	-10.1767	0.165774	0.0617483
8.77	-1.32349e-23	1.15805e-23	43.85	-2.58494e-26	0	551.037	-10.1754	0.154316	0.0545483
8.78	2.64698e-23	6.61744e-24	43.9	5.16988e-26	2.58494e-26	551.665	-10.1734	0.142971	0.0471099
8.79	0	4.96308e-23	43.95	-5.16988e-26	0	552.293	-10.1707	0.131785	0.0394618
8.8	3.97047e-23	-1.98523e-23	44	-2.58494e-26	-3.23117e-26	552.922	-10.1673	0.120803	0.0316339
8.81	-2.64698e-23	-1.32349e-23	44.05	0	1.03398e-25	553.55	-10.1632	0.11007	0.0236566
8.82	-1.32349e-23	-6.61744e-24	44.1	0	3.87741e-26	554.178	-10.1585	0.0996306	0.0155611
8.83	0	9.26442e-23	44.15	0	-1.16322e-25	554.807	-10.1531	0.0895259	0.00737874
8.84	-1.05879e-22	1.45584e-22	44.2	0	-2.45569e-25	555.435	-10.1471	0.079797	-0.000858608
8.85	1.32349e-22	-1.45584e-22	44.25	5.16988e-26	1.29247e-25	556.063	-10.1405	0.0704831	-0.00911903
8.86	0	-1.32349e-23	44.3	5.16988e-26	2.58494e-26	556.692	-10.1333	0.0616213	-0.0173706
8.87	-7.94093e-23	7.94093e-23	44.35	-1.03398e-25	5.16988e-26	557.32	-10.1257	0.0532466	-0.0255815
8.88	0	2.64698e-23	44.4	0	-1.03398e-25	557.948	-10.1175	0.045392	-0.0337204
8.89	-2.64698e-23	-2.64698e-23	44.45	-1.03398e-25	1.03398e-25	558.576	-10.1088	0.0380878	-0.0417561
8.9	2.64698e-23	2.64698e-23	44.5	1.55096e-25	-1.55096e-25	559.205	-10.0998	0.031362	-0.0496583
8.91	-1.45584e-22	1.05879e-22	44.55	3.10193e-25	5.16988e-26	559.833	-10.0903	0.0252398	-0.0573971
8.92	-3.97047e-23	0	44.6	-1.68021e-25	-5.16988e-26	560.461	-10.0805	0.0197437	-0.0649438
8.93	-1.32349e-22	7.94093e-23	44.65	1.03398e-25	5.16988e-26	561.09	-10.0704	0.0148933	-0.0722704
8.94	2.51463e-22	-2.64698e-23	44.7	1.0986e-25	-1.03398e-25	561.718	-10.0601	0.0107053	-0.0793502
8.95	1.32349e-23	-5.29396e-23	44.75	2.98884e-26	0	562.346	-10.0495	0.00719342	-0.0861575
8.96	1.85288e-22	0	44.8	2.10026e-25	0	562.975	-10.0388	0.00436828	-0.0926681
8.97	-2.31611e-23	0	44.85	5.16988e-26	0	563.603	-10.0279	0.00223755	-0.098859
8.98	-1.12497e-22	0	44.9	-2.58494e-26	0	564.231	-10.017	0.000805843	-0.104709
8.99	1.20768e-22	2.64698e-23	44.95	9.04729e-26	0	564.86	-10.006	7.47231e-05	-0.110198
9	-1.10429e-22	7.94093e-23	45	-1.03398e-25	2.58494e-26	565.488	-9.99508	4.27622e-05	-0.115308
9.01	-6.61744e-24	0	45.05	7.75482e-26	1.29247e-25	566.116	-9.98418	0.00070558	-0.120022
9.02	-1.15805e-22	-3.97047e-23	45.1	5.16988e-26	0	566.745	-9.97338	0.0020559	-0.124326
9.03	-1.32349e-23	2.64698e-23	45.15	0	-1.29247e-25	567.373	-9.96273	0.00408363	-0.128206
9.04	-2.97785e-23	-1.32349e-23	45.2	2.58494e-26	1.29247e-25	568.001	-9.95226	0.00677595	-0.131651
9.05	-3.30872e-23	0	45.25	2.58494e-26	1.29247e-26	568.63	-9.94202	0.0101174	-0.134652
9.06	4.30134e-23	1.32349e-23	45.3	0	0	569.258	-9.93205	0.01409	-0.137201
9.07	5.9557e-23	1.32349e-23	45.35	-2.58494e-26	6.13923e-26	569.886	-9.92238	0.0186733	-0.139292
9.08	-1.65436e-24	2.64698e-23	45.4	1.29247e-26	2.26182e-26	570.515	-9.91306	0.0238446	-0.140922
9.09	-9.92617e-24	-3.30872e-23	45.45	0	9.69352e-27	571.143	-9.90411	0.0295791	-0.142086
9.1	-1.32349e-23	-4.63221e-23	45.5	2.58494e-26	9.69352e-27	571.771	-9.89558	0.0358499	-0.142787
9.11	1.15805e-23	2.48154e-23	45.55	-1.29247e-26	-3.23117e-26	572.4	-9.88748	0.0426284	-0.143023
9.12	0	-2.31611e-23	45.6	6.46235e-27	2.58494e-26	573.028	-9.87986	0.0498839	-0.142799
9.13	0	3.30872e-24	45.65	-1.29247e-26	3.55429e-26	573.656	-9.87274	0.0575846	-0.142118
9.14	1.98523e-23	2.7297e-23	45.7	6.46235e-27	3.23117e-27	574.284	-9.86615	0.0656968	-0.140987
9.15	1.24077e-23	9.09899e-24	45.75	-1.9387e-26	1.29247e-26	574.913	-9.86009	0.0741858	-0.139414
9.16	-3.30872e-24	-9.09899e-24	45.8	-6.46235e-27	-9.69352e-27	575.541	-9.85461	0.0830159	-0.137407
9.17	6.61744e-24	-7.44463e-24	45.85	0	9.69352e-27	576.169	-9.84971	0.09215	-0.134978
9.18	0	-6.61744e-24	45.9	3.23117e-27	0	576.798	-9.84541	0.10155	-0.132138
9.19	4.96308e-24	0	45.95	-7.27014e-27	4.84676e-27	577.426	-9.84173	0.111179	-0.1289
9.2	9.92617e-24	3.30872e-24	46	-2.01948e-27	3.23117e-27	578.054	-9.83867	0.120997	-0.125279
9.21	4.96308e-24	-1.24077e-24	46.05	-1.12586e-26	3.23117e-27	578.683	-9.83624	0.130964	-0.121291
9.22	3.30872e-24	9.09899e-24	46.1	2.42338e-27	1.61559e-27	579.311	-9.83445	0.141042	-0.116952
9.23	-1.65436e-24	-4.3427e-24	46.15	1.21169e-27	-8.07794e-28	579.939	-9.83331	0.151191	-0.112281
9.24	6.61744e-24	1.65436e-24	46.2	8.07794e-28	-8.07794e-28	580.568	-9.83281	0.161371	-0.107295
9.25	0	7.13443e-24	46.25	-1.00974e-27	-8.07794e-28	581.196	-9.83295	0.171543	-0.102016
9.26	2.48154e-24	3.67061e-24	46.3	1.00974e-27	-8.07794e-28	581.824	-9.83373	0.181667	-0.0964621
9.27	0	-2.89513e-24	46.35	4.03897e-28	8.07794e-28	582.453	-9.83515	0.191706	-0.0906559
9.28	0	7.44463e-24	46.4	-2.01948e-28	0	583.081	-9.83719	0.20162	-0.0846191
9.29	3.30872e-24	-3.30872e-24	46.45	-1.00974e-28	-2.01948e-28	583.709	-9.83984	0.211373	-0.0783741
9.3	-1.65436e-24	2.48154e-24	46.5	-2.01948e-28	0	584.338	-9.84311	0.220928	-0.0719439
9.31	-3.30872e-24	-9.92617e-24	46.55	-1.41364e-27	4.03897e-28	584.966	-9.84695	0.230248	-0.0653521
9.32	-3.30872e-24	-8.27181e-25	46.6	8.07794e-28	2.01948e-27	585.594	-9.85138	0.239299	-0.0586224
9.33	1.32349e-23	-8.27181e-24	46.65	0	8.07794e-28	586.223	-9.85635	0.248048	-0.0517792
9.34	1.65436e-24	-6.61744e-24	46.7	3.23117e-27	-8.07794e-28	586.851	-9.86187	0.256462	-0.0448466
9.35	3.30872e-24	-9.92617e-24	46.75	6.46235e-27	0	587.479	-9.86789	0.26451	-0.0378495
9.36	3.30872e-24	-1.65436e-24	46.8	3.23117e-27	4.84676e-27	588.108	-9.8744	0.272161	-0.0308123
9.37	-1.65436e-24	4.96308e-24	46.85	0	5.65455e-27	588.736	-9.88137	0.279388	-0.0237599
9.38	-1.32349e-23	6.61744e-24	46.9	3.23117e-27	1.21169e-27	589.364	-9.88878	0.286165	-0.0167167
9.39	-1.32349e-23	1.65436e-23	46.95	3.23117e-27	1.00974e-28	589.992	-9.8966	0.292464	-0.00970747
9.4	-9.92617e-24	9.92617e-24	47	0	1.37325e-26	590.621	-9.90479	0.298265	-0.00275641
9.41	4.96308e-24	0	47.05	-1.29247e-26	1.45403e-26	591.249	-9.91333	0.303544	0.00411239
9.42	1.65436e-24	3.30872e-24	47.1	-1.29247e-26	8.07794e-27	591.877	-9.92218	0.308282	0.0108752
9.43	-3.30872e-24	6.61744e-24	47.15	-1.29247e-26	-1.9387e-26	592.506	-9.93132	0.312462	0.0175086
9.44	2.31611e-23	-2.31611e-23	47.2	6.46235e-27	1.9387e-26	593.134	-9.94069	0.316067	0.0239897
9.45	1.8198e-23	-1.32349e-23	47.25	1.29247e-26	-6.46235e-27	593.762	-9.95028	0.319085	0.0302962
9.46	7.44463e-24	-3.30872e-24	47.3	2.58494e-26	-1.29247e-26	594.391	-9.96004	0.321502	0.0364064
9.47	-2.31611e-23	0	47.35	1.29247e-26	0	595.019	-9.96994	0.323311	0.0422991
9.48	6.20385e-24	0	47.4	-2.26182e-26	2.58494e-26	595.647	-9.97994	0.324504	0.0479539
9.49	-2.27475e-23	6.61744e-24	47.45	-2.42338e-26	0	596.276	-9.99	0.325075	0.0533514
9.5	-4.62704e-24	-6.61744e-24	47.5	3.87741e-26	-1.29247e-26	596.904	-10.0001	0.325022	0.0584727
9.51	1.13737e-24	0	47.55	-1.85793e-26	1.29247e-26	597.532	-10.0101	0.324344	0.0633002
9.52	-4.1359e-24	0	47.6	2.26182e-26	-2.58494e-26	598.161	-10.0202	0.323043	0.0678169
9.53	2.06795e-24	3.30872e-24	47.65	3.23117e-27	2.58494e-26	598.789	-10.0301	0.321124	0.0720071
9.54	4.1359e-24	-6.61744e-24	47.7	6.46235e-27	-1.29247e-26	599.417	-10.0399	0.318593	0.0758561
9.55	-9.92617e-24	-1.32349e-23	47.75	0	1.29247e-26	600.046	-10.0495	0.315458	0.0793505
9.56	3.30872e-24	0	47.8	6.46235e-26	2.58494e-26	600.674	-10.0589	0.311731	0.0824778
9.57	1.15805e-23	0	47.85	-1.29247e-26	1.29247e-26	601.302	-10.0681	0.307425	0.0852269
9.58	7.44463e-24	-2.48154e-24	47.9	-1.29247e-26	6.46235e-27	601.931	-10.077	0.302555	0.0875882
9.59	8.27181e-24	1.65436e-24	47.95	2.58494e-26	3.23117e-26	602.559	-10.0856	0.297139	0.0895531
9.6	1.48893e-23	4.54949e-24	48	-1.29247e-26	-6.46235e-27	603.187	-10.0939	0.291197	0.0911145
9.61	-4.1359e-24	4.96308e-24	48.05	2.58494e-26	2.58494e-26	603.816	-10.1017	0.284752	0.0922669
9.62	-1.28213e-23	-1.57681e-23	48.1	-1.29247e-26	-5.89689e-26	604.444	-10.1092	0.277826	0.0930059
9.63	-1.15805e-23	-1.48893e-23	48.15	-1.29247e-26	6.62391e-26	605.072	-10.1162	0.270447	0.093329
9.64	-3.30872e-24	-6.61744e-24	48.2	0	-6.46235e-27	605.7	-10.1228	0.262642	0.0932347
9.65	6.61744e-24	8.27181e-24	48.25	1.29247e-26	5.16988e-26	606.329	-10.1288	0.254441	0.0927234
9.66	0	4.96308e-24	48.3	1.29247e-26	7.75482e-26	606.957	-10.1344	0.245875	0.0917968
9.67	2.48154e-24	4.3427e-24	48.35	-3.87741e-26	-4.52364e-26	607.585	-10.1394	0.236978	0.0904583
9.68	-3.30872e-24	-7.44463e-24	48.4	0	3.87741e-26	608.214	-10.1439	0.227783	0.0887128
9.69	0	1.15805e-23	48.45	0	2.58494e-26	608.842	-10.1477	0.218326	0.0865664
9.7	-5.79026e-24	-6.61744e-24	48.5	1.29247e-26	1.9387e-26	609.47	-10.151	0.208645	0.0840272
9.71	3.30872e-24	-8.27181e-24	48.55	-6.46235e-27	4.52364e-26	610.099	-10.1537	0.198778	0.0811045
9.72	0	2.06795e-24	48.6	-1.29247e-26	6.46235e-27	610.727	-10.1557	0.188763	0.0778091
9.73	-4.1359e-25	1.03398e-25	48.65	1.9387e-26	1.29247e-26	611.355	-10.1572	0.17864	0.0741531
9.74	6.61744e-24	8.27181e-25	48.7	9.69352e-27	-1.29247e-26	611.984	-10.158	0.168449	0.0701504
9.75	-3.30872e-24	-7.78067e-24	48.75	-6.46235e-27	-7.27014e-27	612.612	-10.1581	0.158231	0.0658157
9.76	-3.30872e-24	-1.70606e-24	48.8	-1.29247e-26	-3.06962e-26	613.24	-10.1576	0.148027	0.0611654
9.77	0	-6.20385e-24	48.85	-6.46235e-27	2.26182e-26	613.869	-10.1565	0.137878	0.056217
9.78	-4.96308e-24	8.27181e-25	48.9	0	6.46235e-27	614.497	-10.1548	0.127824	0.0509891
9.79	6.61744e-24	3.30872e-24	48.95	1.29247e-26	9.69352e-26	615.125	-10.1524	0.117906	0.0455014
9.8	6.61744e-24	3.30872e-24	49	-5.16988e-26	-4.52364e-26	615.754	-10.1494	0.108164	0.0397747
9.81	0	1.98523e-23	49.05	-5.16988e-26	-3.87741e-26	616.382	-10.1458	0.0986362	0.0338307
9.82	-6.61744e-24	-2.31611e-23	49.1	2.58494e-26	8.40105e-26	617.01	-10.1416	0.0893622	0.0276918
9.83	1.98523e-23	-1.65436e-23	49.15	0	-6.46235e-27	617.639	-10.1369	0.0803788	0.0213813
9.84	1.32349e-23	3.30872e-23	49.2	-2.58494e-26	4.52364e-26	618.267	-10.1316	0.0717222	0.0149232
9.85	3.97047e-23	-6.61744e-24	49.25	-2.58494e-26	1.21169e-27	618.895	-10.1258	0.0634271	0.00834168
9.86	-1.32349e-23	-2.64698e-23	49.3	-2.58494e-26	-5.16988e-26	619.524	-10.1195	0.0555264	0.00166177
9.87	-3.97047e-23	0	49.35	0	2.26182e-25	620.152	-10.1127	0.0480517	-0.00509139
9.88	2.64698e-23	-2.64698e-23	49.4	0	0	620.78	-10.1054	0.0410324	-0.0118924
9.89	-5.29396e-23	-3.97047e-23	49.45	0	6.46235e-26	621.408	-10.0978	0.0344961	-0.0187158
9.9	1.32349e-23	-2.64698e-23	49.5	0	2.06795e-25	622.037	-10.0898	0.0284681	-0.025536
9.91	-5.29396e-23	6.61744e-23	49.55	1.55096e-25	1.55096e-25	622.665	-10.0814	0.0229716	-0.0323278
9.92	-7.94093e-23	7.94093e-23	49.6	-5.16988e-26	1.29247e-25	623.293	-10.0727	0.0180273	-0.0390659
9.93	-9.26442e-23	0	49.65	2.06795e-25	-1.55096e-25	623.922	-10.0637	0.0136536	-0.0457255
9.94	-1.12497e-22	-5.29396e-23	49.7	2.58494e-26	1.03398e-25	624.55	-10.0545	0.00986627	-0.0522824
9.95	-1.98523e-23	-2.64698e-23	49.75	-5.16988e-26	1.55096e-25	625.178	-10.0451	0.00667858	-0.0587126
9.96	7.27919e-23	0	49.8	2.32645e-25	-2.58494e-25	625.807	-10.0355	0.0041011	-0.0649931
9.97	-4.96308e-23	-2.64698e-23	49.85	0	-1.03398e-25	626.435	-10.0258	0.00214177	-0.0711014
9.98	8.93355e-23	0	49.9	1.03398e-25	-5.16988e-26	627.063	-10.0161	0.00080583	-0.077016
9.99	-1.45584e-22	2.64698e-23	49.95	-1.45403e-26	5.16988e-26	627.692	-10.0063	9.58286e-05	-0.0827162
10	-1.75776e-22	-5.29396e-23	50	9.04729e-26	-5.16988e-26	628.32	-9.99645	1.16347e-05	-0.0881823
