# Time	Qx	Qy	Qz	Mx	My	Mz	Wx	Wy	Wz
0	0	0	0	0	0	0	0	0	0
0.001	-0.0283462	-0.0163763	2.99982	-2.64436e-24	-4.9396e-25	8.89744e-27	-0.00204533	-0.00145621	0.563262
0.002	-0.113377	-0.0654998	5.99857	1.34231e-23	1.24651e-24	3.80928e-26	-0.0081809	-0.00582457	1.12646
0.003	-0.25507	-0.147355	8.99518	-3.58496e-23	-3.12515e-23	-2.85761e-25	-0.0184055	-0.0131042	1.68953
0.004	-0.453386	-0.261915	11.9886	7.39352e-23	2.67072e-23	7.8492e-25	-0.0327171	-0.0232938	2.25241
0.005	-0.708271	-0.409143	14.9777	7.06506e-24	-1.60667e-23	1.27464e-25	-0.0511127	-0.0363912	2.81504
0.006	-1.01966	-0.588993	17.9614	-1.1347e-23	-8.30795e-24	-9.24388e-25	-0.0735889	-0.052394	3.37735
0.007	-1.38746	-0.801406	20.9388	1.22776e-22	4.39271e-23	7.72717e-25	-0.100141	-0.0712992	3.93928
0.008	-1.81157	-1.04631	23.9086	-4.47264e-23	-5.51735e-23	-2.71274e-24	-0.130764	-0.0931029	4.50077
0.009	-2.29189	-1.32364	26.87	-5.4126e-23	-3.58019e-23	-1.86416e-24	-0.165451	-0.117801	5.06175
0.01	-2.82828	-1.63329	29.8217	-1.67332e-23	-4.76978e-24	-8.44568e-25	-0.204196	-0.145389	5.62216
0.011	-3.42059	-1.97517	32.7628	-5.15536e-23	1.82822e-23	-2.50079e-24	-0.246991	-0.175861	6.18194
0.012	-4.06866	-2.34917	35.6921	9.37512e-23	4.46654e-23	2.30848e-26	-0.293827	-0.209211	6.74102
0.013	-4.77233	-2.75517	38.6087	-4.7465e-23	8.70186e-23	1.23631e-24	-0.344695	-0.245434	7.29935
0.014	-5.53139	-3.19304	41.5115	-4.75703e-23	5.74535e-24	-6.33911e-24	-0.399586	-0.284521	7.85686
0.015	-6.34565	-3.66263	44.3995	-4.64894e-23	-1.30527e-25	-4.25757e-24	-0.458487	-0.326466	8.41349
0.016	-7.21488	-4.16381	47.2716	2.74479e-23	-8.34084e-23	9.72567e-24	-0.521388	-0.371261	8.96917
0.017	-8.13886	-4.6964	50.1269	-4.3316e-23	1.43857e-23	-1.86818e-24	-0.588276	-0.418896	9.52385
0.018	-9.11732	-5.26025	52.9642	-1.09117e-22	3.48588e-23	-1.11485e-23	-0.659137	-0.469363	10.0775
0.019	-10.15	-5.85516	55.7826	-5.05682e-23	1.0526e-22	-3.38771e-24	-0.733958	-0.522652	10.63
0.02	-11.2366	-6.48095	58.581	-1.00086e-22	-1.15518e-22	-1.0851e-23	-0.812724	-0.578753	11.1813
0.021	-12.3769	-7.13742	61.3585	2.67773e-23	-2.15963e-22	3.37221e-24	-0.895419	-0.637655	11.7313
0.022	-13.5706	-7.82437	64.1141	-2.10741e-22	-1.62702e-22	-1.52121e-23	-0.982028	-0.699346	12.2801
0.023	-14.8173	-8.54156	66.8468	-1.38549e-22	-1.4285e-23	-1.29046e-23	-1.07253	-0.763816	12.8275
0.024	-16.1166	-9.28878	69.5555	-7.69424e-23	2.09081e-22	-3.05715e-23	-1.16692	-0.831052	13.3735
0.025	-17.4684	-10.0658	72.2394	5.47045e-23	4.6519e-25	2.72691e-23	-1.26516	-0.901041	13.9179
0.026	-18.8721	-10.8723	74.8975	-1.42487e-22	-1.52324e-22	-3.07568e-23	-1.36724	-0.973769	14.4609
0.027	-20.3274	-11.7082	77.5288	-4.40745e-24	1.90639e-22	7.72517e-24	-1.47314	-1.04922	15.0022
0.028	-21.834	-12.5731	80.1324	-2.51702e-22	6.9355e-23	2.51401e-23	-1.58285	-1.12739	15.5419
0.029	-23.3914	-13.4667	82.7073	1.46543e-22	1.16155e-22	-1.92333e-24	-1.69633	-1.20825	16.0799
0.03	-24.9992	-14.3888	85.2526	5.30423e-22	1.45685e-22	5.24097e-23	-1.81357	-1.2918	16.6161
0.031	-26.6571	-15.339	87.7674	-2.33311e-22	-6.18102e-23	-3.52532e-23	-1.93454	-1.37801	17.1505
0.032	-28.3644	-16.3172	90.2508	1.86608e-22	5.93988e-22	4.57246e-23	-2.05923	-1.46687	17.683
0.033	-30.1209	-17.3229	92.7019	1.113e-22	2.60652e-22	5.76906e-23	-2.1876	-1.55837	18.2136
0.034	-31.926	-18.3559	95.1199	3.83284e-22	4.25112e-22	3.9519e-23	-2.31963	-1.65248	18.7422
0.035	-33.7793	-19.4158	97.5038	-4.80156e-22	-5.60727e-22	-4.05063e-23	-2.4553	-1.74919	19.2688
0.036	-35.6803	-20.5023	99.8528	-8.26761e-23	2.70243e-23	4.13921e-25	-2.59457	-1.84848	19.7932
0.037	-37.6285	-21.6151	102.166	-3.46321e-22	-8.95111e-23	-5.68631e-23	-2.73744	-1.95034	20.3155
0.038	-39.6233	-22.7538	104.443	2.69522e-22	7.12451e-22	3.49485e-23	-2.88386	-2.05473	20.8356
0.039	-41.6644	-23.9181	106.682	3.27541e-22	3.98698e-22	9.72689e-23	-3.0338	-2.16166	21.3535
0.04	-43.751	-25.1075	108.883	-5.03932e-23	3.33523e-22	-8.49353e-23	-3.18725	-2.27108	21.8691
0.041	-45.8828	-26.3219	111.045	-4.24767e-23	3.11704e-22	9.95084e-23	-3.34417	-2.383	22.3823
0.042	-48.0591	-27.5606	113.167	3.48209e-22	4.07091e-22	-1.4784e-23	-3.50453	-2.49737	22.8931
0.043	-50.2794	-28.8235	115.248	2.64789e-22	5.64596e-23	8.58136e-23	-3.6683	-2.61419	23.4015
0.044	-52.5431	-30.1101	117.289	7.04158e-23	6.5106e-23	-1.13787e-22	-3.83545	-2.73344	23.9073
0.045	-54.8496	-31.4199	119.287	-2.13383e-22	5.0569e-22	-1.13181e-22	-4.00596	-2.85508	24.4107
0.046	-57.1984	-32.7527	121.242	-4.89048e-24	-1.46003e-22	9.37408e-23	-4.17978	-2.97911	24.9114
0.047	-59.5889	-34.1079	123.154	-1.53192e-22	-2.51353e-22	-4.14013e-23	-4.35688	-3.10549	25.4095
0.048	-62.0204	-35.4852	125.021	7.65744e-22	8.68532e-22	1.14385e-22	-4.53724	-3.2342	25.9049
0.049	-64.4923	-36.8842	126.844	-5.92325e-23	-6.7249e-22	2.58941e-23	-4.72082	-3.36523	26.3976
0.05	-67.0041	-38.3044	128.62	2.45457e-22	-2.16891e-22	-2.20243e-23	-4.90758	-3.49854	26.8876
0.051	-69.555	-39.7454	130.351	3.00085e-22	1.22575e-21	1.25427e-22	-5.0975	-3.63412	27.3747
0.052	-72.1444	-41.2068	132.035	-6.08604e-22	-5.62177e-22	-1.64385e-22	-5.29053	-3.77194	27.8589
0.053	-74.7718	-42.6881	133.671	-3.48523e-22	1.62551e-22	-8.62388e-23	-5.48664	-3.91198	28.3403
0.054	-77.4364	-44.1889	135.259	4.4386e-22	1.36134e-21	1.68969e-22	-5.6858	-4.0542	28.8187
0.055	-80.1376	-45.7087	136.798	5.72647e-24	3.27482e-23	4.1851e-23	-5.88797	-4.1986	29.2942
0.056	-82.8747	-47.2471	138.288	-4.60051e-22	-4.24044e-22	-1.33036e-22	-6.09311	-4.34513	29.7666
0.057	-85.647	-48.8036	139.728	3.45095e-22	5.40184e-22	2.02117e-22	-6.30119	-4.49379	30.236
0.058	-88.4539	-50.3778	141.117	2.33637e-22	9.97539e-22	1.66195e-22	-6.51217	-4.64453	30.7023
0.059	-91.2947	-51.9692	142.455	-9.2904e-22	-1.56289e-21	-3.03157e-22	-6.72601	-4.79734	31.1655
0.06	-94.1686	-53.5773	143.742	-1.06661e-21	-2.29792e-21	-3.78962e-22	-6.94268	-4.95219	31.6255
0.061	-97.0751	-55.2016	144.977	-6.18523e-23	3.17938e-22	5.59942e-23	-7.16214	-5.10905	32.0823
0.062	-100.013	-56.8417	146.159	3.15223e-22	-7.85669e-22	1.05736e-22	-7.38434	-5.2679	32.5358
0.063	-102.983	-58.4971	147.288	-5.47821e-24	-4.46635e-22	2.14832e-22	-7.60925	-5.42871	32.9861
0.064	-105.982	-60.1672	148.363	-1.56574e-22	9.96025e-22	2.12068e-23	-7.83683	-5.59145	33.4331
0.065	-109.012	-61.8517	149.385	1.04246e-21	6.42671e-22	1.89895e-22	-8.06704	-5.7561	33.8768
0.066	-112.07	-63.5501	150.352	-1.70604e-22	-7.6742e-22	2.88425e-23	-8.29984	-5.92262	34.317
0.067	-115.156	-65.2617	151.264	-6.62787e-22	-2.05734e-21	-1.37609e-22	-8.53519	-6.091	34.7539
0.068	-118.27	-66.9862	152.122	-7.05595e-22	-1.24406e-21	-3.94799e-22	-8.77306	-6.26119	35.1874
0.069	-121.411	-68.723	152.923	6.33446e-23	1.31258e-21	-2.46677e-22	-9.01339	-6.43319	35.6174
0.07	-124.578	-70.4717	153.669	6.41779e-22	1.54713e-21	1.14565e-23	-9.25615	-6.60695	36.044
0.071	-127.77	-72.2317	154.358	7.5891e-22	2.71382e-21	4.10177e-22	-9.50131	-6.78245	36.467
0.072	-130.986	-74.0026	154.991	6.40744e-22	2.53883e-21	2.97087e-22	-9.74881	-6.95966	36.8865
0.073	-134.227	-75.7838	155.567	4.98666e-23	2.47038e-22	-3.00086e-23	-9.99861	-7.13855	37.3024
0.074	-137.49	-77.5748	156.085	-1.23886e-22	-1.59858e-21	-1.23721e-22	-10.2507	-7.31909	37.7147
0.075	-140.776	-79.3752	156.546	2.81989e-23	1.87118e-21	1.10657e-22	-10.505	-7.50127	38.1235
0.076	-144.083	-81.1843	156.95	-3.87217e-22	1.15251e-21	-1.38686e-22	-10.7615	-7.68503	38.5286
0.077	-147.411	-83.0018	157.295	7.88479e-23	1.31788e-21	4.76409e-22	-11.0201	-7.87037	38.93
0.078	-150.76	-84.8271	157.581	8.43832e-22	7.78854e-22	3.79618e-22	-11.2808	-8.05724	39.3278
0.079	-154.127	-86.6597	157.81	-9.63295e-22	-4.04911e-21	-1.7759e-22	-11.5436	-8.24563	39.7219
0.08	-157.513	-88.4991	157.979	5.66782e-22	1.6996e-21	3.54837e-22	-11.8083	-8.4355	40.1122
0.081	-160.917	-90.3448	158.09	-7.0258e-22	-1.78275e-21	-7.80164e-23	-12.0751	-8.62681	40.4988
0.082	-164.338	-92.1962	158.142	7.26528e-22	8.43578e-22	4.67789e-22	-12.3438	-8.81955	40.8817
0.083	-167.776	-94.0529	158.134	9.55932e-23	1.56975e-21	2.32013e-22	-12.6144	-9.01369	41.2608
0.084	-171.229	-95.9144	158.067	-8.75019e-22	-3.25063e-21	-6.92885e-22	-12.8868	-9.20919	41.6361
0.085	-174.697	-97.7801	157.94	-9.24592e-22	-1.13031e-21	-9.2016e-23	-13.161	-9.40602	42.0076
0.086	-178.179	-99.6496	157.754	-1.12799e-21	1.71841e-22	-7.97282e-22	-13.437	-9.60416	42.3753
0.087	-181.674	-101.522	157.508	-6.45679e-22	1.97125e-21	7.04956e-22	-13.7147	-9.80358	42.7392
0.088	-185.182	-103.398	157.202	-3.74142e-23	-3.87503e-22	2.58046e-23	-13.994	-10.0042	43.0992
0.089	-188.702	-105.275	156.836	-1.11167e-21	-4.86388e-21	-6.56593e-22	-14.275	-10.2061	43.4553
0.09	-192.233	-107.155	156.41	-4.13878e-22	2.36571e-22	1.84606e-24	-14.5576	-10.4092	43.8076
0.091	-195.775	-109.035	155.925	-1.53295e-21	-2.40535e-21	-8.01039e-23	-14.8418	-10.6134	44.156
0.092	-199.326	-110.917	155.379	6.66141e-22	4.39231e-21	5.2227e-22	-15.1274	-10.8188	44.5005
0.093	-202.886	-112.799	154.773	-7.47072e-22	-3.03136e-21	6.43379e-22	-15.4145	-11.0253	44.8412
0.094	-206.454	-114.68	154.108	-9.18404e-23	3.47674e-22	7.59089e-22	-15.7031	-11.2328	45.1779
0.095	-210.03	-116.561	153.382	-9.93881e-22	-1.39829e-21	3.81213e-22	-15.993	-11.4414	45.5107
0.096	-213.612	-118.44	152.596	7.35848e-22	6.33913e-22	-7.22607e-22	-16.2842	-11.651	45.8396
0.097	-217.201	-120.318	151.751	-1.10291e-21	-5.51616e-21	-6.52308e-22	-16.5768	-11.8616	46.1645
0.098	-220.795	-122.193	150.845	4.38843e-23	-1.76813e-21	-8.15478e-22	-16.8706	-12.0731	46.4855
0.099	-224.394	-124.066	149.88	-7.23343e-22	-4.14863e-21	-1.22382e-21	-17.1656	-12.2856	46.8026
0.1	-227.996	-125.936	148.855	-1.6112e-21	-4.92337e-21	-5.87426e-22	-17.4618	-12.499	47.1157
0.101	-231.602	-127.802	147.771	-7.37847e-22	6.35556e-22	-9.70615e-22	-17.7591	-12.7132	47.4249
0.102	-235.21	-129.664	146.627	-1.01689e-21	-3.16317e-21	-8.78329e-22	-18.0574	-12.9283	47.7302
0.103	-238.82	-131.521	145.424	-2.19109e-22	-6.4263e-22	-9.59406e-22	-18.3569	-13.1442	48.0315
0.104	-242.431	-133.373	144.161	-6.53423e-22	-3.45921e-21	4.35478e-23	-18.6573	-13.3609	48.3288
0.105	-246.043	-135.22	142.84	7.62984e-22	-1.66026e-21	-1.54164e-23	-18.9587	-13.5784	48.6222
0.106	-249.655	-137.061	141.46	-6.84196e-22	-2.81118e-21	-8.14553e-22	-19.2611	-13.7966	48.9117
0.107	-253.265	-138.895	140.021	-4.84787e-22	-2.80797e-21	1.0237e-22	-19.5643	-14.0155	49.1972
0.108	-256.874	-140.723	138.523	-2.49993e-22	-3.1531e-21	2.19296e-22	-19.8683	-14.2351	49.4787
0.109	-260.481	-142.543	136.967	4.3072e-22	-2.58603e-21	-6.68551e-22	-20.1732	-14.4553	49.7563
0.11	-264.085	-144.356	135.353	-5.08362e-22	-2.28417e-21	-1.00773e-21	-20.4788	-14.6761	50.03
0.111	-267.685	-146.16	133.682	-1.06406e-22	2.51983e-21	2.24375e-21	-20.7852	-14.8976	50.2997
0.112	-271.282	-147.956	131.952	-1.61396e-21	1.2005e-21	-1.17285e-21	-21.0922	-15.1196	50.5655
0.113	-274.873	-149.742	130.166	1.08839e-21	3.13012e-21	3.11099e-22	-21.3999	-15.3421	50.8273
0.114	-278.459	-151.519	128.322	1.09925e-21	4.00289e-21	-1.91791e-22	-21.7082	-15.5652	51.0853
0.115	-282.039	-153.286	126.421	-2.32225e-21	-5.04495e-21	-7.25059e-22	-22.017	-15.7887	51.3393
0.116	-285.612	-155.043	124.464	8.58214e-23	-5.45721e-22	1.34003e-21	-22.3264	-16.0127	51.5894
0.117	-289.178	-156.789	122.45	-6.25132e-22	-3.09347e-21	1.29997e-21	-22.6363	-16.2372	51.8356
0.118	-292.736	-158.524	120.381	-9.28175e-22	-3.69829e-21	-9.06505e-22	-22.9466	-16.462	52.0779
0.119	-296.286	-160.248	118.256	-6.14731e-22	-2.22997e-21	-2.02821e-21	-23.2574	-16.6873	52.3163
0.12	-299.826	-161.959	116.075	1.55787e-21	-2.99579e-21	-2.17492e-22	-23.5685	-16.9129	52.5509
0.121	-303.357	-163.658	113.84	1.60737e-21	2.76844e-21	1.1534e-21	-23.88	-17.1388	52.7815
0.122	-306.878	-165.344	111.55	3.27667e-22	5.97938e-23	2.08048e-21	-24.1917	-17.3651	53.0084
0.123	-310.387	-167.018	109.205	-1.13794e-21	-2.48727e-21	-1.09906e-21	-24.5038	-17.5916	53.2313
0.124	-313.886	-168.677	106.807	-1.40038e-21	-2.55453e-21	-1.50139e-21	-24.8161	-17.8184	53.4505
0.125	-317.372	-170.323	104.355	-8.39523e-22	-2.17363e-21	-4.08633e-22	-25.1286	-18.0454	53.6658
0.126	-320.846	-171.955	101.85	3.19454e-22	-8.45936e-22	-4.50573e-22	-25.4412	-18.2726	53.8773
0.127	-324.307	-173.572	99.2918	1.44084e-21	1.66735e-21	-2.36555e-22	-25.754	-18.5001	54.085
0.128	-327.754	-175.174	96.6815	-6.15631e-22	-3.57103e-22	-1.24785e-21	-26.0668	-18.7276	54.2889
0.129	-331.188	-176.76	94.0191	4.13364e-23	-1.26982e-21	2.03157e-21	-26.3798	-18.9554	54.4891
0.13	-334.606	-178.331	91.3051	5.3405e-23	3.34538e-22	-7.98824e-22	-26.6927	-19.1832	54.6855
0.131	-338.01	-179.886	88.5399	3.32814e-23	6.17493e-21	1.59422e-21	-27.0057	-19.4112	54.8781
0.132	-341.398	-181.425	85.7239	1.55656e-21	1.19089e-21	6.34452e-22	-27.3186	-19.6392	55.0671
0.133	-344.77	-182.947	82.8576	1.36926e-22	-3.30812e-21	6.24109e-23	-27.6314	-19.8672	55.2523
0.134	-348.125	-184.452	79.9413	3.00511e-23	4.93146e-21	-1.6717e-21	-27.9441	-20.0953	55.4338
0.135	-351.463	-185.94	76.9756	1.34546e-21	1.15673e-21	-1.54799e-22	-28.2567	-20.3234	55.6117
0.136	-354.784	-187.41	73.9609	-1.47042e-21	6.23342e-21	-5.2045e-22	-28.5691	-20.5515	55.7859
0.137	-358.086	-188.862	70.8976	-4.6623e-22	7.99899e-22	-8.92359e-22	-28.8813	-20.7795	55.9564
0.138	-361.371	-190.295	67.7863	-8.49032e-22	-7.94713e-21	-1.18635e-21	-29.1933	-21.0075	56.1233
0.139	-364.636	-191.711	64.6272	1.34667e-21	4.09852e-22	3.77837e-21	-29.505	-21.2354	56.2866
0.14	-367.882	-193.107	61.4211	-1.10167e-21	5.8917e-21	5.35646e-22	-29.8164	-21.4632	56.4464
0.141	-371.108	-194.484	58.1683	1.01781e-21	-6.40612e-21	-1.12302e-21	-30.1275	-21.6908	56.6025
0.142	-374.314	-195.842	54.8692	-1.87286e-21	-6.55041e-21	-2.51345e-21	-30.4383	-21.9183	56.7551
0.143	-377.5	-197.18	51.5245	-2.28204e-21	-3.86986e-21	-2.82729e-21	-30.7486	-22.1457	56.9042
0.144	-380.664	-198.498	48.1346	3.6269e-22	-8.75852e-23	5.20716e-22	-31.0586	-22.3729	57.0498
0.145	-383.808	-199.796	44.6999	7.31305e-22	-5.01662e-22	-4.48648e-22	-31.3681	-22.5999	57.1919
0.146	-386.929	-201.074	41.221	8.21582e-23	-6.94251e-22	5.65353e-23	-31.6771	-22.8266	57.3305
0.147	-390.028	-202.331	37.6985	-9.94979e-22	-2.51005e-21	-7.27058e-22	-31.9856	-23.0532	57.4657
0.148	-393.105	-203.566	34.1327	-1.36411e-21	5.56365e-22	-2.55854e-21	-32.2937	-23.2794	57.5974
0.149	-396.159	-204.781	30.5243	3.89892e-21	6.04045e-21	7.54162e-23	-32.6011	-23.5054	57.7258
0.15	-399.19	-205.974	26.8737	6.29395e-22	6.2518e-21	4.57145e-22	-32.908	-23.7311	57.8507
0.151	-402.197	-207.146	23.1814	-2.22848e-22	-9.65129e-22	-5.9467e-22	-33.2143	-23.9565	57.9723
0.152	-405.18	-208.295	19.4481	1.60892e-21	-4.02555e-22	-9.4516e-23	-33.52	-24.1815	58.0906
0.153	-408.139	-209.422	15.6741	-1.33728e-21	6.30914e-21	-2.51719e-21	-33.825	-24.4062	58.2055
0.154	-411.074	-210.528	11.8601	3.86866e-22	-1.22223e-21	-6.33913e-22	-34.1293	-24.6306	58.3171
0.155	-413.983	-211.61	8.00661	1.79642e-21	2.64398e-21	-1.71575e-21	-34.4329	-24.8545	58.4255
0.156	-416.868	-212.67	4.1141	-8.85093e-23	3.48383e-22	-2.36085e-22	-34.7358	-25.0781	58.5307
0.157	-419.727	-213.707	0.18314	-3.93248e-22	3.59549e-21	-1.22374e-21	-35.038	-25.3013	58.6326
0.158	-422.56	-214.72	-3.78573	-3.33569e-21	-4.90545e-21	-2.85496e-21	-35.3393	-25.524	58.7313
0.159	-425.367	-215.711	-7.79197	-1.88475e-21	2.40145e-21	-2.38812e-21	-35.6399	-25.7463	58.8268
0.16	-428.148	-216.677	-11.835	5.65056e-22	1.09147e-21	-1.3798e-21	-35.9396	-25.9681	58.9192
0.161	-430.903	-217.621	-15.9144	-1.4608e-21	-4.65999e-21	1.09042e-21	-36.2385	-26.1894	59.0085
0.162	-433.63	-218.54	-20.0294	9.81374e-22	1.8268e-21	-4.52247e-22	-36.5366	-26.4103	59.0946
0.163	-436.331	-219.435	-24.1797	-9.56184e-22	2.21775e-21	-2.18034e-22	-36.8337	-26.6306	59.1777
0.164	-439.004	-220.306	-28.3646	2.53147e-22	1.33813e-21	-3.282e-22	-37.13	-26.8504	59.2578
0.165	-441.65	-221.153	-32.5836	3.73862e-22	5.48196e-21	1.40552e-21	-37.4253	-27.0697	59.3348
0.166	-444.268	-221.975	-36.8361	-2.05084e-21	7.90744e-22	-3.75735e-21	-37.7197	-27.2885	59.4088
0.167	-446.858	-222.773	-41.1216	2.80573e-21	6.77342e-21	5.86511e-24	-38.0131	-27.5067	59.4798
0.168	-449.42	-223.546	-45.4396	3.17628e-21	-4.64409e-21	1.27363e-21	-38.3055	-27.7243	59.5479
0.169	-451.954	-224.294	-49.7894	3.35939e-21	4.37597e-21	-2.59658e-21	-38.5969	-27.9413	59.613
0.17	-454.459	-225.017	-54.1706	-1.26001e-21	-7.28321e-21	4.46496e-22	-38.8873	-28.1578	59.6753
0.171	-456.935	-225.715	-58.5825	-2.98642e-22	6.53895e-21	3.18106e-21	-39.1767	-28.3736	59.7347
0.172	-459.383	-226.388	-63.0247	3.22365e-21	-5.74993e-21	-2.64462e-21	-39.4649	-28.5888	59.7912
0.173	-461.801	-227.036	-67.4965	2.67124e-21	7.90024e-21	8.56671e-22	-39.7521	-28.8034	59.8449
0.174	-464.19	-227.657	-71.9975	2.80272e-21	5.15586e-21	6.15668e-22	-40.0382	-29.0173	59.8959
0.175	-466.55	-228.254	-76.527	-2.79637e-21	-7.38161e-21	-1.0653e-21	-40.3232	-29.2305	59.944
0.176	-468.88	-228.825	-81.0846	-1.36614e-22	-4.58457e-21	-3.63266e-21	-40.6071	-29.4431	59.9894
0.177	-471.181	-229.37	-85.6697	4.90292e-21	1.03161e-20	3.29947e-21	-40.8898	-29.655	60.0321
0.178	-473.452	-229.889	-90.2816	6.12587e-21	4.87059e-21	3.74229e-21	-41.1714	-29.8662	60.0721
0.179	-475.693	-230.382	-94.92	-8.07415e-22	2.76465e-21	6.63589e-22	-41.4518	-30.0768	60.1094
0.18	-477.903	-230.849	-99.5842	-2.53513e-21	-5.33755e-21	-4.02062e-21	-41.7309	-30.2866	60.1441
0.181	-480.084	-231.29	-104.274	6.2564e-23	-5.10942e-21	-3.4687e-21	-42.0089	-30.4956	60.1762
0.182	-482.235	-231.705	-108.988	-6.78351e-22	4.02535e-21	-3.25576e-21	-42.2857	-30.704	60.2057
0.183	-484.355	-232.094	-113.726	-2.42852e-22	2.1146e-21	1.99828e-22	-42.5612	-30.9116	60.2327
0.184	-486.445	-232.457	-118.488	-9.15184e-22	-6.78245e-21	8.3165e-22	-42.8355	-31.1185	60.2571
0.185	-488.504	-232.793	-123.274	-2.99038e-21	-4.71676e-21	-1.34282e-21	-43.1085	-31.3246	60.279
0.186	-490.532	-233.103	-128.082	3.19123e-21	1.71661e-21	2.54697e-21	-43.3802	-31.5299	60.2984
0.187	-492.53	-233.387	-132.911	-1.75208e-21	6.36208e-22	-3.93715e-21	-43.6507	-31.7345	60.3154
0.188	-494.498	-233.644	-137.763	-1.97752e-22	-1.04398e-20	2.28964e-22	-43.9198	-31.9382	60.3299
0.189	-496.434	-233.874	-142.635	-1.04262e-21	-2.31895e-21	3.00733e-21	-44.1877	-32.1412	60.3421
0.19	-498.34	-234.079	-147.528	2.48415e-21	1.69871e-20	1.67416e-21	-44.4542	-32.3434	60.3519
0.191	-500.215	-234.256	-152.441	7.29218e-22	3.21184e-21	5.99823e-21	-44.7194	-32.5448	60.3593
0.192	-502.059	-234.407	-157.373	-1.41091e-22	1.40888e-20	4.52954e-21	-44.9832	-32.7453	60.3644
0.193	-503.872	-234.532	-162.324	-1.27191e-21	1.11403e-21	-5.86376e-23	-45.2457	-32.9451	60.3672
0.194	-505.654	-234.629	-167.294	-3.78104e-21	-1.13873e-21	4.60374e-21	-45.5068	-33.144	60.3678
0.195	-507.405	-234.701	-172.282	-2.26508e-21	-2.77046e-21	1.02191e-21	-45.7665	-33.342	60.3661
0.196	-509.125	-234.745	-177.286	3.70897e-21	3.36182e-21	5.68307e-21	-46.0249	-33.5393	60.3622
0.197	-510.814	-234.763	-182.308	-1.61305e-21	-4.55574e-21	-3.31757e-21	-46.2818	-33.7357	60.3561
0.198	-512.472	-234.755	-187.346	-9.05322e-22	-3.3127e-21	5.42236e-22	-46.5374	-33.9312	60.3479
0.199	-514.099	-234.719	-192.4	-1.39968e-22	-1.05211e-20	-2.05809e-21	-46.7915	-34.1258	60.3375
0.2	-515.695	-234.658	-197.469	-4.87142e-23	-7.14988e-21	6.72178e-22	-47.0442	-34.3196	60.325
0.201	-517.261	-234.569	-202.553	-6.89517e-22	-4.58916e-21	-2.56106e-21	-47.2955	-34.5126	60.3104
0.202	-518.795	-234.454	-207.652	-3.24463e-21	-4.9444e-21	-4.76896e-21	-47.5453	-34.7046	60.2937
0.203	-520.298	-234.312	-212.764	4.03436e-21	1.80425e-20	1.312e-21	-47.7937	-34.8958	60.2751
0.204	-521.771	-234.144	-217.889	4.02399e-21	5.42305e-21	6.70274e-22	-48.0407	-35.0861	60.2544
0.205	-523.212	-233.95	-223.028	-7.31438e-22	-6.86906e-23	-4.76286e-21	-48.2862	-35.2755	60.2317
0.206	-524.623	-233.728	-228.179	-3.20245e-21	-2.4078e-21	5.93065e-21	-48.5302	-35.464	60.2071
0.207	-526.003	-233.481	-233.342	-8.77894e-22	4.93139e-21	9.43906e-22	-48.7728	-35.6516	60.1806
0.208	-527.352	-233.207	-238.516	5.50026e-22	-4.64605e-21	1.25646e-21	-49.0138	-35.8383	60.1521
0.209	-528.671	-232.906	-243.702	4.02406e-21	7.82296e-21	4.50055e-21	-49.2534	-36.0241	60.1218
0.21	-529.959	-232.579	-248.898	4.88517e-22	3.03592e-21	5.73795e-21	-49.4915	-36.2089	60.0896
0.211	-531.217	-232.226	-254.104	-4.96666e-22	6.48524e-21	6.52963e-21	-49.7281	-36.3929	60.0556
0.212	-532.444	-231.847	-259.319	-7.27447e-21	-5.72596e-21	-4.35654e-21	-49.9632	-36.5759	60.0197
0.213	-533.641	-231.441	-264.544	-1.47737e-21	-6.30575e-21	1.33476e-21	-50.1968	-36.7581	59.9821
0.214	-534.807	-231.01	-269.778	-1.58798e-21	-1.17196e-20	-5.27143e-21	-50.4289	-36.9393	59.9428
0.215	-535.943	-230.552	-275.02	3.39909e-22	3.00217e-22	8.33953e-22	-50.6595	-37.1195	59.9017
0.216	-537.049	-230.068	-280.269	-4.05519e-21	-4.1576e-21	-8.03995e-21	-50.8886	-37.2989	59.8589
0.217	-538.125	-229.558	-285.526	-1.73666e-21	-4.24032e-21	1.33616e-21	-51.1161	-37.4773	59.8144
0.218	-539.171	-229.022	-290.79	-3.26547e-21	-4.73439e-21	-5.78457e-22	-51.3421	-37.6548	59.7683
0.219	-540.188	-228.46	-296.061	1.06574e-21	1.8617e-20	-6.73675e-22	-51.5666	-37.8313	59.7205
0.22	-541.174	-227.873	-301.338	3.49621e-21	4.76831e-21	5.51569e-21	-51.7895	-38.0069	59.6711
0.221	-542.131	-227.26	-306.62	7.0381e-22	-7.90159e-21	-9.4003e-22	-52.0109	-38.1815	59.6201
0.222	-543.058	-226.621	-311.908	-3.66577e-21	1.8528e-21	-3.98382e-21	-52.2308	-38.3553	59.5676
0.223	-543.956	-225.956	-317.2	-2.9039e-21	-2.37018e-21	-7.33109e-21	-52.4492	-38.528	59.5135
0.224	-544.825	-225.267	-322.497	-1.6483e-21	2.50718e-21	-7.70757e-21	-52.666	-38.6999	59.4579
0.225	-545.665	-224.551	-327.798	-2.20616e-21	-1.69977e-21	-3.46859e-21	-52.8812	-38.8707	59.4008
0.226	-546.475	-223.811	-333.103	-3.15638e-21	-3.60475e-21	2.08597e-21	-53.0949	-39.0407	59.3423
0.227	-547.257	-223.045	-338.411	5.99746e-22	-5.27651e-21	-3.99928e-21	-53.3071	-39.2096	59.2823
0.228	-548.01	-222.254	-343.722	-7.16888e-22	6.60534e-21	-5.74435e-22	-53.5177	-39.3777	59.2209
0.229	-548.734	-221.437	-349.035	-3.96449e-21	-5.3004e-21	-1.15445e-20	-53.7267	-39.5448	59.158
0.23	-549.429	-220.596	-354.351	-3.13858e-21	-7.49933e-21	1.95251e-21	-53.9343	-39.7109	59.0938
0.231	-550.097	-219.73	-359.668	6.31295e-21	3.28047e-21	9.80564e-21	-54.1402	-39.8761	59.0282
0.232	-550.736	-218.84	-364.987	1.5097e-22	-2.5649e-21	-1.7887e-21	-54.3446	-40.0403	58.9613
0.233	-551.347	-217.924	-370.306	5.5499e-21	4.63177e-23	6.00452e-21	-54.5475	-40.2036	58.8931
0.234	-551.93	-216.984	-375.626	-3.34284e-21	-2.00935e-22	-5.89431e-21	-54.7488	-40.3659	58.8236
0.235	-552.486	-216.019	-380.947	5.75958e-21	6.15978e-21	-1.10934e-21	-54.9485	-40.5273	58.7528
0.236	-553.013	-215.03	-386.267	-1.38037e-21	3.57786e-21	-2.58534e-21	-55.1467	-40.6877	58.6808
0.237	-553.514	-214.017	-391.587	-7.77657e-21	-1.30143e-20	-3.99106e-21	-55.3434	-40.8472	58.6075
0.238	-553.987	-212.979	-396.906	-2.29377e-22	-6.17104e-21	-4.96865e-21	-55.5385	-41.0057	58.533
0.239	-554.433	-211.918	-402.224	-1.11251e-21	5.6123e-21	1.47203e-21	-55.732	-41.1633	58.4574
0.24	-554.852	-210.832	-407.54	-6.29694e-21	-1.33733e-20	-6.14047e-21	-55.924	-41.3199	58.3806
0.241	-555.244	-209.723	-412.855	-1.04554e-21	-3.3886e-21	6.86568e-21	-56.1145	-41.4755	58.3026
0.242	-555.61	-208.59	-418.168	1.11445e-21	5.70073e-21	4.31074e-21	-56.3034	-41.6303	58.2235
0.243	-555.949	-207.433	-423.478	-7.11289e-22	-8.37494e-22	8.52774e-22	-56.4907	-41.7841	58.1433
0.244	-556.262	-206.252	-428.785	5.43896e-21	3.96547e-21	3.0583e-21	-56.6766	-41.9369	58.062
0.245	-556.549	-205.049	-434.089	4.26317e-21	7.26367e-21	-2.6813e-21	-56.8608	-42.0888	57.9797
0.246	-556.81	-203.821	-439.39	-6.26351e-21	-5.4058e-21	-4.61022e-21	-57.0435	-42.2397	57.8963
0.247	-557.045	-202.571	-444.687	-8.75462e-21	-9.64004e-21	-1.09463e-20	-57.2247	-42.3897	57.8119
0.248	-557.255	-201.298	-449.98	-7.29473e-22	1.14938e-21	5.78143e-21	-57.4044	-42.5388	57.7265
0.249	-557.439	-200.001	-455.269	4.32305e-21	-7.73156e-22	-1.65443e-21	-57.5825	-42.6869	57.64
0.25	-557.598	-198.682	-460.553	-8.15987e-21	-4.57821e-21	-3.5178e-21	-57.7591	-42.8341	57.5527
0.251	-557.733	-197.34	-465.833	9.97866e-22	-4.18457e-21	-4.01961e-21	-57.9341	-42.9803	57.4643
0.252	-557.842	-195.976	-471.107	-2.09155e-21	-5.30752e-22	-5.90374e-21	-58.1077	-43.1256	57.3751
0.253	-557.927	-194.589	-476.376	9.34409e-22	-8.67944e-22	2.96979e-21	-58.2797	-43.27	57.2849
0.254	-557.987	-193.18	-481.639	-3.62957e-21	3.74297e-21	-7.45133e-21	-58.4502	-43.4135	57.1939
0.255	-558.024	-191.748	-486.896	-1.17377e-20	-4.36823e-21	-1.14077e-20	-58.6191	-43.556	57.1019
0.256	-558.036	-190.295	-492.146	-4.43197e-21	-6.16404e-21	-8.06069e-21	-58.7866	-43.6976	57.0091
0.257	-558.024	-188.819	-497.39	-1.12065e-21	2.83748e-21	-6.96703e-22	-58.9525	-43.8383	56.9155
0.258	-557.989	-187.322	-502.628	-4.40074e-21	-9.56126e-21	-6.15664e-21	-59.117	-43.978	56.821
0.259	-557.931	-185.803	-507.858	-5.29303e-22	3.24123e-21	-8.08009e-22	-59.2799	-44.1169	56.7258
0.26	-557.849	-184.262	-513.081	-4.35877e-21	1.06412e-21	-4.54827e-21	-59.4413	-44.2548	56.6297
0.261	-557.744	-182.7	-518.296	-9.60442e-22	5.49301e-21	2.81653e-21	-59.6012	-44.3918	56.5329
0.262	-557.617	-181.117	-523.504	4.55284e-21	6.34993e-22	5.06244e-21	-59.7597	-44.5279	56.4353
0.263	-557.467	-179.512	-528.703	-4.22389e-22	-1.77016e-21	4.04794e-21	-59.9166	-44.6631	56.337
0.264	-557.294	-177.886	-533.895	6.38858e-21	4.21443e-22	7.86531e-21	-60.0721	-44.7974	56.2379
0.265	-557.1	-176.24	-539.078	-4.52196e-21	-3.90429e-22	-4.74254e-21	-60.226	-44.9308	56.1382
0.266	-556.883	-174.572	-544.252	-2.55761e-21	3.97632e-21	4.60279e-21	-60.3785	-45.0632	56.0378
0.267	-556.645	-172.884	-549.417	-7.2712e-21	9.20304e-23	2.09772e-21	-60.5296	-45.1948	55.9367
0.268	-556.385	-171.176	-554.573	5.27288e-21	1.86984e-20	2.3816e-21	-60.6791	-45.3255	55.8349
0.269	-556.103	-169.447	-559.719	2.09483e-22	-3.25098e-21	-7.79354e-21	-60.8272	-45.4553	55.7325
0.27	-555.801	-167.697	-564.856	-5.23368e-21	-3.22007e-21	-7.80759e-21	-60.9738	-45.5842	55.6295
0.271	-555.478	-165.928	-569.984	1.56589e-21	-6.07323e-21	2.06989e-21	-61.119	-45.7122	55.5258
0.272	-555.134	-164.138	-575.101	5.37496e-21	5.86309e-21	7.04886e-21	-61.2627	-45.8394	55.4216
0.273	-554.769	-162.329	-580.208	1.85158e-21	-3.39554e-21	-1.18884e-20	-61.405	-45.9656	55.3168
0.274	-554.385	-160.5	-585.304	-7.20819e-21	5.60547e-21	2.37718e-21	-61.5459	-46.091	55.2114
0.275	-553.98	-158.652	-590.39	5.38e-21	1.49685e-21	4.07986e-21	-61.6853	-46.2156	55.1055
0.276	-553.555	-156.784	-595.466	-7.49014e-21	-7.38132e-21	-6.77576e-21	-61.8232	-46.3392	54.999
0.277	-553.111	-154.896	-600.53	-6.20221e-21	-1.0352e-20	-3.00241e-21	-61.9598	-46.462	54.8921
0.278	-552.648	-152.99	-605.583	-4.68445e-21	-6.60206e-21	1.23123e-21	-62.0949	-46.5839	54.7846
0.279	-552.165	-151.064	-610.625	5.86229e-21	6.82342e-21	1.37579e-20	-62.2286	-46.705	54.6766
0.28	-551.663	-149.12	-615.655	-1.87556e-22	2.62727e-21	-5.96493e-21	-62.3609	-46.8252	54.5681
0.281	-551.142	-147.156	-620.674	7.27896e-21	7.7188e-21	7.90153e-21	-62.4918	-46.9445	54.4592
0.282	-550.603	-145.174	-625.681	-3.60826e-21	-5.18222e-21	6.76202e-21	-62.6213	-47.0631	54.3498
0.283	-550.046	-143.174	-630.676	-5.67471e-22	-1.05187e-21	4.11912e-21	-62.7494	-47.1807	54.24
0.284	-549.47	-141.155	-635.658	-6.83309e-21	-8.05678e-21	-2.00458e-21	-62.8761	-47.2975	54.1297
0.285	-548.877	-139.118	-640.629	-8.1243e-21	-5.07151e-21	-4.33353e-21	-63.0015	-47.4135	54.019
0.286	-548.266	-137.063	-645.587	-1.27131e-20	-1.8817e-20	-6.05053e-21	-63.1254	-47.5287	53.908
0.287	-547.638	-134.989	-650.532	-6.69047e-21	5.85507e-22	-9.09718e-22	-63.248	-47.643	53.7965
0.288	-546.992	-132.898	-655.465	1.95959e-21	5.59339e-21	-4.91537e-21	-63.3692	-47.7565	53.6847
0.289	-546.329	-130.79	-660.384	-5.5525e-21	-2.0959e-21	3.55531e-21	-63.4891	-47.8692	53.5725
0.29	-545.65	-128.663	-665.291	-7.58812e-21	-2.53733e-22	1.5746e-21	-63.6076	-47.9811	53.4599
0.291	-544.953	-126.52	-670.185	-4.84501e-24	6.05646e-21	6.31896e-21	-63.7248	-48.0921	53.347
0.292	-544.241	-124.359	-675.065	1.23324e-20	7.44725e-21	2.51105e-21	-63.8406	-48.2024	53.2338
0.293	-543.512	-122.181	-679.932	-5.98383e-21	1.36596e-22	-2.73597e-21	-63.9551	-48.3118	53.1203
0.294	-542.768	-119.985	-684.785	-4.87434e-22	5.63579e-21	2.72622e-21	-64.0682	-48.4204	53.0064
0.295	-542.007	-117.773	-689.625	4.97462e-21	5.61431e-21	8.19055e-21	-64.18	-48.5283	52.8923
0.296	-541.232	-115.544	-694.451	-1.69785e-22	2.46573e-21	2.72427e-22	-64.2905	-48.6353	52.7779
0.297	-540.441	-113.299	-699.263	-2.42423e-21	4.52392e-21	5.20721e-21	-64.3997	-48.7416	52.6632
0.298	-539.635	-111.037	-704.061	-3.0871e-21	-4.92727e-21	4.16539e-21	-64.5076	-48.847	52.5483
0.299	-538.814	-108.759	-708.844	-5.24856e-21	-4.47881e-21	-2.66622e-21	-64.6142	-48.9517	52.4331
0.3	-537.978	-106.464	-713.614	-1.35275e-20	-7.08094e-21	-3.50219e-21	-64.7195	-49.0556	52.3176
0.301	-537.128	-104.153	-718.369	-5.99735e-21	4.65726e-21	2.67965e-21	-64.8235	-49.1588	52.202
0.302	-536.264	-101.827	-723.11	-1.88574e-21	-6.97671e-21	-5.62423e-22	-64.9262	-49.2611	52.0861
0.303	-535.386	-99.4842	-727.836	2.42217e-21	-3.8708e-22	3.64536e-22	-65.0277	-49.3627	51.97
0.304	-534.494	-97.126	-732.548	-1.17222e-20	-3.74633e-21	-6.04858e-21	-65.1278	-49.4636	51.8537
0.305	-533.588	-94.7523	-737.245	1.3382e-21	3.00085e-21	-1.34322e-21	-65.2267	-49.5636	51.7373
0.306	-532.67	-92.363	-741.927	-1.01975e-20	-9.66434e-21	-1.52783e-20	-65.3244	-49.663	51.6206
0.307	-531.738	-89.9585	-746.595	-1.74368e-21	-2.29463e-21	-9.07796e-23	-65.4208	-49.7615	51.5038
0.308	-530.793	-87.5387	-751.247	-8.72741e-21	-5.83356e-21	-3.67385e-21	-65.516	-49.8594	51.3868
0.309	-529.835	-85.1039	-755.884	-3.99153e-22	5.72538e-22	1.13561e-20	-65.6099	-49.9565	51.2697
0.31	-528.865	-82.6542	-760.506	3.56297e-21	9.8077e-21	1.10719e-20	-65.7026	-50.0528	51.1524
0.311	-527.883	-80.1897	-765.113	-5.60114e-21	-6.7631e-21	-5.54208e-22	-65.7941	-50.1484	51.035
0.312	-526.889	-77.7104	-769.705	-7.30479e-21	-8.2074e-22	6.19554e-22	-65.8843	-50.2433	50.9175
0.313	-525.882	-75.2167	-774.281	-1.59349e-21	5.55094e-22	-4.89435e-21	-65.9734	-50.3375	50.7999
0.314	-524.864	-72.7084	-778.842	-7.53127e-21	1.89103e-21	-9.73444e-21	-66.0612	-50.431	50.6821
0.315	-523.835	-70.1859	-783.387	-1.29587e-20	-7.2716e-21	-1.34912e-21	-66.1478	-50.5237	50.5643
0.316	-522.794	-67.6493	-787.917	-3.12063e-21	-5.3433e-21	-1.22204e-20	-66.2333	-50.6157	50.4463
0.317	-521.743	-65.0985	-792.431	4.73323e-21	4.053e-21	1.35721e-22	-66.3175	-50.707	50.3283
0.318	-520.68	-62.5338	-796.93	-1.21611e-20	-5.01586e-21	-9.22848e-21	-66.4006	-50.7976	50.2103
0.319	-519.607	-59.9554	-801.413	-1.22266e-21	7.3978e-21	-4.79362e-21	-66.4825	-50.8876	50.0921
0.32	-518.524	-57.3632	-805.88	-4.96973e-21	-4.5487e-21	-1.11188e-21	-66.5632	-50.9768	49.9739
0.321	-517.43	-54.7575	-810.331	-5.63824e-21	1.56305e-21	1.36735e-21	-66.6428	-51.0653	49.8557
0.322	-516.327	-52.1383	-814.766	5.19749e-21	2.91428e-21	1.16442e-20	-66.7212	-51.1532	49.7374
0.323	-515.213	-49.5058	-819.186	-4.36415e-21	-3.33165e-21	-5.74939e-21	-66.7985	-51.2403	49.619
0.324	-514.09	-46.8601	-823.589	-6.98995e-21	9.61371e-22	-6.50508e-21	-66.8746	-51.3268	49.5007
0.325	-512.958	-44.2014	-827.977	1.30917e-20	2.50025e-21	-1.15963e-20	-66.9496	-51.4126	49.3823
0.326	-511.816	-41.5297	-832.348	1.48822e-21	6.39866e-21	-3.39064e-21	-67.0235	-51.4977	49.264
0.327	-510.665	-38.8451	-836.704	1.95177e-21	-2.14634e-21	1.183e-21	-67.0962	-51.5822	49.1456
0.328	-509.506	-36.1478	-841.043	-9.59843e-21	-3.36907e-21	-3.01134e-21	-67.1678	-51.666	49.0272
0.329	-508.338	-33.4379	-845.366	-1.39045e-21	-2.88564e-21	8.77017e-22	-67.2384	-51.7492	48.9088
0.33	-507.162	-30.7155	-849.673	-6.3098e-21	6.59942e-22	-3.31329e-21	-67.3078	-51.8317	48.7905
0.331	-505.977	-27.9807	-853.963	-8.52786e-21	-1.32032e-20	-1.35242e-20	-67.3761	-51.9135	48.6721
0.332	-504.784	-25.2337	-858.238	-1.03649e-20	-8.47344e-21	-1.10242e-20	-67.4433	-51.9948	48.5538
0.333	-503.584	-22.4745	-862.496	6.11986e-22	3.86306e-21	1.05321e-20	-67.5095	-52.0753	48.4355
0.334	-502.376	-19.7033	-866.738	9.56008e-21	4.96344e-21	-1.91804e-21	-67.5745	-52.1553	48.3173
0.335	-501.16	-16.9201	-870.963	-8.9216e-21	-6.33234e-21	-4.12982e-21	-67.6385	-52.2346	48.1991
0.336	-499.938	-14.1252	-875.172	-8.83658e-21	-7.9869e-21	2.55272e-21	-67.7015	-52.3132	48.081
0.337	-498.708	-11.3185	-879.365	-5.48457e-21	-1.04055e-21	-2.83976e-22	-67.7633	-52.3913	47.9629
0.338	-497.471	-8.50031	-883.542	-1.03012e-20	-7.78846e-21	-6.36443e-21	-67.8242	-52.4687	47.8449
0.339	-496.228	-5.67061	-887.702	2.43286e-21	-1.35133e-21	-1.32411e-20	-67.8839	-52.5455	47.727
0.34	-494.978	-2.82954	-891.846	-3.54578e-21	-2.40089e-21	-5.99438e-21	-67.9427	-52.6217	47.6092
0.341	-493.722	0.0227894	-895.973	1.33672e-20	-9.13802e-22	9.56687e-21	-68.0004	-52.6973	47.4914
0.342	-492.46	2.88626	-900.084	8.44114e-21	-7.044e-23	-9.1069e-22	-68.0571	-52.7723	47.3737
0.343	-491.192	5.76078	-904.178	8.28179e-21	-4.65151e-21	-2.18205e-21	-68.1127	-52.8467	47.2561
0.344	-489.918	8.64623	-908.256	-2.15026e-21	-7.96737e-21	-8.45331e-21	-68.1674	-52.9204	47.1386
0.345	-488.639	11.5425	-912.318	-1.10054e-21	-2.19647e-21	-1.22957e-20	-68.221	-52.9936	47.0212
0.346	-487.354	14.4495	-916.363	-4.11533e-21	-8.16134e-21	-7.76876e-21	-68.2736	-53.0663	46.9039
0.347	-486.064	17.3671	-920.392	-1.29232e-20	-7.26879e-21	-7.19385e-21	-68.3253	-53.1383	46.7868
0.348	-484.77	20.2953	-924.404	-7.60409e-21	-6.43334e-21	2.7039e-21	-68.3759	-53.2097	46.6697
0.349	-483.47	23.2338	-928.4	-2.12345e-21	-1.27265e-21	2.7115e-21	-68.4256	-53.2806	46.5528
0.35	-482.166	26.1826	-932.379	1.4572e-21	4.63551e-22	1.10674e-22	-68.4743	-53.3509	46.436
0.351	-480.857	29.1417	-936.342	1.24427e-20	1.5339e-22	1.11182e-20	-68.522	-53.4206	46.3193
0.352	-479.544	32.1109	-940.289	-1.36483e-20	-9.89432e-21	-7.19962e-21	-68.5688	-53.4898	46.2028
0.353	-478.227	35.09	-944.219	1.03179e-20	6.72164e-21	1.18283e-20	-68.6146	-53.5584	46.0864
0.354	-476.906	38.0791	-948.132	-4.45827e-21	1.91048e-22	-9.51411e-21	-68.6594	-53.6264	45.9701
0.355	-475.581	41.078	-952.03	3.68492e-22	6.7221e-21	1.17241e-20	-68.7033	-53.6939	45.854
0.356	-474.252	44.0865	-955.911	-8.10342e-21	6.53884e-21	-1.10309e-21	-68.7463	-53.7608	45.738
0.357	-472.921	47.1047	-959.775	1.65472e-21	4.506e-22	5.82306e-22	-68.7883	-53.8272	45.6222
0.358	-471.586	50.1324	-963.623	-3.80409e-21	8.93691e-22	6.89774e-22	-68.8294	-53.8931	45.5066
0.359	-470.247	53.1695	-967.455	2.15775e-20	5.6282e-21	8.40444e-21	-68.8696	-53.9584	45.3911
0.36	-468.906	56.216	-971.271	-1.16506e-21	-5.14965e-22	8.39834e-22	-68.9088	-54.0232	45.2758
0.361	-467.563	59.2716	-975.07	2.82694e-22	9.51373e-22	2.5605e-21	-68.9472	-54.0874	45.1607
0.362	-466.216	62.3364	-978.853	-4.73443e-21	3.00148e-22	-2.60408e-21	-68.9846	-54.1511	45.0458
0.363	-464.868	65.4103	-982.619	1.39024e-21	5.53659e-21	8.74757e-21	-69.0212	-54.2143	44.931
0.364	-463.517	68.493	-986.37	2.33434e-21	7.12917e-22	-1.54179e-21	-69.0568	-54.277	44.8164
0.365	-462.164	71.5847	-990.104	2.36209e-21	9.33115e-23	-7.01945e-21	-69.0916	-54.3392	44.702
0.366	-460.809	74.685	-993.822	-1.25379e-20	-1.2921e-21	-1.57482e-20	-69.1255	-54.4008	44.5878
0.367	-459.452	77.7941	-997.523	1.93395e-20	1.16774e-20	1.35954e-20	-69.1585	-54.462	44.4737
0.368	-458.094	80.9117	-1001.21	-6.72782e-21	-3.47764e-21	-1.33409e-20	-69.1906	-54.5226	44.3599
0.369	-456.734	84.0379	-1004.88	2.06602e-21	1.03083e-21	1.24084e-20	-69.2219	-54.5827	44.2463
0.37	-455.374	87.1724	-1008.53	-3.42049e-21	-4.70413e-21	-3.99627e-21	-69.2523	-54.6424	44.1328
0.371	-454.012	90.3153	-1012.17	8.30667e-21	5.29996e-21	-2.27173e-21	-69.2819	-54.7015	44.0196
0.372	-452.649	93.4664	-1015.79	1.32186e-20	-7.86729e-24	-1.10541e-20	-69.3106	-54.7602	43.9066
0.373	-451.285	96.6256	-1019.4	1.72368e-21	1.34465e-21	-3.47927e-21	-69.3385	-54.8183	43.7938
0.374	-449.921	99.7929	-1022.98	-6.71627e-21	-3.58539e-21	-8.26191e-21	-69.3656	-54.876	43.6812
0.375	-448.556	102.968	-1026.56	-7.15639e-21	-5.79848e-21	-5.21307e-21	-69.3918	-54.9332	43.5688
0.376	-447.191	106.151	-1030.11	1.2364e-20	4.43578e-21	1.10034e-20	-69.4172	-54.9899	43.4567
0.377	-445.826	109.342	-1033.66	2.38318e-21	-4.02295e-21	8.38005e-21	-69.4417	-55.0462	43.3447
0.378	-444.46	112.541	-1037.18	-7.88987e-21	-7.66444e-22	-2.42686e-21	-69.4655	-55.1019	43.233
0.379	-443.095	115.747	-1040.69	-8.85843e-21	-5.42942e-21	1.15518e-20	-69.4884	-55.1572	43.1215
0.38	-441.73	118.961	-1044.19	2.14376e-20	6.6441e-21	1.30816e-20	-69.5106	-55.2121	43.0102
0.381	-440.366	122.182	-1047.66	-9.87245e-21	-3.68382e-21	-3.62845e-21	-69.532	-55.2665	42.8992
0.382	-439.002	125.411	-1051.13	-9.84047e-21	-1.5226e-21	-3.80959e-21	-69.5525	-55.3204	42.7884
0.383	-437.639	128.647	-1054.57	2.29388e-21	5.58888e-21	-1.67547e-21	-69.5723	-55.3739	42.6778
0.384	-436.277	131.89	-1058	-1.77628e-21	-1.15077e-21	-1.35854e-20	-69.5913	-55.4269	42.5675
0.385	-434.916	135.141	-1061.42	-2.73424e-21	5.31775e-21	-7.95805e-22	-69.6095	-55.4794	42.4574
0.386	-433.556	138.398	-1064.82	1.91739e-20	4.90615e-21	-6.59982e-21	-69.627	-55.5316	42.3475
0.387	-432.197	141.663	-1068.2	1.55802e-20	5.8496e-23	-1.81796e-21	-69.6436	-55.5833	42.2379
0.388	-430.84	144.934	-1071.57	-5.7087e-21	-4.79286e-22	-9.20661e-21	-69.6596	-55.6345	42.1285
0.389	-429.484	148.213	-1074.93	2.07098e-21	-2.23639e-21	-2.34231e-21	-69.6747	-55.6853	42.0194
0.39	-428.13	151.498	-1078.26	-2.37409e-21	1.20545e-21	-5.7496e-21	-69.6892	-55.7357	41.9105
0.391	-426.778	154.789	-1081.59	-2.3157e-21	-1.81351e-21	-5.7518e-21	-69.7028	-55.7857	41.8019
0.392	-425.428	158.088	-1084.89	-1.14867e-20	-3.00876e-21	-3.33566e-21	-69.7158	-55.8352	41.6935
0.393	-424.08	161.393	-1088.19	-1.94032e-21	-3.72214e-21	-7.91469e-21	-69.728	-55.8843	41.5854
0.394	-422.735	164.704	-1091.46	2.12016e-20	-1.26473e-21	-8.49518e-22	-69.7395	-55.933	41.4775
0.395	-421.392	168.022	-1094.72	1.54812e-20	5.57289e-21	2.38748e-21	-69.7502	-55.9812	41.3699
0.396	-420.051	171.346	-1097.97	1.18095e-20	1.18091e-21	-1.24187e-20	-69.7603	-56.0291	41.2625
0.397	-418.713	174.677	-1101.2	-1.1707e-20	-1.56842e-21	-1.38549e-21	-69.7696	-56.0765	41.1554
0.398	-417.378	178.013	-1104.42	-1.75711e-20	-6.79242e-21	2.00981e-21	-69.7782	-56.1236	41.0486
0.399	-416.046	181.356	-1107.62	6.2966e-21	1.30848e-21	1.33771e-20	-69.7861	-56.1702	40.942
0.4	-414.717	184.705	-1110.81	-1.73082e-20	-4.36421e-21	-4.19464e-21	-69.7933	-56.2164	40.8357
0.401	-413.391	188.06	-1113.98	-1.46163e-20	-4.72782e-21	-1.40786e-20	-69.7998	-56.2623	40.7296
0.402	-412.069	191.42	-1117.14	-9.87874e-21	6.83881e-21	-1.03195e-20	-69.8057	-56.3077	40.6238
0.403	-410.75	194.787	-1120.28	2.04582e-21	-4.04037e-21	-4.56588e-21	-69.8108	-56.3527	40.5183
0.404	-409.435	198.159	-1123.41	-1.24786e-21	-2.46012e-22	1.10177e-21	-69.8153	-56.3974	40.413
0.405	-408.123	201.537	-1126.52	1.23611e-20	3.37593e-21	-1.18537e-21	-69.8191	-56.4417	40.308
0.406	-406.815	204.921	-1129.62	6.93852e-21	1.40235e-21	1.0302e-20	-69.8222	-56.4855	40.2033
0.407	-405.512	208.31	-1132.7	-1.53427e-20	-1.05594e-21	2.43013e-21	-69.8247	-56.529	40.0988
0.408	-404.212	211.705	-1135.77	2.17867e-21	3.28186e-21	1.18561e-20	-69.8265	-56.5722	39.9946
0.409	-402.916	215.106	-1138.82	1.84696e-22	-4.08796e-21	9.84604e-22	-69.8276	-56.6149	39.8907
0.41	-401.625	218.511	-1141.86	-7.74332e-21	-1.01738e-21	-1.54631e-20	-69.8281	-56.6573	39.787
0.411	-400.339	221.922	-1144.89	1.35936e-21	-4.02199e-21	-9.77375e-21	-69.8279	-56.6993	39.6836
0.412	-399.057	225.339	-1147.9	-3.254e-21	-2.66544e-21	-6.24447e-21	-69.8271	-56.7409	39.5805
0.413	-397.78	228.76	-1150.9	9.48006e-21	-7.3209e-22	-1.10369e-21	-69.8257	-56.7821	39.4777
0.414	-396.507	232.187	-1153.88	-1.06106e-20	-6.55432e-22	7.50981e-22	-69.8236	-56.823	39.3751
0.415	-395.24	235.619	-1156.85	3.12489e-22	1.91059e-21	1.36904e-20	-69.8209	-56.8636	39.2728
0.416	-393.977	239.056	-1159.8	1.7988e-20	3.10381e-21	1.00102e-20	-69.8176	-56.9038	39.1708
0.417	-392.72	242.497	-1162.74	-3.48814e-21	-5.55374e-22	1.54616e-21	-69.8137	-56.9436	39.0691
0.418	-391.468	245.944	-1165.67	5.82237e-21	-2.61554e-21	-7.9363e-21	-69.8091	-56.983	38.9676
0.419	-390.222	249.396	-1168.58	-1.2212e-20	-2.23399e-21	-1.83708e-20	-69.8039	-57.0222	38.8664
0.42	-388.981	252.852	-1171.48	1.06004e-21	2.91082e-22	1.05602e-20	-69.7981	-57.0609	38.7655
0.421	-387.746	256.313	-1174.36	-2.16814e-20	-5.78408e-21	-9.73956e-21	-69.7918	-57.0994	38.6649
0.422	-386.516	259.779	-1177.23	9.38844e-21	3.88674e-21	1.29285e-20	-69.7848	-57.1374	38.5645
0.423	-385.292	263.249	-1180.09	3.9671e-21	3.28912e-21	-6.1575e-21	-69.7772	-57.1752	38.4644
0.424	-384.075	266.724	-1182.93	1.15751e-20	-4.31938e-22	-4.70587e-21	-69.7691	-57.2126	38.3646
0.425	-382.863	270.204	-1185.76	-9.21184e-21	-8.13283e-22	-1.7706e-21	-69.7603	-57.2496	38.2651
0.426	-381.658	273.688	-1188.58	3.56512e-21	2.76528e-21	-5.69056e-21	-69.751	-57.2864	38.1659
0.427	-380.459	277.176	-1191.38	4.37486e-21	2.8651e-21	1.60874e-20	-69.7411	-57.3228	38.0669
0.428	-379.266	280.669	-1194.17	8.59198e-21	-2.97545e-21	9.04714e-21	-69.7306	-57.3588	37.9682
0.429	-378.08	284.166	-1196.94	1.86514e-21	-3.65001e-21	-6.76682e-21	-69.7196	-57.3946	37.8698
0.43	-376.9	287.667	-1199.71	1.63506e-20	3.02069e-21	-6.30143e-21	-69.708	-57.43	37.7717
0.431	-375.728	291.172	-1202.45	-1.65694e-21	1.02013e-21	-3.70737e-21	-69.6958	-57.4651	37.6738
0.432	-374.562	294.682	-1205.19	3.2153e-21	2.81547e-21	-5.87944e-22	-69.6831	-57.4999	37.5762
0.433	-373.403	298.196	-1207.91	5.35787e-21	-7.1549e-22	-1.8938e-21	-69.6698	-57.5343	37.479
0.434	-372.251	301.713	-1210.62	-1.60997e-20	-3.77679e-21	-1.05866e-20	-69.6559	-57.5685	37.3819
0.435	-371.106	305.235	-1213.32	4.69517e-22	4.50651e-22	1.35853e-20	-69.6416	-57.6023	37.2852
0.436	-369.969	308.761	-1216	1.22814e-20	-9.46022e-22	8.7947e-21	-69.6266	-57.6358	37.1887
0.437	-368.839	312.29	-1218.67	-3.20701e-21	-3.86359e-21	1.91264e-26	-69.6112	-57.669	37.0925
0.438	-367.716	315.823	-1221.33	-1.21505e-20	-2.64175e-21	-8.76115e-21	-69.5952	-57.7019	36.9966
0.439	-366.601	319.361	-1223.97	-2.65538e-20	-2.00668e-21	-2.03824e-21	-69.5787	-57.7345	36.901
0.44	-365.493	322.901	-1226.6	2.50454e-21	-2.91606e-21	1.2668e-20	-69.5616	-57.7668	36.8057
0.441	-364.394	326.446	-1229.22	5.07528e-21	1.22082e-21	-1.3719e-21	-69.5441	-57.7988	36.7106
0.442	-363.302	329.994	-1231.82	-3.49985e-21	5.79312e-21	1.21365e-20	-69.526	-57.8305	36.6158
0.443	-362.218	333.546	-1234.42	-1.15578e-20	-3.08577e-22	-6.07089e-21	-69.5074	-57.8618	36.5213
0.444	-361.142	337.101	-1237	3.323e-20	5.26927e-21	2.36578e-21	-69.4883	-57.8929	36.427
0.445	-360.074	340.66	-1239.57	3.79871e-20	3.4187e-21	9.94845e-21	-69.4687	-57.9237	36.3331
0.446	-359.015	344.222	-1242.12	-4.41319e-21	-3.1819e-21	-7.29291e-21	-69.4486	-57.9543	36.2394
0.447	-357.963	347.788	-1244.66	-1.79353e-21	3.89664e-21	-2.18747e-21	-69.4279	-57.9845	36.146
0.448	-356.921	351.357	-1247.19	1.35124e-20	3.18289e-21	9.23917e-21	-69.4068	-58.0144	36.0528
0.449	-355.886	354.929	-1249.71	-4.66198e-21	1.18088e-21	1.42783e-21	-69.3852	-58.0441	35.9599
0.45	-354.861	358.505	-1252.22	6.3092e-21	1.30284e-21	1.28882e-20	-69.3631	-58.0734	35.8674
0.451	-353.844	362.084	-1254.71	1.35216e-20	-5.64345e-22	-5.93583e-22	-69.3406	-58.1025	35.775
0.452	-352.836	365.666	-1257.19	7.41279e-21	1.97536e-22	8.74805e-22	-69.3175	-58.1313	35.683
0.453	-351.836	369.251	-1259.66	-1.51832e-20	-4.50496e-21	-7.69904e-22	-69.2939	-58.1598	35.5912
0.454	-350.846	372.839	-1262.12	-1.16007e-20	-2.79256e-21	-7.52545e-21	-69.2699	-58.1881	35.4997
0.455	-349.865	376.43	-1264.56	-1.75779e-20	-2.7952e-21	-2.34292e-21	-69.2454	-58.216	35.4085
0.456	-348.893	380.025	-1267	-3.10995e-20	-2.69216e-21	-5.21439e-21	-69.2205	-58.2437	35.3175
0.457	-347.93	383.622	-1269.42	1.91445e-21	-3.6711e-21	-2.20284e-21	-69.1951	-58.2712	35.2268
0.458	-346.976	387.222	-1271.83	-1.68812e-20	-1.65715e-21	-1.74436e-21	-69.1692	-58.2983	35.1364
0.459	-346.032	390.825	-1274.22	-2.04175e-20	7.85207e-22	-7.58227e-21	-69.1428	-58.3252	35.0463
0.46	-345.098	394.431	-1276.61	-2.47681e-20	-4.12008e-21	-1.13038e-20	-69.116	-58.3518	34.9564
0.461	-344.173	398.04	-1278.98	1.36904e-20	3.14451e-21	-5.57697e-21	-69.0888	-58.3782	34.8668
0.462	-343.257	401.651	-1281.35	1.03922e-20	-3.26408e-21	-1.26646e-21	-69.0611	-58.4043	34.7774
0.463	-342.352	405.265	-1283.7	-1.13617e-20	-1.13699e-21	-8.81773e-21	-69.0329	-58.4301	34.6883
0.464	-341.456	408.882	-1286.04	1.20447e-20	5.89109e-21	5.39615e-22	-69.0044	-58.4557	34.5995
0.465	-340.57	412.501	-1288.36	-1.58655e-20	-1.60231e-21	-5.13484e-21	-68.9753	-58.481	34.511
0.466	-339.694	416.123	-1290.68	-1.19915e-20	-1.23926e-21	1.50064e-21	-68.9459	-58.5061	34.4227
0.467	-338.828	419.748	-1292.98	1.22387e-20	-8.67649e-23	1.35082e-20	-68.916	-58.5309	34.3347
0.468	-337.972	423.375	-1295.28	9.74508e-21	-1.56208e-22	-1.66995e-21	-68.8857	-58.5554	34.2469
0.469	-337.127	427.005	-1297.56	2.15679e-21	-4.60559e-22	-3.96424e-21	-68.8549	-58.5797	34.1594
0.47	-336.292	430.637	-1299.83	2.82988e-20	-2.63667e-22	-1.07358e-21	-68.8237	-58.6038	34.0722
0.471	-335.467	434.271	-1302.09	1.05011e-20	2.37063e-21	1.03977e-20	-68.7921	-58.6276	33.9852
0.472	-334.653	437.908	-1304.34	3.6425e-20	2.26884e-21	1.23014e-20	-68.7601	-58.6511	33.8985
0.473	-333.849	441.547	-1306.58	-4.23842e-21	-1.70747e-21	-5.20563e-21	-68.7277	-58.6744	33.812
0.474	-333.056	445.188	-1308.8	1.00591e-20	2.13336e-21	1.18611e-20	-68.6949	-58.6975	33.7258
0.475	-332.274	448.832	-1311.02	3.47627e-20	-5.45063e-22	1.05105e-20	-68.6616	-58.7203	33.6399
0.476	-331.502	452.478	-1313.22	8.69031e-23	-1.44173e-21	1.00799e-21	-68.628	-58.7429	33.5542
0.477	-330.741	456.126	-1315.42	1.68579e-20	2.93569e-21	1.28222e-20	-68.5939	-58.7652	33.4688
0.478	-329.992	459.776	-1317.6	2.14821e-20	2.10471e-21	1.242e-20	-68.5595	-58.7873	33.3836
0.479	-329.253	463.428	-1319.77	2.03615e-20	3.11946e-21	-9.01235e-22	-68.5246	-58.8092	33.2987
0.48	-328.525	467.083	-1321.93	-1.21667e-21	2.39628e-22	-4.24996e-21	-68.4894	-58.8308	33.214
0.481	-327.809	470.739	-1324.08	-4.9992e-21	-6.17521e-22	2.004e-21	-68.4538	-58.8522	33.1296
0.482	-327.103	474.397	-1326.22	-1.09778e-20	-1.60108e-22	9.01452e-21	-68.4177	-58.8733	33.0454
0.483	-326.409	478.058	-1328.35	-1.73287e-20	-3.2259e-21	9.47606e-21	-68.3813	-58.8942	32.9615
0.484	-325.727	481.72	-1330.47	-2.39162e-20	-2.95409e-21	-1.69396e-20	-68.3445	-58.9149	32.8778
0.485	-325.055	485.384	-1332.58	2.57155e-20	1.09681e-22	9.06166e-21	-68.3074	-58.9354	32.7944
0.486	-324.396	489.05	-1334.68	3.7676e-21	8.18364e-23	9.18293e-21	-68.2698	-58.9556	32.7112
0.487	-323.748	492.718	-1336.76	-1.81713e-20	-2.69313e-21	-1.30897e-20	-68.2319	-58.9756	32.6283
0.488	-323.111	496.387	-1338.84	2.51864e-20	2.89693e-21	-2.29175e-21	-68.1936	-58.9954	32.5456
0.489	-322.487	500.058	-1340.91	4.78259e-21	-9.62947e-22	-1.53373e-21	-68.155	-59.015	32.4632
0.49	-321.874	503.731	-1342.96	-1.68264e-20	6.1698e-22	-9.25741e-21	-68.1159	-59.0343	32.381
0.491	-321.273	507.406	-1345.01	-6.59933e-21	-1.35612e-21	-2.62782e-21	-68.0765	-59.0534	32.299
0.492	-320.684	511.082	-1347.05	-1.71993e-20	-3.02123e-21	1.44916e-21	-68.0368	-59.0723	32.2173
0.493	-320.107	514.76	-1349.07	5.54723e-23	-3.12912e-21	-1.2984e-20	-67.9967	-59.091	32.1358
0.494	-319.542	518.44	-1351.09	-9.3307e-21	-1.68602e-21	1.11668e-21	-67.9562	-59.1094	32.0546
0.495	-318.989	522.121	-1353.09	-1.66739e-20	-2.35627e-21	2.52532e-21	-67.9154	-59.1276	31.9736
0.496	-318.448	525.804	-1355.09	-2.03523e-22	-2.60853e-22	1.10639e-20	-67.8742	-59.1456	31.8928
0.497	-317.92	529.488	-1357.07	-2.64537e-21	4.6144e-25	-3.66443e-22	-67.8327	-59.1634	31.8123
0.498	-317.404	533.173	-1359.05	1.92963e-20	-3.65188e-23	1.11744e-20	-67.7909	-59.181	31.732
0.499	-316.9	536.86	-1361.02	2.42776e-20	1.0132e-21	2.27211e-20	-67.7487	-59.1984	31.6519
0.5	-316.409	540.548	-1362.97	-7.16708e-21	6.15343e-22	-4.89728e-21	-67.7061	-59.2155	31.5721
0.501	-315.931	544.238	-1364.92	-5.11632e-21	-1.48042e-23	1.3422e-20	-67.6632	-59.2325	31.4925
0.502	-315.465	547.929	-1366.85	2.78989e-20	2.0507e-21	2.02162e-20	-67.62	-59.2492	31.4131
0.503	-315.011	551.621	-1368.78	2.34204e-21	1.3502e-21	-3.49826e-22	-67.5765	-59.2657	31.334
0.504	-314.571	555.315	-1370.7	2.42286e-20	4.03741e-21	1.20382e-20	-67.5326	-59.282	31.2551
0.505	-314.143	559.009	-1372.61	2.29963e-20	4.54347e-21	2.09083e-20	-67.4884	-59.2981	31.1764
0.506	-313.728	562.705	-1374.5	-7.73601e-21	-1.96332e-21	7.4606e-22	-67.4438	-59.314	31.0979
0.507	-313.326	566.402	-1376.39	2.61706e-20	-7.15504e-23	-1.21892e-21	-67.399	-59.3297	31.0197
0.508	-312.937	570.1	-1378.27	-1.16298e-20	-9.21437e-22	-3.73434e-22	-67.3538	-59.3452	30.9417
0.509	-312.56	573.8	-1380.14	-2.62694e-21	1.94303e-21	1.15731e-20	-67.3083	-59.3605	30.8639
0.51	-312.198	577.5	-1382	-7.45925e-21	-2.64947e-22	2.52668e-21	-67.2625	-59.3756	30.7863
0.511	-311.848	581.201	-1383.85	4.39906e-21	-6.93121e-23	-1.10542e-21	-67.2163	-59.3905	30.709
0.512	-311.511	584.904	-1385.69	-4.78807e-21	-1.74893e-21	9.19864e-21	-67.1699	-59.4051	30.6318
0.513	-311.188	588.607	-1387.52	1.93683e-20	4.53477e-21	1.01318e-20	-67.1231	-59.4196	30.5549
0.514	-310.878	592.311	-1389.35	4.50406e-21	-1.86464e-21	-3.79298e-21	-67.0761	-59.4339	30.4782
0.515	-310.581	596.016	-1391.16	-1.17466e-20	1.36673e-21	-1.81983e-21	-67.0287	-59.448	30.4017
0.516	-310.298	599.722	-1392.97	-4.21759e-21	-4.80855e-22	-9.06232e-21	-66.981	-59.4619	30.3255
0.517	-310.028	603.429	-1394.76	-1.1581e-20	-1.93891e-22	-1.04054e-20	-66.9331	-59.4755	30.2494
0.518	-309.772	607.137	-1396.55	3.75388e-20	-6.21966e-23	1.07962e-20	-66.8848	-59.489	30.1736
0.519	-309.53	610.845	-1398.32	-2.64894e-21	6.29598e-22	-1.307e-21	-66.8362	-59.5023	30.0979
0.52	-309.301	614.555	-1400.09	-1.36485e-20	-8.40714e-22	-5.91547e-21	-66.7874	-59.5154	30.0225
0.521	-309.086	618.265	-1401.85	-3.79568e-20	-6.8314e-22	-6.41527e-21	-66.7382	-59.5283	29.9473
0.522	-308.884	621.975	-1403.6	-4.29833e-20	-4.63109e-21	-3.995e-21	-66.6888	-59.541	29.8722
0.523	-308.697	625.686	-1405.34	-1.20063e-20	-8.53076e-22	-2.86797e-21	-66.639	-59.5536	29.7974
0.524	-308.523	629.398	-1407.07	-2.65643e-20	-3.2953e-21	-1.21043e-20	-66.589	-59.5659	29.7228
0.525	-308.364	633.111	-1408.8	4.75474e-21	-3.15427e-22	2.04133e-21	-66.5387	-59.578	29.6484
0.526	-308.218	636.824	-1410.51	4.84535e-21	-3.19722e-21	2.19952e-21	-66.4881	-59.59	29.5742
0.527	-308.087	640.538	-1412.22	-1.56751e-20	-1.02304e-21	-9.51035e-21	-66.4373	-59.6017	29.5002
0.528	-307.969	644.252	-1413.91	-2.33336e-20	-7.51381e-22	-3.91296e-21	-66.3861	-59.6133	29.4264
0.529	-307.866	647.967	-1415.6	1.03567e-21	5.38684e-22	1.02672e-20	-66.3347	-59.6247	29.3528
0.53	-307.777	651.682	-1417.28	-9.41537e-21	3.45249e-22	-2.44839e-21	-66.283	-59.6359	29.2794
0.531	-307.702	655.397	-1418.95	5.35136e-21	-1.80103e-21	-3.20789e-22	-66.2311	-59.6469	29.2062
0.532	-307.642	659.113	-1420.61	2.44575e-20	1.32751e-22	1.36254e-20	-66.1788	-59.6577	29.1331
0.533	-307.596	662.829	-1422.27	4.3886e-20	1.67449e-21	8.89757e-21	-66.1263	-59.6683	29.0603
0.534	-307.564	666.546	-1423.91	2.56063e-20	4.12633e-22	7.41914e-22	-66.0736	-59.6788	28.9877
0.535	-307.547	670.263	-1425.55	2.06946e-20	1.70539e-21	8.83915e-21	-66.0205	-59.689	28.9152
0.536	-307.544	673.98	-1427.18	-1.03655e-20	-6.71636e-22	-7.51886e-21	-65.9672	-59.6991	28.843
0.537	-307.556	677.698	-1428.8	-9.03137e-21	-4.69662e-23	-3.71527e-21	-65.9137	-59.709	28.7709
0.538	-307.583	681.415	-1430.41	1.78788e-20	3.62117e-22	9.62764e-22	-65.8599	-59.7187	28.699
0.539	-307.624	685.133	-1432.01	2.25102e-20	1.76869e-21	-1.16647e-21	-65.8058	-59.7283	28.6273
0.54	-307.68	688.851	-1433.6	2.53163e-20	-1.71393e-21	1.25842e-21	-65.7515	-59.7376	28.5558
0.541	-307.751	692.569	-1435.19	2.59056e-20	-1.65222e-21	1.25764e-21	-65.6969	-59.7468	28.4845
0.542	-307.836	696.287	-1436.77	-8.82542e-21	1.20101e-21	-4.81153e-21	-65.6421	-59.7558	28.4133
0.543	-307.937	700.006	-1438.34	-5.29804e-21	-1.86552e-21	-3.94056e-21	-65.587	-59.7646	28.3423
0.544	-308.052	703.724	-1439.9	4.71625e-21	3.19817e-22	-4.48812e-22	-65.5317	-59.7733	28.2716
0.545	-308.183	707.442	-1441.45	1.91866e-21	-1.69171e-21	-6.5631e-21	-65.4762	-59.7817	28.2009
0.546	-308.328	711.161	-1442.99	-9.563e-21	-1.44253e-21	-1.25485e-21	-65.4204	-59.79	28.1305
0.547	-308.488	714.879	-1444.53	-1.9359e-20	-2.72918e-21	-1.30292e-20	-65.3643	-59.7981	28.0602
0.548	-308.664	718.597	-1446.06	-5.50167e-22	1.69884e-22	1.01422e-20	-65.308	-59.806	27.9902
0.549	-308.855	722.315	-1447.58	-1.78847e-20	-1.69201e-21	-1.16069e-21	-65.2515	-59.8138	27.9202
0.55	-309.061	726.033	-1449.09	-5.95481e-21	-9.57924e-22	-3.80643e-21	-65.1947	-59.8213	27.8505
0.551	-309.282	729.751	-1450.59	-9.13914e-21	-1.50541e-21	-7.09975e-21	-65.1378	-59.8287	27.7809
0.552	-309.518	733.469	-1452.09	-1.35498e-20	-3.98289e-22	-2.31126e-21	-65.0805	-59.836	27.7115
0.553	-309.77	737.186	-1453.58	2.21922e-22	-1.48367e-21	-2.53904e-22	-65.0231	-59.843	27.6423
0.554	-310.037	740.903	-1455.05	1.95625e-20	1.54709e-21	1.22385e-20	-64.9654	-59.8499	27.5732
0.555	-310.32	744.62	-1456.53	1.9372e-20	1.71559e-21	1.22066e-20	-64.9075	-59.8566	27.5043
0.556	-310.618	748.336	-1457.99	-1.33423e-20	-2.34351e-21	-1.0722e-20	-64.8493	-59.8631	27.4355
0.557	-310.931	752.052	-1459.45	-9.89446e-21	-1.01516e-21	-8.25525e-21	-64.791	-59.8695	27.367
0.558	-311.261	755.768	-1460.89	2.41801e-20	6.55388e-22	1.07769e-21	-64.7324	-59.8756	27.2985
0.559	-311.605	759.484	-1462.33	-8.62486e-21	4.21187e-22	-6.03706e-21	-64.6736	-59.8816	27.2303
0.56	-311.966	763.199	-1463.76	4.33056e-20	1.44313e-21	1.1126e-20	-64.6146	-59.8875	27.1622
0.561	-312.342	766.913	-1465.19	1.94456e-20	2.14596e-21	1.33437e-21	-64.5553	-59.8931	27.0942
0.562	-312.734	770.627	-1466.6	2.60479e-20	5.01822e-22	-2.25615e-21	-64.4959	-59.8986	27.0264
0.563	-313.141	774.34	-1468.01	2.98666e-21	1.13467e-21	-2.52468e-21	-64.4362	-59.904	26.9588
0.564	-313.565	778.053	-1469.41	-9.20903e-21	-9.76556e-22	-1.11801e-20	-64.3763	-59.9091	26.8913
0.565	-314.004	781.766	-1470.81	-6.53958e-21	-6.995e-22	-2.19133e-20	-64.3162	-59.9141	26.824
0.566	-314.459	785.477	-1472.19	-5.00214e-20	-1.45203e-21	-1.28154e-20	-64.2559	-59.9189	26.7568
0.567	-314.93	789.188	-1473.57	1.85623e-20	1.05655e-21	9.46582e-21	-64.1954	-59.9235	26.6898
0.568	-315.417	792.899	-1474.94	-2.5859e-20	-7.8387e-23	1.33551e-21	-64.1347	-59.928	26.6229
0.569	-315.92	796.609	-1476.3	3.08192e-20	-3.68695e-22	1.18397e-20	-64.0738	-59.9323	26.5562
0.57	-316.44	800.318	-1477.65	-8.78345e-22	6.81526e-22	-3.61733e-21	-64.0126	-59.9365	26.4896
0.571	-316.975	804.026	-1479	4.30061e-20	1.52138e-21	1.95968e-20	-63.9513	-59.9404	26.4232
0.572	-317.526	807.733	-1480.34	1.40184e-20	8.01447e-22	1.1611e-20	-63.8898	-59.9442	26.3569
0.573	-318.094	811.44	-1481.67	1.11054e-20	5.18645e-22	2.06603e-20	-63.8281	-59.9479	26.2907
0.574	-318.678	815.145	-1482.99	-1.72465e-20	4.38627e-22	-5.24652e-21	-63.7662	-59.9513	26.2247
0.575	-319.278	818.85	-1484.31	-4.94325e-20	-1.48582e-21	-7.62009e-21	-63.704	-59.9546	26.1588
0.576	-319.894	822.554	-1485.62	3.98908e-21	-1.09459e-22	-5.424e-21	-63.6417	-59.9578	26.0931
0.577	-320.527	826.257	-1486.92	-2.21498e-21	-2.52524e-22	-4.56247e-21	-63.5792	-59.9607	26.0275
0.578	-321.176	829.959	-1488.21	-3.47048e-20	-9.34677e-22	-5.03201e-21	-63.5166	-59.9635	25.962
0.579	-321.842	833.66	-1489.5	-2.653e-20	-1.33562e-21	-3.23436e-21	-63.4537	-59.9662	25.8967
0.58	-322.524	837.36	-1490.77	-9.09439e-21	-2.00342e-21	1.81716e-22	-63.3906	-59.9687	25.8315
0.581	-323.222	841.059	-1492.04	-2.33707e-20	-1.46896e-21	-1.3748e-21	-63.3274	-59.971	25.7665
0.582	-323.937	844.757	-1493.31	-2.65717e-20	-2.59323e-21	2.47208e-21	-63.2639	-59.9731	25.7015
0.583	-324.669	848.453	-1494.56	-2.70607e-20	-1.34055e-21	-1.11614e-20	-63.2003	-59.9751	25.6367
0.584	-325.417	852.149	-1495.81	1.56734e-20	1.5412e-21	8.3427e-21	-63.1365	-59.9769	25.5721
0.585	-326.181	855.843	-1497.05	2.72272e-20	-1.9217e-21	2.44977e-21	-63.0725	-59.9785	25.5075
0.586	-326.963	859.536	-1498.28	-2.72206e-20	1.11657e-22	-2.62388e-21	-63.0084	-59.98	25.4431
0.587	-327.761	863.228	-1499.51	-2.28642e-20	7.48734e-23	-9.5817e-21	-62.944	-59.9813	25.3788
0.588	-328.576	866.919	-1500.73	2.31688e-20	4.45077e-23	1.05474e-21	-62.8795	-59.9825	25.3146
0.589	-329.407	870.608	-1501.94	-4.18091e-20	-1.07884e-21	1.42631e-21	-62.8148	-59.9835	25.2506
0.59	-330.256	874.296	-1503.14	-2.8606e-20	-1.18009e-21	-2.23054e-21	-62.75	-59.9843	25.1867
0.591	-331.121	877.982	-1504.34	-2.48493e-20	-1.50243e-21	-3.29951e-22	-62.6849	-59.9849	25.1229
0.592	-332.003	881.667	-1505.53	-1.6555e-20	5.14373e-22	7.72081e-22	-62.6197	-59.9854	25.0592
0.593	-332.902	885.351	-1506.71	-4.95323e-20	-3.40704e-21	-1.08965e-20	-62.5544	-59.9858	24.9956
0.594	-333.818	889.033	-1507.88	-3.24375e-20	1.66386e-21	-1.21106e-20	-62.4888	-59.986	24.9322
0.595	-334.751	892.713	-1509.05	-1.58182e-20	-1.02911e-21	-5.15466e-21	-62.4231	-59.986	24.8688
0.596	-335.701	896.392	-1510.21	3.27163e-20	-1.61167e-21	-7.45664e-21	-62.3572	-59.9858	24.8056
0.597	-336.668	900.07	-1511.36	-2.80095e-20	1.22605e-21	-6.98366e-21	-62.2912	-59.9855	24.7425
0.598	-337.652	903.746	-1512.5	-1.63315e-20	-1.78746e-21	-1.62638e-21	-62.225	-59.985	24.6795
0.599	-338.654	907.42	-1513.64	-2.97137e-20	1.55165e-21	1.23395e-20	-62.1587	-59.9844	24.6166
0.6	-339.672	911.092	-1514.77	-5.07173e-21	2.04777e-21	-5.6442e-21	-62.0922	-59.9836	24.5538
0.601	-340.707	914.763	-1515.89	-6.58342e-22	-1.61972e-23	-2.81014e-21	-62.0255	-59.9826	24.4912
0.602	-341.76	918.432	-1517.01	-3.2871e-20	-1.48061e-21	-3.36476e-21	-61.9587	-59.9815	24.4286
0.603	-342.83	922.1	-1518.12	7.10648e-21	-8.42807e-23	1.01013e-20	-61.8917	-59.9802	24.3661
0.604	-343.917	925.765	-1519.22	-2.66719e-20	-1.74391e-21	4.18515e-22	-61.8245	-59.9787	24.3038
0.605	-345.022	929.429	-1520.31	1.75117e-20	3.73436e-21	-1.27948e-22	-61.7572	-59.9771	24.2415
0.606	-346.144	933.091	-1521.4	3.97438e-22	1.16089e-21	-2.14651e-21	-61.6898	-59.9753	24.1794
0.607	-347.283	936.751	-1522.48	2.47547e-20	1.11804e-21	9.96029e-21	-61.6222	-59.9734	24.1173
0.608	-348.439	940.409	-1523.55	-2.07029e-20	-1.16506e-21	-2.44292e-21	-61.5545	-59.9713	24.0554
0.609	-349.613	944.065	-1524.61	-5.46588e-22	-1.61306e-21	-5.37288e-22	-61.4866	-59.969	23.9935
0.61	-350.805	947.719	-1525.67	-7.78261e-21	-1.17425e-21	-3.36512e-21	-61.4185	-59.9666	23.9318
0.611	-352.014	951.37	-1526.72	-1.90013e-20	-1.21414e-21	-1.95307e-22	-61.3504	-59.964	23.8701
0.612	-353.24	955.02	-1527.76	-3.76349e-21	1.60495e-21	9.49839e-21	-61.282	-59.9613	23.8086
0.613	-354.484	958.668	-1528.8	-1.38631e-20	5.00626e-22	-5.38906e-21	-61.2136	-59.9584	23.7471
0.614	-355.746	962.314	-1529.82	-2.05284e-20	-1.70273e-22	1.01544e-20	-61.145	-59.9553	23.6857
0.615	-357.025	965.957	-1530.84	-3.47693e-20	-1.0534e-21	-7.60225e-23	-61.0762	-59.9521	23.6245
0.616	-358.321	969.598	-1531.86	-2.80018e-20	1.9668e-21	-1.33421e-21	-61.0073	-59.9487	23.5633
0.617	-359.636	973.237	-1532.86	-3.21635e-20	-1.36367e-21	-7.5572e-21	-60.9383	-59.9451	23.5022
0.618	-360.968	976.874	-1533.86	-1.38662e-20	-1.24219e-21	-4.16813e-21	-60.8692	-59.9414	23.4412
0.619	-362.317	980.508	-1534.85	1.82865e-20	1.36933e-21	1.03555e-20	-60.7999	-59.9376	23.3802
0.62	-363.685	984.14	-1535.84	2.19547e-20	1.3731e-21	1.01113e-20	-60.7304	-59.9335	23.3194
0.621	-365.07	987.77	-1536.82	1.92144e-20	-5.83836e-22	9.34603e-21	-60.6609	-59.9293	23.2586
0.622	-366.473	991.397	-1537.79	-5.93762e-21	-1.9451e-21	-1.10857e-20	-60.5912	-59.925	23.198
0.623	-367.894	995.021	-1538.75	-3.17259e-20	-1.31992e-21	-5.85297e-22	-60.5214	-59.9204	23.1374
0.624	-369.332	998.644	-1539.7	-3.36685e-20	-4.75914e-21	-6.48877e-21	-60.4514	-59.9158	23.0769
0.625	-370.789	1002.26	-1540.65	-2.87565e-21	-1.38211e-21	-7.38929e-21	-60.3814	-59.9109	23.0164
0.626	-372.263	1005.88	-1541.59	2.54744e-22	1.17236e-21	6.22827e-22	-60.3111	-59.9059	22.9561
0.627	-373.755	1009.49	-1542.53	-1.30672e-20	-1.7624e-21	2.15304e-21	-60.2408	-59.9008	22.8958
0.628	-375.265	1013.11	-1543.45	-1.63883e-20	2.31579e-22	-1.413e-21	-60.1704	-59.8954	22.8356
0.629	-376.794	1016.72	-1544.37	1.08824e-22	1.91841e-21	8.46964e-22	-60.0998	-59.8899	22.7755
0.63	-378.34	1020.32	-1545.28	2.22883e-20	2.76422e-22	8.63593e-21	-60.0291	-59.8843	22.7155
0.631	-379.904	1023.93	-1546.19	2.87672e-20	2.60996e-22	2.50651e-21	-59.9583	-59.8785	22.6555
0.632	-381.486	1027.53	-1547.09	-1.41955e-20	-9.85142e-22	9.29454e-22	-59.8874	-59.8725	22.5956
0.633	-383.086	1031.12	-1547.98	-2.27348e-21	-4.25571e-22	-2.06037e-21	-59.8163	-59.8664	22.5358
0.634	-384.704	1034.72	-1548.86	2.81019e-21	2.16862e-21	-4.98043e-21	-59.7451	-59.8601	22.476
0.635	-386.341	1038.31	-1549.73	-4.29759e-22	2.88916e-22	-1.27763e-20	-59.6738	-59.8536	22.4163
0.636	-387.995	1041.9	-1550.6	1.69473e-20	6.19318e-22	5.8616e-22	-59.6025	-59.847	22.3567
0.637	-389.668	1045.49	-1551.46	1.15265e-20	3.20996e-21	2.27818e-21	-59.5309	-59.8403	22.2972
0.638	-391.358	1049.07	-1552.32	1.16935e-20	3.44574e-22	1.08182e-20	-59.4593	-59.8333	22.2377
0.639	-393.067	1052.65	-1553.16	-2.38609e-20	-1.21684e-21	-2.73654e-21	-59.3876	-59.8262	22.1782
0.64	-394.794	1056.23	-1554	-9.98725e-21	5.62571e-22	-1.70952e-22	-59.3157	-59.819	22.1189
0.641	-396.54	1059.8	-1554.83	-8.44957e-21	2.60426e-22	9.69994e-21	-59.2438	-59.8115	22.0596
0.642	-398.303	1063.37	-1555.66	1.32276e-20	3.00223e-21	-5.81922e-22	-59.1717	-59.8039	22.0004
0.643	-400.085	1066.94	-1556.47	1.36537e-20	-4.94269e-22	5.36326e-22	-59.0996	-59.7962	21.9412
0.644	-401.885	1070.51	-1557.28	-3.29052e-20	-2.96558e-21	-6.72724e-21	-59.0273	-59.7883	21.8821
0.645	-403.704	1074.07	-1558.08	2.0286e-20	2.68052e-21	2.11733e-20	-58.9549	-59.7802	21.823
0.646	-405.541	1077.63	-1558.88	8.22461e-21	2.59088e-21	-2.65866e-21	-58.8824	-59.772	21.764
0.647	-407.396	1081.18	-1559.67	5.48931e-21	-5.88603e-22	-1.68391e-21	-58.8099	-59.7636	21.7051
0.648	-409.269	1084.73	-1560.45	-3.78284e-20	-2.61946e-21	-4.03284e-21	-58.7372	-59.755	21.6462
0.649	-411.161	1088.28	-1561.22	-3.19402e-20	-1.59957e-21	-1.9817e-21	-58.6644	-59.7463	21.5874
0.65	-413.072	1091.82	-1561.98	-1.03174e-20	2.91562e-21	-2.21551e-21	-58.5915	-59.7374	21.5286
0.651	-415	1095.36	-1562.74	-2.49226e-21	3.37278e-21	1.13242e-20	-58.5185	-59.7284	21.4699
0.652	-416.947	1098.9	-1563.49	-1.75135e-20	-3.50237e-21	1.5934e-22	-58.4455	-59.7192	21.4112
0.653	-418.913	1102.43	-1564.24	5.51414e-20	2.25996e-21	1.83309e-21	-58.3723	-59.7098	21.3526
0.654	-420.897	1105.96	-1564.97	4.61574e-21	4.76815e-22	1.09085e-21	-58.299	-59.7003	21.294
0.655	-422.9	1109.49	-1565.7	5.45381e-21	2.32626e-21	-1.63684e-22	-58.2257	-59.6906	21.2355
0.656	-424.921	1113.01	-1566.42	-8.59616e-21	-7.1183e-22	-7.53434e-21	-58.1522	-59.6807	21.177
0.657	-426.961	1116.53	-1567.13	2.61691e-21	-4.64214e-22	9.53112e-22	-58.0787	-59.6707	21.1186
0.658	-429.019	1120.05	-1567.84	7.67651e-20	5.53897e-21	9.63592e-21	-58.0051	-59.6605	21.0602
0.659	-431.096	1123.56	-1568.54	2.59413e-20	-1.1135e-22	-6.76225e-21	-57.9314	-59.6502	21.0018
0.66	-433.191	1127.06	-1569.23	-1.58889e-20	-3.1558e-21	-1.01424e-20	-57.8576	-59.6396	20.9435
0.661	-435.305	1130.57	-1569.91	-7.15351e-21	5.1779e-21	-9.17974e-22	-57.7837	-59.629	20.8853
0.662	-437.438	1134.07	-1570.59	-1.85126e-20	-4.88955e-22	2.66973e-21	-57.7097	-59.6181	20.8271
0.663	-439.589	1137.56	-1571.25	-5.70078e-21	2.54778e-21	-1.54211e-21	-57.6357	-59.6071	20.7689
0.664	-441.759	1141.05	-1571.91	-5.66243e-21	2.54789e-21	9.39303e-21	-57.5615	-59.5959	20.7108
0.665	-443.947	1144.54	-1572.57	1.67868e-20	-4.80393e-22	-1.18745e-20	-57.4873	-59.5846	20.6527
0.666	-446.154	1148.02	-1573.21	1.99954e-20	2.55365e-21	1.20308e-20	-57.413	-59.5731	20.5946
0.667	-448.38	1151.5	-1573.85	-2.48392e-20	-1.57783e-21	-1.25628e-22	-57.3386	-59.5615	20.5366
0.668	-450.625	1154.98	-1574.48	-2.80755e-20	-1.85453e-21	-3.70245e-21	-57.2642	-59.5496	20.4786
0.669	-452.888	1158.45	-1575.1	7.25181e-20	2.74532e-21	9.90895e-21	-57.1896	-59.5376	20.4206
0.67	-455.17	1161.91	-1575.72	-3.28933e-20	-3.61803e-21	-2.89778e-21	-57.115	-59.5255	20.3627
0.671	-457.471	1165.37	-1576.32	-3.58819e-21	-2.06643e-21	-1.02334e-21	-57.0403	-59.5132	20.3048
0.672	-459.79	1168.83	-1576.92	1.02496e-20	-3.4274e-21	-4.75142e-21	-56.9656	-59.5007	20.247
0.673	-462.128	1172.28	-1577.51	2.30735e-20	4.03618e-21	1.20854e-20	-56.8907	-59.488	20.1891
0.674	-464.486	1175.73	-1578.1	-1.60343e-20	2.52868e-21	1.09742e-20	-56.8158	-59.4752	20.1314
0.675	-466.861	1179.18	-1578.67	-1.97051e-20	1.48007e-21	1.62301e-21	-56.7409	-59.4622	20.0736
0.676	-469.256	1182.61	-1579.24	-2.04428e-20	2.3016e-22	-3.01106e-21	-56.6658	-59.4491	20.0158
0.677	-471.669	1186.05	-1579.8	1.90403e-20	-1.54731e-21	1.16503e-20	-56.5907	-59.4358	19.9581
0.678	-474.102	1189.48	-1580.36	7.16665e-21	-1.32634e-21	-3.96824e-21	-56.5155	-59.4223	19.9004
0.679	-476.553	1192.9	-1580.9	-9.26536e-21	-1.46265e-21	8.93993e-21	-56.4403	-59.4086	19.8428
0.68	-479.023	1196.32	-1581.44	1.02802e-20	-4.09801e-21	-8.17182e-21	-56.3649	-59.3948	19.7852
0.681	-481.512	1199.74	-1581.97	1.97549e-20	-3.27693e-21	-2.22314e-21	-56.2896	-59.3808	19.7275
0.682	-484.019	1203.15	-1582.49	-3.24808e-20	1.09577e-22	-3.16858e-21	-56.2141	-59.3667	19.6699
0.683	-486.546	1206.56	-1583	2.20954e-20	2.3874e-21	1.16984e-20	-56.1386	-59.3524	19.6124
0.684	-489.091	1209.96	-1583.51	-2.9577e-20	4.08443e-21	-1.13938e-20	-56.063	-59.3379	19.5548
0.685	-491.655	1213.35	-1584.01	7.47788e-21	2.95583e-21	1.24776e-21	-55.9874	-59.3233	19.4973
0.686	-494.239	1216.74	-1584.5	-2.85465e-21	-3.22258e-21	-1.56395e-20	-55.9117	-59.3084	19.4398
0.687	-496.841	1220.13	-1584.98	-6.24441e-19	-9.68759e-21	3.30554e-20	-55.836	-59.2935	19.3823
0.688	-499.462	1223.51	-1585.45	1.51178e-19	-6.06371e-22	-6.84786e-20	-55.7602	-59.2783	19.3248
0.689	-502.102	1226.89	-1585.92	1.72909e-18	-2.18425e-21	7.63322e-20	-55.6843	-59.263	19.2674
0.69	-504.761	1230.26	-1586.37	3.25355e-19	-1.21842e-21	-1.32273e-20	-55.6084	-59.2475	19.2099
0.691	-507.439	1233.62	-1586.82	-8.26183e-19	3.61396e-21	-3.08169e-20	-55.5324	-59.2319	19.1525
0.692	-510.135	1236.98	-1587.27	-8.25739e-19	2.51576e-20	2.27248e-21	-55.4564	-59.216	19.0951
0.693	-512.851	1240.34	-1587.7	1.03318e-18	-5.3336e-20	3.13333e-20	-55.3803	-59.2001	19.0377
0.694	-515.586	1243.69	-1588.13	9.93898e-20	-1.90169e-20	-4.01079e-21	-55.3042	-59.1839	18.9803
0.695	-518.34	1247.03	-1588.54	2.53684e-20	-1.96162e-20	4.71181e-20	-55.228	-59.1676	18.9229
0.696	-521.112	1250.37	-1588.95	-3.24712e-19	-2.00601e-20	-2.16099e-19	-55.1518	-59.1511	18.8655
0.697	-523.904	1253.7	-1589.35	-8.25957e-19	9.36266e-20	1.59363e-19	-55.0755	-59.1344	18.8082
0.698	-526.715	1257.03	-1589.75	4.46005e-20	-1.04871e-19	-2.55708e-20	-54.9992	-59.1176	18.7508
0.699	-529.544	1260.35	-1590.13	-2.23973e-19	4.41109e-20	1.67228e-20	-54.9229	-59.1006	18.6935
0.7	-532.393	1263.66	-1590.51	-1.99388e-19	5.68557e-20	3.08324e-19	-54.8465	-59.0834	18.6361
0.701	-535.26	1266.97	-1590.87	-3.21186e-20	1.28792e-19	-2.69821e-19	-54.77	-59.0661	18.5788
0.702	-538.147	1270.28	-1591.23	8.9434e-20	6.0353e-20	2.39228e-19	-54.6935	-59.0485	18.5215
0.703	-541.053	1273.58	-1591.59	-2.16587e-19	-3.83864e-19	-1.93475e-19	-54.617	-59.0309	18.4641
0.704	-543.977	1276.87	-1591.93	2.28404e-19	-1.17116e-20	9.31499e-20	-54.5404	-59.013	18.4068
0.705	-546.921	1280.16	-1592.26	-2.98107e-19	-1.14328e-20	4.43533e-19	-54.4638	-58.995	18.3495
0.706	-549.883	1283.44	-1592.59	3.81709e-19	2.86736e-20	4.721e-19	-54.3871	-58.9768	18.2922
0.707	-552.865	1286.71	-1592.91	3.10302e-20	2.04157e-19	1.20264e-19	-54.3104	-58.9584	18.2349
0.708	-555.866	1289.98	-1593.22	2.66092e-19	2.34756e-20	-7.30596e-19	-54.2337	-58.9399	18.1776
0.709	-558.885	1293.24	-1593.52	-8.71701e-19	-1.83382e-19	-1.4275e-19	-54.1569	-58.9212	18.1202
0.71	-561.924	1296.5	-1593.81	-8.71704e-19	-3.59327e-19	-1.42195e-19	-54.0801	-58.9023	18.0629
0.711	-564.982	1299.75	-1594.1	3.12022e-20	2.17522e-21	1.64152e-20	-54.0033	-58.8833	18.0056
0.712	-568.059	1302.99	-1594.37	-1.32839e-20	-3.93306e-21	-9.87402e-21	-53.9265	-58.864	17.9483
0.713	-571.154	1306.23	-1594.64	2.86374e-20	-3.30176e-21	1.02769e-20	-53.8496	-58.8446	17.891
0.714	-574.269	1309.46	-1594.9	6.83764e-21	-3.30502e-21	-1.42442e-20	-53.7726	-58.8251	17.8336
0.715	-577.403	1312.68	-1595.15	1.10261e-20	2.74773e-21	1.07207e-20	-53.6957	-58.8053	17.7763
0.716	-580.556	1315.9	-1595.39	-6.10301e-21	1.8525e-21	-3.69101e-21	-53.6187	-58.7854	17.719
0.717	-583.728	1319.11	-1595.62	1.20619e-20	5.16399e-22	2.15585e-22	-53.5417	-58.7653	17.6616
0.718	-586.918	1322.32	-1595.84	1.39557e-20	-3.08223e-22	-4.93538e-21	-53.4647	-58.7451	17.6043
0.719	-590.128	1325.52	-1596.06	-1.85304e-20	-3.97763e-21	-1.49284e-20	-53.3876	-58.7247	17.5469
0.72	-593.357	1328.71	-1596.26	-2.04483e-20	-6.70255e-21	-2.11565e-20	-53.3105	-58.7041	17.4895
0.721	-596.605	1331.89	-1596.46	2.0495e-20	-2.14048e-21	1.17371e-20	-53.2334	-58.6833	17.4322
0.722	-599.872	1335.07	-1596.65	-2.74049e-20	5.09449e-21	-7.15028e-21	-53.1563	-58.6623	17.3748
0.723	-603.158	1338.24	-1596.83	2.71604e-20	1.15642e-21	6.08684e-21	-53.0791	-58.6412	17.3174
0.724	-606.463	1341.41	-1597	5.49801e-21	-2.21425e-21	-1.44805e-20	-53.002	-58.6199	17.2599
0.725	-609.787	1344.57	-1597.16	8.45138e-21	5.98289e-21	4.39609e-21	-52.9248	-58.5984	17.2025
0.726	-613.13	1347.72	-1597.31	1.49791e-20	8.91961e-21	-4.0375e-21	-52.8476	-58.5768	17.1451
0.727	-616.492	1350.86	-1597.46	-6.08139e-21	-4.35264e-21	-2.4164e-21	-52.7703	-58.555	17.0876
0.728	-619.873	1354	-1597.59	1.46678e-20	6.75607e-21	-1.26291e-21	-52.6931	-58.533	17.0302
0.729	-623.272	1357.13	-1597.72	-1.20688e-20	-5.53867e-21	-2.7164e-20	-52.6158	-58.5108	16.9727
0.73	-626.691	1360.25	-1597.84	6.89021e-20	5.40959e-21	1.69421e-20	-52.5386	-58.4885	16.9152
0.731	-630.129	1363.36	-1597.94	-1.29334e-20	-4.45026e-21	-1.11569e-20	-52.4613	-58.466	16.8577
0.732	-633.586	1366.47	-1598.04	-4.66416e-21	-2.9947e-21	-4.55593e-21	-52.384	-58.4433	16.8001
0.733	-637.062	1369.57	-1598.13	-2.48184e-20	5.31229e-21	2.07169e-21	-52.3067	-58.4204	16.7426
0.734	-640.556	1372.66	-1598.21	3.01295e-21	1.17067e-21	1.29759e-20	-52.2294	-58.3973	16.685
0.735	-644.07	1375.75	-1598.28	1.58719e-20	6.65676e-21	1.7869e-21	-52.1521	-58.3741	16.6274
0.736	-647.602	1378.83	-1598.35	-7.49168e-20	-9.03965e-21	-2.65937e-20	-52.0747	-58.3507	16.5698
0.737	-651.154	1381.9	-1598.4	2.16733e-20	5.19033e-21	-1.57484e-20	-51.9974	-58.3272	16.5122
0.738	-654.724	1384.96	-1598.44	-2.45329e-20	-4.36166e-21	-1.08703e-20	-51.9201	-58.3034	16.4545
0.739	-658.314	1388.02	-1598.48	-5.45418e-20	-3.76839e-21	3.54231e-22	-51.8427	-58.2795	16.3968
0.74	-661.922	1391.06	-1598.5	4.45887e-20	5.18602e-21	-9.6072e-22	-51.7654	-58.2554	16.3391
0.741	-665.549	1394.1	-1598.52	3.36624e-21	2.15409e-23	-4.95731e-21	-51.688	-58.2311	16.2814
0.742	-669.195	1397.13	-1598.52	-1.80478e-20	5.78107e-21	5.26845e-21	-51.6107	-58.2066	16.2237
0.743	-672.86	1400.16	-1598.52	4.64262e-20	4.67001e-21	-3.69111e-21	-51.5333	-58.182	16.1659
0.744	-676.543	1403.17	-1598.5	-3.81174e-20	-1.28866e-20	-1.24329e-20	-51.4559	-58.1572	16.1081
0.745	-680.246	1406.18	-1598.48	3.93727e-20	1.03023e-20	1.07689e-20	-51.3786	-58.1322	16.0503
0.746	-683.967	1409.18	-1598.45	-2.7842e-21	-6.55015e-21	-5.96726e-21	-51.3012	-58.107	15.9924
0.747	-687.707	1412.17	-1598.41	-4.6129e-20	4.28964e-21	-5.96834e-21	-51.2239	-58.0817	15.9346
0.748	-691.466	1415.16	-1598.36	-4.29234e-20	-5.15065e-21	-6.94388e-21	-51.1466	-58.0562	15.8767
0.749	-695.244	1418.13	-1598.3	-2.18654e-22	1.0901e-22	1.64178e-20	-51.0692	-58.0305	15.8187
0.75	-699.041	1421.1	-1598.22	1.02033e-20	1.30451e-21	4.66185e-21	-50.9919	-58.0046	15.7608
0.751	-702.856	1424.06	-1598.14	5.50752e-20	1.20914e-21	1.53767e-20	-50.9146	-57.9786	15.7028
0.752	-706.69	1427.01	-1598.05	-3.39273e-20	-3.18869e-21	-1.50983e-20	-50.8373	-57.9523	15.6447
0.753	-710.543	1429.95	-1597.95	4.8527e-20	9.68575e-21	-1.30873e-20	-50.76	-57.9259	15.5867
0.754	-714.415	1432.88	-1597.84	-8.88136e-21	-3.08454e-21	-1.56006e-20	-50.6827	-57.8993	15.5286
0.755	-718.305	1435.81	-1597.72	-2.42516e-20	1.19581e-22	1.42207e-20	-50.6054	-57.8725	15.4705
0.756	-722.214	1438.72	-1597.59	8.59616e-21	6.77065e-21	-5.64547e-22	-50.5281	-57.8456	15.4123
0.757	-726.142	1441.63	-1597.46	-3.19949e-20	-5.15359e-23	-3.51519e-21	-50.4509	-57.8185	15.3542
0.758	-730.088	1444.53	-1597.31	-1.65159e-20	-9.46392e-21	2.88474e-21	-50.3736	-57.7911	15.2959
0.759	-734.054	1447.42	-1597.15	4.671e-20	2.74619e-21	1.02691e-20	-50.2964	-57.7637	15.2377
0.76	-738.037	1450.3	-1596.98	-1.30315e-20	-3.81689e-21	5.60848e-22	-50.2192	-57.736	15.1794
0.761	-742.04	1453.17	-1596.8	4.51038e-20	-2.68696e-21	-5.18353e-21	-50.142	-57.7081	15.1211
0.762	-746.061	1456.03	-1596.61	2.3339e-21	8.18782e-21	-5.41996e-21	-50.0649	-57.6801	15.0627
0.763	-750.1	1458.89	-1596.41	5.4273e-20	7.22989e-21	-2.14163e-21	-49.9877	-57.6519	15.0043
0.764	-754.158	1461.73	-1596.2	-7.56243e-21	-4.36554e-21	4.51501e-21	-49.9106	-57.6235	14.9459
0.765	-758.235	1464.57	-1595.98	-3.7649e-20	-3.30996e-21	4.40422e-21	-49.8335	-57.5949	14.8874
0.766	-762.33	1467.4	-1595.75	-8.86516e-21	1.62613e-21	-5.21038e-21	-49.7564	-57.5662	14.8289
0.767	-766.444	1470.21	-1595.51	-7.31459e-21	-4.06861e-21	5.56545e-21	-49.6793	-57.5373	14.7704
0.768	-770.576	1473.02	-1595.25	4.65024e-21	7.38933e-21	1.10387e-20	-49.6023	-57.5081	14.7118
0.769	-774.726	1475.82	-1594.99	-5.19624e-21	-8.7611e-21	-1.46185e-20	-49.5253	-57.4789	14.6532
0.77	-778.896	1478.61	-1594.72	-1.29479e-20	-7.20489e-21	-2.44967e-20	-49.4483	-57.4494	14.5945
0.771	-783.083	1481.39	-1594.44	3.87738e-20	8.37075e-21	1.96834e-20	-49.3714	-57.4197	14.5358
0.772	-787.289	1484.16	-1594.15	3.70738e-20	-6.10092e-22	1.09572e-20	-49.2945	-57.3899	14.477
0.773	-791.513	1486.92	-1593.84	-1.04532e-20	7.98511e-21	1.00705e-20	-49.2176	-57.3599	14.4182
0.774	-795.756	1489.67	-1593.53	4.5957e-20	-3.8072e-21	7.26615e-22	-49.1407	-57.3297	14.3594
0.775	-800.017	1492.41	-1593.2	5.30806e-20	1.70538e-22	-4.96887e-21	-49.0639	-57.2993	14.3005
0.776	-804.297	1495.14	-1592.87	-5.18028e-20	-9.23504e-22	-1.27135e-20	-48.9871	-57.2687	14.2416
0.777	-808.594	1497.87	-1592.52	1.07264e-20	-4.98926e-21	9.08686e-21	-48.9103	-57.238	14.1826
0.778	-812.91	1500.58	-1592.17	4.0284e-20	-4.56061e-22	-1.41561e-21	-48.8336	-57.207	14.1236
0.779	-817.244	1503.28	-1591.8	4.94225e-20	3.34056e-21	1.4406e-20	-48.7569	-57.1759	14.0646
0.78	-821.597	1505.97	-1591.42	3.32899e-20	4.14948e-21	-2.72808e-21	-48.6803	-57.1446	14.0055
0.781	-825.967	1508.65	-1591.03	7.38418e-21	2.21254e-21	-4.09189e-21	-48.6037	-57.1132	13.9463
0.782	-830.356	1511.33	-1590.63	-3.00899e-20	-3.92308e-21	-2.13479e-20	-48.5271	-57.0815	13.8871
0.783	-834.763	1513.99	-1590.22	9.76056e-21	-4.6157e-21	-2.11986e-20	-48.4506	-57.0497	13.8279
0.784	-839.188	1516.64	-1589.8	-2.65229e-20	4.5771e-21	-4.39445e-21	-48.3741	-57.0176	13.7686
0.785	-843.631	1519.28	-1589.37	7.16559e-21	6.68316e-21	-1.87457e-21	-48.2976	-56.9854	13.7093
0.786	-848.093	1521.91	-1588.93	-1.41107e-20	-4.48573e-21	-1.26961e-20	-48.2212	-56.953	13.6499
0.787	-852.572	1524.53	-1588.47	-4.97957e-20	1.52869e-21	6.76158e-21	-48.1449	-56.9205	13.5905
0.788	-857.069	1527.14	-1588.01	-1.49378e-20	-3.93049e-21	-3.20755e-21	-48.0685	-56.8877	13.531
0.789	-861.584	1529.74	-1587.53	-4.99837e-20	-2.02944e-22	-4.82281e-21	-47.9923	-56.8548	13.4715
0.79	-866.118	1532.33	-1587.04	-2.27363e-20	4.11141e-21	-2.88956e-21	-47.9161	-56.8216	13.4119
0.791	-870.669	1534.91	-1586.54	-7.57854e-21	-6.49209e-21	-1.22141e-20	-47.8399	-56.7883	13.3522
0.792	-875.238	1537.47	-1586.03	-1.49922e-20	-8.0039e-21	5.19652e-21	-47.7638	-56.7548	13.2926
0.793	-879.825	1540.03	-1585.51	-3.45527e-20	-1.4883e-21	1.05231e-21	-47.6877	-56.7212	13.2328
0.794	-884.429	1542.58	-1584.98	4.08052e-20	5.60476e-21	1.64408e-20	-47.6117	-56.6873	13.173
0.795	-889.052	1545.11	-1584.44	1.03999e-20	-8.87177e-21	1.48233e-20	-47.5357	-56.6533	13.1132
0.796	-893.692	1547.64	-1583.88	4.29236e-20	6.80173e-21	1.09487e-20	-47.4598	-56.619	13.0533
0.797	-898.35	1550.15	-1583.32	-4.88496e-20	-1.36828e-21	3.13919e-21	-47.384	-56.5846	12.9934
0.798	-903.026	1552.65	-1582.74	5.12545e-20	-8.17893e-22	6.24134e-21	-47.3082	-56.55	12.9334
0.799	-907.72	1555.14	-1582.15	9.45874e-21	3.09067e-21	1.09705e-21	-47.2324	-56.5152	12.8733
0.8	-912.431	1557.62	-1581.55	-2.84257e-20	-4.23686e-21	-9.962e-22	-47.1568	-56.4803	12.8132
0.801	-917.16	1560.09	-1580.93	-7.91255e-21	-6.58597e-21	-7.2706e-21	-47.0811	-56.4451	12.7531
0.802	-921.906	1562.54	-1580.31	-2.0511e-20	-6.93757e-21	-2.60495e-21	-47.0056	-56.4098	12.6929
0.803	-926.67	1564.99	-1579.67	-3.92966e-20	-3.20315e-21	-8.03015e-21	-46.9301	-56.3743	12.6326
0.804	-931.451	1567.42	-1579.03	-7.42642e-20	-6.80534e-22	-7.30978e-21	-46.8546	-56.3386	12.5723
0.805	-936.25	1569.85	-1578.37	-2.42773e-20	-6.32135e-21	-1.23712e-20	-46.7793	-56.3027	12.5119
0.806	-941.066	1572.26	-1577.7	-8.41372e-21	-3.52224e-21	-8.68243e-21	-46.704	-56.2666	12.4515
0.807	-945.9	1574.66	-1577.01	8.32712e-21	4.74899e-21	7.31641e-21	-46.6287	-56.2304	12.391
0.808	-950.751	1577.04	-1576.32	3.54725e-20	7.84035e-21	5.28948e-21	-46.5535	-56.1939	12.3304
0.809	-955.62	1579.42	-1575.61	1.02503e-20	3.87322e-21	1.60475e-20	-46.4784	-56.1573	12.2698
0.81	-960.505	1581.78	-1574.89	5.35383e-20	4.02297e-21	4.94994e-21	-46.4034	-56.1205	12.2091
0.811	-965.408	1584.14	-1574.16	5.35407e-20	4.22672e-21	4.63045e-21	-46.3284	-56.0835	12.1484
0.812	-970.328	1586.48	-1573.42	-3.30035e-20	1.8277e-21	-1.37061e-20	-46.2535	-56.0463	12.0876
0.813	-975.266	1588.81	-1572.67	9.91249e-21	-3.66968e-21	9.00262e-21	-46.1787	-56.0089	12.0268
0.814	-980.22	1591.12	-1571.9	-4.37105e-20	-3.22287e-21	-5.27498e-21	-46.1039	-55.9714	11.9659
0.815	-985.192	1593.43	-1571.12	5.01235e-21	-2.80603e-21	7.65208e-22	-46.0292	-55.9336	11.905
0.816	-990.181	1595.72	-1570.33	8.62354e-21	-2.14197e-21	4.05835e-21	-45.9546	-55.8957	11.8439
0.817	-995.186	1598	-1569.53	-8.77416e-21	-6.69811e-21	9.10064e-21	-45.8801	-55.8576	11.7829
0.818	-1000.21	1600.26	-1568.71	-1.08385e-20	5.27875e-22	-4.42902e-21	-45.8057	-55.8193	11.7217
0.819	-1005.25	1602.52	-1567.88	-6.49212e-20	-7.31395e-21	-1.31528e-20	-45.7313	-55.7809	11.6605
0.82	-1010.31	1604.76	-1567.04	-4.51675e-20	-1.07084e-20	-7.06366e-21	-45.657	-55.7422	11.5993
0.821	-1015.38	1606.99	-1566.19	-1.03228e-22	2.63289e-21	-1.57214e-20	-45.5828	-55.7033	11.538
0.822	-1020.47	1609.21	-1565.33	-3.83565e-20	-1.83367e-20	-1.09228e-20	-45.5086	-55.6643	11.4766
0.823	-1025.58	1611.42	-1564.45	-2.32064e-20	-1.54765e-23	2.33342e-21	-45.4346	-55.6251	11.4151
0.824	-1030.7	1613.61	-1563.56	-7.60635e-22	6.10243e-22	9.48708e-22	-45.3606	-55.5857	11.3536
0.825	-1035.84	1615.79	-1562.66	5.47307e-20	-1.46669e-21	5.00254e-21	-45.2867	-55.5461	11.2921
0.826	-1041	1617.95	-1561.74	7.43495e-21	1.02497e-20	9.636e-21	-45.2129	-55.5063	11.2304
0.827	-1046.17	1620.11	-1560.81	-1.34961e-20	-1.16443e-20	-1.58818e-21	-45.1392	-55.4664	11.1687
0.828	-1051.36	1622.25	-1559.87	4.51597e-21	-1.83778e-21	5.04108e-21	-45.0656	-55.4262	11.107
0.829	-1056.57	1624.38	-1558.92	4.72732e-20	-1.86282e-21	1.62364e-20	-44.992	-55.3859	11.0452
0.83	-1061.79	1626.49	-1557.96	-4.17301e-20	1.67369e-21	1.6322e-20	-44.9186	-55.3454	10.9833
0.831	-1067.03	1628.59	-1556.98	-2.25772e-20	-3.23877e-22	-6.26858e-21	-44.8452	-55.3047	10.9213
0.832	-1072.29	1630.68	-1555.99	3.22916e-21	-1.93971e-21	-1.72873e-21	-44.772	-55.2638	10.8593
0.833	-1077.56	1632.76	-1554.98	4.23713e-21	-2.0348e-21	-1.27057e-20	-44.6988	-55.2227	10.7973
0.834	-1082.85	1634.82	-1553.97	-6.74026e-21	-1.70866e-21	-1.51726e-20	-44.6257	-55.1815	10.7351
0.835	-1088.15	1636.87	-1552.94	6.93577e-21	-8.78329e-21	-1.19889e-20	-44.5527	-55.14	10.6729
0.836	-1093.47	1638.91	-1551.89	-3.2454e-20	1.06796e-20	-7.5454e-21	-44.4798	-55.0984	10.6106
0.837	-1098.81	1640.93	-1550.84	4.82674e-20	1.17258e-20	8.72878e-21	-44.407	-55.0566	10.5483
0.838	-1104.16	1642.94	-1549.77	4.74695e-20	3.3803e-22	1.42339e-20	-44.3343	-55.0146	10.4859
0.839	-1109.53	1644.93	-1548.69	5.04662e-20	1.06238e-20	1.67951e-21	-44.2617	-54.9724	10.4235
0.84	-1114.92	1646.91	-1547.59	3.50764e-20	-1.3675e-21	1.2481e-20	-44.1892	-54.93	10.3609
0.841	-1120.32	1648.88	-1546.48	4.77552e-20	1.61343e-20	7.16994e-21	-44.1168	-54.8875	10.2983
0.842	-1125.73	1650.83	-1545.36	1.08512e-21	-1.98335e-21	-1.45021e-20	-44.0445	-54.8448	10.2357
0.843	-1131.17	1652.77	-1544.23	9.54557e-21	-8.02883e-21	-1.61281e-20	-43.9723	-54.8018	10.1729
0.844	-1136.61	1654.7	-1543.08	2.33071e-21	-2.0733e-21	-3.57184e-21	-43.9003	-54.7587	10.1101
0.845	-1142.08	1656.61	-1541.92	-1.89688e-20	-7.55358e-21	-1.46311e-20	-43.8283	-54.7154	10.0473
0.846	-1147.56	1658.51	-1540.74	3.30033e-21	-5.35542e-21	1.37873e-20	-43.7564	-54.672	9.98436
0.847	-1153.05	1660.4	-1539.56	-2.09788e-20	-2.8865e-21	-8.00817e-21	-43.6846	-54.6283	9.92136
0.848	-1158.56	1662.27	-1538.36	1.52786e-21	1.11804e-20	7.4643e-21	-43.613	-54.5845	9.8583
0.849	-1164.09	1664.12	-1537.14	8.95531e-21	2.52171e-21	6.81352e-21	-43.5414	-54.5404	9.79517
0.85	-1169.63	1665.96	-1535.91	-2.81845e-20	-1.79327e-21	2.26057e-21	-43.47	-54.4962	9.73197
0.851	-1175.19	1667.79	-1534.67	-9.63343e-20	-1.3335e-20	-4.46649e-21	-43.3986	-54.4518	9.66871
0.852	-1180.76	1669.6	-1533.41	9.56666e-20	-1.98354e-21	1.59561e-20	-43.3274	-54.4072	9.60537
0.853	-1186.35	1671.4	-1532.15	3.58549e-21	1.04821e-20	-3.81209e-22	-43.2563	-54.3625	9.54197
0.854	-1191.95	1673.19	-1530.86	3.47073e-20	-2.03155e-21	3.06206e-21	-43.1853	-54.3175	9.4785
0.855	-1197.57	1674.96	-1529.57	-1.00847e-20	1.1882e-20	1.43607e-20	-43.1144	-54.2724	9.41497
0.856	-1203.21	1676.71	-1528.26	1.47912e-21	-6.12784e-21	-1.79818e-20	-43.0437	-54.2271	9.35136
0.857	-1208.85	1678.45	-1526.93	-1.36153e-20	-7.63985e-21	-1.26608e-20	-42.973	-54.1816	9.28769
0.858	-1214.52	1680.18	-1525.59	-7.6874e-21	-2.87927e-22	4.5429e-21	-42.9025	-54.1359	9.22394
0.859	-1220.2	1681.89	-1524.24	4.3607e-20	9.223e-21	-9.37695e-21	-42.8321	-54.09	9.16013
0.86	-1225.89	1683.58	-1522.88	6.50039e-21	2.62049e-21	-1.18383e-21	-42.7618	-54.044	9.09625
0.861	-1231.6	1685.26	-1521.5	-5.05545e-20	-1.31811e-20	-1.5082e-20	-42.6917	-53.9977	9.0323
0.862	-1237.32	1686.93	-1520.1	3.5362e-20	1.08999e-20	-2.57625e-21	-42.6216	-53.9513	8.96828
0.863	-1243.06	1688.58	-1518.69	-5.43941e-20	1.20242e-20	-8.69776e-21	-42.5517	-53.9047	8.90419
0.864	-1248.81	1690.21	-1517.27	8.49512e-20	1.9721e-20	8.82338e-21	-42.4819	-53.8579	8.84004
0.865	-1254.58	1691.84	-1515.84	-2.66556e-21	8.27049e-21	-6.34943e-21	-42.4123	-53.8109	8.77581
0.866	-1260.36	1693.44	-1514.39	5.37505e-21	9.19401e-22	-1.03382e-20	-42.3427	-53.7638	8.71151
0.867	-1266.15	1695.03	-1512.92	-3.11718e-20	5.76991e-22	7.47776e-22	-42.2733	-53.7165	8.64715
0.868	-1271.96	1696.61	-1511.44	-1.67858e-20	-4.80367e-21	-1.37313e-20	-42.204	-53.6689	8.58271
0.869	-1277.79	1698.16	-1509.95	-4.7069e-20	-3.1615e-21	-1.42774e-20	-42.1349	-53.6212	8.51821
0.87	-1283.62	1699.71	-1508.44	3.9503e-20	-3.97279e-21	2.52173e-21	-42.0659	-53.5734	8.45363
0.871	-1289.48	1701.24	-1506.92	-2.86231e-20	2.39119e-21	-4.62019e-21	-41.997	-53.5253	8.38899
0.872	-1295.34	1702.75	-1505.38	5.14316e-20	7.94238e-21	-5.20841e-21	-41.9282	-53.477	8.32427
0.873	-1301.22	1704.25	-1503.83	3.62617e-20	-3.54477e-21	1.08362e-20	-41.8596	-53.4286	8.25949
0.874	-1307.12	1705.73	-1502.27	-2.4475e-20	-1.00927e-20	-2.02915e-20	-41.7911	-53.38	8.19463
0.875	-1313.03	1707.19	-1500.69	5.36378e-20	9.51192e-21	5.74247e-21	-41.7228	-53.3312	8.12971
0.876	-1318.95	1708.64	-1499.1	-2.51533e-20	-8.84204e-21	-1.27269e-21	-41.6545	-53.2822	8.06471
0.877	-1324.89	1710.08	-1497.49	-1.18843e-20	-1.22272e-20	-1.15895e-20	-41.5865	-53.2331	7.99965
0.878	-1330.84	1711.5	-1495.86	-4.20847e-20	1.57148e-21	-1.44397e-20	-41.5185	-53.1838	7.93451
0.879	-1336.8	1712.9	-1494.23	-2.04987e-20	-9.31945e-21	-3.56542e-21	-41.4507	-53.1342	7.86931
0.88	-1342.78	1714.28	-1492.57	-2.90949e-20	1.45221e-20	-3.84917e-21	-41.3831	-53.0845	7.80403
0.881	-1348.77	1715.65	-1490.91	3.5135e-20	5.66386e-21	1.01385e-22	-41.3156	-53.0347	7.73869
0.882	-1354.77	1717.01	-1489.23	-6.13818e-21	4.6987e-21	-6.62933e-21	-41.2482	-52.9846	7.67327
0.883	-1360.79	1718.34	-1487.53	-1.24042e-20	-7.09222e-21	-6.06387e-21	-41.181	-52.9344	7.60778
0.884	-1366.82	1719.67	-1485.82	-2.93856e-21	-8.90624e-21	1.82153e-21	-41.1139	-52.884	7.54223
0.885	-1372.87	1720.97	-1484.09	5.42e-20	-9.83112e-21	-3.9501e-21	-41.0469	-52.8334	7.4766
0.886	-1378.92	1722.26	-1482.35	-1.78147e-20	-8.31234e-21	-3.01577e-21	-40.9802	-52.7826	7.4109
0.887	-1384.99	1723.53	-1480.59	-1.6677e-20	-1.41018e-20	-1.5821e-20	-40.9135	-52.7316	7.34514
0.888	-1391.08	1724.79	-1478.82	5.25734e-21	-1.41537e-20	-1.57423e-20	-40.847	-52.6805	7.2793
0.889	-1397.17	1726.03	-1477.04	5.37012e-20	1.45774e-21	2.20827e-21	-40.7807	-52.6292	7.21339
0.89	-1403.28	1727.25	-1475.23	4.02376e-20	-1.35861e-20	-1.36991e-21	-40.7145	-52.5777	7.14741
0.891	-1409.4	1728.45	-1473.42	5.05235e-20	1.30522e-20	8.23483e-21	-40.6485	-52.526	7.08136
0.892	-1415.54	1729.64	-1471.59	1.01644e-20	-1.60862e-20	1.19809e-20	-40.5826	-52.4742	7.01524
0.893	-1421.69	1730.81	-1469.74	5.4448e-20	-1.61034e-20	1.00308e-21	-40.5168	-52.4221	6.94906
0.894	-1427.85	1731.97	-1467.88	5.47836e-20	5.66218e-21	9.23821e-21	-40.4513	-52.3699	6.8828
0.895	-1434.02	1733.11	-1466	-2.2973e-20	1.05417e-20	-1.57377e-21	-40.3859	-52.3175	6.81647
0.896	-1440.2	1734.23	-1464.11	3.54699e-20	5.25438e-21	-3.89452e-22	-40.3206	-52.265	6.75007
0.897	-1446.4	1735.33	-1462.2	4.66769e-20	1.03423e-20	2.75935e-21	-40.2555	-52.2123	6.6836
0.898	-1452.61	1736.42	-1460.28	4.46295e-20	3.51128e-21	-1.13603e-20	-40.1905	-52.1593	6.61706
0.899	-1458.83	1737.49	-1458.34	-1.09305e-20	7.1035e-21	-1.02468e-20	-40.1258	-52.1062	6.55045
0.9	-1465.06	1738.54	-1456.38	-6.9416e-21	-1.28975e-20	-4.07517e-21	-40.0611	-52.053	6.48378
0.901	-1471.31	1739.58	-1454.42	-3.76244e-20	-1.35818e-20	7.01723e-22	-39.9967	-51.9995	6.41703
0.902	-1477.57	1740.6	-1452.43	4.69895e-20	-1.86872e-21	-4.02619e-22	-39.9324	-51.9459	6.35021
0.903	-1483.84	1741.6	-1450.43	-1.26332e-20	-1.23649e-20	-4.29559e-21	-39.8683	-51.8921	6.28332
0.904	-1490.12	1742.58	-1448.41	2.28296e-21	2.15705e-21	3.78015e-21	-39.8043	-51.8382	6.21637
0.905	-1496.41	1743.55	-1446.38	2.97169e-21	1.30848e-20	3.83364e-21	-39.7405	-51.784	6.14934
0.906	-1502.72	1744.5	-1444.34	-4.45492e-21	3.42547e-21	2.64002e-21	-39.6768	-51.7297	6.08224
0.907	-1509.03	1745.43	-1442.27	8.86819e-20	2.10042e-20	2.75759e-20	-39.6134	-51.6752	6.01508
0.908	-1515.36	1746.34	-1440.19	6.33373e-21	-4.42215e-21	-1.61922e-20	-39.5501	-51.6205	5.94785
0.909	-1521.7	1747.24	-1438.1	-2.8525e-20	-1.01716e-20	1.02276e-20	-39.487	-51.5657	5.88054
0.91	-1528.05	1748.11	-1435.99	8.94323e-21	-4.69992e-21	1.17927e-20	-39.424	-51.5107	5.81317
0.911	-1534.41	1748.97	-1433.86	-3.0577e-20	-7.94302e-21	-3.77591e-21	-39.3612	-51.4555	5.74573
0.912	-1540.78	1749.82	-1431.72	-7.51545e-21	-5.15531e-21	3.29851e-21	-39.2986	-51.4001	5.67822
0.913	-1547.17	1750.64	-1429.57	-5.13863e-20	-5.12445e-21	3.2457e-21	-39.2362	-51.3446	5.61065
0.914	-1553.56	1751.45	-1427.39	-6.80033e-21	-1.61672e-20	-7.64052e-21	-39.1739	-51.2889	5.543
0.915	-1559.97	1752.23	-1425.2	6.31588e-21	-2.43827e-20	-6.07748e-21	-39.1118	-51.233	5.47528
0.916	-1566.38	1753	-1423	-6.57474e-20	-1.32283e-20	-6.47461e-21	-39.0499	-51.177	5.4075
0.917	-1572.81	1753.76	-1420.78	-3.84319e-20	1.2904e-21	8.05409e-21	-38.9882	-51.1207	5.33965
0.918	-1579.25	1754.49	-1418.54	6.15075e-20	3.86946e-21	-1.23313e-21	-38.9266	-51.0643	5.27173
0.919	-1585.7	1755.21	-1416.29	-6.15749e-20	2.30639e-21	-4.86455e-21	-38.8653	-51.0078	5.20375
0.92	-1592.16	1755.9	-1414.02	-1.79951e-20	1.3167e-20	-1.56898e-20	-38.8041	-50.951	5.13569
0.921	-1598.62	1756.58	-1411.73	-5.33312e-22	-1.38694e-21	-1.14423e-20	-38.7431	-50.8941	5.06757
0.922	-1605.1	1757.24	-1409.43	1.80355e-21	2.52814e-21	1.44684e-21	-38.6822	-50.8371	4.99938
0.923	-1611.59	1757.89	-1407.11	-1.91914e-20	-1.20327e-20	-9.11734e-21	-38.6216	-50.7798	4.93113
0.924	-1618.09	1758.51	-1404.78	-5.4123e-20	-5.83889e-21	-5.28479e-21	-38.5611	-50.7224	4.86281
0.925	-1624.6	1759.12	-1402.43	-4.12155e-20	-3.50818e-20	-2.05877e-21	-38.5008	-50.6648	4.79442
0.926	-1631.12	1759.7	-1400.06	-3.18573e-20	-1.49633e-20	3.70671e-21	-38.4408	-50.6071	4.72596
0.927	-1637.65	1760.27	-1397.68	-4.12651e-20	-2.33942e-20	-1.169e-21	-38.3809	-50.5492	4.65744
0.928	-1644.19	1760.82	-1395.28	-3.66411e-20	-2.11365e-20	-1.54112e-20	-38.3211	-50.4911	4.58885
0.929	-1650.74	1761.35	-1392.86	-4.9621e-20	-6.07657e-21	-3.76487e-22	-38.2616	-50.4328	4.5202
0.93	-1657.3	1761.86	-1390.43	-1.37223e-20	-5.92367e-21	-1.38084e-20	-38.2023	-50.3744	4.45147
0.931	-1663.87	1762.36	-1387.98	6.4865e-20	5.2149e-21	-3.26625e-23	-38.1431	-50.3158	4.38269
0.932	-1670.44	1762.83	-1385.52	2.02762e-20	-5.64311e-21	-1.11629e-20	-38.0842	-50.2571	4.31384
0.933	-1677.03	1763.28	-1383.04	-1.66579e-20	-1.10381e-20	-5.61926e-21	-38.0254	-50.1981	4.24492
0.934	-1683.63	1763.72	-1380.54	-6.58349e-21	-1.55555e-22	1.03689e-20	-37.9669	-50.1391	4.17594
0.935	-1690.23	1764.14	-1378.03	-1.18057e-22	1.87908e-21	4.05693e-21	-37.9085	-50.0798	4.10689
0.936	-1696.85	1764.54	-1375.5	1.35576e-21	-1.71542e-20	-1.52556e-20	-37.8503	-50.0204	4.03778
0.937	-1703.47	1764.92	-1372.95	-1.44667e-20	-3.39625e-21	-1.53233e-20	-37.7924	-49.9608	3.9686
0.938	-1710.1	1765.28	-1370.38	-1.48923e-20	-1.01664e-20	-1.13777e-20	-37.7346	-49.9011	3.89936
0.939	-1716.74	1765.62	-1367.8	7.96465e-21	-6.86267e-21	-1.34191e-20	-37.677	-49.8412	3.83006
0.94	-1723.39	1765.94	-1365.21	-3.55026e-20	-1.78563e-20	-1.33607e-20	-37.6196	-49.7811	3.76069
0.941	-1730.05	1766.24	-1362.59	8.25609e-21	-1.26951e-20	6.15973e-21	-37.5624	-49.7209	3.69126
0.942	-1736.72	1766.52	-1359.96	-5.56481e-20	-1.57204e-20	5.48003e-21	-37.5055	-49.6605	3.62177
0.943	-1743.39	1766.78	-1357.31	-6.03049e-20	-1.54619e-20	-1.11648e-20	-37.4487	-49.5999	3.55221
0.944	-1750.07	1767.03	-1354.65	4.49084e-20	-1.49642e-20	1.41868e-20	-37.3921	-49.5392	3.48259
0.945	-1756.76	1767.25	-1351.97	3.49962e-20	3.11081e-20	1.46937e-20	-37.3358	-49.4783	3.4129
0.946	-1763.46	1767.46	-1349.27	1.02828e-20	5.36728e-21	-1.04251e-20	-37.2796	-49.4173	3.34316
0.947	-1770.17	1767.64	-1346.56	3.93961e-20	1.26507e-20	-9.20429e-21	-37.2236	-49.3561	3.27335
0.948	-1776.89	1767.81	-1343.82	8.97773e-20	8.34468e-21	1.19941e-20	-37.1679	-49.2948	3.20348
0.949	-1783.61	1767.95	-1341.08	-1.56013e-20	-1.20054e-20	-5.16669e-21	-37.1123	-49.2332	3.13355
0.95	-1790.34	1768.08	-1338.31	-7.82303e-21	-2.32494e-20	-1.52317e-20	-37.057	-49.1716	3.06356
0.951	-1797.08	1768.19	-1335.53	-9.07332e-21	-1.53491e-23	1.5248e-21	-37.0019	-49.1097	2.99351
0.952	-1803.82	1768.27	-1332.73	6.35099e-21	-2.15083e-21	-9.53047e-21	-36.947	-49.0477	2.9234
0.953	-1810.58	1768.34	-1329.91	-3.61696e-20	-6.00624e-21	-6.89284e-21	-36.8923	-48.9856	2.85322
0.954	-1817.34	1768.39	-1327.08	-6.47762e-21	-1.34033e-21	1.2784e-20	-36.8378	-48.9233	2.78299
0.955	-1824.1	1768.41	-1324.23	2.95277e-20	1.02254e-20	1.8025e-21	-36.7835	-48.8608	2.71269
0.956	-1830.88	1768.42	-1321.36	6.04695e-20	9.22752e-21	2.83643e-20	-36.7294	-48.7982	2.64234
0.957	-1837.66	1768.41	-1318.48	-9.88254e-20	-3.05365e-20	-9.69528e-21	-36.6756	-48.7354	2.57193
0.958	-1844.45	1768.37	-1315.57	5.85504e-20	-4.87023e-22	-6.82391e-21	-36.6219	-48.6725	2.50146
0.959	-1851.24	1768.32	-1312.66	-4.80954e-20	-1.2296e-20	-7.22744e-21	-36.5685	-48.6094	2.43093
0.96	-1858.05	1768.25	-1309.72	2.21671e-20	1.02749e-20	-4.80224e-21	-36.5153	-48.5462	2.36034
0.961	-1864.86	1768.15	-1306.77	-6.38251e-20	-1.47489e-20	-7.22636e-21	-36.4623	-48.4828	2.28969
0.962	-1871.67	1768.04	-1303.8	-1.4281e-20	-3.47692e-21	-1.5263e-20	-36.4096	-48.4193	2.21899
0.963	-1878.49	1767.9	-1300.81	-1.43028e-20	-3.48881e-21	-4.26913e-21	-36.357	-48.3556	2.14823
0.964	-1885.32	1767.75	-1297.8	7.60399e-21	1.96753e-20	3.40832e-20	-36.3047	-48.2917	2.07741
0.965	-1892.15	1767.57	-1294.78	-9.63556e-20	-1.91028e-20	-1.20815e-20	-36.2526	-48.2277	2.00654
0.966	-1898.99	1767.38	-1291.74	-1.56839e-20	-1.08909e-20	-1.06774e-20	-36.2007	-48.1636	1.93561
0.967	-1905.84	1767.16	-1288.69	2.09522e-21	-1.15491e-20	1.52536e-20	-36.149	-48.0993	1.86462
0.968	-1912.69	1766.93	-1285.61	1.65056e-21	2.14972e-20	1.29401e-20	-36.0976	-48.0348	1.79358
0.969	-1919.55	1766.67	-1282.52	-6.56805e-20	-2.66087e-21	1.38006e-20	-36.0464	-47.9702	1.72248
0.97	-1926.41	1766.39	-1279.41	-8.16873e-21	-1.69123e-20	3.24348e-21	-35.9954	-47.9055	1.65132
0.971	-1933.28	1766.09	-1276.28	2.34409e-21	-2.9274e-21	-4.779e-21	-35.9447	-47.8406	1.58012
0.972	-1940.16	1765.78	-1273.14	-5.28755e-20	-1.07248e-20	3.54443e-21	-35.8941	-47.7755	1.50886
0.973	-1947.04	1765.44	-1269.98	-5.09084e-20	1.93471e-20	4.79517e-21	-35.8438	-47.7103	1.43754
0.974	-1953.92	1765.08	-1266.8	2.88334e-20	2.58148e-20	9.35392e-21	-35.7938	-47.645	1.36617
0.975	-1960.81	1764.7	-1263.61	-3.36007e-20	-2.65813e-20	-1.50935e-20	-35.7439	-47.5795	1.29475
0.976	-1967.71	1764.29	-1260.39	-3.40364e-20	-1.40274e-21	-1.27353e-20	-35.6943	-47.5139	1.22327
0.977	-1974.61	1763.87	-1257.16	3.54202e-21	2.02698e-20	7.79689e-21	-35.6449	-47.4481	1.15174
0.978	-1981.51	1763.43	-1253.91	4.36554e-20	2.23449e-20	-6.47724e-21	-35.5958	-47.3822	1.08016
0.979	-1988.42	1762.96	-1250.65	-4.76622e-20	-5.96724e-21	2.74064e-22	-35.5469	-47.3161	1.00853
0.98	-1995.33	1762.48	-1247.36	8.11178e-21	-1.06041e-20	3.39505e-21	-35.4982	-47.2499	0.936847
0.981	-2002.25	1761.97	-1244.06	-3.24876e-21	-1.51646e-20	5.12788e-21	-35.4497	-47.1836	0.865112
0.982	-2009.17	1761.45	-1240.74	-2.52891e-20	-2.36914e-20	-1.54191e-20	-35.4015	-47.1171	0.793327
0.983	-2016.1	1760.9	-1237.41	3.12983e-20	3.83572e-20	1.31516e-20	-35.3535	-47.0504	0.721492
0.984	-2023.03	1760.33	-1234.05	4.17642e-20	-3.54545e-21	4.65369e-21	-35.3058	-46.9837	0.649607
0.985	-2029.97	1759.74	-1230.68	4.41187e-20	4.38852e-21	1.24555e-20	-35.2583	-46.9167	0.577673
0.986	-2036.91	1759.13	-1227.29	-4.31124e-20	-1.88755e-20	-8.70281e-21	-35.211	-46.8497	0.505689
0.987	-2043.85	1758.49	-1223.89	-4.40347e-20	2.94449e-21	1.32936e-20	-35.164	-46.7825	0.433657
0.988	-2050.8	1757.84	-1220.46	4.92273e-20	3.24183e-21	1.30733e-21	-35.1172	-46.7152	0.361577
0.989	-2057.75	1757.16	-1217.02	7.2848e-21	5.25681e-21	7.59595e-21	-35.0707	-46.6477	0.289449
0.99	-2064.7	1756.47	-1213.56	9.98706e-21	9.55956e-22	-3.09018e-21	-35.0244	-46.5801	0.217274
0.991	-2071.66	1755.75	-1210.08	-3.36841e-20	-9.9231e-21	-1.41518e-20	-34.9783	-46.5123	0.145052
0.992	-2078.62	1755.01	-1206.59	5.57938e-20	2.16508e-21	-3.07826e-21	-34.9325	-46.4444	0.0727831
0.993	-2085.58	1754.25	-1203.07	1.3458e-20	-1.54855e-20	1.64551e-20	-34.8869	-46.3764	0.000468229
0.994	-2092.55	1753.47	-1199.54	3.77072e-20	9.60629e-23	-4.98732e-21	-34.8416	-46.3083	-0.0718923
0.995	-2099.52	1752.67	-1195.99	-5.6509e-21	-1.01568e-20	-5.88689e-21	-34.7965	-46.24	-0.144298
0.996	-2106.49	1751.84	-1192.43	-5.98353e-20	-9.72081e-21	1.02105e-20	-34.7516	-46.1716	-0.216749
0.997	-2113.47	1751	-1188.84	-5.04952e-21	1.84856e-20	-1.28103e-20	-34.7071	-46.103	-0.289243
0.998	-2120.45	1750.13	-1185.24	-6.27178e-20	-9.99744e-21	1.48526e-20	-34.6627	-46.0343	-0.361782
0.999	-2127.43	1749.24	-1181.62	4.24353e-21	1.78442e-20	-1.09789e-20	-34.6186	-45.9655	-0.434365
1	-2134.41	1748.33	-1177.98	-3.73999e-21	-1.02936e-20	3.99747e-21	-34.5748	-45.8965	-0.50699
