Time,Qx,Qy,Qz,Mx,My,Mz,Wx,Wy,Wz
0,0,0,0,0,0,0,0,0,0
0.01,-2.82824,-1.63449,29.8216,-9.43505E-19,1.28395E-19,-5.25711E-20,-0.204257,-0.145587,5.62689
0.02,-11.2366,-6.48577,58.5805,-1.9264E-18,6.61626E-21,-1.71325E-19,-0.812989,-0.579558,11.1908
0.03,-24.9996,-14.3997,85.2506,2.14616E-18,-2.7649E-20,6.92639E-20,-1.81424,-1.29366,16.6307
0.04,-43.7527,-25.1273,108.878,-5.77519E-19,8.36507E-19,8.70426E-19,-3.18862,-2.27452,21.8889
0.05,-67.0082,-38.3355,128.609,-1.19435E-18,-4.25983E-20,-4.95486E-19,-4.91005,-3.50415,26.9129
0.06,-94.1769,-53.6222,143.72,2.42214E-18,1.36371E-18,1.2363E-18,-6.94677,-4.96063,31.6565
0.07,-124.592,-70.5325,153.63,6.29162E-18,3.45134E-18,5.67681E-19,-9.26248,-6.61895,36.0807
0.08,-157.534,-88.5768,157.915,-4.98787E-18,-5.97959E-18,-1.44202E-18,-11.8176,-8.45186,40.1546
0.09,-192.262,-107.25,156.311,3.80414E-19,1.37238E-18,2.12519E-18,-14.5706,-10.4307,43.8554
0.1,-228.031,-126.046,148.709,6.97548E-18,1.10271E-18,5.30097E-19,-17.4791,-12.5265,47.1684
0.11,-264.124,-144.478,135.147,-5.919E-18,-2.89549E-18,-3.86745E-18,-20.5013,-14.7103,50.0867
0.12,-299.865,-162.087,115.795,-3.73518E-18,-3.48682E-18,-1.94824E-18,-23.5968,-16.9545,52.6109
0.13,-334.638,-178.458,90.9391,2.64195E-18,-7.15208E-18,-3.85315E-18,-26.7272,-19.2329,54.7477
0.14,-367.899,-193.222,60.9566,4.69868E-18,-8.1374E-19,-8.48589E-19,-29.8576,-21.5213,56.5095
0.15,-399.18,-206.066,26.3001,-1.11503E-17,-4.44712E-18,-5.43387E-18,-32.956,-23.798,57.9134
0.16,-428.101,-216.732,-12.5259,3.52949E-20,3.15352E-18,-1.35444E-18,-35.9944,-26.0439,58.9801
0.17,-454.36,-225.019,-54.9843,-6.69534E-18,-3.83509E-20,3.81267E-20,-38.9486,-28.2426,59.733
0.18,-477.739,-230.782,-100.523,4.61791E-18,2.51856E-18,-1.84252E-19,-41.7985,-30.3802,60.1972
0.19,-498.096,-233.925,-148.591,-3.37561E-18,-3.88993E-18,-1.9534E-18,-44.5275,-32.4456,60.3991
0.2,-515.358,-234.4,-198.651,1.36417E-18,5.28623E-18,4.82202E-18,-47.1225,-34.4301,60.3651
0.21,-529.516,-232.201,-250.192,-8.37364E-18,-5.9926E-18,-5.41021E-18,-49.5741,-36.3271,60.1216
0.22,-540.613,-227.356,-302.732,-1.16861E-18,-1.31071E-18,1.28509E-18,-51.8755,-38.1322,59.6941
0.23,-548.74,-219.926,-355.832,8.3873E-18,6.11974E-18,3.90918E-18,-54.0226,-39.8428,59.107
0.24,-554.027,-209.994,-409.092,-4.16214E-18,-4.98182E-18,3.81821E-19,-56.0138,-41.4576,58.3834
0.25,-556.633,-197.663,-462.157,-4.09255E-18,-3.38268E-18,-1.52386E-18,-57.8493,-42.977,57.5447
0.26,-556.739,-183.049,-514.718,-1.90711E-18,-5.92966E-18,-1.81687E-18,-59.531,-44.4023,56.6107
0.27,-554.547,-166.281,-566.505,2.83964E-18,-9.70469E-19,4.6601E-19,-61.062,-45.7355,55.5992
0.28,-550.266,-147.491,-617.295,1.25699E-18,-1.03883E-18,-3.42174E-18,-62.4466,-46.9796,54.5266
0.29,-544.115,-126.816,-666.901,3.33715E-18,-1.56241E-18,-8.62111E-19,-63.6899,-48.1379,53.4072
0.3,-536.312,-104.393,-715.172,2.1354E-18,1.06936E-18,2.4055E-18,-64.7975,-49.2144,52.2539
0.31,-527.077,-80.3546,-761.993,-7.28761E-20,1.15558E-19,-9.83121E-19,-65.7756,-50.2128,51.0778
0.32,-516.625,-54.8328,-807.275,-1.73268E-18,-1.87033E-18,2.26315E-18,-66.6304,-51.1375,49.8889
0.33,-505.164,-27.9529,-850.957,-2.38487E-19,-2.24003E-18,-2.7944E-20,-67.3686,-51.9927,48.6953
0.34,-492.898,0.165554,-893.002,-4.07487E-19,1.14308E-18,-5.06506E-19,-67.9965,-52.7824,47.5042
0.35,-480.018,29.4095,-933.391,-2.38719E-19,2.40714E-19,4.79596E-19,-68.5205,-53.511,46.3217
0.36,-466.709,59.6732,-972.122,2.19313E-18,8.3115E-19,1.15812E-18,-68.9471,-54.1822,45.1526
0.37,-453.145,90.8576,-1009.21,3.43509E-19,-7.00676E-19,1.37785E-19,-69.2821,-54.8,44.0011
0.38,-439.49,122.871,-1044.68,-1.79498E-18,6.73454E-20,-5.82137E-20,-69.5316,-55.368,42.8703
0.39,-425.899,155.63,-1078.56,7.12784E-19,-2.37354E-20,1.99941E-18,-69.7011,-55.8896,41.7629
0.4,-412.516,189.055,-1110.9,-1.61193E-20,-7.40461E-20,-8.04539E-19,-69.7959,-56.3681,40.6807
0.41,-399.476,223.076,-1141.73,-3.73853E-19,-4.58554E-19,-6.88136E-19,-69.8211,-56.8064,39.625
0.42,-386.905,257.626,-1171.12,-2.72955E-18,-8.18257E-19,-1.12229E-19,-69.7813,-57.2073,38.5968
0.43,-374.922,292.646,-1199.12,1.44248E-18,7.44085E-19,-7.74687E-20,-69.6812,-57.5734,37.5966
0.44,-363.634,328.081,-1225.78,-1.79499E-19,1.91205E-19,-1.78539E-20,-69.5249,-57.907,36.6245
0.45,-353.144,363.879,-1251.15,-1.52875E-18,-2.40186E-19,3.19852E-19,-69.3162,-58.2103,35.6803
0.46,-343.547,399.995,-1275.3,-1.87474E-18,2.38853E-20,3.44613E-19,-69.0589,-58.4852,34.7636
0.47,-334.931,436.386,-1298.26,-1.45393E-18,1.62672E-19,-1.49023E-20,-68.7564,-58.7335,33.8739
0.48,-327.377,473.011,-1320.11,-3.10188E-18,-3.05424E-19,-1.18521E-18,-68.4118,-58.9566,33.0104
0.49,-320.963,509.833,-1340.88,1.43112E-18,-1.17224E-20,3.76505E-19,-68.028,-59.1561,32.1721
0.5,-315.76,546.818,-1360.62,1.06433E-18,2.02125E-20,-6.18372E-20,-67.6079,-59.3331,31.3581
0.51,-311.834,583.931,-1379.38,1.5645E-18,8.79179E-20,-9.95884E-19,-67.154,-59.4888,30.5672
0.52,-309.247,621.14,-1397.19,-1.75081E-18,-4.77017E-20,-5.95381E-19,-66.6686,-59.624,29.7982
0.53,-308.057,658.415,-1414.1,1.57929E-18,2.03112E-19,-1.24052E-19,-66.1541,-59.7397,29.05
0.54,-308.318,695.725,-1430.14,-9.07115E-19,3.97554E-20,1.13762E-19,-65.6124,-59.8365,28.3213
0.55,-310.082,733.04,-1445.34,7.30479E-20,1.68239E-19,5.60894E-19,-65.0455,-59.915,27.6108
0.56,-313.395,770.33,-1459.72,-2.2196E-18,-2.56513E-19,-6.57229E-19,-64.4553,-59.9757,26.9172
0.57,-318.302,807.565,-1473.3,-4.05166E-19,3.28435E-20,-1.9168E-19,-63.8434,-60.019,26.2393
0.58,-324.844,844.713,-1486.11,2.94276E-18,-4.34873E-20,5.26574E-19,-63.2115,-60.0452,25.5758
0.59,-333.059,881.744,-1498.17,2.25111E-19,3.68437E-20,4.86158E-19,-62.561,-60.0547,24.9253
0.6,-342.983,918.625,-1509.47,1.60847E-19,-1.18679E-20,-1.14328E-19,-61.8935,-60.0475,24.2867
0.61,-354.649,955.323,-1520.03,-2.6956E-19,-1.09063E-19,1.68917E-19,-61.2103,-60.0238,23.6587
0.62,-368.087,991.803,-1529.85,-2.51908E-19,1.13237E-19,-7.25998E-20,-60.5127,-59.9836,23.0402
0.63,-383.325,1028.03,-1538.93,-1.84926E-19,1.09856E-19,-4.67669E-19,-59.8021,-59.927,22.4299
0.64,-400.389,1063.96,-1547.28,1.35931E-19,-7.66011E-21,3.91537E-19,-59.0795,-59.854,21.8268
0.65,-419.3,1099.57,-1554.87,-4.31638E-19,-5.6677E-20,-1.165E-19,-58.3463,-59.7644,21.2297
0.66,-440.078,1134.8,-1561.71,1.89123E-19,-5.32141E-20,-1.16455E-19,-57.6035,-59.6582,20.6377
0.67,-462.741,1169.62,-1567.78,9.44211E-20,1.02394E-19,-1.55608E-20,-56.8523,-59.5352,20.0496
0.68,-487.302,1203.99,-1573.07,-1.63381E-18,-3.81512E-20,-1.29599E-19,-56.0938,-59.3953,19.4645
0.69,-513.773,1237.85,-1577.55,-4.24654E-19,-8.30135E-20,-1.64432E-19,-55.329,-59.2384,18.8815
0.7,-542.162,1271.16,-1581.2,-8.83392E-19,-6.93282E-20,-1.82199E-19,-54.5591,-59.0643,18.2997
0.71,-572.473,1303.87,-1584.01,3.15756E-19,-2.66201E-20,1.35369E-19,-53.785,-58.8727,17.7181
0.72,-604.709,1335.93,-1585.94,-2.57701E-19,-1.32479E-20,-5.11689E-21,-53.008,-58.6636,17.1361
0.73,-638.868,1367.29,-1586.97,-3.18764E-19,2.14029E-20,2.79642E-21,-52.2289,-58.4367,16.5529
0.74,-674.944,1397.89,-1587.06,1.0119E-18,-3.49413E-21,-7.09647E-21,-51.4489,-58.1917,15.9677
0.75,-712.929,1427.68,-1586.18,-9.9691E-20,1.96061E-21,-6.82314E-20,-50.6689,-57.9287,15.3798
0.76,-752.811,1456.6,-1584.3,6.02342E-19,-9.52675E-22,1.08619E-19,-49.8902,-57.6473,14.7887
0.77,-794.572,1484.58,-1581.38,-2.81318E-19,9.92546E-23,-1.70882E-20,-49.1136,-57.3474,14.1937
0.78,-838.192,1511.58,-1577.39,-9.43362E-19,-5.6522E-21,9.58264E-21,-48.3403,-57.0289,13.5944
0.79,-883.647,1537.53,-1572.28,-1.30441E-18,5.46753E-20,-1.13193E-20,-47.5713,-56.6917,12.9902
0.8,-930.907,1562.36,-1566.02,-6.71569E-19,-2.49271E-20,2.29719E-21,-46.8077,-56.3356,12.3806
0.81,-979.939,1586.03,-1558.57,7.5471E-19,1.98523E-20,-9.92258E-22,-46.0506,-55.9605,11.7653
0.82,-1030.71,1608.45,-1549.88,8.22117E-19,-2.16325E-21,7.60066E-21,-45.301,-55.5665,11.144
0.83,-1083.16,1629.57,-1539.92,-1.93328E-20,1.25541E-20,-4.64E-20,-44.56,-55.1534,10.5163
0.84,-1137.26,1649.33,-1528.64,5.73907E-19,-3.51656E-20,1.55092E-20,-43.8287,-54.7214,9.88196
0.85,-1192.96,1667.66,-1516,8.24826E-19,-2.25108E-20,-1.97011E-20,-43.1081,-54.2703,9.24078
0.86,-1250.19,1684.5,-1501.96,-1.80664E-19,-1.50291E-20,6.31232E-20,-42.3993,-53.8003,8.59261
0.87,-1308.89,1699.79,-1486.48,2.46828E-19,-6.87619E-20,-8.18147E-20,-41.7035,-53.3115,7.93731
0.88,-1369.01,1713.46,-1469.52,-3.25655E-20,-3.11781E-21,3.84557E-20,-41.0216,-52.8041,7.27483
0.89,-1430.46,1725.45,-1451.04,-1.59512E-19,6.86673E-20,8.45042E-20,-40.3547,-52.2781,6.60514
0.9,-1493.17,1735.71,-1431,-1.58994E-19,1.09874E-19,8.75482E-20,-39.7039,-51.7339,5.92826
0.91,-1557.06,1744.17,-1409.37,7.30639E-20,-7.40867E-21,-9.53778E-20,-39.0702,-51.1717,5.24426
0.92,-1622.05,1750.78,-1386.12,-1.39382E-19,9.49586E-20,1.24221E-19,-38.4545,-50.5918,4.55326
0.93,-1688.04,1755.49,-1361.2,1.1614E-19,-8.50018E-20,-1.78893E-21,-37.858,-49.9945,3.8554
0.94,-1754.95,1758.24,-1334.59,-1.7755E-20,3.75783E-21,5.9081E-20,-37.2816,-49.3803,3.1509
0.95,-1822.68,1758.98,-1306.27,1.74546E-19,5.87308E-20,3.57901E-20,-36.7263,-48.7495,2.43998
0.96,-1891.11,1757.67,-1276.2,-3.77785E-20,8.33624E-21,2.01237E-20,-36.1929,-48.1026,1.72295
0.97,-1960.16,1754.26,-1244.36,8.60271E-20,-3.33195E-21,2.88635E-20,-35.6824,-47.4401,1.00011
0.98,-2029.7,1748.72,-1210.74,-1.09992E-19,6.31448E-20,4.15545E-20,-35.1956,-46.7627,0.271836
0.99,-2099.63,1741.01,-1175.31,1.4556E-21,6.44823E-21,5.2129E-21,-34.7335,-46.0707,-0.461476
1,-2169.83,1731.09,-1138.06,-4.45713E-20,2.14541E-21,6.56025E-22,-34.2966,-45.365,-1.19939
