/*--------------------------------*- C++ -*----------------------------------*\
| =========                 |                                                 |
| \\      /  F ield         | foam-extend: Open Source CFD                    |
|  \\    /   O peration     | Version:     4.1                                |
|   \\  /    A nd           | Web:         http://www.foam-extend.org         |
|    \\/     M anipulation  |                                                 |
\*---------------------------------------------------------------------------*/
FoamFile
{
    version     2.0;
    format      ascii;
    class       pointVectorField;
    location    "0";
    object      pointW;
}
// * * * * * * * * * * * * * * * * * * * * * * * * * * * * * * * * * * * * * //

dimensions      [0 1 0 0 0 0 0];

internalField   nonuniform List<vector> 
3008
(
(-6.05257e-19 6.1939e-19 0)
(0.0019509 0.0019509 0)
(0.00382683 0.00382683 0)
(0.0055557 0.0055557 0)
(0.00707107 0.00707107 0)
(0.0083147 0.0083147 0)
(0.0092388 0.0092388 0)
(0.00980785 0.00980785 0)
(0.01 0.01 0)
(0.00980785 0.00980785 0)
(0.0092388 0.0092388 0)
(0.0083147 0.0083147 0)
(0.00707107 0.00707107 0)
(0.0055557 0.0055557 0)
(0.00382683 0.00382683 0)
(0.0019509 0.0019509 0)
(1.84404e-18 6.19393e-19 0)
(-0.0019509 -0.0019509 0)
(-0.00382683 -0.00382683 0)
(-0.0055557 -0.0055557 0)
(-0.00707107 -0.00707107 0)
(-0.0083147 -0.0083147 0)
(-0.0092388 -0.0092388 0)
(-0.00980785 -0.00980785 0)
(-0.01 -0.01 0)
(-0.00980785 -0.00980785 0)
(-0.0092388 -0.0092388 0)
(-0.0083147 -0.0083147 0)
(-0.00707107 -0.00707107 0)
(-0.0055557 -0.0055557 0)
(-0.00382683 -0.00382683 0)
(-0.0019509 -0.0019509 0)
(-0.0597014 0.0615591 0)
(-0.0577542 0.0633899 0)
(-0.0558819 0.0651503 0)
(-0.0541563 0.0667728 0)
(-0.0526438 0.0681948 0)
(-0.0514025 0.0693619 0)
(-0.0504802 0.0702291 0)
(-0.0499122 0.0707631 0)
(-0.0497204 0.0709435 0)
(-0.0499122 0.0707631 0)
(-0.0504802 0.0702291 0)
(-0.0514025 0.0693619 0)
(-0.0526438 0.0681948 0)
(-0.0541563 0.0667728 0)
(-0.0558819 0.0651503 0)
(-0.0577542 0.0633899 0)
(-0.0597014 0.0615591 0)
(-0.0616486 0.0597282 0)
(-0.063521 0.0579678 0)
(-0.0652466 0.0563454 0)
(-0.0667591 0.0549233 0)
(-0.0680004 0.0537562 0)
(-0.0689227 0.052889 0)
(-0.0694907 0.052355 0)
(-0.0696825 0.0521746 0)
(-0.0694907 0.052355 0)
(-0.0689227 0.052889 0)
(-0.0680004 0.0537562 0)
(-0.0667591 0.0549233 0)
(-0.0652466 0.0563454 0)
(-0.063521 0.0579678 0)
(-0.0616486 0.0597282 0)
(-0.115617 0.122885 0)
(-0.113681 0.124596 0)
(-0.111819 0.126241 0)
(-0.110103 0.127758 0)
(-0.108599 0.129087 0)
(-0.107365 0.130178 0)
(-0.106448 0.130988 0)
(-0.105883 0.131487 0)
(-0.105693 0.131656 0)
(-0.105883 0.131487 0)
(-0.106448 0.130988 0)
(-0.107365 0.130178 0)
(-0.108599 0.129087 0)
(-0.110103 0.127758 0)
(-0.111819 0.126241 0)
(-0.113681 0.124596 0)
(-0.115617 0.122885 0)
(-0.117553 0.121173 0)
(-0.119415 0.119528 0)
(-0.121131 0.118012 0)
(-0.122634 0.116682 0)
(-0.123869 0.115592 0)
(-0.124786 0.114781 0)
(-0.12535 0.114282 0)
(-0.125541 0.114113 0)
(-0.12535 0.114282 0)
(-0.124786 0.114781 0)
(-0.123869 0.115592 0)
(-0.122634 0.116682 0)
(-0.121131 0.118012 0)
(-0.119415 0.119528 0)
(-0.117553 0.121173 0)
(-0.167768 0.183744 0)
(-0.16585 0.185336 0)
(-0.164006 0.186868 0)
(-0.162307 0.188279 0)
(-0.160817 0.189516 0)
(-0.159595 0.190531 0)
(-0.158687 0.191285 0)
(-0.158127 0.19175 0)
(-0.157938 0.191907 0)
(-0.158127 0.19175 0)
(-0.158687 0.191285 0)
(-0.159595 0.190531 0)
(-0.160817 0.189516 0)
(-0.162307 0.188279 0)
(-0.164006 0.186868 0)
(-0.16585 0.185336 0)
(-0.167768 0.183744 0)
(-0.169686 0.182152 0)
(-0.17153 0.18062 0)
(-0.173229 0.179209 0)
(-0.174719 0.177972 0)
(-0.175941 0.176957 0)
(-0.17685 0.176203 0)
(-0.177409 0.175738 0)
(-0.177598 0.175581 0)
(-0.177409 0.175738 0)
(-0.17685 0.176203 0)
(-0.175941 0.176957 0)
(-0.174719 0.177972 0)
(-0.173229 0.179209 0)
(-0.17153 0.18062 0)
(-0.169686 0.182152 0)
(-0.216191 0.243907 0)
(-0.214299 0.245382 0)
(-0.212479 0.2468 0)
(-0.210803 0.248107 0)
(-0.209333 0.249253 0)
(-0.208127 0.250193 0)
(-0.207231 0.250892 0)
(-0.206679 0.251322 0)
(-0.206493 0.251467 0)
(-0.206679 0.251322 0)
(-0.207231 0.250892 0)
(-0.208127 0.250193 0)
(-0.209333 0.249253 0)
(-0.210803 0.248107 0)
(-0.212479 0.2468 0)
(-0.214299 0.245382 0)
(-0.216191 0.243907 0)
(-0.218083 0.242431 0)
(-0.219902 0.241013 0)
(-0.221579 0.239706 0)
(-0.223048 0.23856 0)
(-0.224254 0.23762 0)
(-0.225151 0.236921 0)
(-0.225702 0.236491 0)
(-0.225889 0.236346 0)
(-0.225702 0.236491 0)
(-0.225151 0.236921 0)
(-0.224254 0.23762 0)
(-0.223048 0.23856 0)
(-0.221579 0.239706 0)
(-0.219902 0.241013 0)
(-0.218083 0.242431 0)
(-0.260935 0.303144 0)
(-0.259076 0.304503 0)
(-0.257288 0.305811 0)
(-0.255641 0.307015 0)
(-0.254196 0.308071 0)
(-0.253011 0.308938 0)
(-0.252131 0.309582 0)
(-0.251588 0.309978 0)
(-0.251405 0.310112 0)
(-0.251588 0.309978 0)
(-0.252131 0.309582 0)
(-0.253011 0.308938 0)
(-0.254196 0.308071 0)
(-0.255641 0.307015 0)
(-0.257288 0.305811 0)
(-0.259076 0.304503 0)
(-0.260935 0.303144 0)
(-0.262794 0.301784 0)
(-0.264582 0.300477 0)
(-0.266229 0.299272 0)
(-0.267673 0.298216 0)
(-0.268858 0.29735 0)
(-0.269739 0.296706 0)
(-0.270281 0.296309 0)
(-0.270464 0.296175 0)
(-0.270281 0.296309 0)
(-0.269739 0.296706 0)
(-0.268858 0.29735 0)
(-0.267673 0.298216 0)
(-0.266229 0.299272 0)
(-0.264582 0.300477 0)
(-0.262794 0.301784 0)
(-0.302064 0.361231 0)
(-0.300245 0.362477 0)
(-0.298496 0.363676 0)
(-0.296884 0.36478 0)
(-0.295471 0.365748 0)
(-0.294311 0.366542 0)
(-0.293449 0.367133 0)
(-0.292919 0.367496 0)
(-0.292739 0.367619 0)
(-0.292919 0.367496 0)
(-0.293449 0.367133 0)
(-0.294311 0.366542 0)
(-0.295471 0.365748 0)
(-0.296884 0.36478 0)
(-0.298496 0.363676 0)
(-0.300245 0.362477 0)
(-0.302064 0.361231 0)
(-0.303883 0.359985 0)
(-0.305633 0.358787 0)
(-0.307245 0.357682 0)
(-0.308658 0.356715 0)
(-0.309818 0.35592 0)
(-0.310679 0.35533 0)
(-0.31121 0.354966 0)
(-0.311389 0.354844 0)
(-0.31121 0.354966 0)
(-0.310679 0.35533 0)
(-0.309818 0.35592 0)
(-0.308658 0.356715 0)
(-0.307245 0.357682 0)
(-0.305633 0.358787 0)
(-0.303883 0.359985 0)
(-0.339657 0.417949 0)
(-0.337884 0.419084 0)
(-0.33618 0.420176 0)
(-0.33461 0.421182 0)
(-0.333233 0.422064 0)
(-0.332103 0.422788 0)
(-0.331264 0.423326 0)
(-0.330747 0.423657 0)
(-0.330572 0.423769 0)
(-0.330747 0.423657 0)
(-0.331264 0.423326 0)
(-0.332103 0.422788 0)
(-0.333233 0.422064 0)
(-0.33461 0.421182 0)
(-0.33618 0.420176 0)
(-0.337884 0.419084 0)
(-0.339657 0.417949 0)
(-0.341429 0.416813 0)
(-0.343133 0.415721 0)
(-0.344704 0.414715 0)
(-0.346081 0.413833 0)
(-0.34721 0.413109 0)
(-0.34805 0.412571 0)
(-0.348567 0.41224 0)
(-0.348741 0.412128 0)
(-0.348567 0.41224 0)
(-0.34805 0.412571 0)
(-0.34721 0.413109 0)
(-0.346081 0.413833 0)
(-0.344704 0.414715 0)
(-0.343133 0.415721 0)
(-0.341429 0.416813 0)
(-0.373803 0.47308 0)
(-0.372084 0.474108 0)
(-0.370432 0.475097 0)
(-0.368909 0.476008 0)
(-0.367573 0.476806 0)
(-0.366478 0.477462 0)
(-0.365664 0.477949 0)
(-0.365162 0.478248 0)
(-0.364993 0.47835 0)
(-0.365162 0.478248 0)
(-0.365664 0.477949 0)
(-0.366478 0.477462 0)
(-0.367573 0.476806 0)
(-0.368909 0.476008 0)
(-0.370432 0.475097 0)
(-0.372084 0.474108 0)
(-0.373803 0.47308 0)
(-0.375522 0.472053 0)
(-0.377175 0.471064 0)
(-0.378698 0.470153 0)
(-0.380033 0.469355 0)
(-0.381129 0.468699 0)
(-0.381943 0.468212 0)
(-0.382444 0.467913 0)
(-0.382613 0.467811 0)
(-0.382444 0.467913 0)
(-0.381943 0.468212 0)
(-0.381129 0.468699 0)
(-0.380033 0.469355 0)
(-0.378698 0.470153 0)
(-0.377175 0.471064 0)
(-0.375522 0.472053 0)
(-0.404608 0.526418 0)
(-0.402949 0.527342 0)
(-0.401354 0.52823 0)
(-0.399884 0.529049 0)
(-0.398596 0.529767 0)
(-0.397539 0.530356 0)
(-0.396753 0.530793 0)
(-0.396269 0.531063 0)
(-0.396106 0.531154 0)
(-0.396269 0.531063 0)
(-0.396753 0.530793 0)
(-0.397539 0.530356 0)
(-0.398596 0.529767 0)
(-0.399884 0.529049 0)
(-0.401354 0.52823 0)
(-0.402949 0.527342 0)
(-0.404608 0.526418 0)
(-0.406267 0.525494 0)
(-0.407862 0.524606 0)
(-0.409332 0.523787 0)
(-0.41062 0.523069 0)
(-0.411677 0.52248 0)
(-0.412463 0.522043 0)
(-0.412947 0.521773 0)
(-0.41311 0.521682 0)
(-0.412947 0.521773 0)
(-0.412463 0.522043 0)
(-0.411677 0.52248 0)
(-0.41062 0.523069 0)
(-0.409332 0.523787 0)
(-0.407862 0.524606 0)
(-0.406267 0.525494 0)
(-0.432188 0.577759 0)
(-0.430595 0.578582 0)
(-0.429064 0.579375 0)
(-0.427653 0.580105 0)
(-0.426416 0.580744 0)
(-0.425401 0.581269 0)
(-0.424647 0.58166 0)
(-0.424182 0.5819 0)
(-0.424026 0.581981 0)
(-0.424182 0.5819 0)
(-0.424647 0.58166 0)
(-0.425401 0.581269 0)
(-0.426416 0.580744 0)
(-0.427653 0.580105 0)
(-0.429064 0.579375 0)
(-0.430595 0.578582 0)
(-0.432188 0.577759 0)
(-0.43378 0.576935 0)
(-0.435311 0.576143 0)
(-0.436722 0.575413 0)
(-0.437959 0.574773 0)
(-0.438974 0.574248 0)
(-0.439728 0.573858 0)
(-0.440193 0.573617 0)
(-0.44035 0.573536 0)
(-0.440193 0.573617 0)
(-0.439728 0.573858 0)
(-0.438974 0.574248 0)
(-0.437959 0.574773 0)
(-0.436722 0.575413 0)
(-0.435311 0.576143 0)
(-0.43378 0.576935 0)
(-0.456671 0.626908 0)
(-0.455151 0.627636 0)
(-0.45369 0.628336 0)
(-0.452343 0.628981 0)
(-0.451162 0.629546 0)
(-0.450193 0.63001 0)
(-0.449473 0.630355 0)
(-0.44903 0.630567 0)
(-0.44888 0.630639 0)
(-0.44903 0.630567 0)
(-0.449473 0.630355 0)
(-0.450193 0.63001 0)
(-0.451162 0.629546 0)
(-0.452343 0.628981 0)
(-0.45369 0.628336 0)
(-0.455151 0.627636 0)
(-0.456671 0.626908 0)
(-0.458191 0.62618 0)
(-0.459653 0.62548 0)
(-0.461 0.624835 0)
(-0.46218 0.62427 0)
(-0.463149 0.623806 0)
(-0.463869 0.623461 0)
(-0.464313 0.623249 0)
(-0.464462 0.623177 0)
(-0.464313 0.623249 0)
(-0.463869 0.623461 0)
(-0.463149 0.623806 0)
(-0.46218 0.62427 0)
(-0.461 0.624835 0)
(-0.459653 0.62548 0)
(-0.458191 0.62618 0)
(-0.4782 0.673679 0)
(-0.476758 0.674316 0)
(-0.475372 0.674928 0)
(-0.474094 0.675492 0)
(-0.472974 0.675987 0)
(-0.472055 0.676392 0)
(-0.471372 0.676694 0)
(-0.470952 0.67688 0)
(-0.47081 0.676942 0)
(-0.470952 0.67688 0)
(-0.471372 0.676694 0)
(-0.472055 0.676392 0)
(-0.472974 0.675987 0)
(-0.474094 0.675492 0)
(-0.475372 0.674928 0)
(-0.476758 0.674316 0)
(-0.4782 0.673679 0)
(-0.479642 0.673043 0)
(-0.481028 0.67243 0)
(-0.482306 0.671866 0)
(-0.483426 0.671372 0)
(-0.484345 0.670966 0)
(-0.485028 0.670664 0)
(-0.485448 0.670479 0)
(-0.48559 0.670416 0)
(-0.485448 0.670479 0)
(-0.485028 0.670664 0)
(-0.484345 0.670966 0)
(-0.483426 0.671372 0)
(-0.482306 0.671866 0)
(-0.481028 0.67243 0)
(-0.479642 0.673043 0)
(-0.496926 0.717896 0)
(-0.495567 0.718446 0)
(-0.494261 0.718975 0)
(-0.493058 0.719463 0)
(-0.492003 0.719891 0)
(-0.491137 0.720241 0)
(-0.490494 0.720502 0)
(-0.490098 0.720663 0)
(-0.489964 0.720717 0)
(-0.490098 0.720663 0)
(-0.490494 0.720502 0)
(-0.491137 0.720241 0)
(-0.492003 0.719891 0)
(-0.493058 0.719463 0)
(-0.494261 0.718975 0)
(-0.495567 0.718446 0)
(-0.496926 0.717896 0)
(-0.498284 0.717345 0)
(-0.49959 0.716816 0)
(-0.500793 0.716329 0)
(-0.501848 0.715901 0)
(-0.502714 0.71555 0)
(-0.503357 0.71529 0)
(-0.503753 0.715129 0)
(-0.503887 0.715075 0)
(-0.503753 0.715129 0)
(-0.503357 0.71529 0)
(-0.502714 0.71555 0)
(-0.501848 0.715901 0)
(-0.500793 0.716329 0)
(-0.49959 0.716816 0)
(-0.498284 0.717345 0)
(-0.51301 0.759389 0)
(-0.511741 0.759858 0)
(-0.51052 0.760309 0)
(-0.509396 0.760725 0)
(-0.50841 0.76109 0)
(-0.5076 0.761389 0)
(-0.506999 0.761612 0)
(-0.506629 0.761749 0)
(-0.506504 0.761795 0)
(-0.506629 0.761749 0)
(-0.506999 0.761612 0)
(-0.5076 0.761389 0)
(-0.50841 0.76109 0)
(-0.509396 0.760725 0)
(-0.51052 0.760309 0)
(-0.511741 0.759858 0)
(-0.51301 0.759389 0)
(-0.51428 0.758919 0)
(-0.5155 0.758468 0)
(-0.516625 0.758052 0)
(-0.517611 0.757687 0)
(-0.51842 0.757388 0)
(-0.519021 0.757166 0)
(-0.519392 0.757029 0)
(-0.519517 0.756983 0)
(-0.519392 0.757029 0)
(-0.519021 0.757166 0)
(-0.51842 0.757388 0)
(-0.517611 0.757687 0)
(-0.516625 0.758052 0)
(-0.5155 0.758468 0)
(-0.51428 0.758919 0)
(-0.526627 0.798001 0)
(-0.525451 0.798395 0)
(-0.524321 0.798774 0)
(-0.523279 0.799123 0)
(-0.522366 0.799429 0)
(-0.521616 0.799681 0)
(-0.521059 0.799867 0)
(-0.520716 0.799982 0)
(-0.5206 0.800021 0)
(-0.520716 0.799982 0)
(-0.521059 0.799867 0)
(-0.521616 0.799681 0)
(-0.522366 0.799429 0)
(-0.523279 0.799123 0)
(-0.524321 0.798774 0)
(-0.525451 0.798395 0)
(-0.526627 0.798001 0)
(-0.527803 0.797607 0)
(-0.528933 0.797228 0)
(-0.529975 0.796879 0)
(-0.530888 0.796573 0)
(-0.531638 0.796321 0)
(-0.532195 0.796135 0)
(-0.532538 0.79602 0)
(-0.532654 0.795981 0)
(-0.532538 0.79602 0)
(-0.532195 0.796135 0)
(-0.531638 0.796321 0)
(-0.530888 0.796573 0)
(-0.529975 0.796879 0)
(-0.528933 0.797228 0)
(-0.527803 0.797607 0)
(-0.537958 0.833587 0)
(-0.53688 0.833911 0)
(-0.535844 0.834223 0)
(-0.534889 0.834511 0)
(-0.534052 0.834763 0)
(-0.533365 0.83497 0)
(-0.532854 0.835124 0)
(-0.53254 0.835219 0)
(-0.532434 0.835251 0)
(-0.53254 0.835219 0)
(-0.532854 0.835124 0)
(-0.533365 0.83497 0)
(-0.534052 0.834763 0)
(-0.534889 0.834511 0)
(-0.535844 0.834223 0)
(-0.53688 0.833911 0)
(-0.537958 0.833587 0)
(-0.539036 0.833262 0)
(-0.540072 0.83295 0)
(-0.541027 0.832662 0)
(-0.541864 0.83241 0)
(-0.542551 0.832203 0)
(-0.543061 0.832049 0)
(-0.543376 0.831954 0)
(-0.543482 0.831922 0)
(-0.543376 0.831954 0)
(-0.543061 0.832049 0)
(-0.542551 0.832203 0)
(-0.541864 0.83241 0)
(-0.541027 0.832662 0)
(-0.540072 0.83295 0)
(-0.539036 0.833262 0)
(-0.547194 0.866012 0)
(-0.546218 0.866273 0)
(-0.54528 0.866524 0)
(-0.544416 0.866756 0)
(-0.543658 0.866959 0)
(-0.543036 0.867126 0)
(-0.542574 0.86725 0)
(-0.54229 0.867326 0)
(-0.542194 0.867352 0)
(-0.54229 0.867326 0)
(-0.542574 0.86725 0)
(-0.543036 0.867126 0)
(-0.543658 0.866959 0)
(-0.544416 0.866756 0)
(-0.54528 0.866524 0)
(-0.546218 0.866273 0)
(-0.547194 0.866012 0)
(-0.548169 0.86575 0)
(-0.549107 0.865499 0)
(-0.549972 0.865267 0)
(-0.55073 0.865064 0)
(-0.551351 0.864898 0)
(-0.551813 0.864774 0)
(-0.552098 0.864697 0)
(-0.552194 0.864672 0)
(-0.552098 0.864697 0)
(-0.551813 0.864774 0)
(-0.551351 0.864898 0)
(-0.55073 0.865064 0)
(-0.549972 0.865267 0)
(-0.549107 0.865499 0)
(-0.548169 0.86575 0)
(-0.554532 0.895147 0)
(-0.553662 0.895351 0)
(-0.552826 0.895548 0)
(-0.552055 0.895729 0)
(-0.55138 0.895888 0)
(-0.550825 0.896018 0)
(-0.550413 0.896115 0)
(-0.55016 0.896175 0)
(-0.550074 0.896195 0)
(-0.55016 0.896175 0)
(-0.550413 0.896115 0)
(-0.550825 0.896018 0)
(-0.55138 0.895888 0)
(-0.552055 0.895729 0)
(-0.552826 0.895548 0)
(-0.553662 0.895351 0)
(-0.554532 0.895147 0)
(-0.555401 0.894942 0)
(-0.556238 0.894745 0)
(-0.557008 0.894564 0)
(-0.557684 0.894405 0)
(-0.558238 0.894275 0)
(-0.55865 0.894178 0)
(-0.558904 0.894118 0)
(-0.55899 0.894098 0)
(-0.558904 0.894118 0)
(-0.55865 0.894178 0)
(-0.558238 0.894275 0)
(-0.557684 0.894405 0)
(-0.557008 0.894564 0)
(-0.556238 0.894745 0)
(-0.555401 0.894942 0)
(-0.56018 0.920891 0)
(-0.55942 0.921045 0)
(-0.558688 0.921194 0)
(-0.558014 0.92133 0)
(-0.557424 0.92145 0)
(-0.556939 0.921549 0)
(-0.556579 0.921622 0)
(-0.556357 0.921667 0)
(-0.556282 0.921682 0)
(-0.556357 0.921667 0)
(-0.556579 0.921622 0)
(-0.556939 0.921549 0)
(-0.557424 0.92145 0)
(-0.558014 0.92133 0)
(-0.558688 0.921194 0)
(-0.55942 0.921045 0)
(-0.56018 0.920891 0)
(-0.560941 0.920737 0)
(-0.561672 0.920588 0)
(-0.562346 0.920451 0)
(-0.562937 0.920332 0)
(-0.563421 0.920233 0)
(-0.563782 0.92016 0)
(-0.564003 0.920115 0)
(-0.564078 0.9201 0)
(-0.564003 0.920115 0)
(-0.563782 0.92016 0)
(-0.563421 0.920233 0)
(-0.562937 0.920332 0)
(-0.562346 0.920451 0)
(-0.561672 0.920588 0)
(-0.560941 0.920737 0)
(-0.56435 0.943142 0)
(-0.563701 0.943253 0)
(-0.563078 0.94336 0)
(-0.562503 0.943458 0)
(-0.561999 0.943544 0)
(-0.561586 0.943615 0)
(-0.561279 0.943667 0)
(-0.56109 0.9437 0)
(-0.561026 0.943711 0)
(-0.56109 0.9437 0)
(-0.561279 0.943667 0)
(-0.561586 0.943615 0)
(-0.561999 0.943544 0)
(-0.562503 0.943458 0)
(-0.563078 0.94336 0)
(-0.563701 0.943253 0)
(-0.56435 0.943142 0)
(-0.564998 0.943031 0)
(-0.565622 0.942925 0)
(-0.566196 0.942826 0)
(-0.5667 0.94274 0)
(-0.567114 0.942669 0)
(-0.567421 0.942617 0)
(-0.56761 0.942584 0)
(-0.567674 0.942574 0)
(-0.56761 0.942584 0)
(-0.567421 0.942617 0)
(-0.567114 0.942669 0)
(-0.5667 0.94274 0)
(-0.566196 0.942826 0)
(-0.565622 0.942925 0)
(-0.564998 0.943031 0)
(-0.567259 0.961816 0)
(-0.566725 0.96189 0)
(-0.566211 0.961962 0)
(-0.565738 0.962028 0)
(-0.565323 0.962086 0)
(-0.564983 0.962133 0)
(-0.56473 0.962168 0)
(-0.564574 0.96219 0)
(-0.564522 0.962197 0)
(-0.564574 0.96219 0)
(-0.56473 0.962168 0)
(-0.564983 0.962133 0)
(-0.565323 0.962086 0)
(-0.565738 0.962028 0)
(-0.566211 0.961962 0)
(-0.566725 0.96189 0)
(-0.567259 0.961816 0)
(-0.567793 0.961741 0)
(-0.568306 0.961669 0)
(-0.568779 0.961603 0)
(-0.569194 0.961546 0)
(-0.569534 0.961498 0)
(-0.569787 0.961463 0)
(-0.569943 0.961441 0)
(-0.569996 0.961434 0)
(-0.569943 0.961441 0)
(-0.569787 0.961463 0)
(-0.569534 0.961498 0)
(-0.569194 0.961546 0)
(-0.568779 0.961603 0)
(-0.568306 0.961669 0)
(-0.567793 0.961741 0)
(-0.569129 0.97684 0)
(-0.568712 0.976886 0)
(-0.56831 0.976929 0)
(-0.56794 0.976969 0)
(-0.567616 0.977004 0)
(-0.56735 0.977033 0)
(-0.567152 0.977054 0)
(-0.56703 0.977068 0)
(-0.566989 0.977072 0)
(-0.56703 0.977068 0)
(-0.567152 0.977054 0)
(-0.56735 0.977033 0)
(-0.567616 0.977004 0)
(-0.56794 0.976969 0)
(-0.56831 0.976929 0)
(-0.568712 0.976886 0)
(-0.569129 0.97684 0)
(-0.569546 0.976795 0)
(-0.569948 0.976752 0)
(-0.570318 0.976712 0)
(-0.570642 0.976677 0)
(-0.570908 0.976648 0)
(-0.571106 0.976626 0)
(-0.571228 0.976613 0)
(-0.571269 0.976609 0)
(-0.571228 0.976613 0)
(-0.571106 0.976626 0)
(-0.570908 0.976648 0)
(-0.570642 0.976677 0)
(-0.570318 0.976712 0)
(-0.569948 0.976752 0)
(-0.569546 0.976795 0)
(-0.570188 0.988158 0)
(-0.569888 0.988181 0)
(-0.569601 0.988204 0)
(-0.569335 0.988224 0)
(-0.569103 0.988242 0)
(-0.568912 0.988257 0)
(-0.56877 0.988268 0)
(-0.568683 0.988274 0)
(-0.568653 0.988277 0)
(-0.568683 0.988274 0)
(-0.56877 0.988268 0)
(-0.568912 0.988257 0)
(-0.569103 0.988242 0)
(-0.569335 0.988224 0)
(-0.569601 0.988204 0)
(-0.569888 0.988181 0)
(-0.570188 0.988158 0)
(-0.570487 0.988135 0)
(-0.570775 0.988113 0)
(-0.57104 0.988093 0)
(-0.571273 0.988075 0)
(-0.571464 0.98806 0)
(-0.571605 0.988049 0)
(-0.571693 0.988042 0)
(-0.571722 0.98804 0)
(-0.571693 0.988042 0)
(-0.571605 0.988049 0)
(-0.571464 0.98806 0)
(-0.571273 0.988075 0)
(-0.57104 0.988093 0)
(-0.570775 0.988113 0)
(-0.570487 0.988135 0)
(-0.570665 0.99573 0)
(-0.570485 0.995738 0)
(-0.570311 0.995746 0)
(-0.570152 0.995754 0)
(-0.570012 0.99576 0)
(-0.569897 0.995765 0)
(-0.569812 0.995769 0)
(-0.569759 0.995772 0)
(-0.569742 0.995773 0)
(-0.569759 0.995772 0)
(-0.569812 0.995769 0)
(-0.569897 0.995765 0)
(-0.570012 0.99576 0)
(-0.570152 0.995754 0)
(-0.570311 0.995746 0)
(-0.570485 0.995738 0)
(-0.570665 0.99573 0)
(-0.570845 0.995722 0)
(-0.571018 0.995714 0)
(-0.571178 0.995706 0)
(-0.571317 0.9957 0)
(-0.571432 0.995694 0)
(-0.571518 0.99569 0)
(-0.57157 0.995688 0)
(-0.571588 0.995687 0)
(-0.57157 0.995688 0)
(-0.571518 0.99569 0)
(-0.571432 0.995694 0)
(-0.571317 0.9957 0)
(-0.571178 0.995706 0)
(-0.571018 0.995714 0)
(-0.570845 0.995722 0)
(-0.570791 0.999524 0)
(-0.570731 0.999525 0)
(-0.570673 0.999526 0)
(-0.57062 0.999527 0)
(-0.570573 0.999528 0)
(-0.570535 0.999528 0)
(-0.570506 0.999529 0)
(-0.570489 0.999529 0)
(-0.570483 0.999529 0)
(-0.570489 0.999529 0)
(-0.570506 0.999529 0)
(-0.570535 0.999528 0)
(-0.570573 0.999528 0)
(-0.57062 0.999527 0)
(-0.570673 0.999526 0)
(-0.570731 0.999525 0)
(-0.570791 0.999524 0)
(-0.570852 0.999523 0)
(-0.570909 0.999522 0)
(-0.570963 0.999522 0)
(-0.57101 0.999521 0)
(-0.571048 0.99952 0)
(-0.571076 0.99952 0)
(-0.571094 0.99952 0)
(-0.5711 0.99952 0)
(-0.571094 0.99952 0)
(-0.571076 0.99952 0)
(-0.571048 0.99952 0)
(-0.57101 0.999521 0)
(-0.570963 0.999522 0)
(-0.570909 0.999522 0)
(-0.570852 0.999523 0)
(-0.570801 0.999527 0)
(-0.570861 0.999528 0)
(-0.570919 0.999529 0)
(-0.570972 0.99953 0)
(-0.571019 0.99953 0)
(-0.571057 0.999531 0)
(-0.571085 0.999532 0)
(-0.571103 0.999532 0)
(-0.571109 0.999532 0)
(-0.571103 0.999532 0)
(-0.571085 0.999532 0)
(-0.571057 0.999531 0)
(-0.571019 0.99953 0)
(-0.570972 0.99953 0)
(-0.570919 0.999529 0)
(-0.570861 0.999528 0)
(-0.570801 0.999527 0)
(-0.570741 0.999526 0)
(-0.570684 0.999525 0)
(-0.57063 0.999525 0)
(-0.570584 0.999524 0)
(-0.570546 0.999523 0)
(-0.570517 0.999523 0)
(-0.5705 0.999523 0)
(-0.570494 0.999522 0)
(-0.5705 0.999523 0)
(-0.570517 0.999523 0)
(-0.570546 0.999523 0)
(-0.570584 0.999524 0)
(-0.57063 0.999525 0)
(-0.570684 0.999525 0)
(-0.570741 0.999526 0)
(-0.570928 0.995738 0)
(-0.571107 0.995747 0)
(-0.57128 0.995755 0)
(-0.57144 0.995762 0)
(-0.57158 0.995769 0)
(-0.571694 0.995774 0)
(-0.57178 0.995778 0)
(-0.571832 0.99578 0)
(-0.57185 0.995781 0)
(-0.571832 0.99578 0)
(-0.57178 0.995778 0)
(-0.571694 0.995774 0)
(-0.57158 0.995769 0)
(-0.57144 0.995762 0)
(-0.57128 0.995755 0)
(-0.571107 0.995747 0)
(-0.570928 0.995738 0)
(-0.570748 0.99573 0)
(-0.570575 0.995722 0)
(-0.570415 0.995715 0)
(-0.570275 0.995708 0)
(-0.570161 0.995703 0)
(-0.570076 0.995699 0)
(-0.570023 0.995697 0)
(-0.570005 0.995696 0)
(-0.570023 0.995697 0)
(-0.570076 0.995699 0)
(-0.570161 0.995703 0)
(-0.570275 0.995708 0)
(-0.570415 0.995715 0)
(-0.570575 0.995722 0)
(-0.570748 0.99573 0)
(-0.571404 0.988173 0)
(-0.571703 0.988196 0)
(-0.571991 0.988218 0)
(-0.572256 0.988238 0)
(-0.572488 0.988256 0)
(-0.572679 0.988271 0)
(-0.572821 0.988282 0)
(-0.572908 0.988289 0)
(-0.572937 0.988291 0)
(-0.572908 0.988289 0)
(-0.572821 0.988282 0)
(-0.572679 0.988271 0)
(-0.572488 0.988256 0)
(-0.572256 0.988238 0)
(-0.571991 0.988218 0)
(-0.571703 0.988196 0)
(-0.571404 0.988173 0)
(-0.571105 0.988149 0)
(-0.570817 0.988127 0)
(-0.570552 0.988107 0)
(-0.570319 0.988089 0)
(-0.570129 0.988074 0)
(-0.569987 0.988063 0)
(-0.5699 0.988057 0)
(-0.56987 0.988054 0)
(-0.5699 0.988057 0)
(-0.569987 0.988063 0)
(-0.570129 0.988074 0)
(-0.570319 0.988089 0)
(-0.570552 0.988107 0)
(-0.570817 0.988127 0)
(-0.571105 0.988149 0)
(-0.572461 0.97686 0)
(-0.572879 0.976905 0)
(-0.57328 0.976949 0)
(-0.57365 0.976989 0)
(-0.573974 0.977024 0)
(-0.57424 0.977053 0)
(-0.574437 0.977074 0)
(-0.574559 0.977087 0)
(-0.5746 0.977092 0)
(-0.574559 0.977087 0)
(-0.574437 0.977074 0)
(-0.57424 0.977053 0)
(-0.573974 0.977024 0)
(-0.57365 0.976989 0)
(-0.57328 0.976949 0)
(-0.572879 0.976905 0)
(-0.572461 0.97686 0)
(-0.572044 0.976815 0)
(-0.571643 0.976772 0)
(-0.571273 0.976732 0)
(-0.570949 0.976697 0)
(-0.570683 0.976668 0)
(-0.570485 0.976646 0)
(-0.570364 0.976633 0)
(-0.570323 0.976629 0)
(-0.570364 0.976633 0)
(-0.570485 0.976646 0)
(-0.570683 0.976668 0)
(-0.570949 0.976697 0)
(-0.571273 0.976732 0)
(-0.571643 0.976772 0)
(-0.572044 0.976815 0)
(-0.574331 0.961841 0)
(-0.574864 0.961915 0)
(-0.575378 0.961987 0)
(-0.575851 0.962053 0)
(-0.576265 0.962111 0)
(-0.576606 0.962158 0)
(-0.576858 0.962193 0)
(-0.577014 0.962215 0)
(-0.577067 0.962222 0)
(-0.577014 0.962215 0)
(-0.576858 0.962193 0)
(-0.576606 0.962158 0)
(-0.576265 0.962111 0)
(-0.575851 0.962053 0)
(-0.575378 0.961987 0)
(-0.574864 0.961915 0)
(-0.574331 0.961841 0)
(-0.573797 0.961766 0)
(-0.573284 0.961695 0)
(-0.57281 0.961629 0)
(-0.572396 0.961571 0)
(-0.572056 0.961524 0)
(-0.571803 0.961488 0)
(-0.571647 0.961467 0)
(-0.571594 0.961459 0)
(-0.571647 0.961467 0)
(-0.571803 0.961488 0)
(-0.572056 0.961524 0)
(-0.572396 0.961571 0)
(-0.57281 0.961629 0)
(-0.573284 0.961695 0)
(-0.573797 0.961766 0)
(-0.577238 0.943173 0)
(-0.577886 0.943284 0)
(-0.578509 0.94339 0)
(-0.579084 0.943489 0)
(-0.579587 0.943575 0)
(-0.580001 0.943645 0)
(-0.580308 0.943698 0)
(-0.580497 0.94373 0)
(-0.580561 0.943741 0)
(-0.580497 0.94373 0)
(-0.580308 0.943698 0)
(-0.580001 0.943645 0)
(-0.579587 0.943575 0)
(-0.579084 0.943489 0)
(-0.578509 0.94339 0)
(-0.577886 0.943284 0)
(-0.577238 0.943173 0)
(-0.576589 0.943062 0)
(-0.575966 0.942955 0)
(-0.575391 0.942857 0)
(-0.574888 0.942771 0)
(-0.574475 0.9427 0)
(-0.574168 0.942648 0)
(-0.573978 0.942616 0)
(-0.573915 0.942605 0)
(-0.573978 0.942616 0)
(-0.574168 0.942648 0)
(-0.574475 0.9427 0)
(-0.574888 0.942771 0)
(-0.575391 0.942857 0)
(-0.575966 0.942955 0)
(-0.576589 0.943062 0)
(-0.581405 0.920927 0)
(-0.582165 0.921081 0)
(-0.582897 0.92123 0)
(-0.58357 0.921366 0)
(-0.584161 0.921486 0)
(-0.584646 0.921585 0)
(-0.585006 0.921658 0)
(-0.585228 0.921703 0)
(-0.585302 0.921718 0)
(-0.585228 0.921703 0)
(-0.585006 0.921658 0)
(-0.584646 0.921585 0)
(-0.584161 0.921486 0)
(-0.58357 0.921366 0)
(-0.582897 0.92123 0)
(-0.582165 0.921081 0)
(-0.581405 0.920927 0)
(-0.580645 0.920773 0)
(-0.579914 0.920625 0)
(-0.57924 0.920488 0)
(-0.578649 0.920368 0)
(-0.578165 0.92027 0)
(-0.577804 0.920197 0)
(-0.577583 0.920152 0)
(-0.577508 0.920136 0)
(-0.577583 0.920152 0)
(-0.577804 0.920197 0)
(-0.578165 0.92027 0)
(-0.578649 0.920368 0)
(-0.57924 0.920488 0)
(-0.579914 0.920625 0)
(-0.580645 0.920773 0)
(-0.587051 0.895188 0)
(-0.587921 0.895392 0)
(-0.588757 0.895589 0)
(-0.589527 0.89577 0)
(-0.590203 0.895929 0)
(-0.590757 0.896059 0)
(-0.591169 0.896156 0)
(-0.591422 0.896216 0)
(-0.591508 0.896236 0)
(-0.591422 0.896216 0)
(-0.591169 0.896156 0)
(-0.590757 0.896059 0)
(-0.590203 0.895929 0)
(-0.589527 0.89577 0)
(-0.588757 0.895589 0)
(-0.587921 0.895392 0)
(-0.587051 0.895188 0)
(-0.586182 0.894983 0)
(-0.585346 0.894787 0)
(-0.584575 0.894606 0)
(-0.5839 0.894447 0)
(-0.583345 0.894316 0)
(-0.582933 0.89422 0)
(-0.58268 0.89416 0)
(-0.582594 0.89414 0)
(-0.58268 0.89416 0)
(-0.582933 0.89422 0)
(-0.583345 0.894316 0)
(-0.5839 0.894447 0)
(-0.584575 0.894606 0)
(-0.585346 0.894787 0)
(-0.586182 0.894983 0)
(-0.594386 0.866058 0)
(-0.595362 0.866319 0)
(-0.5963 0.866571 0)
(-0.597164 0.866802 0)
(-0.597922 0.867005 0)
(-0.598543 0.867172 0)
(-0.599005 0.867295 0)
(-0.59929 0.867372 0)
(-0.599386 0.867397 0)
(-0.59929 0.867372 0)
(-0.599005 0.867295 0)
(-0.598543 0.867172 0)
(-0.597922 0.867005 0)
(-0.597164 0.866802 0)
(-0.5963 0.866571 0)
(-0.595362 0.866319 0)
(-0.594386 0.866058 0)
(-0.593411 0.865797 0)
(-0.592473 0.865545 0)
(-0.591609 0.865314 0)
(-0.590851 0.865111 0)
(-0.59023 0.864944 0)
(-0.589768 0.86482 0)
(-0.589483 0.864744 0)
(-0.589387 0.864719 0)
(-0.589483 0.864744 0)
(-0.589768 0.86482 0)
(-0.59023 0.864944 0)
(-0.590851 0.865111 0)
(-0.591609 0.865314 0)
(-0.592473 0.865545 0)
(-0.593411 0.865797 0)
(-0.603619 0.833638 0)
(-0.604697 0.833963 0)
(-0.605733 0.834275 0)
(-0.606688 0.834563 0)
(-0.607525 0.834815 0)
(-0.608211 0.835022 0)
(-0.608722 0.835175 0)
(-0.609036 0.83527 0)
(-0.609142 0.835302 0)
(-0.609036 0.83527 0)
(-0.608722 0.835175 0)
(-0.608211 0.835022 0)
(-0.607525 0.834815 0)
(-0.606688 0.834563 0)
(-0.605733 0.834275 0)
(-0.604697 0.833963 0)
(-0.603619 0.833638 0)
(-0.602542 0.833314 0)
(-0.601506 0.833002 0)
(-0.600551 0.832714 0)
(-0.599714 0.832462 0)
(-0.599027 0.832255 0)
(-0.598516 0.832101 0)
(-0.598202 0.832007 0)
(-0.598096 0.831975 0)
(-0.598202 0.832007 0)
(-0.598516 0.832101 0)
(-0.599027 0.832255 0)
(-0.599714 0.832462 0)
(-0.600551 0.832714 0)
(-0.601506 0.833002 0)
(-0.602542 0.833314 0)
(-0.614947 0.798056 0)
(-0.616123 0.79845 0)
(-0.617253 0.798829 0)
(-0.618295 0.799178 0)
(-0.619208 0.799484 0)
(-0.619957 0.799735 0)
(-0.620514 0.799922 0)
(-0.620857 0.800037 0)
(-0.620973 0.800076 0)
(-0.620857 0.800037 0)
(-0.620514 0.799922 0)
(-0.619957 0.799735 0)
(-0.619208 0.799484 0)
(-0.618295 0.799178 0)
(-0.617253 0.798829 0)
(-0.616123 0.79845 0)
(-0.614947 0.798056 0)
(-0.613772 0.797662 0)
(-0.612641 0.797283 0)
(-0.611599 0.796934 0)
(-0.610686 0.796628 0)
(-0.609937 0.796377 0)
(-0.60938 0.796191 0)
(-0.609037 0.796076 0)
(-0.608921 0.796037 0)
(-0.609037 0.796076 0)
(-0.60938 0.796191 0)
(-0.609937 0.796377 0)
(-0.610686 0.796628 0)
(-0.611599 0.796934 0)
(-0.612641 0.797283 0)
(-0.613772 0.797662 0)
(-0.628561 0.759447 0)
(-0.62983 0.759916 0)
(-0.63105 0.760368 0)
(-0.632175 0.760783 0)
(-0.633161 0.761148 0)
(-0.63397 0.761447 0)
(-0.634571 0.761669 0)
(-0.634941 0.761806 0)
(-0.635067 0.761853 0)
(-0.634941 0.761806 0)
(-0.634571 0.761669 0)
(-0.63397 0.761447 0)
(-0.633161 0.761148 0)
(-0.632175 0.760783 0)
(-0.63105 0.760368 0)
(-0.62983 0.759916 0)
(-0.628561 0.759447 0)
(-0.627292 0.758978 0)
(-0.626071 0.758526 0)
(-0.624946 0.758111 0)
(-0.623961 0.757746 0)
(-0.623152 0.757447 0)
(-0.62255 0.757225 0)
(-0.62218 0.757088 0)
(-0.622055 0.757041 0)
(-0.62218 0.757088 0)
(-0.62255 0.757225 0)
(-0.623152 0.757447 0)
(-0.623961 0.757746 0)
(-0.624946 0.758111 0)
(-0.626071 0.758526 0)
(-0.627292 0.758978 0)
(-0.644642 0.717957 0)
(-0.646 0.718507 0)
(-0.647306 0.719036 0)
(-0.64851 0.719524 0)
(-0.649564 0.719951 0)
(-0.65043 0.720302 0)
(-0.651073 0.720563 0)
(-0.65147 0.720723 0)
(-0.651603 0.720777 0)
(-0.65147 0.720723 0)
(-0.651073 0.720563 0)
(-0.65043 0.720302 0)
(-0.649564 0.719951 0)
(-0.64851 0.719524 0)
(-0.647306 0.719036 0)
(-0.646 0.718507 0)
(-0.644642 0.717957 0)
(-0.643284 0.717407 0)
(-0.641979 0.716878 0)
(-0.640775 0.71639 0)
(-0.63972 0.715962 0)
(-0.638855 0.715612 0)
(-0.638211 0.715351 0)
(-0.637815 0.715191 0)
(-0.637682 0.715136 0)
(-0.637815 0.715191 0)
(-0.638211 0.715351 0)
(-0.638855 0.715612 0)
(-0.63972 0.715962 0)
(-0.640775 0.71639 0)
(-0.641979 0.716878 0)
(-0.643284 0.717407 0)
(-0.663361 0.673751 0)
(-0.664803 0.674387 0)
(-0.666189 0.674999 0)
(-0.667467 0.675563 0)
(-0.668586 0.676058 0)
(-0.669505 0.676463 0)
(-0.670188 0.676765 0)
(-0.670609 0.67695 0)
(-0.670751 0.677013 0)
(-0.670609 0.67695 0)
(-0.670188 0.676765 0)
(-0.669505 0.676463 0)
(-0.668586 0.676058 0)
(-0.667467 0.675563 0)
(-0.666189 0.674999 0)
(-0.664803 0.674387 0)
(-0.663361 0.673751 0)
(-0.66192 0.673114 0)
(-0.660533 0.672502 0)
(-0.659256 0.671938 0)
(-0.658136 0.671444 0)
(-0.657217 0.671038 0)
(-0.656534 0.670736 0)
(-0.656114 0.670551 0)
(-0.655972 0.670488 0)
(-0.656114 0.670551 0)
(-0.656534 0.670736 0)
(-0.657217 0.671038 0)
(-0.658136 0.671444 0)
(-0.659256 0.671938 0)
(-0.660533 0.672502 0)
(-0.66192 0.673114 0)
(-0.684886 0.626982 0)
(-0.686406 0.627709 0)
(-0.687867 0.628409 0)
(-0.689214 0.629054 0)
(-0.690395 0.629619 0)
(-0.691363 0.630083 0)
(-0.692083 0.630428 0)
(-0.692527 0.63064 0)
(-0.692676 0.630712 0)
(-0.692527 0.63064 0)
(-0.692083 0.630428 0)
(-0.691363 0.630083 0)
(-0.690395 0.629619 0)
(-0.689214 0.629054 0)
(-0.687867 0.628409 0)
(-0.686406 0.627709 0)
(-0.684886 0.626982 0)
(-0.683366 0.626254 0)
(-0.681905 0.625554 0)
(-0.680558 0.624909 0)
(-0.679377 0.624344 0)
(-0.678409 0.62388 0)
(-0.677689 0.623535 0)
(-0.677245 0.623323 0)
(-0.677096 0.623251 0)
(-0.677245 0.623323 0)
(-0.677689 0.623535 0)
(-0.678409 0.62388 0)
(-0.679377 0.624344 0)
(-0.680558 0.624909 0)
(-0.681905 0.625554 0)
(-0.683366 0.626254 0)
(-0.709366 0.577834 0)
(-0.710958 0.578658 0)
(-0.712489 0.57945 0)
(-0.7139 0.58018 0)
(-0.715137 0.580819 0)
(-0.716152 0.581344 0)
(-0.716906 0.581735 0)
(-0.717371 0.581975 0)
(-0.717527 0.582056 0)
(-0.717371 0.581975 0)
(-0.716906 0.581735 0)
(-0.716152 0.581344 0)
(-0.715137 0.580819 0)
(-0.7139 0.58018 0)
(-0.712489 0.57945 0)
(-0.710958 0.578658 0)
(-0.709366 0.577834 0)
(-0.707774 0.577011 0)
(-0.706243 0.576219 0)
(-0.704832 0.575489 0)
(-0.703595 0.574849 0)
(-0.70258 0.574324 0)
(-0.701826 0.573934 0)
(-0.701361 0.573694 0)
(-0.701204 0.573613 0)
(-0.701361 0.573694 0)
(-0.701826 0.573934 0)
(-0.70258 0.574324 0)
(-0.703595 0.574849 0)
(-0.704832 0.575489 0)
(-0.706243 0.576219 0)
(-0.707774 0.577011 0)
(-0.736942 0.526495 0)
(-0.7386 0.527419 0)
(-0.740195 0.528307 0)
(-0.741665 0.529126 0)
(-0.742953 0.529843 0)
(-0.744011 0.530432 0)
(-0.744796 0.53087 0)
(-0.74528 0.531139 0)
(-0.745444 0.53123 0)
(-0.74528 0.531139 0)
(-0.744796 0.53087 0)
(-0.744011 0.530432 0)
(-0.742953 0.529843 0)
(-0.741665 0.529126 0)
(-0.740195 0.528307 0)
(-0.7386 0.527419 0)
(-0.736942 0.526495 0)
(-0.735283 0.525571 0)
(-0.733688 0.524683 0)
(-0.732218 0.523864 0)
(-0.73093 0.523147 0)
(-0.729873 0.522558 0)
(-0.729087 0.52212 0)
(-0.728603 0.521851 0)
(-0.72844 0.52176 0)
(-0.728603 0.521851 0)
(-0.729087 0.52212 0)
(-0.729873 0.522558 0)
(-0.73093 0.523147 0)
(-0.732218 0.523864 0)
(-0.733688 0.524683 0)
(-0.735283 0.525571 0)
(-0.767743 0.473159 0)
(-0.769461 0.474186 0)
(-0.771114 0.475175 0)
(-0.772637 0.476086 0)
(-0.773972 0.476884 0)
(-0.775068 0.477539 0)
(-0.775882 0.478026 0)
(-0.776383 0.478326 0)
(-0.776552 0.478427 0)
(-0.776383 0.478326 0)
(-0.775882 0.478026 0)
(-0.775068 0.477539 0)
(-0.773972 0.476884 0)
(-0.772637 0.476086 0)
(-0.771114 0.475175 0)
(-0.769461 0.474186 0)
(-0.767743 0.473159 0)
(-0.766024 0.472131 0)
(-0.764371 0.471142 0)
(-0.762848 0.470232 0)
(-0.761513 0.469433 0)
(-0.760418 0.468778 0)
(-0.759604 0.468291 0)
(-0.759102 0.467991 0)
(-0.758933 0.46789 0)
(-0.759102 0.467991 0)
(-0.759604 0.468291 0)
(-0.760418 0.468778 0)
(-0.761513 0.469433 0)
(-0.762848 0.470232 0)
(-0.764371 0.471142 0)
(-0.766024 0.472131 0)
(-0.80188 0.418036 0)
(-0.803652 0.419172 0)
(-0.805356 0.420263 0)
(-0.806927 0.42127 0)
(-0.808303 0.422151 0)
(-0.809433 0.422875 0)
(-0.810273 0.423413 0)
(-0.810789 0.423744 0)
(-0.810964 0.423856 0)
(-0.810789 0.423744 0)
(-0.810273 0.423413 0)
(-0.809433 0.422875 0)
(-0.808303 0.422151 0)
(-0.806927 0.42127 0)
(-0.805356 0.420263 0)
(-0.803652 0.419172 0)
(-0.80188 0.418036 0)
(-0.800107 0.416901 0)
(-0.798403 0.415809 0)
(-0.796833 0.414803 0)
(-0.795456 0.413921 0)
(-0.794326 0.413197 0)
(-0.793487 0.41266 0)
(-0.79297 0.412329 0)
(-0.792795 0.412217 0)
(-0.79297 0.412329 0)
(-0.793487 0.41266 0)
(-0.794326 0.413197 0)
(-0.795456 0.413921 0)
(-0.796833 0.414803 0)
(-0.798403 0.415809 0)
(-0.800107 0.416901 0)
(-0.839468 0.36132 0)
(-0.841287 0.362566 0)
(-0.843036 0.363764 0)
(-0.844648 0.364868 0)
(-0.846061 0.365836 0)
(-0.847221 0.36663 0)
(-0.848083 0.36722 0)
(-0.848613 0.367584 0)
(-0.848792 0.367706 0)
(-0.848613 0.367584 0)
(-0.848083 0.36722 0)
(-0.847221 0.36663 0)
(-0.846061 0.365836 0)
(-0.844648 0.364868 0)
(-0.843036 0.363764 0)
(-0.841287 0.362566 0)
(-0.839468 0.36132 0)
(-0.837649 0.360074 0)
(-0.8359 0.358875 0)
(-0.834288 0.357771 0)
(-0.832875 0.356803 0)
(-0.831715 0.356009 0)
(-0.830853 0.355419 0)
(-0.830323 0.355055 0)
(-0.830144 0.354933 0)
(-0.830323 0.355055 0)
(-0.830853 0.355419 0)
(-0.831715 0.356009 0)
(-0.832875 0.356803 0)
(-0.834288 0.357771 0)
(-0.8359 0.358875 0)
(-0.837649 0.360074 0)
(-0.880593 0.303232 0)
(-0.882452 0.304591 0)
(-0.88424 0.305899 0)
(-0.885887 0.307103 0)
(-0.887331 0.308159 0)
(-0.888516 0.309026 0)
(-0.889397 0.309669 0)
(-0.889939 0.310066 0)
(-0.890122 0.3102 0)
(-0.889939 0.310066 0)
(-0.889397 0.309669 0)
(-0.888516 0.309026 0)
(-0.887331 0.308159 0)
(-0.885887 0.307103 0)
(-0.88424 0.305899 0)
(-0.882452 0.304591 0)
(-0.880593 0.303232 0)
(-0.878734 0.301873 0)
(-0.876947 0.300566 0)
(-0.875299 0.299361 0)
(-0.873855 0.298305 0)
(-0.87267 0.297439 0)
(-0.871789 0.296795 0)
(-0.871247 0.296398 0)
(-0.871064 0.296264 0)
(-0.871247 0.296398 0)
(-0.871789 0.296795 0)
(-0.87267 0.297439 0)
(-0.873855 0.298305 0)
(-0.875299 0.299361 0)
(-0.876947 0.300566 0)
(-0.878734 0.301873 0)
(-0.925333 0.243994 0)
(-0.927225 0.245469 0)
(-0.929045 0.246888 0)
(-0.930721 0.248195 0)
(-0.932191 0.24934 0)
(-0.933397 0.25028 0)
(-0.934293 0.250979 0)
(-0.934845 0.251409 0)
(-0.935031 0.251554 0)
(-0.934845 0.251409 0)
(-0.934293 0.250979 0)
(-0.933397 0.25028 0)
(-0.932191 0.24934 0)
(-0.930721 0.248195 0)
(-0.929045 0.246888 0)
(-0.927225 0.245469 0)
(-0.925333 0.243994 0)
(-0.923441 0.24252 0)
(-0.921622 0.241101 0)
(-0.919946 0.239794 0)
(-0.918476 0.238649 0)
(-0.91727 0.237708 0)
(-0.916374 0.23701 0)
(-0.915822 0.23658 0)
(-0.915636 0.236434 0)
(-0.915822 0.23658 0)
(-0.916374 0.23701 0)
(-0.91727 0.237708 0)
(-0.918476 0.238649 0)
(-0.919946 0.239794 0)
(-0.921622 0.241101 0)
(-0.923441 0.24252 0)
(-0.973752 0.183831 0)
(-0.97567 0.185423 0)
(-0.977514 0.186955 0)
(-0.979213 0.188366 0)
(-0.980703 0.189602 0)
(-0.981925 0.190617 0)
(-0.982834 0.191372 0)
(-0.983393 0.191836 0)
(-0.983582 0.191993 0)
(-0.983393 0.191836 0)
(-0.982834 0.191372 0)
(-0.981925 0.190617 0)
(-0.980703 0.189602 0)
(-0.979213 0.188366 0)
(-0.977514 0.186955 0)
(-0.97567 0.185423 0)
(-0.973752 0.183831 0)
(-0.971835 0.182239 0)
(-0.969991 0.180708 0)
(-0.968291 0.179297 0)
(-0.966802 0.17806 0)
(-0.965579 0.177045 0)
(-0.964671 0.176291 0)
(-0.964111 0.175826 0)
(-0.963923 0.17567 0)
(-0.964111 0.175826 0)
(-0.964671 0.176291 0)
(-0.965579 0.177045 0)
(-0.966802 0.17806 0)
(-0.968291 0.179297 0)
(-0.969991 0.180708 0)
(-0.971835 0.182239 0)
(-1.02589 0.122981 0)
(-1.02783 0.124692 0)
(-1.02969 0.126337 0)
(-1.0314 0.127853 0)
(-1.03291 0.129182 0)
(-1.03414 0.130273 0)
(-1.03506 0.131083 0)
(-1.03562 0.131582 0)
(-1.03582 0.131751 0)
(-1.03562 0.131582 0)
(-1.03506 0.131083 0)
(-1.03414 0.130273 0)
(-1.03291 0.129182 0)
(-1.0314 0.127853 0)
(-1.02969 0.126337 0)
(-1.02783 0.124692 0)
(-1.02589 0.122981 0)
(-1.02395 0.12127 0)
(-1.02209 0.119624 0)
(-1.02038 0.118108 0)
(-1.01887 0.116779 0)
(-1.01764 0.115688 0)
(-1.01672 0.114878 0)
(-1.01616 0.114379 0)
(-1.01597 0.11421 0)
(-1.01616 0.114379 0)
(-1.01672 0.114878 0)
(-1.01764 0.115688 0)
(-1.01887 0.116779 0)
(-1.02038 0.118108 0)
(-1.02209 0.119624 0)
(-1.02395 0.12127 0)
(-1.0818 0.0616535 0)
(-1.08375 0.0634841 0)
(-1.08562 0.0652444 0)
(-1.08735 0.0668667 0)
(-1.08886 0.0682886 0)
(-1.0901 0.0694556 0)
(-1.09102 0.0703227 0)
(-1.09159 0.0708567 0)
(-1.09178 0.071037 0)
(-1.09159 0.0708567 0)
(-1.09102 0.0703227 0)
(-1.0901 0.0694556 0)
(-1.08886 0.0682886 0)
(-1.08735 0.0668667 0)
(-1.08562 0.0652444 0)
(-1.08375 0.0634841 0)
(-1.0818 0.0616535 0)
(-1.07986 0.0598229 0)
(-1.07798 0.0580626 0)
(-1.07626 0.0564404 0)
(-1.07474 0.0550184 0)
(-1.0735 0.0538515 0)
(-1.07258 0.0529843 0)
(-1.07201 0.0524504 0)
(-1.07182 0.0522701 0)
(-1.07201 0.0524504 0)
(-1.07258 0.0529843 0)
(-1.0735 0.0538515 0)
(-1.07474 0.0550184 0)
(-1.07626 0.0564404 0)
(-1.07798 0.0580626 0)
(-1.07986 0.0598229 0)
(-1.1415 9.26536e-05 0)
(-1.14345 0.00204337 0)
(-1.14533 0.00391913 0)
(-1.14706 0.00564784 0)
(-1.14857 0.00716307 0)
(-1.14981 0.00840658 0)
(-1.15074 0.0093306 0)
(-1.15131 0.00989959 0)
(-1.1515 0.0100917 0)
(-1.15131 0.00989959 0)
(-1.15074 0.0093306 0)
(-1.14981 0.00840658 0)
(-1.14857 0.00716307 0)
(-1.14706 0.00564784 0)
(-1.14533 0.00391913 0)
(-1.14345 0.00204337 0)
(-1.1415 9.26536e-05 0)
(-1.13955 -0.00185807 0)
(-1.13767 -0.00373382 0)
(-1.13594 -0.00546253 0)
(-1.13443 -0.00697776 0)
(-1.13319 -0.00822128 0)
(-1.13226 -0.00914529 0)
(-1.13169 -0.00971429 0)
(-1.1315 -0.00990642 0)
(-1.13169 -0.00971429 0)
(-1.13226 -0.00914529 0)
(-1.13319 -0.00822128 0)
(-1.13443 -0.00697776 0)
(-1.13594 -0.00546253 0)
(-1.13767 -0.00373382 0)
(-1.13955 -0.00185807 0)
(0.99 1.05 1.01)
(0.990192 1.05 1.00981)
(0.990761 1.05 1.00924)
(0.991685 1.05 1.00831)
(0.992929 1.05 1.00707)
(0.994444 1.05 1.00556)
(0.996173 1.05 1.00383)
(0.998049 1.05 1.00195)
(1 1.05 1)
(1.00195 1.05 0.998049)
(1.00383 1.05 0.996173)
(1.00556 1.05 0.994444)
(1.00707 1.05 0.992929)
(1.00831 1.05 0.991685)
(1.00924 1.05 0.990761)
(1.00981 1.05 0.990192)
(1.01 1.05 0.99)
(1.00981 1.05 0.990192)
(1.00924 1.05 0.990761)
(1.00831 1.05 0.991685)
(1.00707 1.05 0.992929)
(1.00556 1.05 0.994444)
(1.00383 1.05 0.996173)
(1.00195 1.05 0.998049)
(1 1.05 1)
(0.998049 1.05 1.00195)
(0.996173 1.05 1.00383)
(0.994444 1.05 1.00556)
(0.992929 1.05 1.00707)
(0.991685 1.05 1.00831)
(0.990761 1.05 1.00924)
(0.990192 1.05 1.00981)
(0.941219 1.05 0.96122)
(0.941412 1.05 0.961027)
(0.941981 1.05 0.960458)
(0.942905 1.05 0.959534)
(0.944148 1.05 0.958291)
(0.945664 1.05 0.956775)
(0.947393 1.05 0.955046)
(0.949269 1.05 0.95317)
(0.951219 1.05 0.951219)
(0.95317 1.05 0.949269)
(0.955046 1.05 0.947393)
(0.956775 1.05 0.945664)
(0.958291 1.05 0.944148)
(0.959534 1.05 0.942905)
(0.960458 1.05 0.941981)
(0.961027 1.05 0.941412)
(0.96122 1.05 0.941219)
(0.961027 1.05 0.941412)
(0.960458 1.05 0.941981)
(0.959534 1.05 0.942905)
(0.958291 1.05 0.944148)
(0.956775 1.05 0.945664)
(0.955046 1.05 0.947393)
(0.95317 1.05 0.949269)
(0.951219 1.05 0.951219)
(0.949269 1.05 0.95317)
(0.947393 1.05 0.955046)
(0.945664 1.05 0.956775)
(0.944148 1.05 0.958291)
(0.942905 1.05 0.959534)
(0.941981 1.05 0.960458)
(0.941412 1.05 0.961027)
(0.892439 1.05 0.912439)
(0.892631 1.05 0.912247)
(0.8932 1.05 0.911678)
(0.894124 1.05 0.910754)
(0.895368 1.05 0.90951)
(0.896883 1.05 0.907995)
(0.898612 1.05 0.906266)
(0.900488 1.05 0.90439)
(0.902439 1.05 0.902439)
(0.90439 1.05 0.900488)
(0.906266 1.05 0.898612)
(0.907995 1.05 0.896883)
(0.90951 1.05 0.895368)
(0.910754 1.05 0.894124)
(0.911678 1.05 0.8932)
(0.912247 1.05 0.892631)
(0.912439 1.05 0.892439)
(0.912247 1.05 0.892631)
(0.911678 1.05 0.8932)
(0.910754 1.05 0.894124)
(0.90951 1.05 0.895368)
(0.907995 1.05 0.896883)
(0.906266 1.05 0.898612)
(0.90439 1.05 0.900488)
(0.902439 1.05 0.902439)
(0.900488 1.05 0.90439)
(0.898612 1.05 0.906266)
(0.896883 1.05 0.907995)
(0.895368 1.05 0.90951)
(0.894124 1.05 0.910754)
(0.8932 1.05 0.911678)
(0.892631 1.05 0.912247)
(0.843659 1.05 0.863659)
(0.843851 1.05 0.863467)
(0.84442 1.05 0.862898)
(0.845344 1.05 0.861974)
(0.846588 1.05 0.86073)
(0.848103 1.05 0.859215)
(0.849832 1.05 0.857486)
(0.851708 1.05 0.85561)
(0.853659 1.05 0.853659)
(0.85561 1.05 0.851708)
(0.857486 1.05 0.849832)
(0.859215 1.05 0.848103)
(0.86073 1.05 0.846588)
(0.861974 1.05 0.845344)
(0.862898 1.05 0.84442)
(0.863467 1.05 0.843851)
(0.863659 1.05 0.843659)
(0.863467 1.05 0.843851)
(0.862898 1.05 0.84442)
(0.861974 1.05 0.845344)
(0.86073 1.05 0.846588)
(0.859215 1.05 0.848103)
(0.857486 1.05 0.849832)
(0.85561 1.05 0.851708)
(0.853659 1.05 0.853659)
(0.851708 1.05 0.85561)
(0.849832 1.05 0.857486)
(0.848103 1.05 0.859215)
(0.846588 1.05 0.86073)
(0.845344 1.05 0.861974)
(0.84442 1.05 0.862898)
(0.843851 1.05 0.863467)
(0.794878 1.05 0.814878)
(0.79507 1.05 0.814686)
(0.795639 1.05 0.814117)
(0.796563 1.05 0.813193)
(0.797807 1.05 0.811949)
(0.799322 1.05 0.810434)
(0.801051 1.05 0.808705)
(0.802927 1.05 0.806829)
(0.804878 1.05 0.804878)
(0.806829 1.05 0.802927)
(0.808705 1.05 0.801051)
(0.810434 1.05 0.799322)
(0.811949 1.05 0.797807)
(0.813193 1.05 0.796563)
(0.814117 1.05 0.795639)
(0.814686 1.05 0.79507)
(0.814878 1.05 0.794878)
(0.814686 1.05 0.79507)
(0.814117 1.05 0.795639)
(0.813193 1.05 0.796563)
(0.811949 1.05 0.797807)
(0.810434 1.05 0.799322)
(0.808705 1.05 0.801051)
(0.806829 1.05 0.802927)
(0.804878 1.05 0.804878)
(0.802927 1.05 0.806829)
(0.801051 1.05 0.808705)
(0.799322 1.05 0.810434)
(0.797807 1.05 0.811949)
(0.796563 1.05 0.813193)
(0.795639 1.05 0.814117)
(0.79507 1.05 0.814686)
(0.746098 1.05 0.766098)
(0.74629 1.05 0.765906)
(0.746859 1.05 0.765337)
(0.747783 1.05 0.764413)
(0.749027 1.05 0.763169)
(0.750542 1.05 0.761654)
(0.752271 1.05 0.759925)
(0.754147 1.05 0.758049)
(0.756098 1.05 0.756098)
(0.758049 1.05 0.754147)
(0.759925 1.05 0.752271)
(0.761654 1.05 0.750542)
(0.763169 1.05 0.749027)
(0.764413 1.05 0.747783)
(0.765337 1.05 0.746859)
(0.765906 1.05 0.74629)
(0.766098 1.05 0.746098)
(0.765906 1.05 0.74629)
(0.765337 1.05 0.746859)
(0.764413 1.05 0.747783)
(0.763169 1.05 0.749027)
(0.761654 1.05 0.750542)
(0.759925 1.05 0.752271)
(0.758049 1.05 0.754147)
(0.756098 1.05 0.756098)
(0.754147 1.05 0.758049)
(0.752271 1.05 0.759925)
(0.750542 1.05 0.761654)
(0.749027 1.05 0.763169)
(0.747783 1.05 0.764413)
(0.746859 1.05 0.765337)
(0.74629 1.05 0.765906)
(0.697317 1.05 0.717317)
(0.697509 1.05 0.717125)
(0.698078 1.05 0.716556)
(0.699002 1.05 0.715632)
(0.700246 1.05 0.714388)
(0.701761 1.05 0.712873)
(0.70349 1.05 0.711144)
(0.705366 1.05 0.709268)
(0.707317 1.05 0.707317)
(0.709268 1.05 0.705366)
(0.711144 1.05 0.70349)
(0.712873 1.05 0.701761)
(0.714388 1.05 0.700246)
(0.715632 1.05 0.699002)
(0.716556 1.05 0.698078)
(0.717125 1.05 0.697509)
(0.717317 1.05 0.697317)
(0.717125 1.05 0.697509)
(0.716556 1.05 0.698078)
(0.715632 1.05 0.699002)
(0.714388 1.05 0.700246)
(0.712873 1.05 0.701761)
(0.711144 1.05 0.70349)
(0.709268 1.05 0.705366)
(0.707317 1.05 0.707317)
(0.705366 1.05 0.709268)
(0.70349 1.05 0.711144)
(0.701761 1.05 0.712873)
(0.700246 1.05 0.714388)
(0.699002 1.05 0.715632)
(0.698078 1.05 0.716556)
(0.697509 1.05 0.717125)
(0.648537 1.05 0.668537)
(0.648729 1.05 0.668345)
(0.649298 1.05 0.667776)
(0.650222 1.05 0.666852)
(0.651466 1.05 0.665608)
(0.652981 1.05 0.664093)
(0.65471 1.05 0.662364)
(0.656586 1.05 0.660488)
(0.658537 1.05 0.658537)
(0.660488 1.05 0.656586)
(0.662364 1.05 0.65471)
(0.664093 1.05 0.652981)
(0.665608 1.05 0.651466)
(0.666852 1.05 0.650222)
(0.667776 1.05 0.649298)
(0.668345 1.05 0.648729)
(0.668537 1.05 0.648537)
(0.668345 1.05 0.648729)
(0.667776 1.05 0.649298)
(0.666852 1.05 0.650222)
(0.665608 1.05 0.651466)
(0.664093 1.05 0.652981)
(0.662364 1.05 0.65471)
(0.660488 1.05 0.656586)
(0.658537 1.05 0.658537)
(0.656586 1.05 0.660488)
(0.65471 1.05 0.662364)
(0.652981 1.05 0.664093)
(0.651466 1.05 0.665608)
(0.650222 1.05 0.666852)
(0.649298 1.05 0.667776)
(0.648729 1.05 0.668345)
(0.599756 1.05 0.619756)
(0.599948 1.05 0.619564)
(0.600517 1.05 0.618995)
(0.601441 1.05 0.618071)
(0.602685 1.05 0.616827)
(0.6042 1.05 0.615312)
(0.605929 1.05 0.613583)
(0.607805 1.05 0.611707)
(0.609756 1.05 0.609756)
(0.611707 1.05 0.607805)
(0.613583 1.05 0.605929)
(0.615312 1.05 0.6042)
(0.616827 1.05 0.602685)
(0.618071 1.05 0.601441)
(0.618995 1.05 0.600517)
(0.619564 1.05 0.599948)
(0.619756 1.05 0.599756)
(0.619564 1.05 0.599948)
(0.618995 1.05 0.600517)
(0.618071 1.05 0.601441)
(0.616827 1.05 0.602685)
(0.615312 1.05 0.6042)
(0.613583 1.05 0.605929)
(0.611707 1.05 0.607805)
(0.609756 1.05 0.609756)
(0.607805 1.05 0.611707)
(0.605929 1.05 0.613583)
(0.6042 1.05 0.615312)
(0.602685 1.05 0.616827)
(0.601441 1.05 0.618071)
(0.600517 1.05 0.618995)
(0.599948 1.05 0.619564)
(0.550976 1.05 0.570976)
(0.551168 1.05 0.570784)
(0.551737 1.05 0.570215)
(0.552661 1.05 0.569291)
(0.553905 1.05 0.568047)
(0.55542 1.05 0.566532)
(0.557149 1.05 0.564803)
(0.559025 1.05 0.562927)
(0.560976 1.05 0.560976)
(0.562927 1.05 0.559025)
(0.564803 1.05 0.557149)
(0.566532 1.05 0.55542)
(0.568047 1.05 0.553905)
(0.569291 1.05 0.552661)
(0.570215 1.05 0.551737)
(0.570784 1.05 0.551168)
(0.570976 1.05 0.550976)
(0.570784 1.05 0.551168)
(0.570215 1.05 0.551737)
(0.569291 1.05 0.552661)
(0.568047 1.05 0.553905)
(0.566532 1.05 0.55542)
(0.564803 1.05 0.557149)
(0.562927 1.05 0.559025)
(0.560976 1.05 0.560976)
(0.559025 1.05 0.562927)
(0.557149 1.05 0.564803)
(0.55542 1.05 0.566532)
(0.553905 1.05 0.568047)
(0.552661 1.05 0.569291)
(0.551737 1.05 0.570215)
(0.551168 1.05 0.570784)
(0.502195 1.05 0.522195)
(0.502387 1.05 0.522003)
(0.502956 1.05 0.521434)
(0.50388 1.05 0.52051)
(0.505124 1.05 0.519266)
(0.506639 1.05 0.517751)
(0.508368 1.05 0.516022)
(0.510244 1.05 0.514146)
(0.512195 1.05 0.512195)
(0.514146 1.05 0.510244)
(0.516022 1.05 0.508368)
(0.517751 1.05 0.506639)
(0.519266 1.05 0.505124)
(0.52051 1.05 0.50388)
(0.521434 1.05 0.502956)
(0.522003 1.05 0.502387)
(0.522195 1.05 0.502195)
(0.522003 1.05 0.502387)
(0.521434 1.05 0.502956)
(0.52051 1.05 0.50388)
(0.519266 1.05 0.505124)
(0.517751 1.05 0.506639)
(0.516022 1.05 0.508368)
(0.514146 1.05 0.510244)
(0.512195 1.05 0.512195)
(0.510244 1.05 0.514146)
(0.508368 1.05 0.516022)
(0.506639 1.05 0.517751)
(0.505124 1.05 0.519266)
(0.50388 1.05 0.52051)
(0.502956 1.05 0.521434)
(0.502387 1.05 0.522003)
(0.453415 1.05 0.473415)
(0.453607 1.05 0.473223)
(0.454176 1.05 0.472654)
(0.4551 1.05 0.47173)
(0.456344 1.05 0.470486)
(0.457859 1.05 0.468971)
(0.459588 1.05 0.467242)
(0.461464 1.05 0.465366)
(0.463415 1.05 0.463415)
(0.465366 1.05 0.461464)
(0.467242 1.05 0.459588)
(0.468971 1.05 0.457859)
(0.470486 1.05 0.456344)
(0.47173 1.05 0.4551)
(0.472654 1.05 0.454176)
(0.473223 1.05 0.453607)
(0.473415 1.05 0.453415)
(0.473223 1.05 0.453607)
(0.472654 1.05 0.454176)
(0.47173 1.05 0.4551)
(0.470486 1.05 0.456344)
(0.468971 1.05 0.457859)
(0.467242 1.05 0.459588)
(0.465366 1.05 0.461464)
(0.463415 1.05 0.463415)
(0.461464 1.05 0.465366)
(0.459588 1.05 0.467242)
(0.457859 1.05 0.468971)
(0.456344 1.05 0.470486)
(0.4551 1.05 0.47173)
(0.454176 1.05 0.472654)
(0.453607 1.05 0.473223)
(0.404634 1.05 0.424634)
(0.404826 1.05 0.424442)
(0.405395 1.05 0.423873)
(0.406319 1.05 0.422949)
(0.407563 1.05 0.421705)
(0.409078 1.05 0.42019)
(0.410807 1.05 0.418461)
(0.412683 1.05 0.416585)
(0.414634 1.05 0.414634)
(0.416585 1.05 0.412683)
(0.418461 1.05 0.410807)
(0.42019 1.05 0.409078)
(0.421705 1.05 0.407563)
(0.422949 1.05 0.406319)
(0.423873 1.05 0.405395)
(0.424442 1.05 0.404826)
(0.424634 1.05 0.404634)
(0.424442 1.05 0.404826)
(0.423873 1.05 0.405395)
(0.422949 1.05 0.406319)
(0.421705 1.05 0.407563)
(0.42019 1.05 0.409078)
(0.418461 1.05 0.410807)
(0.416585 1.05 0.412683)
(0.414634 1.05 0.414634)
(0.412683 1.05 0.416585)
(0.410807 1.05 0.418461)
(0.409078 1.05 0.42019)
(0.407563 1.05 0.421705)
(0.406319 1.05 0.422949)
(0.405395 1.05 0.423873)
(0.404826 1.05 0.424442)
(0.355854 1.05 0.375854)
(0.356046 1.05 0.375662)
(0.356615 1.05 0.375093)
(0.357539 1.05 0.374169)
(0.358783 1.05 0.372925)
(0.360298 1.05 0.37141)
(0.362027 1.05 0.369681)
(0.363903 1.05 0.367805)
(0.365854 1.05 0.365854)
(0.367805 1.05 0.363903)
(0.369681 1.05 0.362027)
(0.37141 1.05 0.360298)
(0.372925 1.05 0.358783)
(0.374169 1.05 0.357539)
(0.375093 1.05 0.356615)
(0.375662 1.05 0.356046)
(0.375854 1.05 0.355854)
(0.375662 1.05 0.356046)
(0.375093 1.05 0.356615)
(0.374169 1.05 0.357539)
(0.372925 1.05 0.358783)
(0.37141 1.05 0.360298)
(0.369681 1.05 0.362027)
(0.367805 1.05 0.363903)
(0.365854 1.05 0.365854)
(0.363903 1.05 0.367805)
(0.362027 1.05 0.369681)
(0.360298 1.05 0.37141)
(0.358783 1.05 0.372925)
(0.357539 1.05 0.374169)
(0.356615 1.05 0.375093)
(0.356046 1.05 0.375662)
(0.307073 1.05 0.327073)
(0.307265 1.05 0.326881)
(0.307834 1.05 0.326312)
(0.308758 1.05 0.325388)
(0.310002 1.05 0.324144)
(0.311517 1.05 0.322629)
(0.313246 1.05 0.3209)
(0.315122 1.05 0.319024)
(0.317073 1.05 0.317073)
(0.319024 1.05 0.315122)
(0.3209 1.05 0.313246)
(0.322629 1.05 0.311517)
(0.324144 1.05 0.310002)
(0.325388 1.05 0.308758)
(0.326312 1.05 0.307834)
(0.326881 1.05 0.307265)
(0.327073 1.05 0.307073)
(0.326881 1.05 0.307265)
(0.326312 1.05 0.307834)
(0.325388 1.05 0.308758)
(0.324144 1.05 0.310002)
(0.322629 1.05 0.311517)
(0.3209 1.05 0.313246)
(0.319024 1.05 0.315122)
(0.317073 1.05 0.317073)
(0.315122 1.05 0.319024)
(0.313246 1.05 0.3209)
(0.311517 1.05 0.322629)
(0.310002 1.05 0.324144)
(0.308758 1.05 0.325388)
(0.307834 1.05 0.326312)
(0.307265 1.05 0.326881)
(0.258293 1.05 0.278293)
(0.258485 1.05 0.278101)
(0.259054 1.05 0.277532)
(0.259978 1.05 0.276608)
(0.261222 1.05 0.275364)
(0.262737 1.05 0.273849)
(0.264466 1.05 0.27212)
(0.266342 1.05 0.270244)
(0.268293 1.05 0.268293)
(0.270244 1.05 0.266342)
(0.27212 1.05 0.264466)
(0.273849 1.05 0.262737)
(0.275364 1.05 0.261222)
(0.276608 1.05 0.259978)
(0.277532 1.05 0.259054)
(0.278101 1.05 0.258485)
(0.278293 1.05 0.258293)
(0.278101 1.05 0.258485)
(0.277532 1.05 0.259054)
(0.276608 1.05 0.259978)
(0.275364 1.05 0.261222)
(0.273849 1.05 0.262737)
(0.27212 1.05 0.264466)
(0.270244 1.05 0.266342)
(0.268293 1.05 0.268293)
(0.266342 1.05 0.270244)
(0.264466 1.05 0.27212)
(0.262737 1.05 0.273849)
(0.261222 1.05 0.275364)
(0.259978 1.05 0.276608)
(0.259054 1.05 0.277532)
(0.258485 1.05 0.278101)
(0.209512 1.05 0.229512)
(0.209704 1.05 0.22932)
(0.210273 1.05 0.228751)
(0.211197 1.05 0.227827)
(0.212441 1.05 0.226583)
(0.213956 1.05 0.225068)
(0.215685 1.05 0.223339)
(0.217561 1.05 0.221463)
(0.219512 1.05 0.219512)
(0.221463 1.05 0.217561)
(0.223339 1.05 0.215685)
(0.225068 1.05 0.213956)
(0.226583 1.05 0.212441)
(0.227827 1.05 0.211197)
(0.228751 1.05 0.210273)
(0.22932 1.05 0.209704)
(0.229512 1.05 0.209512)
(0.22932 1.05 0.209704)
(0.228751 1.05 0.210273)
(0.227827 1.05 0.211197)
(0.226583 1.05 0.212441)
(0.225068 1.05 0.213956)
(0.223339 1.05 0.215685)
(0.221463 1.05 0.217561)
(0.219512 1.05 0.219512)
(0.217561 1.05 0.221463)
(0.215685 1.05 0.223339)
(0.213956 1.05 0.225068)
(0.212441 1.05 0.226583)
(0.211197 1.05 0.227827)
(0.210273 1.05 0.228751)
(0.209704 1.05 0.22932)
(0.160732 1.05 0.180732)
(0.160924 1.05 0.18054)
(0.161493 1.05 0.179971)
(0.162417 1.05 0.179047)
(0.163661 1.05 0.177803)
(0.165176 1.05 0.176288)
(0.166905 1.05 0.174559)
(0.168781 1.05 0.172683)
(0.170732 1.05 0.170732)
(0.172683 1.05 0.168781)
(0.174559 1.05 0.166905)
(0.176288 1.05 0.165176)
(0.177803 1.05 0.163661)
(0.179047 1.05 0.162417)
(0.179971 1.05 0.161493)
(0.18054 1.05 0.160924)
(0.180732 1.05 0.160732)
(0.18054 1.05 0.160924)
(0.179971 1.05 0.161493)
(0.179047 1.05 0.162417)
(0.177803 1.05 0.163661)
(0.176288 1.05 0.165176)
(0.174559 1.05 0.166905)
(0.172683 1.05 0.168781)
(0.170732 1.05 0.170732)
(0.168781 1.05 0.172683)
(0.166905 1.05 0.174559)
(0.165176 1.05 0.176288)
(0.163661 1.05 0.177803)
(0.162417 1.05 0.179047)
(0.161493 1.05 0.179971)
(0.160924 1.05 0.18054)
(0.111951 1.05 0.131951)
(0.112143 1.05 0.131759)
(0.112712 1.05 0.13119)
(0.113636 1.05 0.130266)
(0.11488 1.05 0.129022)
(0.116395 1.05 0.127507)
(0.118124 1.05 0.125778)
(0.12 1.05 0.123902)
(0.121951 1.05 0.121951)
(0.123902 1.05 0.12)
(0.125778 1.05 0.118124)
(0.127507 1.05 0.116395)
(0.129022 1.05 0.11488)
(0.130266 1.05 0.113636)
(0.13119 1.05 0.112712)
(0.131759 1.05 0.112143)
(0.131951 1.05 0.111951)
(0.131759 1.05 0.112143)
(0.13119 1.05 0.112712)
(0.130266 1.05 0.113636)
(0.129022 1.05 0.11488)
(0.127507 1.05 0.116395)
(0.125778 1.05 0.118124)
(0.123902 1.05 0.12)
(0.121951 1.05 0.121951)
(0.12 1.05 0.123902)
(0.118124 1.05 0.125778)
(0.116395 1.05 0.127507)
(0.11488 1.05 0.129022)
(0.113636 1.05 0.130266)
(0.112712 1.05 0.13119)
(0.112143 1.05 0.131759)
(0.063171 1.05 0.083171)
(0.0633632 1.05 0.0829789)
(0.0639322 1.05 0.0824098)
(0.0648563 1.05 0.0814857)
(0.0660999 1.05 0.0802421)
(0.0676153 1.05 0.0787267)
(0.0693442 1.05 0.0769978)
(0.0712201 1.05 0.0751219)
(0.073171 1.05 0.073171)
(0.0751219 1.05 0.0712201)
(0.0769978 1.05 0.0693442)
(0.0787267 1.05 0.0676153)
(0.0802421 1.05 0.0660999)
(0.0814857 1.05 0.0648563)
(0.0824098 1.05 0.0639322)
(0.0829789 1.05 0.0633632)
(0.083171 1.05 0.063171)
(0.0829789 1.05 0.0633632)
(0.0824098 1.05 0.0639322)
(0.0814857 1.05 0.0648563)
(0.0802421 1.05 0.0660999)
(0.0787267 1.05 0.0676153)
(0.0769978 1.05 0.0693442)
(0.0751219 1.05 0.0712201)
(0.073171 1.05 0.073171)
(0.0712201 1.05 0.0751219)
(0.0693442 1.05 0.0769978)
(0.0676153 1.05 0.0787267)
(0.0660999 1.05 0.0802421)
(0.0648563 1.05 0.0814857)
(0.0639322 1.05 0.0824098)
(0.0633632 1.05 0.0829789)
(0.01439 1.05 0.03439)
(0.0145822 1.05 0.0341979)
(0.0151512 1.05 0.0336288)
(0.0160753 1.05 0.0327047)
(0.0173189 1.05 0.0314611)
(0.0188343 1.05 0.0299457)
(0.0205632 1.05 0.0282168)
(0.0224391 1.05 0.0263409)
(0.02439 1.05 0.02439)
(0.0263409 1.05 0.0224391)
(0.0282168 1.05 0.0205632)
(0.0299457 1.05 0.0188343)
(0.0314611 1.05 0.0173189)
(0.0327047 1.05 0.0160753)
(0.0336288 1.05 0.0151512)
(0.0341979 1.05 0.0145822)
(0.03439 1.05 0.01439)
(0.0341979 1.05 0.0145822)
(0.0336288 1.05 0.0151512)
(0.0327047 1.05 0.0160753)
(0.0314611 1.05 0.0173189)
(0.0299457 1.05 0.0188343)
(0.0282168 1.05 0.0205632)
(0.0263409 1.05 0.0224391)
(0.02439 1.05 0.02439)
(0.0224391 1.05 0.0263409)
(0.0205632 1.05 0.0282168)
(0.0188343 1.05 0.0299457)
(0.0173189 1.05 0.0314611)
(0.0160753 1.05 0.0327047)
(0.0151512 1.05 0.0336288)
(0.0145822 1.05 0.0341979)
(-0.03439 1.05 -0.01439)
(-0.0341978 1.05 -0.0145821)
(-0.0336288 1.05 -0.0151512)
(-0.0327047 1.05 -0.0160753)
(-0.0314611 1.05 -0.0173189)
(-0.0299457 1.05 -0.0188343)
(-0.0282168 1.05 -0.0205632)
(-0.0263409 1.05 -0.0224391)
(-0.02439 1.05 -0.02439)
(-0.0224391 1.05 -0.0263409)
(-0.0205632 1.05 -0.0282168)
(-0.0188343 1.05 -0.0299457)
(-0.0173189 1.05 -0.0314611)
(-0.0160753 1.05 -0.0327047)
(-0.0151512 1.05 -0.0336288)
(-0.0145821 1.05 -0.0341978)
(-0.01439 1.05 -0.03439)
(-0.0145821 1.05 -0.0341978)
(-0.0151512 1.05 -0.0336288)
(-0.0160753 1.05 -0.0327047)
(-0.0173189 1.05 -0.0314611)
(-0.0188343 1.05 -0.0299457)
(-0.0205632 1.05 -0.0282168)
(-0.0224391 1.05 -0.0263409)
(-0.02439 1.05 -0.02439)
(-0.0263409 1.05 -0.0224391)
(-0.0282168 1.05 -0.0205632)
(-0.0299457 1.05 -0.0188343)
(-0.0314611 1.05 -0.0173189)
(-0.0327047 1.05 -0.0160753)
(-0.0336288 1.05 -0.0151512)
(-0.0341978 1.05 -0.0145821)
(-0.08317 1.05 -0.06317)
(-0.0829778 1.05 -0.0633621)
(-0.0824088 1.05 -0.0639312)
(-0.0814847 1.05 -0.0648553)
(-0.0802411 1.05 -0.0660989)
(-0.0787257 1.05 -0.0676143)
(-0.0769968 1.05 -0.0693432)
(-0.0751209 1.05 -0.0712191)
(-0.07317 1.05 -0.07317)
(-0.0712191 1.05 -0.0751209)
(-0.0693432 1.05 -0.0769968)
(-0.0676143 1.05 -0.0787257)
(-0.0660989 1.05 -0.0802411)
(-0.0648553 1.05 -0.0814847)
(-0.0639312 1.05 -0.0824088)
(-0.0633621 1.05 -0.0829778)
(-0.06317 1.05 -0.08317)
(-0.0633621 1.05 -0.0829778)
(-0.0639312 1.05 -0.0824088)
(-0.0648553 1.05 -0.0814847)
(-0.0660989 1.05 -0.0802411)
(-0.0676143 1.05 -0.0787257)
(-0.0693432 1.05 -0.0769968)
(-0.0712191 1.05 -0.0751209)
(-0.07317 1.05 -0.07317)
(-0.0751209 1.05 -0.0712191)
(-0.0769968 1.05 -0.0693432)
(-0.0787257 1.05 -0.0676143)
(-0.0802411 1.05 -0.0660989)
(-0.0814847 1.05 -0.0648553)
(-0.0824088 1.05 -0.0639312)
(-0.0829778 1.05 -0.0633621)
(-0.13195 1.05 -0.11195)
(-0.131758 1.05 -0.112142)
(-0.131189 1.05 -0.112711)
(-0.130265 1.05 -0.113635)
(-0.129021 1.05 -0.114879)
(-0.127506 1.05 -0.116394)
(-0.125777 1.05 -0.118123)
(-0.123901 1.05 -0.119999)
(-0.12195 1.05 -0.12195)
(-0.119999 1.05 -0.123901)
(-0.118123 1.05 -0.125777)
(-0.116394 1.05 -0.127506)
(-0.114879 1.05 -0.129021)
(-0.113635 1.05 -0.130265)
(-0.112711 1.05 -0.131189)
(-0.112142 1.05 -0.131758)
(-0.11195 1.05 -0.13195)
(-0.112142 1.05 -0.131758)
(-0.112711 1.05 -0.131189)
(-0.113635 1.05 -0.130265)
(-0.114879 1.05 -0.129021)
(-0.116394 1.05 -0.127506)
(-0.118123 1.05 -0.125777)
(-0.119999 1.05 -0.123901)
(-0.12195 1.05 -0.12195)
(-0.123901 1.05 -0.119999)
(-0.125777 1.05 -0.118123)
(-0.127506 1.05 -0.116394)
(-0.129021 1.05 -0.114879)
(-0.130265 1.05 -0.113635)
(-0.131189 1.05 -0.112711)
(-0.131758 1.05 -0.112142)
(-0.18073 1.05 -0.16073)
(-0.180538 1.05 -0.160922)
(-0.179969 1.05 -0.161491)
(-0.179045 1.05 -0.162415)
(-0.177801 1.05 -0.163659)
(-0.176286 1.05 -0.165174)
(-0.174557 1.05 -0.166903)
(-0.172681 1.05 -0.168779)
(-0.17073 1.05 -0.17073)
(-0.168779 1.05 -0.172681)
(-0.166903 1.05 -0.174557)
(-0.165174 1.05 -0.176286)
(-0.163659 1.05 -0.177801)
(-0.162415 1.05 -0.179045)
(-0.161491 1.05 -0.179969)
(-0.160922 1.05 -0.180538)
(-0.16073 1.05 -0.18073)
(-0.160922 1.05 -0.180538)
(-0.161491 1.05 -0.179969)
(-0.162415 1.05 -0.179045)
(-0.163659 1.05 -0.177801)
(-0.165174 1.05 -0.176286)
(-0.166903 1.05 -0.174557)
(-0.168779 1.05 -0.172681)
(-0.17073 1.05 -0.17073)
(-0.172681 1.05 -0.168779)
(-0.174557 1.05 -0.166903)
(-0.176286 1.05 -0.165174)
(-0.177801 1.05 -0.163659)
(-0.179045 1.05 -0.162415)
(-0.179969 1.05 -0.161491)
(-0.180538 1.05 -0.160922)
(-0.22951 1.05 -0.20951)
(-0.229318 1.05 -0.209702)
(-0.228749 1.05 -0.210271)
(-0.227825 1.05 -0.211195)
(-0.226581 1.05 -0.212439)
(-0.225066 1.05 -0.213954)
(-0.223337 1.05 -0.215683)
(-0.221461 1.05 -0.217559)
(-0.21951 1.05 -0.21951)
(-0.217559 1.05 -0.221461)
(-0.215683 1.05 -0.223337)
(-0.213954 1.05 -0.225066)
(-0.212439 1.05 -0.226581)
(-0.211195 1.05 -0.227825)
(-0.210271 1.05 -0.228749)
(-0.209702 1.05 -0.229318)
(-0.20951 1.05 -0.22951)
(-0.209702 1.05 -0.229318)
(-0.210271 1.05 -0.228749)
(-0.211195 1.05 -0.227825)
(-0.212439 1.05 -0.226581)
(-0.213954 1.05 -0.225066)
(-0.215683 1.05 -0.223337)
(-0.217559 1.05 -0.221461)
(-0.21951 1.05 -0.21951)
(-0.221461 1.05 -0.217559)
(-0.223337 1.05 -0.215683)
(-0.225066 1.05 -0.213954)
(-0.226581 1.05 -0.212439)
(-0.227825 1.05 -0.211195)
(-0.228749 1.05 -0.210271)
(-0.229318 1.05 -0.209702)
(-0.27829 1.05 -0.25829)
(-0.278098 1.05 -0.258482)
(-0.277529 1.05 -0.259051)
(-0.276605 1.05 -0.259975)
(-0.275361 1.05 -0.261219)
(-0.273846 1.05 -0.262734)
(-0.272117 1.05 -0.264463)
(-0.270241 1.05 -0.266339)
(-0.26829 1.05 -0.26829)
(-0.266339 1.05 -0.270241)
(-0.264463 1.05 -0.272117)
(-0.262734 1.05 -0.273846)
(-0.261219 1.05 -0.275361)
(-0.259975 1.05 -0.276605)
(-0.259051 1.05 -0.277529)
(-0.258482 1.05 -0.278098)
(-0.25829 1.05 -0.27829)
(-0.258482 1.05 -0.278098)
(-0.259051 1.05 -0.277529)
(-0.259975 1.05 -0.276605)
(-0.261219 1.05 -0.275361)
(-0.262734 1.05 -0.273846)
(-0.264463 1.05 -0.272117)
(-0.266339 1.05 -0.270241)
(-0.26829 1.05 -0.26829)
(-0.270241 1.05 -0.266339)
(-0.272117 1.05 -0.264463)
(-0.273846 1.05 -0.262734)
(-0.275361 1.05 -0.261219)
(-0.276605 1.05 -0.259975)
(-0.277529 1.05 -0.259051)
(-0.278098 1.05 -0.258482)
(-0.32707 1.05 -0.30707)
(-0.326878 1.05 -0.307262)
(-0.326309 1.05 -0.307831)
(-0.325385 1.05 -0.308755)
(-0.324141 1.05 -0.309999)
(-0.322626 1.05 -0.311514)
(-0.320897 1.05 -0.313243)
(-0.319021 1.05 -0.315119)
(-0.31707 1.05 -0.31707)
(-0.315119 1.05 -0.319021)
(-0.313243 1.05 -0.320897)
(-0.311514 1.05 -0.322626)
(-0.309999 1.05 -0.324141)
(-0.308755 1.05 -0.325385)
(-0.307831 1.05 -0.326309)
(-0.307262 1.05 -0.326878)
(-0.30707 1.05 -0.32707)
(-0.307262 1.05 -0.326878)
(-0.307831 1.05 -0.326309)
(-0.308755 1.05 -0.325385)
(-0.309999 1.05 -0.324141)
(-0.311514 1.05 -0.322626)
(-0.313243 1.05 -0.320897)
(-0.315119 1.05 -0.319021)
(-0.31707 1.05 -0.31707)
(-0.319021 1.05 -0.315119)
(-0.320897 1.05 -0.313243)
(-0.322626 1.05 -0.311514)
(-0.324141 1.05 -0.309999)
(-0.325385 1.05 -0.308755)
(-0.326309 1.05 -0.307831)
(-0.326878 1.05 -0.307262)
(-0.37585 1.05 -0.35585)
(-0.375658 1.05 -0.356042)
(-0.375089 1.05 -0.356611)
(-0.374165 1.05 -0.357535)
(-0.372921 1.05 -0.358779)
(-0.371406 1.05 -0.360294)
(-0.369677 1.05 -0.362023)
(-0.367801 1.05 -0.363899)
(-0.36585 1.05 -0.36585)
(-0.363899 1.05 -0.367801)
(-0.362023 1.05 -0.369677)
(-0.360294 1.05 -0.371406)
(-0.358779 1.05 -0.372921)
(-0.357535 1.05 -0.374165)
(-0.356611 1.05 -0.375089)
(-0.356042 1.05 -0.375658)
(-0.35585 1.05 -0.37585)
(-0.356042 1.05 -0.375658)
(-0.356611 1.05 -0.375089)
(-0.357535 1.05 -0.374165)
(-0.358779 1.05 -0.372921)
(-0.360294 1.05 -0.371406)
(-0.362023 1.05 -0.369677)
(-0.363899 1.05 -0.367801)
(-0.36585 1.05 -0.36585)
(-0.367801 1.05 -0.363899)
(-0.369677 1.05 -0.362023)
(-0.371406 1.05 -0.360294)
(-0.372921 1.05 -0.358779)
(-0.374165 1.05 -0.357535)
(-0.375089 1.05 -0.356611)
(-0.375658 1.05 -0.356042)
(-0.42463 1.05 -0.40463)
(-0.424438 1.05 -0.404822)
(-0.423869 1.05 -0.405391)
(-0.422945 1.05 -0.406315)
(-0.421701 1.05 -0.407559)
(-0.420186 1.05 -0.409074)
(-0.418457 1.05 -0.410803)
(-0.416581 1.05 -0.412679)
(-0.41463 1.05 -0.41463)
(-0.412679 1.05 -0.416581)
(-0.410803 1.05 -0.418457)
(-0.409074 1.05 -0.420186)
(-0.407559 1.05 -0.421701)
(-0.406315 1.05 -0.422945)
(-0.405391 1.05 -0.423869)
(-0.404822 1.05 -0.424438)
(-0.40463 1.05 -0.42463)
(-0.404822 1.05 -0.424438)
(-0.405391 1.05 -0.423869)
(-0.406315 1.05 -0.422945)
(-0.407559 1.05 -0.421701)
(-0.409074 1.05 -0.420186)
(-0.410803 1.05 -0.418457)
(-0.412679 1.05 -0.416581)
(-0.41463 1.05 -0.41463)
(-0.416581 1.05 -0.412679)
(-0.418457 1.05 -0.410803)
(-0.420186 1.05 -0.409074)
(-0.421701 1.05 -0.407559)
(-0.422945 1.05 -0.406315)
(-0.423869 1.05 -0.405391)
(-0.424438 1.05 -0.404822)
(-0.47341 1.05 -0.45341)
(-0.473218 1.05 -0.453602)
(-0.472649 1.05 -0.454171)
(-0.471725 1.05 -0.455095)
(-0.470481 1.05 -0.456339)
(-0.468966 1.05 -0.457854)
(-0.467237 1.05 -0.459583)
(-0.465361 1.05 -0.461459)
(-0.46341 1.05 -0.46341)
(-0.461459 1.05 -0.465361)
(-0.459583 1.05 -0.467237)
(-0.457854 1.05 -0.468966)
(-0.456339 1.05 -0.470481)
(-0.455095 1.05 -0.471725)
(-0.454171 1.05 -0.472649)
(-0.453602 1.05 -0.473218)
(-0.45341 1.05 -0.47341)
(-0.453602 1.05 -0.473218)
(-0.454171 1.05 -0.472649)
(-0.455095 1.05 -0.471725)
(-0.456339 1.05 -0.470481)
(-0.457854 1.05 -0.468966)
(-0.459583 1.05 -0.467237)
(-0.461459 1.05 -0.465361)
(-0.46341 1.05 -0.46341)
(-0.465361 1.05 -0.461459)
(-0.467237 1.05 -0.459583)
(-0.468966 1.05 -0.457854)
(-0.470481 1.05 -0.456339)
(-0.471725 1.05 -0.455095)
(-0.472649 1.05 -0.454171)
(-0.473218 1.05 -0.453602)
(-0.5222 1.05 -0.5022)
(-0.522008 1.05 -0.502392)
(-0.521439 1.05 -0.502961)
(-0.520515 1.05 -0.503885)
(-0.519271 1.05 -0.505129)
(-0.517756 1.05 -0.506644)
(-0.516027 1.05 -0.508373)
(-0.514151 1.05 -0.510249)
(-0.5122 1.05 -0.5122)
(-0.510249 1.05 -0.514151)
(-0.508373 1.05 -0.516027)
(-0.506644 1.05 -0.517756)
(-0.505129 1.05 -0.519271)
(-0.503885 1.05 -0.520515)
(-0.502961 1.05 -0.521439)
(-0.502392 1.05 -0.522008)
(-0.5022 1.05 -0.5222)
(-0.502392 1.05 -0.522008)
(-0.502961 1.05 -0.521439)
(-0.503885 1.05 -0.520515)
(-0.505129 1.05 -0.519271)
(-0.506644 1.05 -0.517756)
(-0.508373 1.05 -0.516027)
(-0.510249 1.05 -0.514151)
(-0.5122 1.05 -0.5122)
(-0.514151 1.05 -0.510249)
(-0.516027 1.05 -0.508373)
(-0.517756 1.05 -0.506644)
(-0.519271 1.05 -0.505129)
(-0.520515 1.05 -0.503885)
(-0.521439 1.05 -0.502961)
(-0.522008 1.05 -0.502392)
(-0.57098 1.05 -0.55098)
(-0.570788 1.05 -0.551172)
(-0.570219 1.05 -0.551741)
(-0.569295 1.05 -0.552665)
(-0.568051 1.05 -0.553909)
(-0.566536 1.05 -0.555424)
(-0.564807 1.05 -0.557153)
(-0.562931 1.05 -0.559029)
(-0.56098 1.05 -0.56098)
(-0.559029 1.05 -0.562931)
(-0.557153 1.05 -0.564807)
(-0.555424 1.05 -0.566536)
(-0.553909 1.05 -0.568051)
(-0.552665 1.05 -0.569295)
(-0.551741 1.05 -0.570219)
(-0.551172 1.05 -0.570788)
(-0.55098 1.05 -0.57098)
(-0.551172 1.05 -0.570788)
(-0.551741 1.05 -0.570219)
(-0.552665 1.05 -0.569295)
(-0.553909 1.05 -0.568051)
(-0.555424 1.05 -0.566536)
(-0.557153 1.05 -0.564807)
(-0.559029 1.05 -0.562931)
(-0.56098 1.05 -0.56098)
(-0.562931 1.05 -0.559029)
(-0.564807 1.05 -0.557153)
(-0.566536 1.05 -0.555424)
(-0.568051 1.05 -0.553909)
(-0.569295 1.05 -0.552665)
(-0.570219 1.05 -0.551741)
(-0.570788 1.05 -0.551172)
(-0.61976 1.05 -0.59976)
(-0.619568 1.05 -0.599952)
(-0.618999 1.05 -0.600521)
(-0.618075 1.05 -0.601445)
(-0.616831 1.05 -0.602689)
(-0.615316 1.05 -0.604204)
(-0.613587 1.05 -0.605933)
(-0.611711 1.05 -0.607809)
(-0.60976 1.05 -0.60976)
(-0.607809 1.05 -0.611711)
(-0.605933 1.05 -0.613587)
(-0.604204 1.05 -0.615316)
(-0.602689 1.05 -0.616831)
(-0.601445 1.05 -0.618075)
(-0.600521 1.05 -0.618999)
(-0.599952 1.05 -0.619568)
(-0.59976 1.05 -0.61976)
(-0.599952 1.05 -0.619568)
(-0.600521 1.05 -0.618999)
(-0.601445 1.05 -0.618075)
(-0.602689 1.05 -0.616831)
(-0.604204 1.05 -0.615316)
(-0.605933 1.05 -0.613587)
(-0.607809 1.05 -0.611711)
(-0.60976 1.05 -0.60976)
(-0.611711 1.05 -0.607809)
(-0.613587 1.05 -0.605933)
(-0.615316 1.05 -0.604204)
(-0.616831 1.05 -0.602689)
(-0.618075 1.05 -0.601445)
(-0.618999 1.05 -0.600521)
(-0.619568 1.05 -0.599952)
(-0.66854 1.05 -0.64854)
(-0.668348 1.05 -0.648732)
(-0.667779 1.05 -0.649301)
(-0.666855 1.05 -0.650225)
(-0.665611 1.05 -0.651469)
(-0.664096 1.05 -0.652984)
(-0.662367 1.05 -0.654713)
(-0.660491 1.05 -0.656589)
(-0.65854 1.05 -0.65854)
(-0.656589 1.05 -0.660491)
(-0.654713 1.05 -0.662367)
(-0.652984 1.05 -0.664096)
(-0.651469 1.05 -0.665611)
(-0.650225 1.05 -0.666855)
(-0.649301 1.05 -0.667779)
(-0.648732 1.05 -0.668348)
(-0.64854 1.05 -0.66854)
(-0.648732 1.05 -0.668348)
(-0.649301 1.05 -0.667779)
(-0.650225 1.05 -0.666855)
(-0.651469 1.05 -0.665611)
(-0.652984 1.05 -0.664096)
(-0.654713 1.05 -0.662367)
(-0.656589 1.05 -0.660491)
(-0.65854 1.05 -0.65854)
(-0.660491 1.05 -0.656589)
(-0.662367 1.05 -0.654713)
(-0.664096 1.05 -0.652984)
(-0.665611 1.05 -0.651469)
(-0.666855 1.05 -0.650225)
(-0.667779 1.05 -0.649301)
(-0.668348 1.05 -0.648732)
(-0.71732 1.05 -0.69732)
(-0.717128 1.05 -0.697512)
(-0.716559 1.05 -0.698081)
(-0.715635 1.05 -0.699005)
(-0.714391 1.05 -0.700249)
(-0.712876 1.05 -0.701764)
(-0.711147 1.05 -0.703493)
(-0.709271 1.05 -0.705369)
(-0.70732 1.05 -0.70732)
(-0.705369 1.05 -0.709271)
(-0.703493 1.05 -0.711147)
(-0.701764 1.05 -0.712876)
(-0.700249 1.05 -0.714391)
(-0.699005 1.05 -0.715635)
(-0.698081 1.05 -0.716559)
(-0.697512 1.05 -0.717128)
(-0.69732 1.05 -0.71732)
(-0.697512 1.05 -0.717128)
(-0.698081 1.05 -0.716559)
(-0.699005 1.05 -0.715635)
(-0.700249 1.05 -0.714391)
(-0.701764 1.05 -0.712876)
(-0.703493 1.05 -0.711147)
(-0.705369 1.05 -0.709271)
(-0.70732 1.05 -0.70732)
(-0.709271 1.05 -0.705369)
(-0.711147 1.05 -0.703493)
(-0.712876 1.05 -0.701764)
(-0.714391 1.05 -0.700249)
(-0.715635 1.05 -0.699005)
(-0.716559 1.05 -0.698081)
(-0.717128 1.05 -0.697512)
(-0.7661 1.05 -0.7461)
(-0.765908 1.05 -0.746292)
(-0.765339 1.05 -0.746861)
(-0.764415 1.05 -0.747785)
(-0.763171 1.05 -0.749029)
(-0.761656 1.05 -0.750544)
(-0.759927 1.05 -0.752273)
(-0.758051 1.05 -0.754149)
(-0.7561 1.05 -0.7561)
(-0.754149 1.05 -0.758051)
(-0.752273 1.05 -0.759927)
(-0.750544 1.05 -0.761656)
(-0.749029 1.05 -0.763171)
(-0.747785 1.05 -0.764415)
(-0.746861 1.05 -0.765339)
(-0.746292 1.05 -0.765908)
(-0.7461 1.05 -0.7661)
(-0.746292 1.05 -0.765908)
(-0.746861 1.05 -0.765339)
(-0.747785 1.05 -0.764415)
(-0.749029 1.05 -0.763171)
(-0.750544 1.05 -0.761656)
(-0.752273 1.05 -0.759927)
(-0.754149 1.05 -0.758051)
(-0.7561 1.05 -0.7561)
(-0.758051 1.05 -0.754149)
(-0.759927 1.05 -0.752273)
(-0.761656 1.05 -0.750544)
(-0.763171 1.05 -0.749029)
(-0.764415 1.05 -0.747785)
(-0.765339 1.05 -0.746861)
(-0.765908 1.05 -0.746292)
(-0.81488 1.05 -0.79488)
(-0.814688 1.05 -0.795072)
(-0.814119 1.05 -0.795641)
(-0.813195 1.05 -0.796565)
(-0.811951 1.05 -0.797809)
(-0.810436 1.05 -0.799324)
(-0.808707 1.05 -0.801053)
(-0.806831 1.05 -0.802929)
(-0.80488 1.05 -0.80488)
(-0.802929 1.05 -0.806831)
(-0.801053 1.05 -0.808707)
(-0.799324 1.05 -0.810436)
(-0.797809 1.05 -0.811951)
(-0.796565 1.05 -0.813195)
(-0.795641 1.05 -0.814119)
(-0.795072 1.05 -0.814688)
(-0.79488 1.05 -0.81488)
(-0.795072 1.05 -0.814688)
(-0.795641 1.05 -0.814119)
(-0.796565 1.05 -0.813195)
(-0.797809 1.05 -0.811951)
(-0.799324 1.05 -0.810436)
(-0.801053 1.05 -0.808707)
(-0.802929 1.05 -0.806831)
(-0.80488 1.05 -0.80488)
(-0.806831 1.05 -0.802929)
(-0.808707 1.05 -0.801053)
(-0.810436 1.05 -0.799324)
(-0.811951 1.05 -0.797809)
(-0.813195 1.05 -0.796565)
(-0.814119 1.05 -0.795641)
(-0.814688 1.05 -0.795072)
(-0.86366 1.05 -0.84366)
(-0.863468 1.05 -0.843852)
(-0.862899 1.05 -0.844421)
(-0.861975 1.05 -0.845345)
(-0.860731 1.05 -0.846589)
(-0.859216 1.05 -0.848104)
(-0.857487 1.05 -0.849833)
(-0.855611 1.05 -0.851709)
(-0.85366 1.05 -0.85366)
(-0.851709 1.05 -0.855611)
(-0.849833 1.05 -0.857487)
(-0.848104 1.05 -0.859216)
(-0.846589 1.05 -0.860731)
(-0.845345 1.05 -0.861975)
(-0.844421 1.05 -0.862899)
(-0.843852 1.05 -0.863468)
(-0.84366 1.05 -0.86366)
(-0.843852 1.05 -0.863468)
(-0.844421 1.05 -0.862899)
(-0.845345 1.05 -0.861975)
(-0.846589 1.05 -0.860731)
(-0.848104 1.05 -0.859216)
(-0.849833 1.05 -0.857487)
(-0.851709 1.05 -0.855611)
(-0.85366 1.05 -0.85366)
(-0.855611 1.05 -0.851709)
(-0.857487 1.05 -0.849833)
(-0.859216 1.05 -0.848104)
(-0.860731 1.05 -0.846589)
(-0.861975 1.05 -0.845345)
(-0.862899 1.05 -0.844421)
(-0.863468 1.05 -0.843852)
(-0.91244 1.05 -0.89244)
(-0.912248 1.05 -0.892632)
(-0.911679 1.05 -0.893201)
(-0.910755 1.05 -0.894125)
(-0.909511 1.05 -0.895369)
(-0.907996 1.05 -0.896884)
(-0.906267 1.05 -0.898613)
(-0.904391 1.05 -0.900489)
(-0.90244 1.05 -0.90244)
(-0.900489 1.05 -0.904391)
(-0.898613 1.05 -0.906267)
(-0.896884 1.05 -0.907996)
(-0.895369 1.05 -0.909511)
(-0.894125 1.05 -0.910755)
(-0.893201 1.05 -0.911679)
(-0.892632 1.05 -0.912248)
(-0.89244 1.05 -0.91244)
(-0.892632 1.05 -0.912248)
(-0.893201 1.05 -0.911679)
(-0.894125 1.05 -0.910755)
(-0.895369 1.05 -0.909511)
(-0.896884 1.05 -0.907996)
(-0.898613 1.05 -0.906267)
(-0.900489 1.05 -0.904391)
(-0.90244 1.05 -0.90244)
(-0.904391 1.05 -0.900489)
(-0.906267 1.05 -0.898613)
(-0.907996 1.05 -0.896884)
(-0.909511 1.05 -0.895369)
(-0.910755 1.05 -0.894125)
(-0.911679 1.05 -0.893201)
(-0.912248 1.05 -0.892632)
(-0.96122 1.05 -0.94122)
(-0.961028 1.05 -0.941412)
(-0.960459 1.05 -0.941981)
(-0.959535 1.05 -0.942905)
(-0.958291 1.05 -0.944149)
(-0.956776 1.05 -0.945664)
(-0.955047 1.05 -0.947393)
(-0.953171 1.05 -0.949269)
(-0.95122 1.05 -0.95122)
(-0.949269 1.05 -0.953171)
(-0.947393 1.05 -0.955047)
(-0.945664 1.05 -0.956776)
(-0.944149 1.05 -0.958291)
(-0.942905 1.05 -0.959535)
(-0.941981 1.05 -0.960459)
(-0.941412 1.05 -0.961028)
(-0.94122 1.05 -0.96122)
(-0.941412 1.05 -0.961028)
(-0.941981 1.05 -0.960459)
(-0.942905 1.05 -0.959535)
(-0.944149 1.05 -0.958291)
(-0.945664 1.05 -0.956776)
(-0.947393 1.05 -0.955047)
(-0.949269 1.05 -0.953171)
(-0.95122 1.05 -0.95122)
(-0.953171 1.05 -0.949269)
(-0.955047 1.05 -0.947393)
(-0.956776 1.05 -0.945664)
(-0.958291 1.05 -0.944149)
(-0.959535 1.05 -0.942905)
(-0.960459 1.05 -0.941981)
(-0.961028 1.05 -0.941412)
(-1.01 1.05 -0.99)
(-1.00981 1.05 -0.990192)
(-1.00924 1.05 -0.990761)
(-1.00831 1.05 -0.991685)
(-1.00707 1.05 -0.992929)
(-1.00556 1.05 -0.994444)
(-1.00383 1.05 -0.996173)
(-1.00195 1.05 -0.998049)
(-1 1.05 -1)
(-0.998049 1.05 -1.00195)
(-0.996173 1.05 -1.00383)
(-0.994444 1.05 -1.00556)
(-0.992929 1.05 -1.00707)
(-0.991685 1.05 -1.00831)
(-0.990761 1.05 -1.00924)
(-0.990192 1.05 -1.00981)
(-0.99 1.05 -1.01)
(-0.990192 1.05 -1.00981)
(-0.990761 1.05 -1.00924)
(-0.991685 1.05 -1.00831)
(-0.992929 1.05 -1.00707)
(-0.994444 1.05 -1.00556)
(-0.996173 1.05 -1.00383)
(-0.998049 1.05 -1.00195)
(-1 1.05 -1)
(-1.00195 1.05 -0.998049)
(-1.00383 1.05 -0.996173)
(-1.00556 1.05 -0.994444)
(-1.00707 1.05 -0.992929)
(-1.00831 1.05 -0.991685)
(-1.00924 1.05 -0.990761)
(-1.00981 1.05 -0.990192)
)
;

boundaryField
{
    left_0
    {
        type            calculated;
    }
    left_1
    {
        type            calculated;
    }
    right_0
    {
        type            calculated;
    }
    right_1
    {
        type            calculated;
    }
    beam
    {
        type            empty;
    }
}


// ************************************************************************* //
