/*--------------------------------*- C++ -*----------------------------------*\
| =========                 |                                                 |
| \\      /  F ield         | OpenFOAM: The Open Source CFD Toolbox           |
|  \\    /   O peration     | Version:  2312                                  |
|   \\  /    A nd           | Website:  www.openfoam.com                      |
|    \\/     M anipulation  |                                                 |
\*---------------------------------------------------------------------------*/
FoamFile
{
    version     2.0;
    format      ascii;
    arch        "LSB;label=32;scalar=64";
    class       pointVectorField;
    location    "0.06/beam";
    object      pointW;
}
// * * * * * * * * * * * * * * * * * * * * * * * * * * * * * * * * * * * * * //

dimensions      [0 1 0 0 0 0 0];

internalField   nonuniform List<vector> 
1952
(
(-8.449806241e-08 2.124392613e-17 -2.773793348e-12)
(-8.287443214e-08 2.081668171e-17 -2.720499173e-12)
(-7.80660699e-08 1.973247954e-17 -2.562660587e-12)
(-7.025760395e-08 1.778091563e-17 -2.306337846e-12)
(-5.974921367e-08 1.517883041e-17 -1.961385481e-12)
(-4.694458853e-08 1.170938346e-17 -1.541054177e-12)
(-3.233592977e-08 8.239936511e-18 -1.061502015e-12)
(-1.648474812e-08 4.33680869e-18 -5.411609745e-13)
(-3.766053113e-18 0 -2.12438466e-17)
(1.648474812e-08 -4.33680869e-18 5.411192328e-13)
(3.233592976e-08 -8.239936511e-18 1.06146255e-12)
(4.694458853e-08 -1.170938346e-17 1.541019048e-12)
(5.974921366e-08 -1.517883041e-17 1.961355123e-12)
(7.025760395e-08 -1.778091563e-17 2.306314428e-12)
(7.80660699e-08 -1.973247954e-17 2.562644541e-12)
(8.287443214e-08 -2.081668171e-17 2.720491367e-12)
(8.449806241e-08 -2.124392613e-17 2.773793348e-12)
(8.287443214e-08 -2.081668171e-17 2.720499173e-12)
(7.80660699e-08 -1.973247954e-17 2.562660587e-12)
(7.025760395e-08 -1.778091563e-17 2.306337846e-12)
(5.974921367e-08 -1.517883041e-17 1.961385481e-12)
(4.694458853e-08 -1.170938346e-17 1.541054177e-12)
(3.233592977e-08 -8.239936511e-18 1.061502015e-12)
(1.648474812e-08 -4.33680869e-18 5.411609745e-13)
(3.766061128e-18 0 2.12438466e-17)
(-1.648474812e-08 4.33680869e-18 -5.411192328e-13)
(-3.233592976e-08 8.239936511e-18 -1.06146255e-12)
(-4.694458853e-08 1.170938346e-17 -1.541019048e-12)
(-5.974921366e-08 1.517883041e-17 -1.961355123e-12)
(-7.025760395e-08 1.778091563e-17 -2.306314428e-12)
(-7.80660699e-08 1.973247954e-17 -2.562644541e-12)
(-8.287443214e-08 2.081668171e-17 -2.720491367e-12)
(1.417716625e-06 9.789308621e-16 -9.532745457e-07)
(1.419403096e-06 9.784924607e-16 -9.532744974e-07)
(1.424397558e-06 9.772998383e-16 -9.532743546e-07)
(1.432508238e-06 9.753482744e-16 -9.532741227e-07)
(1.443423338e-06 9.727461892e-16 -9.532738106e-07)
(1.456723546e-06 9.692767422e-16 -9.532734302e-07)
(1.471897609e-06 9.658072953e-16 -9.532729963e-07)
(1.488362285e-06 9.619041674e-16 -9.532725255e-07)
(1.505485049e-06 9.575673587e-16 -9.532720358e-07)
(1.522607812e-06 9.5323055e-16 -9.532715462e-07)
(1.539072488e-06 9.493274222e-16 -9.532710754e-07)
(1.554246552e-06 9.458579753e-16 -9.532706415e-07)
(1.567546759e-06 9.423885283e-16 -9.532702611e-07)
(1.57846186e-06 9.397864431e-16 -9.53269949e-07)
(1.58657254e-06 9.378348792e-16 -9.532697171e-07)
(1.591567002e-06 9.368590972e-16 -9.532695742e-07)
(1.593253472e-06 9.364428431e-16 -9.53269526e-07)
(1.591567002e-06 9.368590972e-16 -9.532695742e-07)
(1.58657254e-06 9.378348792e-16 -9.53269717e-07)
(1.57846186e-06 9.397864431e-16 -9.53269949e-07)
(1.567546759e-06 9.423885283e-16 -9.532702611e-07)
(1.554246552e-06 9.458579753e-16 -9.532706414e-07)
(1.539072488e-06 9.493274222e-16 -9.532710753e-07)
(1.522607812e-06 9.5323055e-16 -9.532715462e-07)
(1.505485049e-06 9.575673587e-16 -9.532720358e-07)
(1.488362285e-06 9.619041674e-16 -9.532725254e-07)
(1.471897609e-06 9.658072953e-16 -9.532729963e-07)
(1.456723546e-06 9.692767422e-16 -9.532734302e-07)
(1.443423338e-06 9.727461892e-16 -9.532738105e-07)
(1.432508238e-06 9.753482744e-16 -9.532741227e-07)
(1.424397558e-06 9.772998383e-16 -9.532743546e-07)
(1.419403096e-06 9.784924607e-16 -9.532744974e-07)
(2.913523086e-06 9.34076993e-16 -1.9782405e-06)
(2.915395606e-06 9.336064907e-16 -1.978240461e-06)
(2.920941052e-06 9.326307088e-16 -1.978240346e-06)
(2.929946495e-06 9.306791449e-16 -1.978240159e-06)
(2.942065739e-06 9.280770596e-16 -1.978239907e-06)
(2.956833213e-06 9.246076127e-16 -1.978239601e-06)
(2.973681265e-06 9.211381657e-16 -1.978239251e-06)
(2.991962309e-06 9.168013571e-16 -1.978238871e-06)
(3.01097404e-06 9.124645484e-16 -1.978238476e-06)
(3.029985771e-06 9.081277397e-16 -1.978238082e-06)
(3.048266815e-06 9.046582927e-16 -1.978237702e-06)
(3.065114867e-06 9.011888458e-16 -1.978237352e-06)
(3.079882341e-06 8.977193988e-16 -1.978237046e-06)
(3.092001585e-06 8.951173136e-16 -1.978236794e-06)
(3.101007028e-06 8.931657497e-16 -1.978236607e-06)
(3.106552475e-06 8.919731273e-16 -1.978236492e-06)
(3.108424995e-06 8.915887964e-16 -1.978236453e-06)
(3.106552475e-06 8.919731273e-16 -1.978236492e-06)
(3.101007028e-06 8.931657497e-16 -1.978236607e-06)
(3.092001585e-06 8.951173136e-16 -1.978236794e-06)
(3.079882341e-06 8.977193988e-16 -1.978237046e-06)
(3.065114867e-06 9.011888458e-16 -1.978237352e-06)
(3.048266815e-06 9.046582927e-16 -1.978237702e-06)
(3.029985771e-06 9.081277397e-16 -1.978238082e-06)
(3.01097404e-06 9.124645484e-16 -1.978238476e-06)
(2.991962309e-06 9.168013571e-16 -1.978238871e-06)
(2.973681265e-06 9.211381657e-16 -1.978239251e-06)
(2.956833213e-06 9.246076127e-16 -1.9782396e-06)
(2.942065739e-06 9.280770596e-16 -1.978239907e-06)
(2.929946495e-06 9.306791449e-16 -1.978240159e-06)
(2.920941052e-06 9.326307088e-16 -1.978240346e-06)
(2.915395606e-06 9.336064907e-16 -1.978240461e-06)
(4.403310954e-06 8.841668116e-16 -3.143734207e-06)
(4.40548527e-06 8.837331908e-16 -3.14373418e-06)
(4.411924484e-06 8.827574088e-16 -3.143734101e-06)
(4.422381347e-06 8.808058449e-16 -3.143733971e-06)
(4.436453867e-06 8.782037597e-16 -3.143733797e-06)
(4.453601436e-06 8.747343128e-16 -3.143733585e-06)
(4.473164912e-06 8.712648658e-16 -3.143733343e-06)
(4.494392338e-06 8.664943763e-16 -3.14373308e-06)
(4.516468217e-06 8.621575676e-16 -3.143732807e-06)
(4.538544095e-06 8.578207589e-16 -3.143732534e-06)
(4.559771521e-06 8.547849928e-16 -3.143732271e-06)
(4.579334997e-06 8.513155458e-16 -3.143732029e-06)
(4.596482566e-06 8.478460989e-16 -3.143731817e-06)
(4.610555086e-06 8.452440137e-16 -3.143731643e-06)
(4.621011949e-06 8.432924498e-16 -3.143731514e-06)
(4.627451163e-06 8.420998274e-16 -3.143731434e-06)
(4.629625479e-06 8.41678585e-16 -3.143731407e-06)
(4.627451163e-06 8.420998274e-16 -3.143731434e-06)
(4.621011949e-06 8.432924498e-16 -3.143731514e-06)
(4.610555086e-06 8.452440137e-16 -3.143731643e-06)
(4.596482566e-06 8.478460989e-16 -3.143731817e-06)
(4.579334997e-06 8.513155458e-16 -3.143732029e-06)
(4.559771521e-06 8.547849928e-16 -3.143732271e-06)
(4.538544095e-06 8.578207589e-16 -3.143732534e-06)
(4.516468217e-06 8.621575676e-16 -3.143732807e-06)
(4.494392338e-06 8.664943763e-16 -3.14373308e-06)
(4.473164912e-06 8.712648658e-16 -3.143733343e-06)
(4.453601436e-06 8.747343128e-16 -3.143733585e-06)
(4.436453867e-06 8.782037597e-16 -3.143733797e-06)
(4.422381347e-06 8.808058449e-16 -3.143733971e-06)
(4.411924484e-06 8.827574088e-16 -3.143734101e-06)
(4.40548527e-06 8.837331908e-16 -3.14373418e-06)
(5.887739107e-06 8.267562959e-16 -4.51279584e-06)
(5.890318316e-06 8.262704757e-16 -4.51279583e-06)
(5.897956615e-06 8.252946937e-16 -4.512795801e-06)
(5.910360713e-06 8.235599702e-16 -4.512795752e-06)
(5.927053762e-06 8.20957885e-16 -4.512795688e-06)
(5.947394484e-06 8.174884381e-16 -4.512795609e-06)
(5.970600993e-06 8.140189911e-16 -4.512795518e-06)
(5.995781306e-06 8.092485015e-16 -4.512795421e-06)
(6.021968067e-06 8.049116929e-16 -4.512795319e-06)
(6.048154829e-06 8.005748842e-16 -4.512795217e-06)
(6.073335141e-06 7.975391181e-16 -4.512795119e-06)
(6.096541651e-06 7.940696711e-16 -4.512795029e-06)
(6.116882372e-06 7.906002242e-16 -4.51279495e-06)
(6.133575421e-06 7.87998139e-16 -4.512794885e-06)
(6.145979519e-06 7.858297346e-16 -4.512794837e-06)
(6.153617818e-06 7.846371122e-16 -4.512794808e-06)
(6.156197028e-06 7.84268024e-16 -4.512794798e-06)
(6.153617818e-06 7.846371122e-16 -4.512794808e-06)
(6.145979519e-06 7.858297346e-16 -4.512794837e-06)
(6.133575421e-06 7.87998139e-16 -4.512794885e-06)
(6.116882372e-06 7.906002242e-16 -4.51279495e-06)
(6.096541651e-06 7.940696711e-16 -4.512795029e-06)
(6.073335141e-06 7.975391181e-16 -4.512795119e-06)
(6.048154829e-06 8.005748842e-16 -4.512795217e-06)
(6.021968067e-06 8.049116929e-16 -4.512795319e-06)
(5.995781306e-06 8.092485015e-16 -4.512795421e-06)
(5.970600993e-06 8.140189911e-16 -4.512795518e-06)
(5.947394484e-06 8.174884381e-16 -4.512795609e-06)
(5.927053762e-06 8.20957885e-16 -4.512795688e-06)
(5.910360713e-06 8.235599702e-16 -4.512795752e-06)
(5.897956615e-06 8.252946937e-16 -4.512795801e-06)
(5.890318316e-06 8.262704757e-16 -4.51279583e-06)
(7.367750745e-06 7.595240304e-16 -6.139602668e-06)
(7.370819822e-06 7.591583612e-16 -6.13960268e-06)
(7.379908857e-06 7.578573186e-16 -6.139602715e-06)
(7.394668857e-06 7.563394355e-16 -6.139602773e-06)
(7.414532405e-06 7.537373503e-16 -6.13960285e-06)
(7.438736425e-06 7.502679034e-16 -6.139602944e-06)
(7.46635053e-06 7.467984564e-16 -6.139603051e-06)
(7.496313322e-06 7.424616477e-16 -6.139603167e-06)
(7.527473716e-06 7.38124839e-16 -6.139603288e-06)
(7.55863411e-06 7.337880303e-16 -6.139603409e-06)
(7.588596902e-06 7.303185834e-16 -6.139603525e-06)
(7.616211007e-06 7.268491364e-16 -6.139603632e-06)
(7.640415027e-06 7.233796895e-16 -6.139603726e-06)
(7.660278575e-06 7.207776043e-16 -6.139603803e-06)
(7.675038574e-06 7.183923595e-16 -6.13960386e-06)
(7.68412761e-06 7.175249978e-16 -6.139603895e-06)
(7.687196687e-06 7.17035774e-16 -6.139603907e-06)
(7.68412761e-06 7.175249978e-16 -6.139603895e-06)
(7.675038574e-06 7.183923595e-16 -6.13960386e-06)
(7.660278575e-06 7.207776043e-16 -6.139603803e-06)
(7.640415027e-06 7.233796895e-16 -6.139603726e-06)
(7.616211007e-06 7.268491364e-16 -6.139603632e-06)
(7.588596902e-06 7.303185834e-16 -6.139603525e-06)
(7.55863411e-06 7.337880303e-16 -6.139603409e-06)
(7.527473716e-06 7.38124839e-16 -6.139603288e-06)
(7.496313322e-06 7.424616477e-16 -6.139603167e-06)
(7.46635053e-06 7.467984564e-16 -6.139603051e-06)
(7.438736425e-06 7.502679034e-16 -6.139602944e-06)
(7.414532405e-06 7.537373503e-16 -6.13960285e-06)
(7.394668857e-06 7.563394355e-16 -6.139602773e-06)
(7.379908857e-06 7.578573186e-16 -6.139602715e-06)
(7.370819822e-06 7.591583612e-16 -6.13960268e-06)
(8.844591111e-06 6.803356251e-16 -8.066218914e-06)
(8.848211095e-06 6.799031824e-16 -8.066218954e-06)
(8.858931638e-06 6.789274004e-16 -8.066219071e-06)
(8.876341097e-06 6.769758365e-16 -8.066219263e-06)
(8.899770206e-06 6.743737513e-16 -8.06621952e-06)
(8.928318913e-06 6.709043043e-16 -8.066219834e-06)
(8.960889825e-06 6.674348574e-16 -8.066220193e-06)
(8.996231019e-06 6.635317296e-16 -8.066220581e-06)
(9.032984789e-06 6.591949209e-16 -8.066220985e-06)
(9.069738559e-06 6.548581122e-16 -8.066221389e-06)
(9.105079753e-06 6.509549844e-16 -8.066221778e-06)
(9.137650665e-06 6.474855374e-16 -8.066222136e-06)
(9.166199372e-06 6.440160905e-16 -8.06622245e-06)
(9.189628481e-06 6.414140052e-16 -8.066222708e-06)
(9.207037941e-06 6.394624413e-16 -8.066222899e-06)
(9.217758483e-06 6.382698189e-16 -8.066223017e-06)
(9.221378467e-06 6.378472827e-16 -8.066223057e-06)
(9.217758483e-06 6.382698189e-16 -8.066223017e-06)
(9.207037941e-06 6.394624413e-16 -8.066222899e-06)
(9.189628481e-06 6.414140052e-16 -8.066222708e-06)
(9.166199372e-06 6.440160905e-16 -8.06622245e-06)
(9.137650665e-06 6.474855374e-16 -8.066222136e-06)
(9.105079753e-06 6.509549844e-16 -8.066221778e-06)
(9.069738559e-06 6.548581122e-16 -8.066221389e-06)
(9.032984789e-06 6.591949209e-16 -8.066220985e-06)
(8.996231019e-06 6.635317296e-16 -8.066220581e-06)
(8.960889825e-06 6.674348574e-16 -8.066220192e-06)
(8.928318913e-06 6.709043043e-16 -8.066219834e-06)
(8.899770206e-06 6.743737513e-16 -8.06621952e-06)
(8.876341097e-06 6.769758365e-16 -8.066219263e-06)
(8.858931638e-06 6.789274004e-16 -8.066219071e-06)
(8.848211095e-06 6.799031824e-16 -8.066218954e-06)
(1.031982873e-05 5.873258577e-16 -1.031913231e-05)
(1.032403051e-05 5.86878636e-16 -1.031913238e-05)
(1.033647406e-05 5.85902854e-16 -1.03191326e-05)
(1.035668155e-05 5.837344497e-16 -1.031913295e-05)
(1.038387617e-05 5.811323645e-16 -1.031913342e-05)
(1.041701321e-05 5.776629175e-16 -1.0319134e-05)
(1.04548189e-05 5.741934705e-16 -1.031913466e-05)
(1.049584011e-05 5.707240236e-16 -1.031913537e-05)
(1.053850092e-05 5.663872149e-16 -1.031913611e-05)
(1.058116174e-05 5.620504062e-16 -1.031913685e-05)
(1.062218295e-05 5.577135975e-16 -1.031913757e-05)
(1.065998864e-05 5.542441506e-16 -1.031913822e-05)
(1.069312567e-05 5.507747036e-16 -1.03191388e-05)
(1.072032029e-05 5.481726184e-16 -1.031913927e-05)
(1.074052779e-05 5.464378949e-16 -1.031913962e-05)
(1.075297133e-05 5.452452725e-16 -1.031913984e-05)
(1.075717312e-05 5.448374882e-16 -1.031913991e-05)
(1.075297133e-05 5.452452725e-16 -1.031913984e-05)
(1.074052779e-05 5.464378949e-16 -1.031913962e-05)
(1.072032029e-05 5.481726184e-16 -1.031913927e-05)
(1.069312567e-05 5.507747036e-16 -1.03191388e-05)
(1.065998864e-05 5.542441506e-16 -1.031913822e-05)
(1.062218295e-05 5.577135975e-16 -1.031913757e-05)
(1.058116174e-05 5.620504062e-16 -1.031913685e-05)
(1.053850092e-05 5.663872149e-16 -1.031913611e-05)
(1.049584011e-05 5.707240236e-16 -1.031913537e-05)
(1.04548189e-05 5.741934705e-16 -1.031913466e-05)
(1.041701321e-05 5.776629175e-16 -1.0319134e-05)
(1.038387617e-05 5.811323645e-16 -1.031913342e-05)
(1.035668155e-05 5.837344497e-16 -1.031913295e-05)
(1.033647406e-05 5.85902854e-16 -1.03191326e-05)
(1.032403051e-05 5.86878636e-16 -1.031913238e-05)
(1.179537708e-05 4.789905719e-16 -1.290555852e-05)
(1.18001548e-05 4.785668389e-16 -1.290555863e-05)
(1.181430396e-05 4.774826368e-16 -1.290555896e-05)
(1.183728126e-05 4.757479133e-16 -1.290555949e-05)
(1.18682034e-05 4.731458281e-16 -1.290556021e-05)
(1.190588247e-05 4.696763811e-16 -1.290556108e-05)
(1.194887012e-05 4.662069342e-16 -1.290556207e-05)
(1.199551403e-05 4.623038063e-16 -1.290556314e-05)
(1.204402228e-05 4.579669977e-16 -1.290556426e-05)
(1.209253054e-05 4.53630189e-16 -1.290556538e-05)
(1.213917445e-05 4.497270611e-16 -1.290556646e-05)
(1.21821621e-05 4.462576142e-16 -1.290556745e-05)
(1.221984117e-05 4.427881672e-16 -1.290556832e-05)
(1.225076331e-05 4.40186082e-16 -1.290556904e-05)
(1.227374061e-05 4.380176777e-16 -1.290556957e-05)
(1.228788976e-05 4.369334755e-16 -1.290556989e-05)
(1.229266748e-05 4.365020793e-16 -1.290557e-05)
(1.228788976e-05 4.369334755e-16 -1.290556989e-05)
(1.227374061e-05 4.380176777e-16 -1.290556957e-05)
(1.225076331e-05 4.40186082e-16 -1.290556904e-05)
(1.221984117e-05 4.427881672e-16 -1.290556832e-05)
(1.21821621e-05 4.462576142e-16 -1.290556745e-05)
(1.213917445e-05 4.497270611e-16 -1.290556646e-05)
(1.209253054e-05 4.53630189e-16 -1.290556538e-05)
(1.204402228e-05 4.579669977e-16 -1.290556426e-05)
(1.199551403e-05 4.623038063e-16 -1.290556314e-05)
(1.194887012e-05 4.662069342e-16 -1.290556207e-05)
(1.190588247e-05 4.696763811e-16 -1.290556108e-05)
(1.18682034e-05 4.731458281e-16 -1.290556021e-05)
(1.183728126e-05 4.757479133e-16 -1.290555949e-05)
(1.181430396e-05 4.774826368e-16 -1.290555896e-05)
(1.18001548e-05 4.785668389e-16 -1.290555863e-05)
(1.327350936e-05 3.543192044e-16 -1.580955169e-05)
(1.327881349e-05 3.539920093e-16 -1.580955184e-05)
(1.329452161e-05 3.527993869e-16 -1.580955228e-05)
(1.332003056e-05 3.50847823e-16 -1.580955299e-05)
(1.335435972e-05 3.482457378e-16 -1.580955395e-05)
(1.339619029e-05 3.447762909e-16 -1.580955512e-05)
(1.344391433e-05 3.413068439e-16 -1.580955645e-05)
(1.34956975e-05 3.374037161e-16 -1.58095579e-05)
(1.354955041e-05 3.330669074e-16 -1.580955941e-05)
(1.360340333e-05 3.287300987e-16 -1.580956091e-05)
(1.365518649e-05 3.248269709e-16 -1.580956236e-05)
(1.370291054e-05 3.213575239e-16 -1.580956369e-05)
(1.374474111e-05 3.17888077e-16 -1.580956486e-05)
(1.377907027e-05 3.152859918e-16 -1.580956582e-05)
(1.380457922e-05 3.133344278e-16 -1.580956653e-05)
(1.382028733e-05 3.123586459e-16 -1.580956697e-05)
(1.382559146e-05 3.118306646e-16 -1.580956712e-05)
(1.382028733e-05 3.123586459e-16 -1.580956697e-05)
(1.380457922e-05 3.133344278e-16 -1.580956653e-05)
(1.377907027e-05 3.152859918e-16 -1.580956582e-05)
(1.374474111e-05 3.17888077e-16 -1.580956486e-05)
(1.370291054e-05 3.213575239e-16 -1.580956369e-05)
(1.365518649e-05 3.248269709e-16 -1.580956236e-05)
(1.360340333e-05 3.287300987e-16 -1.580956091e-05)
(1.354955041e-05 3.330669074e-16 -1.580955941e-05)
(1.34956975e-05 3.374037161e-16 -1.58095579e-05)
(1.344391433e-05 3.413068439e-16 -1.580955645e-05)
(1.339619029e-05 3.447762909e-16 -1.580955512e-05)
(1.335435972e-05 3.482457378e-16 -1.580955395e-05)
(1.332003056e-05 3.50847823e-16 -1.580955299e-05)
(1.329452161e-05 3.527993869e-16 -1.580955228e-05)
(1.327881349e-05 3.539920093e-16 -1.580955184e-05)
(1.475686861e-05 2.129338885e-16 -1.898798672e-05)
(1.476259892e-05 2.125036258e-16 -1.89879869e-05)
(1.477956916e-05 2.114194236e-16 -1.898798744e-05)
(1.480712772e-05 2.094678597e-16 -1.898798832e-05)
(1.484421517e-05 2.068657745e-16 -1.898798949e-05)
(1.488940677e-05 2.033963276e-16 -1.898799093e-05)
(1.494096537e-05 1.999268806e-16 -1.898799257e-05)
(1.499690923e-05 1.960237528e-16 -1.898799435e-05)
(1.505508915e-05 1.916869441e-16 -1.898799619e-05)
(1.511326907e-05 1.873501354e-16 -1.898799804e-05)
(1.516921293e-05 1.834470076e-16 -1.898799982e-05)
(1.522077154e-05 1.799775606e-16 -1.898800146e-05)
(1.526596313e-05 1.765081137e-16 -1.898800289e-05)
(1.530305058e-05 1.739060285e-16 -1.898800407e-05)
(1.533060914e-05 1.719544646e-16 -1.898800495e-05)
(1.534757938e-05 1.708702624e-16 -1.898800549e-05)
(1.535330969e-05 1.704452376e-16 -1.898800567e-05)
(1.534757938e-05 1.708702624e-16 -1.898800549e-05)
(1.533060914e-05 1.719544646e-16 -1.898800495e-05)
(1.530305058e-05 1.739060285e-16 -1.898800407e-05)
(1.526596313e-05 1.765081137e-16 -1.898800289e-05)
(1.522077154e-05 1.799775606e-16 -1.898800146e-05)
(1.516921293e-05 1.834470076e-16 -1.898799982e-05)
(1.511326907e-05 1.873501354e-16 -1.898799804e-05)
(1.505508915e-05 1.916869441e-16 -1.898799619e-05)
(1.499690923e-05 1.960237528e-16 -1.898799435e-05)
(1.494096537e-05 1.999268806e-16 -1.898799257e-05)
(1.488940677e-05 2.033963276e-16 -1.898799093e-05)
(1.484421517e-05 2.068657745e-16 -1.898798949e-05)
(1.480712772e-05 2.094678597e-16 -1.898798832e-05)
(1.477956916e-05 2.114194236e-16 -1.898798744e-05)
(1.476259892e-05 2.125036258e-16 -1.89879869e-05)
(1.62484672e-05 5.526389163e-17 -2.236649817e-05)
(1.625446571e-05 5.486062993e-17 -2.236649837e-05)
(1.627223021e-05 5.377642776e-17 -2.236649898e-05)
(1.630107861e-05 5.160802341e-17 -2.236649997e-05)
(1.633990188e-05 4.90059382e-17 -2.23665013e-05)
(1.63872086e-05 4.553649124e-17 -2.236650292e-05)
(1.644118033e-05 4.206704429e-17 -2.236650477e-05)
(1.649974256e-05 3.816391647e-17 -2.236650678e-05)
(1.656064551e-05 3.382710778e-17 -2.236650887e-05)
(1.662154845e-05 2.949029909e-17 -2.236651095e-05)
(1.668011068e-05 2.558717127e-17 -2.236651296e-05)
(1.673408241e-05 2.211772432e-17 -2.236651481e-05)
(1.678138913e-05 1.864827737e-17 -2.236651643e-05)
(1.68202124e-05 1.604619215e-17 -2.236651776e-05)
(1.68490608e-05 1.431146868e-17 -2.236651875e-05)
(1.686682531e-05 1.32272665e-17 -2.236651936e-05)
(1.687282381e-05 1.277517561e-17 -2.236651956e-05)
(1.686682531e-05 1.32272665e-17 -2.236651936e-05)
(1.68490608e-05 1.431146868e-17 -2.236651875e-05)
(1.68202124e-05 1.604619215e-17 -2.236651776e-05)
(1.678138913e-05 1.864827737e-17 -2.236651643e-05)
(1.673408241e-05 2.211772432e-17 -2.236651481e-05)
(1.668011068e-05 2.558717127e-17 -2.236651296e-05)
(1.662154845e-05 2.949029909e-17 -2.236651095e-05)
(1.656064551e-05 3.382710778e-17 -2.236650887e-05)
(1.649974256e-05 3.816391647e-17 -2.236650678e-05)
(1.644118033e-05 4.206704429e-17 -2.236650477e-05)
(1.63872086e-05 4.553649124e-17 -2.236650292e-05)
(1.633990188e-05 4.90059382e-17 -2.23665013e-05)
(1.630107861e-05 5.160802341e-17 -2.236649997e-05)
(1.627223021e-05 5.377642776e-17 -2.236649898e-05)
(1.625446571e-05 5.486062993e-17 -2.236649837e-05)
(1.775166812e-05 -1.172504961e-16 -2.583553338e-05)
(1.775771243e-05 -1.176359357e-16 -2.583553359e-05)
(1.777561259e-05 -1.188285581e-16 -2.583553422e-05)
(1.780468127e-05 -1.205632816e-16 -2.583553524e-05)
(1.7843801e-05 -1.231653668e-16 -2.583553661e-05)
(1.789146895e-05 -1.266348137e-16 -2.583553828e-05)
(1.794585281e-05 -1.301042607e-16 -2.583554019e-05)
(1.800486222e-05 -1.335737077e-16 -2.583554226e-05)
(1.806623022e-05 -1.379105163e-16 -2.583554442e-05)
(1.812759821e-05 -1.42247325e-16 -2.583554657e-05)
(1.818660762e-05 -1.465841337e-16 -2.583554864e-05)
(1.824099148e-05 -1.500535807e-16 -2.583555055e-05)
(1.828865943e-05 -1.535230276e-16 -2.583555222e-05)
(1.832777916e-05 -1.561251128e-16 -2.583555359e-05)
(1.835684784e-05 -1.582935172e-16 -2.583555461e-05)
(1.8374748e-05 -1.592692991e-16 -2.583555524e-05)
(1.838079231e-05 -1.597391922e-16 -2.583555545e-05)
(1.8374748e-05 -1.592692991e-16 -2.583555524e-05)
(1.835684784e-05 -1.582935172e-16 -2.583555461e-05)
(1.832777916e-05 -1.561251128e-16 -2.583555359e-05)
(1.828865943e-05 -1.535230276e-16 -2.583555222e-05)
(1.824099148e-05 -1.500535807e-16 -2.583555055e-05)
(1.818660762e-05 -1.465841337e-16 -2.583554864e-05)
(1.812759821e-05 -1.42247325e-16 -2.583554657e-05)
(1.806623022e-05 -1.379105163e-16 -2.583554442e-05)
(1.800486222e-05 -1.335737077e-16 -2.583554226e-05)
(1.794585281e-05 -1.301042607e-16 -2.583554019e-05)
(1.789146895e-05 -1.266348137e-16 -2.583553828e-05)
(1.7843801e-05 -1.231653668e-16 -2.583553661e-05)
(1.780468127e-05 -1.205632816e-16 -2.583553524e-05)
(1.777561259e-05 -1.188285581e-16 -2.583553422e-05)
(1.775771243e-05 -1.176359357e-16 -2.583553359e-05)
(1.927015037e-05 -3.01962055e-16 -2.924670297e-05)
(1.927594768e-05 -3.023839859e-16 -2.924670316e-05)
(1.929311633e-05 -3.033597679e-16 -2.924670374e-05)
(1.93209971e-05 -3.053113318e-16 -2.924670468e-05)
(1.935851816e-05 -3.07913417e-16 -2.924670595e-05)
(1.940423812e-05 -3.113828639e-16 -2.92467075e-05)
(1.945639953e-05 -3.148523109e-16 -2.924670926e-05)
(1.951299747e-05 -3.191891196e-16 -2.924671117e-05)
(1.957185761e-05 -3.235259283e-16 -2.924671316e-05)
(1.963071775e-05 -3.27862737e-16 -2.924671515e-05)
(1.968731569e-05 -3.313321839e-16 -2.924671706e-05)
(1.97394771e-05 -3.348016309e-16 -2.924671882e-05)
(1.978519706e-05 -3.382710778e-16 -2.924672036e-05)
(1.982271813e-05 -3.40873163e-16 -2.924672163e-05)
(1.98505989e-05 -3.428247269e-16 -2.924672257e-05)
(1.986776755e-05 -3.440173493e-16 -2.924672315e-05)
(1.987356485e-05 -3.444506006e-16 -2.924672335e-05)
(1.986776755e-05 -3.440173493e-16 -2.924672315e-05)
(1.98505989e-05 -3.428247269e-16 -2.924672257e-05)
(1.982271813e-05 -3.40873163e-16 -2.924672163e-05)
(1.978519706e-05 -3.382710778e-16 -2.924672036e-05)
(1.97394771e-05 -3.348016309e-16 -2.924671882e-05)
(1.968731569e-05 -3.313321839e-16 -2.924671706e-05)
(1.963071775e-05 -3.27862737e-16 -2.924671515e-05)
(1.957185761e-05 -3.235259283e-16 -2.924671316e-05)
(1.951299747e-05 -3.191891196e-16 -2.924671117e-05)
(1.945639953e-05 -3.148523109e-16 -2.924670926e-05)
(1.940423812e-05 -3.113828639e-16 -2.92467075e-05)
(1.935851816e-05 -3.07913417e-16 -2.924670595e-05)
(1.93209971e-05 -3.053113318e-16 -2.924670468e-05)
(1.929311633e-05 -3.033597679e-16 -2.924670374e-05)
(1.927594768e-05 -3.023839859e-16 -2.924670316e-05)
(2.080784421e-05 -4.948012322e-16 -3.240967332e-05)
(2.08130265e-05 -4.952635524e-16 -3.240967348e-05)
(2.082837378e-05 -4.961309141e-16 -3.240967393e-05)
(2.085329677e-05 -4.982993185e-16 -3.240967468e-05)
(2.088683736e-05 -5.009014037e-16 -3.240967568e-05)
(2.092770704e-05 -5.043708506e-16 -3.240967689e-05)
(2.097433482e-05 -5.078402976e-16 -3.240967828e-05)
(2.102492848e-05 -5.117434254e-16 -3.240967979e-05)
(2.107754434e-05 -5.160802341e-16 -3.240968136e-05)
(2.113016021e-05 -5.204170428e-16 -3.240968293e-05)
(2.118075386e-05 -5.243201706e-16 -3.240968444e-05)
(2.122738164e-05 -5.277896176e-16 -3.240968583e-05)
(2.126825133e-05 -5.312590645e-16 -3.240968705e-05)
(2.130179191e-05 -5.338611497e-16 -3.240968805e-05)
(2.13267149e-05 -5.355958732e-16 -3.240968879e-05)
(2.134206219e-05 -5.368969158e-16 -3.240968925e-05)
(2.134724447e-05 -5.372894498e-16 -3.24096894e-05)
(2.134206219e-05 -5.368969158e-16 -3.240968925e-05)
(2.13267149e-05 -5.355958732e-16 -3.240968879e-05)
(2.130179191e-05 -5.338611497e-16 -3.240968805e-05)
(2.126825133e-05 -5.312590645e-16 -3.240968705e-05)
(2.122738164e-05 -5.277896176e-16 -3.240968583e-05)
(2.118075386e-05 -5.243201706e-16 -3.240968444e-05)
(2.113016021e-05 -5.204170428e-16 -3.240968293e-05)
(2.107754434e-05 -5.160802341e-16 -3.240968136e-05)
(2.102492848e-05 -5.117434254e-16 -3.240967979e-05)
(2.097433482e-05 -5.078402976e-16 -3.240967828e-05)
(2.092770704e-05 -5.043708506e-16 -3.240967689e-05)
(2.088683736e-05 -5.009014037e-16 -3.240967568e-05)
(2.085329677e-05 -4.982993185e-16 -3.240967468e-05)
(2.082837378e-05 -4.961309141e-16 -3.240967393e-05)
(2.08130265e-05 -4.952635524e-16 -3.240967348e-05)
(2.236884359e-05 -6.90063652e-16 -3.508987822e-05)
(2.237296449e-05 -6.905283637e-16 -3.508987831e-05)
(2.23851685e-05 -6.915041456e-16 -3.508987858e-05)
(2.2404987e-05 -6.938893904e-16 -3.508987903e-05)
(2.243165813e-05 -6.964914756e-16 -3.508987963e-05)
(2.246415729e-05 -6.999609226e-16 -3.508988036e-05)
(2.250123522e-05 -7.034303695e-16 -3.50898812e-05)
(2.254146678e-05 -7.068998165e-16 -3.50898821e-05)
(2.258330638e-05 -7.112366252e-16 -3.508988304e-05)
(2.262514598e-05 -7.155734338e-16 -3.508988398e-05)
(2.266537754e-05 -7.199102425e-16 -3.508988489e-05)
(2.270245548e-05 -7.233796895e-16 -3.508988572e-05)
(2.273495464e-05 -7.268491364e-16 -3.508988645e-05)
(2.276162577e-05 -7.294512216e-16 -3.508988705e-05)
(2.278144427e-05 -7.309691047e-16 -3.50898875e-05)
(2.279364828e-05 -7.321617271e-16 -3.508988777e-05)
(2.279776918e-05 -7.325512462e-16 -3.508988787e-05)
(2.279364828e-05 -7.321617271e-16 -3.508988777e-05)
(2.278144427e-05 -7.309691047e-16 -3.50898875e-05)
(2.276162577e-05 -7.294512216e-16 -3.508988705e-05)
(2.273495464e-05 -7.268491364e-16 -3.508988645e-05)
(2.270245548e-05 -7.233796895e-16 -3.508988572e-05)
(2.266537754e-05 -7.199102425e-16 -3.508988489e-05)
(2.262514598e-05 -7.155734338e-16 -3.508988398e-05)
(2.258330638e-05 -7.112366252e-16 -3.508988304e-05)
(2.254146678e-05 -7.068998165e-16 -3.50898821e-05)
(2.250123522e-05 -7.034303695e-16 -3.50898812e-05)
(2.246415729e-05 -6.999609226e-16 -3.508988036e-05)
(2.243165813e-05 -6.964914756e-16 -3.508987963e-05)
(2.2404987e-05 -6.938893904e-16 -3.508987903e-05)
(2.23851685e-05 -6.915041456e-16 -3.508987858e-05)
(2.237296449e-05 -6.905283637e-16 -3.508987831e-05)
(2.395728014e-05 -8.802060509e-16 -3.700736708e-05)
(2.395981409e-05 -8.805890045e-16 -3.70073671e-05)
(2.396731836e-05 -8.816732067e-16 -3.700736718e-05)
(2.397950481e-05 -8.83841611e-16 -3.700736731e-05)
(2.399590495e-05 -8.864436962e-16 -3.700736748e-05)
(2.401588876e-05 -8.899131432e-16 -3.700736769e-05)
(2.403868808e-05 -8.933825901e-16 -3.700736792e-05)
(2.406342656e-05 -8.977193988e-16 -3.700736818e-05)
(2.408915384e-05 -9.020562075e-16 -3.700736845e-05)
(2.411488111e-05 -9.063930162e-16 -3.700736871e-05)
(2.413961959e-05 -9.098624631e-16 -3.700736897e-05)
(2.416241891e-05 -9.133319101e-16 -3.700736921e-05)
(2.418240272e-05 -9.168013571e-16 -3.700736941e-05)
(2.419880286e-05 -9.194034423e-16 -3.700736958e-05)
(2.421098931e-05 -9.211381657e-16 -3.700736971e-05)
(2.421849358e-05 -9.222223679e-16 -3.700736979e-05)
(2.422102753e-05 -9.226928702e-16 -3.700736982e-05)
(2.421849358e-05 -9.222223679e-16 -3.700736979e-05)
(2.421098931e-05 -9.211381657e-16 -3.700736971e-05)
(2.419880286e-05 -9.194034423e-16 -3.700736958e-05)
(2.418240272e-05 -9.168013571e-16 -3.700736941e-05)
(2.416241891e-05 -9.133319101e-16 -3.700736921e-05)
(2.413961959e-05 -9.098624631e-16 -3.700736897e-05)
(2.411488111e-05 -9.063930162e-16 -3.700736871e-05)
(2.408915384e-05 -9.020562075e-16 -3.700736845e-05)
(2.406342656e-05 -8.977193988e-16 -3.700736818e-05)
(2.403868808e-05 -8.933825901e-16 -3.700736792e-05)
(2.401588876e-05 -8.899131432e-16 -3.700736769e-05)
(2.399590495e-05 -8.864436962e-16 -3.700736748e-05)
(2.397950481e-05 -8.83841611e-16 -3.700736731e-05)
(2.396731836e-05 -8.816732067e-16 -3.700736718e-05)
(2.395981409e-05 -8.805890045e-16 -3.70073671e-05)
(2.55771652e-05 -1.055667567e-15 -3.783715211e-05)
(2.557750949e-05 -1.056121336e-15 -3.78371521e-05)
(2.55785291e-05 -1.057313959e-15 -3.783715206e-05)
(2.558018488e-05 -1.059048682e-15 -3.7837152e-05)
(2.558241317e-05 -1.061650767e-15 -3.783715192e-05)
(2.558512839e-05 -1.065120214e-15 -3.783715182e-05)
(2.558822615e-05 -1.068589661e-15 -3.783715171e-05)
(2.559158738e-05 -1.07292647e-15 -3.783715158e-05)
(2.559508296e-05 -1.077263279e-15 -3.783715146e-05)
(2.559857854e-05 -1.081600087e-15 -3.783715133e-05)
(2.560193978e-05 -1.085069534e-15 -3.783715121e-05)
(2.560503754e-05 -1.088538981e-15 -3.783715109e-05)
(2.560775275e-05 -1.092008428e-15 -3.783715099e-05)
(2.560998105e-05 -1.094610513e-15 -3.783715091e-05)
(2.561163683e-05 -1.096778918e-15 -3.783715085e-05)
(2.561265644e-05 -1.0977547e-15 -3.783715081e-05)
(2.561300073e-05 -1.098153406e-15 -3.78371508e-05)
(2.561265644e-05 -1.0977547e-15 -3.783715081e-05)
(2.561163683e-05 -1.096778918e-15 -3.783715085e-05)
(2.560998105e-05 -1.094610513e-15 -3.783715091e-05)
(2.560775275e-05 -1.092008428e-15 -3.783715099e-05)
(2.560503754e-05 -1.088538981e-15 -3.783715109e-05)
(2.560193978e-05 -1.085069534e-15 -3.783715121e-05)
(2.559857854e-05 -1.081600087e-15 -3.783715133e-05)
(2.559508296e-05 -1.077263279e-15 -3.783715146e-05)
(2.559158738e-05 -1.07292647e-15 -3.783715158e-05)
(2.558822615e-05 -1.068589661e-15 -3.783715171e-05)
(2.558512839e-05 -1.065120214e-15 -3.783715182e-05)
(2.558241317e-05 -1.061650767e-15 -3.783715192e-05)
(2.558018488e-05 -1.059048682e-15 -3.7837152e-05)
(2.55785291e-05 -1.057313959e-15 -3.783715206e-05)
(2.557750949e-05 -1.056121336e-15 -3.78371521e-05)
(2.723219062e-05 -1.2047318e-15 -3.721142758e-05)
(2.722967104e-05 -1.205090715e-15 -3.721142761e-05)
(2.722220935e-05 -1.206283337e-15 -3.72114277e-05)
(2.721009206e-05 -1.208234901e-15 -3.721142784e-05)
(2.719378498e-05 -1.210836986e-15 -3.721142804e-05)
(2.717391458e-05 -1.214306433e-15 -3.721142827e-05)
(2.715124464e-05 -1.21777588e-15 -3.721142854e-05)
(2.712664654e-05 -1.221245327e-15 -3.721142883e-05)
(2.710106527e-05 -1.225582136e-15 -3.721142914e-05)
(2.707548399e-05 -1.229918944e-15 -3.721142944e-05)
(2.705088589e-05 -1.234255753e-15 -3.721142973e-05)
(2.702821596e-05 -1.2377252e-15 -3.721143e-05)
(2.700834555e-05 -1.241194647e-15 -3.721143024e-05)
(2.699203847e-05 -1.243796732e-15 -3.721143043e-05)
(2.697992118e-05 -1.245748296e-15 -3.721143058e-05)
(2.697245949e-05 -1.246724078e-15 -3.721143066e-05)
(2.696993992e-05 -1.247216545e-15 -3.721143069e-05)
(2.697245949e-05 -1.246724078e-15 -3.721143066e-05)
(2.697992118e-05 -1.245748296e-15 -3.721143058e-05)
(2.699203847e-05 -1.243796732e-15 -3.721143043e-05)
(2.700834555e-05 -1.241194647e-15 -3.721143024e-05)
(2.702821596e-05 -1.2377252e-15 -3.721143e-05)
(2.705088589e-05 -1.234255753e-15 -3.721142973e-05)
(2.707548399e-05 -1.229918944e-15 -3.721142944e-05)
(2.710106527e-05 -1.225582136e-15 -3.721142914e-05)
(2.712664654e-05 -1.221245327e-15 -3.721142883e-05)
(2.715124464e-05 -1.21777588e-15 -3.721142854e-05)
(2.717391458e-05 -1.214306433e-15 -3.721142827e-05)
(2.719378498e-05 -1.210836986e-15 -3.721142804e-05)
(2.721009206e-05 -1.208234901e-15 -3.721142784e-05)
(2.722220935e-05 -1.206283337e-15 -3.72114277e-05)
(2.722967104e-05 -1.205090715e-15 -3.721142761e-05)
(2.89254927e-05 -1.313444317e-15 -3.472406089e-05)
(2.891937351e-05 -1.313836193e-15 -3.472406112e-05)
(2.89012516e-05 -1.314920395e-15 -3.472406182e-05)
(2.887182279e-05 -1.317088799e-15 -3.472406294e-05)
(2.883221843e-05 -1.319690884e-15 -3.472406446e-05)
(2.878395994e-05 -1.323160331e-15 -3.47240663e-05)
(2.872890234e-05 -1.326629778e-15 -3.472406841e-05)
(2.866916189e-05 -1.330532906e-15 -3.472407069e-05)
(2.860703363e-05 -1.334869715e-15 -3.472407307e-05)
(2.854490537e-05 -1.339206523e-15 -3.472407545e-05)
(2.848516492e-05 -1.343109651e-15 -3.472407773e-05)
(2.843010733e-05 -1.346579098e-15 -3.472407984e-05)
(2.838184884e-05 -1.350048545e-15 -3.472408168e-05)
(2.834224447e-05 -1.35265063e-15 -3.47240832e-05)
(2.831281567e-05 -1.354385354e-15 -3.472408432e-05)
(2.829469376e-05 -1.355469556e-15 -3.472408502e-05)
(2.828857456e-05 -1.355928035e-15 -3.472408525e-05)
(2.829469376e-05 -1.355469556e-15 -3.472408502e-05)
(2.831281567e-05 -1.354385354e-15 -3.472408432e-05)
(2.834224447e-05 -1.35265063e-15 -3.47240832e-05)
(2.838184884e-05 -1.350048545e-15 -3.472408168e-05)
(2.843010733e-05 -1.346579098e-15 -3.472407984e-05)
(2.848516492e-05 -1.343109651e-15 -3.472407773e-05)
(2.854490537e-05 -1.339206523e-15 -3.472407545e-05)
(2.860703363e-05 -1.334869715e-15 -3.472407307e-05)
(2.866916189e-05 -1.330532906e-15 -3.472407069e-05)
(2.872890234e-05 -1.326629778e-15 -3.472406841e-05)
(2.878395994e-05 -1.323160331e-15 -3.47240663e-05)
(2.883221843e-05 -1.319690884e-15 -3.472406446e-05)
(2.887182279e-05 -1.317088799e-15 -3.472406294e-05)
(2.89012516e-05 -1.314920395e-15 -3.472406182e-05)
(2.891937351e-05 -1.313836193e-15 -3.472406112e-05)
(3.065937655e-05 -1.365611128e-15 -2.993775017e-05)
(3.064887536e-05 -1.366094737e-15 -2.993775088e-05)
(3.061777619e-05 -1.36717894e-15 -2.993775298e-05)
(3.056727317e-05 -1.369130503e-15 -2.99377564e-05)
(3.049930778e-05 -1.371732589e-15 -2.993776099e-05)
(3.041649097e-05 -1.375202036e-15 -2.993776658e-05)
(3.032200617e-05 -1.378671483e-15 -2.993777297e-05)
(3.021948507e-05 -1.38257461e-15 -2.993777989e-05)
(3.011286623e-05 -1.386911419e-15 -2.99377871e-05)
(3.00062474e-05 -1.391248228e-15 -2.99377943e-05)
(2.99037263e-05 -1.395151356e-15 -2.993780123e-05)
(2.980924149e-05 -1.398620803e-15 -2.993780761e-05)
(2.972642468e-05 -1.402090249e-15 -2.993781321e-05)
(2.96584593e-05 -1.404692335e-15 -2.99378178e-05)
(2.960795628e-05 -1.406643899e-15 -2.993782121e-05)
(2.957685711e-05 -1.407728101e-15 -2.993782331e-05)
(2.956635591e-05 -1.408094181e-15 -2.993782402e-05)
(2.957685711e-05 -1.407728101e-15 -2.993782331e-05)
(2.960795628e-05 -1.406643899e-15 -2.993782121e-05)
(2.96584593e-05 -1.404692335e-15 -2.99378178e-05)
(2.972642468e-05 -1.402090249e-15 -2.993781321e-05)
(2.980924149e-05 -1.398620803e-15 -2.993780761e-05)
(2.99037263e-05 -1.395151356e-15 -2.993780123e-05)
(3.00062474e-05 -1.391248228e-15 -2.99377943e-05)
(3.011286623e-05 -1.386911419e-15 -2.99377871e-05)
(3.021948507e-05 -1.38257461e-15 -2.993777989e-05)
(3.032200617e-05 -1.378671483e-15 -2.993777297e-05)
(3.041649097e-05 -1.375202036e-15 -2.993776658e-05)
(3.049930778e-05 -1.371732589e-15 -2.993776099e-05)
(3.056727317e-05 -1.369130503e-15 -2.99377564e-05)
(3.061777619e-05 -1.36717894e-15 -2.993775298e-05)
(3.064887536e-05 -1.366094737e-15 -2.993775088e-05)
(3.243500973e-05 -1.342896959e-15 -2.239422013e-05)
(3.241931799e-05 -1.343326492e-15 -2.239422172e-05)
(3.237284708e-05 -1.344410694e-15 -2.239422645e-05)
(3.229738136e-05 -1.346579098e-15 -2.239423412e-05)
(3.219582195e-05 -1.349181183e-15 -2.239424444e-05)
(3.207207033e-05 -1.35265063e-15 -2.239425703e-05)
(3.193088345e-05 -1.356120077e-15 -2.239427138e-05)
(3.177768808e-05 -1.360023205e-15 -2.239428696e-05)
(3.161836955e-05 -1.364360014e-15 -2.239430316e-05)
(3.145905101e-05 -1.368696823e-15 -2.239431935e-05)
(3.130585564e-05 -1.37259995e-15 -2.239433493e-05)
(3.116466876e-05 -1.376069397e-15 -2.239434928e-05)
(3.104091715e-05 -1.379538844e-15 -2.239436187e-05)
(3.093935773e-05 -1.382140929e-15 -2.239437219e-05)
(3.086389201e-05 -1.383875653e-15 -2.239437987e-05)
(3.08174211e-05 -1.384959855e-15 -2.239438459e-05)
(3.080172936e-05 -1.385380141e-15 -2.239438619e-05)
(3.08174211e-05 -1.384959855e-15 -2.239438459e-05)
(3.086389201e-05 -1.383875653e-15 -2.239437987e-05)
(3.093935773e-05 -1.382140929e-15 -2.239437219e-05)
(3.104091715e-05 -1.379538844e-15 -2.239436187e-05)
(3.116466876e-05 -1.376069397e-15 -2.239434928e-05)
(3.130585564e-05 -1.37259995e-15 -2.239433493e-05)
(3.145905101e-05 -1.368696823e-15 -2.239431935e-05)
(3.161836955e-05 -1.364360014e-15 -2.239430316e-05)
(3.177768808e-05 -1.360023205e-15 -2.239428696e-05)
(3.193088345e-05 -1.356120077e-15 -2.239427138e-05)
(3.207207033e-05 -1.35265063e-15 -2.239425703e-05)
(3.219582195e-05 -1.349181183e-15 -2.239424444e-05)
(3.229738136e-05 -1.346579098e-15 -2.239423412e-05)
(3.237284708e-05 -1.344410694e-15 -2.239422645e-05)
(3.241931799e-05 -1.343326492e-15 -2.239422172e-05)
(3.425208806e-05 -1.225045722e-15 -1.162778344e-05)
(3.423039768e-05 -1.225473716e-15 -1.16277865e-05)
(3.416616188e-05 -1.226666338e-15 -1.162779555e-05)
(3.406184714e-05 -1.228617902e-15 -1.162781024e-05)
(3.392146362e-05 -1.231219987e-15 -1.162783002e-05)
(3.375040426e-05 -1.234689434e-15 -1.162785411e-05)
(3.355524449e-05 -1.238158881e-15 -1.162788161e-05)
(3.334348563e-05 -1.242062009e-15 -1.162791144e-05)
(3.312326283e-05 -1.246398817e-15 -1.162794246e-05)
(3.290304004e-05 -1.250735626e-15 -1.162797348e-05)
(3.269128118e-05 -1.254638754e-15 -1.162800331e-05)
(3.24961214e-05 -1.258108201e-15 -1.162803081e-05)
(3.232506205e-05 -1.261577648e-15 -1.16280549e-05)
(3.218467852e-05 -1.264179733e-15 -1.162807468e-05)
(3.208036379e-05 -1.266131297e-15 -1.162808937e-05)
(3.201612799e-05 -1.267107079e-15 -1.162809842e-05)
(3.199443761e-05 -1.267530396e-15 -1.162810148e-05)
(3.201612799e-05 -1.267107079e-15 -1.162809842e-05)
(3.208036379e-05 -1.266131297e-15 -1.162808937e-05)
(3.218467852e-05 -1.264179733e-15 -1.162807468e-05)
(3.232506205e-05 -1.261577648e-15 -1.16280549e-05)
(3.24961214e-05 -1.258108201e-15 -1.162803081e-05)
(3.269128118e-05 -1.254638754e-15 -1.162800331e-05)
(3.290304004e-05 -1.250735626e-15 -1.162797348e-05)
(3.312326283e-05 -1.246398817e-15 -1.162794246e-05)
(3.334348563e-05 -1.242062009e-15 -1.162791144e-05)
(3.355524449e-05 -1.238158881e-15 -1.162788161e-05)
(3.375040426e-05 -1.234689434e-15 -1.162785411e-05)
(3.392146362e-05 -1.231219987e-15 -1.162783002e-05)
(3.406184714e-05 -1.228617902e-15 -1.162781024e-05)
(3.416616188e-05 -1.226666338e-15 -1.162779555e-05)
(3.423039768e-05 -1.225473716e-15 -1.16277865e-05)
(3.610827446e-05 -9.902972924e-16 2.815596086e-06)
(3.607981173e-05 -9.90635525e-16 2.81559082e-06)
(3.599551966e-05 -9.918281474e-16 2.815575224e-06)
(3.585863486e-05 -9.935628709e-16 2.815549897e-06)
(3.567441956e-05 -9.961649561e-16 2.815515813e-06)
(3.544995056e-05 -9.99634403e-16 2.81547428e-06)
(3.519385629e-05 -1.00310385e-15 2.815426897e-06)
(3.491598022e-05 -1.007006978e-15 2.815375483e-06)
(3.462699754e-05 -1.011343786e-15 2.815322015e-06)
(3.433801485e-05 -1.015680595e-15 2.815268546e-06)
(3.406013878e-05 -1.019583723e-15 2.815217132e-06)
(3.380404451e-05 -1.02305317e-15 2.815169749e-06)
(3.357957551e-05 -1.026522617e-15 2.815128217e-06)
(3.339536021e-05 -1.029124702e-15 2.815094132e-06)
(3.325847541e-05 -1.031293106e-15 2.815068806e-06)
(3.317418334e-05 -1.032268888e-15 2.81505321e-06)
(3.314572061e-05 -1.032785512e-15 2.815047943e-06)
(3.317418334e-05 -1.032268888e-15 2.81505321e-06)
(3.325847541e-05 -1.031293106e-15 2.815068806e-06)
(3.339536021e-05 -1.029124702e-15 2.815094133e-06)
(3.357957551e-05 -1.026522617e-15 2.815128217e-06)
(3.380404451e-05 -1.02305317e-15 2.815169749e-06)
(3.406013878e-05 -1.019583723e-15 2.815217132e-06)
(3.433801485e-05 -1.015680595e-15 2.815268546e-06)
(3.462699754e-05 -1.011343786e-15 2.815322015e-06)
(3.491598022e-05 -1.007006978e-15 2.815375483e-06)
(3.519385629e-05 -1.00310385e-15 2.815426897e-06)
(3.544995056e-05 -9.99634403e-16 2.81547428e-06)
(3.567441956e-05 -9.961649561e-16 2.815515813e-06)
(3.585863486e-05 -9.935628709e-16 2.815549897e-06)
(3.599551966e-05 -9.918281474e-16 2.815575224e-06)
(3.607981173e-05 -9.90635525e-16 2.81559082e-06)
(3.799990001e-05 -6.157691997e-16 2.136657779e-05)
(3.796396228e-05 -6.162605148e-16 2.136656939e-05)
(3.785753309e-05 -6.17344717e-16 2.136654452e-05)
(3.768469905e-05 -6.192962809e-16 2.136650413e-05)
(3.745210437e-05 -6.218983661e-16 2.136644977e-05)
(3.716868441e-05 -6.253678131e-16 2.136638353e-05)
(3.684533363e-05 -6.2883726e-16 2.136630796e-05)
(3.649448061e-05 -6.32306707e-16 2.136622596e-05)
(3.612960412e-05 -6.366435157e-16 2.136614069e-05)
(3.576472762e-05 -6.409803244e-16 2.136605541e-05)
(3.541387461e-05 -6.453171331e-16 2.136597342e-05)
(3.509052383e-05 -6.4878658e-16 2.136589785e-05)
(3.480710386e-05 -6.52256027e-16 2.136583161e-05)
(3.457450919e-05 -6.548581122e-16 2.136577725e-05)
(3.440167515e-05 -6.568096761e-16 2.136573686e-05)
(3.429524596e-05 -6.578938783e-16 2.136571198e-05)
(3.425930822e-05 -6.582637894e-16 2.136570358e-05)
(3.429524596e-05 -6.578938783e-16 2.136571198e-05)
(3.440167515e-05 -6.568096761e-16 2.136573686e-05)
(3.457450919e-05 -6.548581122e-16 2.136577725e-05)
(3.480710386e-05 -6.52256027e-16 2.136583161e-05)
(3.509052383e-05 -6.4878658e-16 2.136589785e-05)
(3.541387461e-05 -6.453171331e-16 2.136597342e-05)
(3.576472762e-05 -6.409803244e-16 2.136605541e-05)
(3.612960412e-05 -6.366435157e-16 2.136614069e-05)
(3.649448061e-05 -6.32306707e-16 2.136622596e-05)
(3.684533363e-05 -6.2883726e-16 2.136630796e-05)
(3.716868441e-05 -6.253678131e-16 2.136638353e-05)
(3.745210437e-05 -6.218983661e-16 2.136644977e-05)
(3.768469905e-05 -6.192962809e-16 2.136650413e-05)
(3.785753309e-05 -6.17344717e-16 2.136654452e-05)
(3.796396228e-05 -6.162605148e-16 2.136656939e-05)
(3.991929246e-05 -7.862330199e-17 4.438600532e-05)
(3.987530058e-05 -7.903833837e-17 4.438599274e-05)
(3.974501912e-05 -8.023096076e-17 4.438595546e-05)
(3.953345055e-05 -8.196568424e-17 4.438589492e-05)
(3.924872815e-05 -8.456776945e-17 4.438581345e-05)
(3.890178981e-05 -8.803721641e-17 4.438571418e-05)
(3.850597159e-05 -9.150666336e-17 4.438560092e-05)
(3.807648751e-05 -9.540979118e-17 4.438547803e-05)
(3.762983708e-05 -9.974659987e-17 4.438535023e-05)
(3.718318666e-05 -1.040834086e-16 4.438522242e-05)
(3.675370258e-05 -1.079865364e-16 4.438509953e-05)
(3.635788436e-05 -1.114559833e-16 4.438498627e-05)
(3.601094602e-05 -1.149254303e-16 4.4384887e-05)
(3.572622362e-05 -1.175275155e-16 4.438480553e-05)
(3.551465505e-05 -1.196959198e-16 4.438474499e-05)
(3.538437359e-05 -1.206717018e-16 4.438470772e-05)
(3.534038171e-05 -1.211278392e-16 4.438469513e-05)
(3.538437359e-05 -1.206717018e-16 4.438470772e-05)
(3.551465505e-05 -1.196959198e-16 4.438474499e-05)
(3.572622362e-05 -1.175275155e-16 4.438480553e-05)
(3.601094602e-05 -1.149254303e-16 4.4384887e-05)
(3.635788436e-05 -1.114559833e-16 4.438498627e-05)
(3.675370258e-05 -1.079865364e-16 4.438509953e-05)
(3.718318666e-05 -1.040834086e-16 4.438522242e-05)
(3.762983708e-05 -9.974659987e-17 4.438535023e-05)
(3.807648751e-05 -9.540979118e-17 4.438547803e-05)
(3.850597159e-05 -9.150666336e-17 4.438560092e-05)
(3.890178981e-05 -8.803721641e-17 4.438571418e-05)
(3.924872815e-05 -8.456776945e-17 4.438581345e-05)
(3.953345055e-05 -8.196568424e-17 4.438589492e-05)
(3.974501912e-05 -8.023096076e-17 4.438595546e-05)
(3.987530058e-05 -7.903833837e-17 4.438599274e-05)
(4.185767282e-05 6.436519344e-16 7.216912731e-05)
(4.180521735e-05 6.432571489e-16 7.216910941e-05)
(4.164987107e-05 6.42281367e-16 7.21690564e-05)
(4.139759886e-05 6.401129626e-16 7.216897032e-05)
(4.105809877e-05 6.375108774e-16 7.216885448e-05)
(4.064441303e-05 6.340414305e-16 7.216871333e-05)
(4.017244342e-05 6.305719835e-16 7.216855228e-05)
(3.966033097e-05 6.262351748e-16 7.216837754e-05)
(3.912774956e-05 6.218983661e-16 7.216819582e-05)
(3.859516815e-05 6.175615574e-16 7.216801409e-05)
(3.80830557e-05 6.140921105e-16 7.216783935e-05)
(3.761108609e-05 6.106226635e-16 7.21676783e-05)
(3.719740035e-05 6.071532166e-16 7.216753715e-05)
(3.685790026e-05 6.045511314e-16 7.216742131e-05)
(3.660562805e-05 6.028164079e-16 7.216733523e-05)
(3.645028177e-05 6.016237855e-16 7.216728222e-05)
(3.63978263e-05 6.011332585e-16 7.216726432e-05)
(3.645028177e-05 6.016237855e-16 7.216728222e-05)
(3.660562805e-05 6.028164079e-16 7.216733523e-05)
(3.685790026e-05 6.045511314e-16 7.216742131e-05)
(3.719740035e-05 6.071532166e-16 7.216753715e-05)
(3.761108609e-05 6.106226635e-16 7.21676783e-05)
(3.80830557e-05 6.140921105e-16 7.216783935e-05)
(3.859516815e-05 6.175615574e-16 7.216801409e-05)
(3.912774956e-05 6.218983661e-16 7.216819582e-05)
(3.966033097e-05 6.262351748e-16 7.216837754e-05)
(4.017244342e-05 6.305719835e-16 7.216855228e-05)
(4.064441303e-05 6.340414305e-16 7.216871333e-05)
(4.105809877e-05 6.375108774e-16 7.216885448e-05)
(4.139759886e-05 6.401129626e-16 7.216897032e-05)
(4.164987107e-05 6.42281367e-16 7.21690564e-05)
(4.180521735e-05 6.432571489e-16 7.216910941e-05)
(4.380143927e-05 1.571020019e-15 0.0001048712533)
(4.374034705e-05 1.570575267e-15 0.000104871229)
(4.355942315e-05 1.569491065e-15 0.0001048711571)
(4.326561455e-05 1.567322661e-15 0.0001048710403)
(4.28702161e-05 1.564720575e-15 0.0001048708832)
(4.238841738e-05 1.561251128e-15 0.0001048706917)
(4.183873841e-05 1.557781681e-15 0.0001048704733)
(4.124230713e-05 1.554312234e-15 0.0001048702362)
(4.062203668e-05 1.549975426e-15 0.0001048699897)
(4.000176623e-05 1.545638617e-15 0.0001048697432)
(3.940533495e-05 1.541301808e-15 0.0001048695062)
(3.885565598e-05 1.537832361e-15 0.0001048692878)
(3.837385726e-05 1.534362915e-15 0.0001048690963)
(3.797845881e-05 1.531760829e-15 0.0001048689391)
(3.768465021e-05 1.530026106e-15 0.0001048688224)
(3.750372631e-05 1.528941904e-15 0.0001048687505)
(3.744263409e-05 1.528482739e-15 0.0001048687262)
(3.750372631e-05 1.528941904e-15 0.0001048687505)
(3.768465021e-05 1.530026106e-15 0.0001048688224)
(3.797845881e-05 1.531760829e-15 0.0001048689391)
(3.837385726e-05 1.534362915e-15 0.0001048690963)
(3.885565598e-05 1.537832361e-15 0.0001048692878)
(3.940533495e-05 1.541301808e-15 0.0001048695062)
(4.000176623e-05 1.545638617e-15 0.0001048697432)
(4.062203668e-05 1.549975426e-15 0.0001048699897)
(4.124230713e-05 1.554312234e-15 0.0001048702362)
(4.183873841e-05 1.557781681e-15 0.0001048704733)
(4.238841738e-05 1.561251128e-15 0.0001048706917)
(4.28702161e-05 1.564720575e-15 0.0001048708832)
(4.326561455e-05 1.567322661e-15 0.0001048710403)
(4.355942315e-05 1.569491065e-15 0.0001048711571)
(4.374034705e-05 1.570575267e-15 0.000104871229)
(4.573547125e-05 2.720749837e-15 0.0001425226162)
(4.566586201e-05 2.720480091e-15 0.0001425225847)
(4.545971505e-05 2.719179049e-15 0.0001425224914)
(4.512494585e-05 2.717010644e-15 0.0001425223398)
(4.467442389e-05 2.714408559e-15 0.0001425221358)
(4.412545639e-05 2.710939112e-15 0.0001425218872)
(4.349914528e-05 2.707469665e-15 0.0001425216036)
(4.281956399e-05 2.703566537e-15 0.0001425212958)
(4.211282006e-05 2.699229729e-15 0.0001425209758)
(4.140607614e-05 2.69489292e-15 0.0001425206558)
(4.072649485e-05 2.690989792e-15 0.000142520348)
(4.010018374e-05 2.687520345e-15 0.0001425200644)
(3.955121624e-05 2.684050898e-15 0.0001425198158)
(3.910069428e-05 2.681448813e-15 0.0001425196118)
(3.876592508e-05 2.67971409e-15 0.0001425194602)
(3.855977812e-05 2.678629887e-15 0.0001425193669)
(3.849016887e-05 2.678189756e-15 0.0001425193354)
(3.855977812e-05 2.678629887e-15 0.0001425193669)
(3.876592508e-05 2.67971409e-15 0.0001425194602)
(3.910069428e-05 2.681448813e-15 0.0001425196118)
(3.955121624e-05 2.684050898e-15 0.0001425198158)
(4.010018374e-05 2.687520345e-15 0.0001425200644)
(4.072649485e-05 2.690989792e-15 0.000142520348)
(4.140607614e-05 2.69489292e-15 0.0001425206558)
(4.211282006e-05 2.699229729e-15 0.0001425209758)
(4.281956399e-05 2.703566537e-15 0.0001425212958)
(4.349914528e-05 2.707469665e-15 0.0001425216036)
(4.412545639e-05 2.710939112e-15 0.0001425218872)
(4.467442389e-05 2.714408559e-15 0.0001425221358)
(4.512494585e-05 2.717010644e-15 0.0001425223398)
(4.545971505e-05 2.719179049e-15 0.0001425224914)
(4.566586201e-05 2.720480091e-15 0.0001425225847)
(4.763953598e-05 4.103983034e-15 0.0001849311423)
(4.756189807e-05 4.103596803e-15 0.0001849311031)
(4.733197432e-05 4.10240418e-15 0.0001849309869)
(4.695859316e-05 4.100452616e-15 0.0001849307983)
(4.645610844e-05 4.097850531e-15 0.0001849305446)
(4.584382356e-05 4.094381084e-15 0.0001849302353)
(4.514527433e-05 4.090911637e-15 0.0001849298825)
(4.43873108e-05 4.087008509e-15 0.0001849294997)
(4.359905171e-05 4.082671701e-15 0.0001849291016)
(4.281079263e-05 4.078334892e-15 0.0001849287035)
(4.205282909e-05 4.074431764e-15 0.0001849283206)
(4.135427987e-05 4.070962317e-15 0.0001849279678)
(4.074199498e-05 4.06749287e-15 0.0001849276586)
(4.023951026e-05 4.064890785e-15 0.0001849274048)
(3.986612911e-05 4.062939221e-15 0.0001849272162)
(3.963620535e-05 4.061746599e-15 0.0001849271001)
(3.955856745e-05 4.061397038e-15 0.0001849270609)
(3.963620535e-05 4.061746599e-15 0.0001849271001)
(3.986612911e-05 4.062939221e-15 0.0001849272162)
(4.023951026e-05 4.064890785e-15 0.0001849274048)
(4.074199498e-05 4.06749287e-15 0.0001849276586)
(4.135427987e-05 4.070962317e-15 0.0001849279678)
(4.205282909e-05 4.074431764e-15 0.0001849283206)
(4.281079263e-05 4.078334892e-15 0.0001849287035)
(4.359905171e-05 4.082671701e-15 0.0001849291016)
(4.43873108e-05 4.087008509e-15 0.0001849294997)
(4.514527433e-05 4.090911637e-15 0.0001849298825)
(4.584382356e-05 4.094381084e-15 0.0001849302353)
(4.645610844e-05 4.097850531e-15 0.0001849305446)
(4.695859316e-05 4.100452616e-15 0.0001849307983)
(4.733197432e-05 4.10240418e-15 0.0001849309869)
(4.756189807e-05 4.103596803e-15 0.0001849311031)
(4.94917719e-05 5.72643179e-15 0.0002317103682)
(4.940702523e-05 5.726105354e-15 0.0002317103215)
(4.915604897e-05 5.724804311e-15 0.0002317101832)
(4.874847992e-05 5.722852747e-15 0.0002317099585)
(4.819998619e-05 5.720250662e-15 0.0002317096561)
(4.753163867e-05 5.716781215e-15 0.0002317092876)
(4.676912819e-05 5.713311768e-15 0.0002317088672)
(4.594176324e-05 5.709842321e-15 0.0002317084111)
(4.508132879e-05 5.705505512e-15 0.0002317079367)
(4.422089434e-05 5.701168704e-15 0.0002317074624)
(4.33935294e-05 5.696831895e-15 0.0002317070062)
(4.263101891e-05 5.693362448e-15 0.0002317065859)
(4.196267139e-05 5.689893001e-15 0.0002317062174)
(4.141417766e-05 5.687290916e-15 0.000231705915)
(4.100660861e-05 5.685339352e-15 0.0002317056903)
(4.075563235e-05 5.68425515e-15 0.000231705552)
(4.067088568e-05 5.683818784e-15 0.0002317055052)
(4.075563235e-05 5.68425515e-15 0.000231705552)
(4.100660861e-05 5.685339352e-15 0.0002317056903)
(4.141417766e-05 5.687290916e-15 0.000231705915)
(4.196267139e-05 5.689893001e-15 0.0002317062174)
(4.263101891e-05 5.693362448e-15 0.0002317065859)
(4.33935294e-05 5.696831895e-15 0.0002317070062)
(4.422089434e-05 5.701168704e-15 0.0002317074624)
(4.508132879e-05 5.705505512e-15 0.0002317079367)
(4.594176324e-05 5.709842321e-15 0.0002317084111)
(4.676912819e-05 5.713311768e-15 0.0002317088672)
(4.753163867e-05 5.716781215e-15 0.0002317092876)
(4.819998619e-05 5.720250662e-15 0.0002317096561)
(4.874847992e-05 5.722852747e-15 0.0002317099585)
(4.915604897e-05 5.724804311e-15 0.0002317101832)
(4.940702523e-05 5.726105354e-15 0.0002317103215)
(5.126538593e-05 7.583073667e-15 0.0002821628142)
(5.117495917e-05 7.582693154e-15 0.000282162761)
(5.090716136e-05 7.581608952e-15 0.0002821626035)
(5.047227523e-05 7.579440547e-15 0.0002821623477)
(4.988701901e-05 7.576838462e-15 0.0002821620034)
(4.917387588e-05 7.573369015e-15 0.0002821615839)
(4.836025856e-05 7.569899568e-15 0.0002821611053)
(4.747743995e-05 7.56599644e-15 0.0002821605859)
(4.655933537e-05 7.561659632e-15 0.0002821600459)
(4.564123079e-05 7.557322823e-15 0.0002821595058)
(4.475841217e-05 7.553419695e-15 0.0002821589865)
(4.394479486e-05 7.549950248e-15 0.0002821585078)
(4.323165172e-05 7.546480801e-15 0.0002821580883)
(4.264639551e-05 7.543878716e-15 0.0002821577441)
(4.221150937e-05 7.542143993e-15 0.0002821574882)
(4.194371157e-05 7.54084295e-15 0.0002821573307)
(4.185328481e-05 7.540436121e-15 0.0002821572775)
(4.194371157e-05 7.54084295e-15 0.0002821573307)
(4.221150937e-05 7.542143993e-15 0.0002821574882)
(4.264639551e-05 7.543878716e-15 0.0002821577441)
(4.323165172e-05 7.546480801e-15 0.0002821580883)
(4.394479486e-05 7.549950248e-15 0.0002821585078)
(4.475841217e-05 7.553419695e-15 0.0002821589865)
(4.564123079e-05 7.557322823e-15 0.0002821595058)
(4.655933537e-05 7.561659632e-15 0.0002821600459)
(4.747743995e-05 7.56599644e-15 0.0002821605859)
(4.836025856e-05 7.569899568e-15 0.0002821611053)
(4.917387588e-05 7.573369015e-15 0.0002821615839)
(4.988701901e-05 7.576838462e-15 0.0002821620034)
(5.047227523e-05 7.579440547e-15 0.0002821623477)
(5.090716136e-05 7.581608952e-15 0.0002821626035)
(5.117495917e-05 7.582693154e-15 0.000282162761)
(5.293220226e-05 9.657491568e-15 0.0003353236007)
(5.283809546e-05 9.657097171e-15 0.0003353235431)
(5.255939926e-05 9.655904548e-15 0.0003353233725)
(5.210681484e-05 9.653736144e-15 0.0003353230954)
(5.149774084e-05 9.651134059e-15 0.0003353227225)
(5.075557538e-05 9.647664612e-15 0.0003353222682)
(4.990884681e-05 9.644195165e-15 0.0003353217498)
(4.89901007e-05 9.640725718e-15 0.0003353211874)
(4.803463262e-05 9.636388909e-15 0.0003353206024)
(4.707916453e-05 9.6320521e-15 0.0003353200175)
(4.616041842e-05 9.627715292e-15 0.0003353194551)
(4.531368985e-05 9.624245845e-15 0.0003353189367)
(4.457152439e-05 9.620776398e-15 0.0003353184824)
(4.396245039e-05 9.618174313e-15 0.0003353181095)
(4.350986598e-05 9.616439589e-15 0.0003353178324)
(4.323116978e-05 9.615246967e-15 0.0003353176618)
(4.313706298e-05 9.614836265e-15 0.0003353176042)
(4.323116978e-05 9.615246967e-15 0.0003353176618)
(4.350986598e-05 9.616439589e-15 0.0003353178324)
(4.396245039e-05 9.618174313e-15 0.0003353181095)
(4.457152439e-05 9.620776398e-15 0.0003353184824)
(4.531368985e-05 9.624245845e-15 0.0003353189367)
(4.616041842e-05 9.627715292e-15 0.0003353194551)
(4.707916453e-05 9.6320521e-15 0.0003353200175)
(4.803463262e-05 9.636388909e-15 0.0003353206024)
(4.89901007e-05 9.640725718e-15 0.0003353211874)
(4.990884681e-05 9.644195165e-15 0.0003353217498)
(5.075557538e-05 9.647664612e-15 0.0003353222682)
(5.149774084e-05 9.651134059e-15 0.0003353227225)
(5.210681484e-05 9.653736144e-15 0.0003353230954)
(5.255939926e-05 9.655904548e-15 0.0003353233725)
(5.283809546e-05 9.657097171e-15 0.0003353235431)
(5.445980287e-05 1.191714753e-14 0.0003898326931)
(5.436465498e-05 1.191679134e-14 0.0003898326342)
(5.40828756e-05 1.191538188e-14 0.0003898324598)
(5.362528431e-05 1.191364715e-14 0.0003898321765)
(5.300947219e-05 1.191104507e-14 0.0003898317954)
(5.225909625e-05 1.190757562e-14 0.0003898313309)
(5.140300043e-05 1.190410617e-14 0.000389830801)
(5.047409035e-05 1.190020305e-14 0.0003898302261)
(4.950805204e-05 1.189586624e-14 0.0003898296281)
(4.854201373e-05 1.189152943e-14 0.0003898290302)
(4.761310365e-05 1.18876263e-14 0.0003898284552)
(4.675700783e-05 1.188415685e-14 0.0003898279253)
(4.600663189e-05 1.188068741e-14 0.0003898274609)
(4.539081977e-05 1.187808532e-14 0.0003898270797)
(4.493322848e-05 1.187591692e-14 0.0003898267965)
(4.46514491e-05 1.187494113e-14 0.0003898266221)
(4.45563012e-05 1.187448694e-14 0.0003898265632)
(4.46514491e-05 1.187494113e-14 0.0003898266221)
(4.493322848e-05 1.187591692e-14 0.0003898267965)
(4.539081977e-05 1.187808532e-14 0.0003898270797)
(4.600663189e-05 1.188068741e-14 0.0003898274609)
(4.675700783e-05 1.188415685e-14 0.0003898279253)
(4.761310365e-05 1.18876263e-14 0.0003898284552)
(4.854201373e-05 1.189152943e-14 0.0003898290302)
(4.950805204e-05 1.189586624e-14 0.0003898296281)
(5.047409035e-05 1.190020305e-14 0.0003898302261)
(5.140300043e-05 1.190410617e-14 0.000389830801)
(5.225909625e-05 1.190757562e-14 0.0003898313309)
(5.300947219e-05 1.191104507e-14 0.0003898317954)
(5.362528431e-05 1.191364715e-14 0.0003898321765)
(5.40828756e-05 1.191538188e-14 0.0003898324598)
(5.436465498e-05 1.191679134e-14 0.0003898326342)
(5.581490038e-05 1.431502768e-14 0.0004439948828)
(5.572204276e-05 1.431461286e-14 0.0004439948267)
(5.5447046e-05 1.431363708e-14 0.0004439946606)
(5.500046925e-05 1.431146868e-14 0.0004439943909)
(5.439948016e-05 1.430886659e-14 0.0004439940278)
(5.366716628e-05 1.430539714e-14 0.0004439935855)
(5.283167728e-05 1.43019277e-14 0.0004439930808)
(5.19251267e-05 1.429759089e-14 0.0004439925332)
(5.09823416e-05 1.429325408e-14 0.0004439919637)
(5.00395565e-05 1.428891727e-14 0.0004439913942)
(4.913300593e-05 1.428544782e-14 0.0004439908466)
(4.829751692e-05 1.428197838e-14 0.0004439903419)
(4.756520305e-05 1.427850893e-14 0.0004439898995)
(4.696421396e-05 1.427590685e-14 0.0004439895365)
(4.65176372e-05 1.427417212e-14 0.0004439892668)
(4.624264044e-05 1.427276266e-14 0.0004439891006)
(4.614978283e-05 1.427238038e-14 0.0004439890445)
(4.624264044e-05 1.427276266e-14 0.0004439891006)
(4.65176372e-05 1.427417212e-14 0.0004439892668)
(4.696421396e-05 1.427590685e-14 0.0004439895365)
(4.756520305e-05 1.427850893e-14 0.0004439898995)
(4.829751692e-05 1.428197838e-14 0.0004439903419)
(4.913300593e-05 1.428544782e-14 0.0004439908466)
(5.00395565e-05 1.428891727e-14 0.0004439913942)
(5.09823416e-05 1.429325408e-14 0.0004439919637)
(5.19251267e-05 1.429759089e-14 0.0004439925332)
(5.283167728e-05 1.43019277e-14 0.0004439930808)
(5.366716628e-05 1.430539714e-14 0.0004439935855)
(5.439948016e-05 1.430886659e-14 0.0004439940278)
(5.500046925e-05 1.431146868e-14 0.0004439943909)
(5.5447046e-05 1.431363708e-14 0.0004439946606)
(5.572204276e-05 1.431461286e-14 0.0004439948267)
(5.696102681e-05 1.678240739e-14 0.0004956548417)
(5.687452698e-05 1.678204017e-14 0.0004956547931)
(5.66183587e-05 1.67806307e-14 0.0004956546489)
(5.620235818e-05 1.677867914e-14 0.0004956544148)
(5.564251763e-05 1.677607706e-14 0.0004956540998)
(5.496034384e-05 1.677260761e-14 0.000495653716)
(5.418205912e-05 1.676913816e-14 0.000495653278)
(5.333757828e-05 1.676523503e-14 0.0004956528029)
(5.245934382e-05 1.676089822e-14 0.0004956523087)
(5.158110936e-05 1.675656142e-14 0.0004956518145)
(5.073662852e-05 1.675265829e-14 0.0004956513393)
(4.99583438e-05 1.674918884e-14 0.0004956509014)
(4.927617001e-05 1.674571939e-14 0.0004956505175)
(4.871632946e-05 1.674311731e-14 0.0004956502025)
(4.830032893e-05 1.674116575e-14 0.0004956499685)
(4.804416066e-05 1.674018996e-14 0.0004956498243)
(4.795766082e-05 1.673979762e-14 0.0004956497756)
(4.804416066e-05 1.674018996e-14 0.0004956498243)
(4.830032893e-05 1.674116575e-14 0.0004956499685)
(4.871632946e-05 1.674311731e-14 0.0004956502025)
(4.927617001e-05 1.674571939e-14 0.0004956505175)
(4.99583438e-05 1.674918884e-14 0.0004956509014)
(5.073662852e-05 1.675265829e-14 0.0004956513393)
(5.158110936e-05 1.675656142e-14 0.0004956518145)
(5.245934382e-05 1.676089822e-14 0.0004956523087)
(5.333757828e-05 1.676523503e-14 0.0004956528029)
(5.418205912e-05 1.676913816e-14 0.000495653278)
(5.496034384e-05 1.677260761e-14 0.000495653716)
(5.564251763e-05 1.677607706e-14 0.0004956540998)
(5.620235818e-05 1.677867914e-14 0.0004956544148)
(5.66183587e-05 1.67806307e-14 0.0004956546489)
(5.687452697e-05 1.678204017e-14 0.0004956547931)
(5.786135336e-05 1.923058446e-14 0.0005422706413)
(5.778604907e-05 1.923016867e-14 0.0005422706044)
(5.756303628e-05 1.922897605e-14 0.0005422704952)
(5.72008781e-05 1.922724133e-14 0.0005422703178)
(5.671349689e-05 1.922463924e-14 0.000542270079)
(5.611961585e-05 1.922116979e-14 0.0005422697881)
(5.544206339e-05 1.921770035e-14 0.0005422694562)
(5.470688246e-05 1.921379722e-14 0.0005422690961)
(5.39423166e-05 1.920946041e-14 0.0005422687216)
(5.317775074e-05 1.92051236e-14 0.0005422683471)
(5.244256981e-05 1.920122047e-14 0.0005422679869)
(5.176501734e-05 1.919775103e-14 0.0005422676551)
(5.117113631e-05 1.919428158e-14 0.0005422673641)
(5.06837551e-05 1.91916795e-14 0.0005422671254)
(5.032159691e-05 1.918951109e-14 0.000542266948)
(5.009858413e-05 1.918853531e-14 0.0005422668388)
(5.002327984e-05 1.918804021e-14 0.0005422668019)
(5.009858413e-05 1.918853531e-14 0.0005422668388)
(5.032159691e-05 1.918951109e-14 0.000542266948)
(5.06837551e-05 1.91916795e-14 0.0005422671254)
(5.117113631e-05 1.919428158e-14 0.0005422673641)
(5.176501734e-05 1.919775103e-14 0.0005422676551)
(5.244256981e-05 1.920122047e-14 0.0005422679869)
(5.317775074e-05 1.92051236e-14 0.0005422683471)
(5.39423166e-05 1.920946041e-14 0.0005422687216)
(5.470688246e-05 1.921379722e-14 0.0005422690961)
(5.544206338e-05 1.921770035e-14 0.0005422694562)
(5.611961585e-05 1.922116979e-14 0.0005422697881)
(5.671349689e-05 1.922463924e-14 0.000542270079)
(5.72008781e-05 1.922724133e-14 0.0005422703178)
(5.756303628e-05 1.922897605e-14 0.0005422704952)
(5.778604907e-05 1.923016867e-14 0.0005422706044)
(5.847698139e-05 2.154428759e-14 0.0005808116781)
(5.841848495e-05 2.154396453e-14 0.0005808116559)
(5.824524841e-05 2.154266349e-14 0.00058081159)
(5.79639236e-05 2.154092876e-14 0.0005808114829)
(5.758532543e-05 2.153832668e-14 0.0005808113389)
(5.71239981e-05 2.153485723e-14 0.0005808111633)
(5.659767473e-05 2.153138778e-14 0.0005808109631)
(5.602658551e-05 2.152705098e-14 0.0005808107458)
(5.543267005e-05 2.152271417e-14 0.0005808105198)
(5.483875459e-05 2.151837736e-14 0.0005808102939)
(5.426766537e-05 2.151490791e-14 0.0005808100766)
(5.3741342e-05 2.151143846e-14 0.0005808098763)
(5.328001467e-05 2.150796902e-14 0.0005808097008)
(5.29014165e-05 2.150536693e-14 0.0005808095568)
(5.262009169e-05 2.150363221e-14 0.0005808094497)
(5.244685515e-05 2.150233117e-14 0.0005808093838)
(5.238835871e-05 2.150183654e-14 0.0005808093616)
(5.244685515e-05 2.150233117e-14 0.0005808093838)
(5.262009169e-05 2.150363221e-14 0.0005808094497)
(5.29014165e-05 2.150536693e-14 0.0005808095568)
(5.328001467e-05 2.150796902e-14 0.0005808097008)
(5.3741342e-05 2.151143846e-14 0.0005808098763)
(5.426766537e-05 2.151490791e-14 0.0005808100766)
(5.483875459e-05 2.151837736e-14 0.0005808102939)
(5.543267005e-05 2.152271417e-14 0.0005808105198)
(5.602658551e-05 2.152705098e-14 0.0005808107458)
(5.659767473e-05 2.153138778e-14 0.0005808109631)
(5.71239981e-05 2.153485723e-14 0.0005808111633)
(5.758532543e-05 2.153832668e-14 0.0005808113389)
(5.79639236e-05 2.154092876e-14 0.0005808114829)
(5.824524841e-05 2.154266349e-14 0.00058081159)
(5.841848495e-05 2.154396453e-14 0.0005808116559)
(5.876873612e-05 2.358408513e-14 0.0006078377235)
(5.873343869e-05 2.358367408e-14 0.0006078377154)
(5.862890576e-05 2.358226461e-14 0.0006078376914)
(5.845915111e-05 2.358052989e-14 0.0006078376524)
(5.82307006e-05 2.35779278e-14 0.0006078376)
(5.795233036e-05 2.357445836e-14 0.0006078375361)
(5.763474074e-05 2.357098891e-14 0.0006078374633)
(5.729013891e-05 2.356708578e-14 0.0006078373842)
(5.693176345e-05 2.356274897e-14 0.0006078373019)
(5.6573388e-05 2.355841217e-14 0.0006078372197)
(5.622878616e-05 2.355450904e-14 0.0006078371406)
(5.591119655e-05 2.355103959e-14 0.0006078370677)
(5.563282631e-05 2.354757014e-14 0.0006078370039)
(5.54043758e-05 2.354496806e-14 0.0006078369514)
(5.523462115e-05 2.354323334e-14 0.0006078369125)
(5.513008822e-05 2.354225755e-14 0.0006078368885)
(5.509479079e-05 2.354174807e-14 0.0006078368804)
(5.513008822e-05 2.354225755e-14 0.0006078368885)
(5.523462115e-05 2.354323334e-14 0.0006078369125)
(5.54043758e-05 2.354496806e-14 0.0006078369514)
(5.563282631e-05 2.354757014e-14 0.0006078370039)
(5.591119655e-05 2.355103959e-14 0.0006078370677)
(5.622878616e-05 2.355450904e-14 0.0006078371406)
(5.6573388e-05 2.355841217e-14 0.0006078372197)
(5.693176345e-05 2.356274897e-14 0.0006078373019)
(5.729013891e-05 2.356708578e-14 0.0006078373842)
(5.763474074e-05 2.357098891e-14 0.0006078374633)
(5.795233036e-05 2.357445836e-14 0.0006078375361)
(5.82307006e-05 2.35779278e-14 0.0006078376)
(5.845915111e-05 2.358052989e-14 0.0006078376524)
(5.862890576e-05 2.358226461e-14 0.0006078376914)
(5.873343869e-05 2.358367408e-14 0.0006078377154)
(5.869611496e-05 2.518109343e-14 0.0006194457403)
(5.869113602e-05 2.518070388e-14 0.0006194457401)
(5.867639092e-05 2.517951125e-14 0.0006194457397)
(5.865244586e-05 2.517734285e-14 0.0006194457389)
(5.862022133e-05 2.517474076e-14 0.0006194457379)
(5.858095528e-05 2.5171705e-14 0.0006194457367)
(5.853615707e-05 2.516823555e-14 0.0006194457353)
(5.84875486e-05 2.51647661e-14 0.0006194457338)
(5.843699726e-05 2.51604293e-14 0.0006194457322)
(5.838644593e-05 2.515609249e-14 0.0006194457306)
(5.833783746e-05 2.515175568e-14 0.0006194457291)
(5.829303924e-05 2.514828623e-14 0.0006194457277)
(5.82537732e-05 2.514525047e-14 0.0006194457265)
(5.822154867e-05 2.514264838e-14 0.0006194457255)
(5.81976036e-05 2.514047998e-14 0.0006194457248)
(5.818285851e-05 2.513928735e-14 0.0006194457243)
(5.817787956e-05 2.513887433e-14 0.0006194457242)
(5.818285851e-05 2.513928735e-14 0.0006194457243)
(5.81976036e-05 2.514047998e-14 0.0006194457248)
(5.822154867e-05 2.514264838e-14 0.0006194457255)
(5.82537732e-05 2.514525047e-14 0.0006194457265)
(5.829303924e-05 2.514828623e-14 0.0006194457277)
(5.833783745e-05 2.515175568e-14 0.0006194457291)
(5.838644593e-05 2.515609249e-14 0.0006194457306)
(5.843699726e-05 2.51604293e-14 0.0006194457322)
(5.84875486e-05 2.51647661e-14 0.0006194457338)
(5.853615707e-05 2.516823555e-14 0.0006194457353)
(5.858095528e-05 2.5171705e-14 0.0006194457367)
(5.862022133e-05 2.517474076e-14 0.0006194457379)
(5.865244586e-05 2.517734285e-14 0.0006194457389)
(5.867639092e-05 2.517951125e-14 0.0006194457397)
(5.869113602e-05 2.518070388e-14 0.0006194457401)
(5.821759189e-05 2.613985954e-14 0.000611339664)
(5.825074491e-05 2.613957228e-14 0.0006113396569)
(5.83489272e-05 2.613816281e-14 0.0006113396358)
(5.850836883e-05 2.613621125e-14 0.0006113396014)
(5.872294041e-05 2.613360917e-14 0.0006113395552)
(5.898439898e-05 2.61305734e-14 0.0006113394989)
(5.928269423e-05 2.612710395e-14 0.0006113394346)
(5.960636066e-05 2.612320082e-14 0.0006113393649)
(5.994296392e-05 2.611886402e-14 0.0006113392923)
(6.027956718e-05 2.611452721e-14 0.0006113392198)
(6.06032336e-05 2.611062408e-14 0.0006113391501)
(6.090152886e-05 2.610715463e-14 0.0006113390858)
(6.116298742e-05 2.610411887e-14 0.0006113390295)
(6.1377559e-05 2.610151678e-14 0.0006113389833)
(6.153700063e-05 2.609913154e-14 0.0006113389489)
(6.163518292e-05 2.609815575e-14 0.0006113389278)
(6.166833595e-05 2.609773233e-14 0.0006113389206)
(6.163518292e-05 2.609815575e-14 0.0006113389278)
(6.153700063e-05 2.609913154e-14 0.0006113389489)
(6.1377559e-05 2.610151678e-14 0.0006113389833)
(6.116298742e-05 2.610411887e-14 0.0006113390295)
(6.090152886e-05 2.610715463e-14 0.0006113390858)
(6.06032336e-05 2.611062408e-14 0.0006113391501)
(6.027956718e-05 2.611452721e-14 0.0006113392198)
(5.994296392e-05 2.611886402e-14 0.0006113392923)
(5.960636066e-05 2.612320082e-14 0.0006113393649)
(5.928269423e-05 2.612710395e-14 0.0006113394346)
(5.898439898e-05 2.61305734e-14 0.0006113394989)
(5.872294041e-05 2.613360917e-14 0.0006113395552)
(5.850836883e-05 2.613621125e-14 0.0006113396014)
(5.83489272e-05 2.613816281e-14 0.0006113396358)
(5.825074491e-05 2.613957228e-14 0.0006113396569)
(5.729039285e-05 2.623606978e-14 0.0005788572073)
(5.73700673e-05 2.623563259e-14 0.0005788571661)
(5.760602229e-05 2.623465681e-14 0.0005788570438)
(5.798919776e-05 2.62324884e-14 0.0005788568452)
(5.850486338e-05 2.622988632e-14 0.000578856578)
(5.913320937e-05 2.622685055e-14 0.0005788562524)
(5.985008254e-05 2.622338111e-14 0.0005788558809)
(6.062792854e-05 2.621947798e-14 0.0005788554779)
(6.143686479e-05 2.621514117e-14 0.0005788550587)
(6.224580103e-05 2.621080436e-14 0.0005788546395)
(6.302364703e-05 2.620690123e-14 0.0005788542364)
(6.37405202e-05 2.620343179e-14 0.000578853865)
(6.436886619e-05 2.620039602e-14 0.0005788535394)
(6.488453181e-05 2.619779393e-14 0.0005788532721)
(6.526770728e-05 2.619562553e-14 0.0005788530736)
(6.550366227e-05 2.619443291e-14 0.0005788529513)
(6.558333673e-05 2.619396138e-14 0.00057885291)
(6.550366227e-05 2.619443291e-14 0.0005788529513)
(6.526770728e-05 2.619562553e-14 0.0005788530736)
(6.488453181e-05 2.619779393e-14 0.0005788532721)
(6.436886619e-05 2.620039602e-14 0.0005788535394)
(6.37405202e-05 2.620343179e-14 0.000578853865)
(6.302364703e-05 2.620690123e-14 0.0005788542364)
(6.224580103e-05 2.621080436e-14 0.0005788546395)
(6.143686479e-05 2.621514117e-14 0.0005788550587)
(6.062792854e-05 2.621947798e-14 0.0005788554779)
(5.985008254e-05 2.622338111e-14 0.0005788558809)
(5.913320937e-05 2.622685055e-14 0.0005788562524)
(5.850486338e-05 2.622988632e-14 0.000578856578)
(5.798919776e-05 2.62324884e-14 0.0005788568452)
(5.760602229e-05 2.623465681e-14 0.0005788570438)
(5.73700673e-05 2.623563259e-14 0.0005788571661)
(5.586900888e-05 2.521938292e-14 0.0005170075684)
(5.600409193e-05 2.521897621e-14 0.0005170074497)
(5.640413884e-05 2.521789201e-14 0.0005170070982)
(5.705378887e-05 2.521550677e-14 0.0005170065274)
(5.792806764e-05 2.521290468e-14 0.0005170057592)
(5.899338893e-05 2.520986891e-14 0.0005170048231)
(6.020880251e-05 2.520639947e-14 0.0005170037551)
(6.152759172e-05 2.520293002e-14 0.0005170025964)
(6.289909249e-05 2.519859321e-14 0.0005170013913)
(6.427059325e-05 2.51942564e-14 0.0005170001861)
(6.558938246e-05 2.518991959e-14 0.0005169990274)
(6.680479604e-05 2.518645015e-14 0.0005169979594)
(6.787011733e-05 2.518341438e-14 0.0005169970233)
(6.87443961e-05 2.51808123e-14 0.0005169962551)
(6.939404613e-05 2.517886073e-14 0.0005169956843)
(6.979409304e-05 2.517755969e-14 0.0005169953328)
(6.992917609e-05 2.517715328e-14 0.0005169952141)
(6.979409304e-05 2.517755969e-14 0.0005169953328)
(6.939404613e-05 2.517886073e-14 0.0005169956843)
(6.87443961e-05 2.51808123e-14 0.0005169962551)
(6.787011733e-05 2.518341438e-14 0.0005169970233)
(6.680479604e-05 2.518645015e-14 0.0005169979594)
(6.558938246e-05 2.518991959e-14 0.0005169990274)
(6.427059325e-05 2.51942564e-14 0.0005170001861)
(6.289909249e-05 2.519859321e-14 0.0005170013913)
(6.152759172e-05 2.520293002e-14 0.0005170025964)
(6.020880251e-05 2.520639947e-14 0.0005170037551)
(5.899338894e-05 2.520986891e-14 0.0005170048231)
(5.792806764e-05 2.521290468e-14 0.0005170057592)
(5.705378887e-05 2.521550677e-14 0.0005170065274)
(5.640413884e-05 2.521789201e-14 0.0005170070982)
(5.600409193e-05 2.521897621e-14 0.0005170074497)
(5.390624844e-05 2.28162296e-14 0.0004206127917)
(5.410593185e-05 2.281595052e-14 0.0004206125323)
(5.469729193e-05 2.281464948e-14 0.0004206117642)
(5.565762205e-05 2.281291475e-14 0.0004206105167)
(5.695000442e-05 2.281031267e-14 0.000420608838)
(5.852479097e-05 2.280684322e-14 0.0004206067925)
(6.032144797e-05 2.280337377e-14 0.0004206044587)
(6.227091759e-05 2.279947064e-14 0.0004206019265)
(6.429830687e-05 2.279513384e-14 0.000420599293)
(6.632569614e-05 2.279079703e-14 0.0004205966595)
(6.827516577e-05 2.27868939e-14 0.0004205941273)
(7.007182277e-05 2.278342445e-14 0.0004205917935)
(7.164660932e-05 2.277995501e-14 0.000420589748)
(7.293899169e-05 2.277735292e-14 0.0004205880692)
(7.38993218e-05 2.277518452e-14 0.0004205868218)
(7.449068189e-05 2.277410031e-14 0.0004205860537)
(7.469036529e-05 2.277364958e-14 0.0004205857943)
(7.449068189e-05 2.277410031e-14 0.0004205860537)
(7.38993218e-05 2.277518452e-14 0.0004205868218)
(7.293899169e-05 2.277735292e-14 0.0004205880692)
(7.164660932e-05 2.277995501e-14 0.000420589748)
(7.007182277e-05 2.278342445e-14 0.0004205917935)
(6.827516577e-05 2.27868939e-14 0.0004205941273)
(6.632569614e-05 2.279079703e-14 0.0004205966595)
(6.429830687e-05 2.279513384e-14 0.000420599293)
(6.227091759e-05 2.279947064e-14 0.0004206019265)
(6.032144797e-05 2.280337377e-14 0.0004206044587)
(5.852479097e-05 2.280684322e-14 0.0004206067925)
(5.695000442e-05 2.281031267e-14 0.000420608838)
(5.565762205e-05 2.281291475e-14 0.0004206105167)
(5.469729193e-05 2.281464948e-14 0.0004206117642)
(5.410593185e-05 2.281595052e-14 0.0004206125323)
(5.13499702e-05 1.873161723e-14 0.0002842823195)
(5.162362746e-05 1.873121883e-14 0.0002842818323)
(5.243406026e-05 1.872980937e-14 0.0002842803896)
(5.375015014e-05 1.872764097e-14 0.0002842780468)
(5.552130293e-05 1.872503888e-14 0.0002842748938)
(5.767947814e-05 1.872200311e-14 0.0002842710518)
(6.014171698e-05 1.871809999e-14 0.0002842666686)
(6.281337874e-05 1.871419686e-14 0.0002842619126)
(6.559182594e-05 1.870986005e-14 0.0002842569664)
(6.837027313e-05 1.870552324e-14 0.0002842520203)
(7.10419349e-05 1.870162011e-14 0.0002842472642)
(7.350417373e-05 1.869771699e-14 0.000284242881)
(7.566234894e-05 1.869468122e-14 0.0002842390391)
(7.743350173e-05 1.869207913e-14 0.0002842358861)
(7.874959162e-05 1.868991073e-14 0.0002842335432)
(7.956002442e-05 1.868871811e-14 0.0002842321005)
(7.983368168e-05 1.868834555e-14 0.0002842316133)
(7.956002442e-05 1.868871811e-14 0.0002842321005)
(7.874959162e-05 1.868991073e-14 0.0002842335432)
(7.743350173e-05 1.869207913e-14 0.0002842358861)
(7.566234894e-05 1.869468122e-14 0.0002842390391)
(7.350417373e-05 1.869771699e-14 0.000284242881)
(7.10419349e-05 1.870162011e-14 0.0002842472642)
(6.837027313e-05 1.870552324e-14 0.0002842520203)
(6.559182594e-05 1.870986005e-14 0.0002842569664)
(6.281337874e-05 1.871419686e-14 0.0002842619126)
(6.014171698e-05 1.871809999e-14 0.0002842666686)
(5.767947814e-05 1.872200311e-14 0.0002842710518)
(5.552130293e-05 1.872503888e-14 0.0002842748938)
(5.375015015e-05 1.872764097e-14 0.0002842780468)
(5.243406026e-05 1.872980937e-14 0.0002842803896)
(5.162362746e-05 1.873121883e-14 0.0002842818323)
(4.814627227e-05 1.265936549e-14 0.0001027047538)
(4.850318991e-05 1.265892773e-14 0.0001027039251)
(4.956019737e-05 1.265762668e-14 0.0001027014709)
(5.127670839e-05 1.265567512e-14 0.0001026974854)
(5.358673545e-05 1.265263935e-14 0.000102692122)
(5.640153675e-05 1.264916991e-14 0.0001026855865)
(5.96129132e-05 1.264570046e-14 0.0001026781302)
(6.309742963e-05 1.264179733e-14 0.0001026700397)
(6.672122103e-05 1.263746052e-14 0.0001026616259)
(7.034501243e-05 1.263312371e-14 0.0001026532121)
(7.382952886e-05 1.262835322e-14 0.0001026451216)
(7.704090531e-05 1.262488378e-14 0.0001026376653)
(7.985570661e-05 1.262141433e-14 0.0001026311298)
(8.216573367e-05 1.261837856e-14 0.0001026257663)
(8.388224469e-05 1.2616427e-14 0.0001026217809)
(8.493925215e-05 1.26153428e-14 0.0001026193267)
(8.529616979e-05 1.261492804e-14 0.000102618498)
(8.493925215e-05 1.26153428e-14 0.0001026193267)
(8.388224469e-05 1.2616427e-14 0.0001026217809)
(8.216573367e-05 1.261837856e-14 0.0001026257663)
(7.985570661e-05 1.262141433e-14 0.0001026311298)
(7.704090531e-05 1.262488378e-14 0.0001026376653)
(7.382952886e-05 1.262835322e-14 0.0001026451216)
(7.034501243e-05 1.263312371e-14 0.0001026532121)
(6.672122103e-05 1.263746052e-14 0.0001026616259)
(6.309742963e-05 1.264179733e-14 0.0001026700397)
(5.96129132e-05 1.264570046e-14 0.0001026781302)
(5.640153675e-05 1.264916991e-14 0.0001026855865)
(5.358673545e-05 1.265263935e-14 0.000102692122)
(5.127670839e-05 1.265567512e-14 0.0001026974854)
(4.956019737e-05 1.265762668e-14 0.0001027014709)
(4.850318991e-05 1.265892773e-14 0.0001027039251)
(4.423483473e-05 4.281350575e-15 -0.0001294791482)
(4.468404983e-05 4.280863858e-15 -0.000129480461)
(4.601439515e-05 4.279562815e-15 -0.0001294843486)
(4.817478898e-05 4.27696073e-15 -0.0001294906619)
(5.10821797e-05 4.274358645e-15 -0.0001294991581)
(5.462487724e-05 4.270889198e-15 -0.0001295095108)
(5.866670267e-05 4.266552389e-15 -0.0001295213221)
(6.305230097e-05 4.26221558e-15 -0.000129534138)
(6.761319017e-05 4.257878772e-15 -0.0001295474662)
(7.217407938e-05 4.253541963e-15 -0.0001295607944)
(7.655967768e-05 4.249205154e-15 -0.0001295736103)
(8.060150311e-05 4.244868346e-15 -0.0001295854216)
(8.414420065e-05 4.241398899e-15 -0.0001295957744)
(8.705159137e-05 4.238796814e-15 -0.0001296042706)
(8.92119852e-05 4.23706209e-15 -0.0001296105838)
(9.054233052e-05 4.235544207e-15 -0.0001296144715)
(9.099154562e-05 4.235122782e-15 -0.0001296157842)
(9.054233052e-05 4.235544207e-15 -0.0001296144715)
(8.92119852e-05 4.23706209e-15 -0.0001296105838)
(8.705159137e-05 4.238796814e-15 -0.0001296042706)
(8.414420065e-05 4.241398899e-15 -0.0001295957744)
(8.060150311e-05 4.244868346e-15 -0.0001295854216)
(7.655967768e-05 4.249205154e-15 -0.0001295736103)
(7.217407938e-05 4.253541963e-15 -0.0001295607944)
(6.761319018e-05 4.257878772e-15 -0.0001295474662)
(6.305230097e-05 4.26221558e-15 -0.000129534138)
(5.866670267e-05 4.266552389e-15 -0.0001295213221)
(5.462487724e-05 4.270889198e-15 -0.0001295095108)
(5.108217971e-05 4.274358645e-15 -0.0001294991581)
(4.817478898e-05 4.27696073e-15 -0.0001294906619)
(4.601439515e-05 4.279562815e-15 -0.0001294843486)
(4.468404983e-05 4.280863858e-15 -0.000129480461)
(3.95555558e-05 -6.712493868e-15 -0.0004171997308)
(4.010551867e-05 -6.712946171e-15 -0.0004172016984)
(4.173422735e-05 -6.714247214e-15 -0.0004172075254)
(4.437914376e-05 -6.716415618e-15 -0.0004172169882)
(4.79385899e-05 -6.719451384e-15 -0.0004172297228)
(5.227582637e-05 -6.723354512e-15 -0.0004172452401)
(5.722413268e-05 -6.72725764e-15 -0.0004172629436)
(6.259331158e-05 -6.73246181e-15 -0.0004172821529)
(6.817709477e-05 -6.736798619e-15 -0.00041730213)
(7.376087797e-05 -6.741135428e-15 -0.0004173221071)
(7.913005686e-05 -6.746339598e-15 -0.0004173413164)
(8.407836318e-05 -6.750242726e-15 -0.0004173590199)
(8.841559964e-05 -6.754145854e-15 -0.0004173745372)
(9.197504578e-05 -6.75718162e-15 -0.0004173872719)
(9.46199622e-05 -6.759350024e-15 -0.0004173967346)
(9.624867087e-05 -6.760867907e-15 -0.0004174025616)
(9.679863375e-05 -6.761294149e-15 -0.0004174045292)
(9.624867087e-05 -6.760867907e-15 -0.0004174025616)
(9.46199622e-05 -6.759350024e-15 -0.0004173967346)
(9.197504578e-05 -6.75718162e-15 -0.0004173872719)
(8.841559964e-05 -6.754145854e-15 -0.0004173745372)
(8.407836318e-05 -6.750242726e-15 -0.0004173590199)
(7.913005686e-05 -6.746339598e-15 -0.0004173413164)
(7.376087797e-05 -6.741135428e-15 -0.0004173221071)
(6.817709477e-05 -6.736798619e-15 -0.00041730213)
(6.259331158e-05 -6.73246181e-15 -0.0004172821529)
(5.722413269e-05 -6.72725764e-15 -0.0004172629436)
(5.227582637e-05 -6.723354512e-15 -0.0004172452401)
(4.793858991e-05 -6.719451384e-15 -0.0004172297228)
(4.437914377e-05 -6.716415618e-15 -0.0004172169882)
(4.173422735e-05 -6.714247214e-15 -0.0004172075254)
(4.010551867e-05 -6.712946171e-15 -0.0004172016984)
(3.404318363e-05 -2.062962626e-14 -0.0007652298929)
(3.470156505e-05 -2.063009052e-14 -0.0007652327128)
(3.665135403e-05 -2.063171682e-14 -0.0007652410638)
(3.981768385e-05 -2.063410207e-14 -0.0007652546253)
(4.407883193e-05 -2.063713783e-14 -0.0007652728759)
(4.927110232e-05 -2.064104096e-14 -0.0007652951146)
(5.519490763e-05 -2.064581145e-14 -0.0007653204864)
(6.162255547e-05 -2.065101562e-14 -0.0007653480162)
(6.830711426e-05 -2.065621979e-14 -0.0007653766464)
(7.499167306e-05 -2.066142396e-14 -0.0007654052766)
(8.14193209e-05 -2.066576077e-14 -0.0007654328064)
(8.734312621e-05 -2.067053126e-14 -0.0007654581782)
(9.25353966e-05 -2.067443439e-14 -0.0007654804169)
(9.679654467e-05 -2.067747015e-14 -0.0007654986675)
(9.99628745e-05 -2.06798554e-14 -0.000765512229)
(0.0001019126635 -2.06814817e-14 -0.00076552058)
(0.0001025710449 -2.068193811e-14 -0.0007655233999)
(0.0001019126635 -2.06814817e-14 -0.00076552058)
(9.99628745e-05 -2.06798554e-14 -0.000765512229)
(9.679654467e-05 -2.067747015e-14 -0.0007654986675)
(9.25353966e-05 -2.067443439e-14 -0.0007654804169)
(8.734312621e-05 -2.067053126e-14 -0.0007654581782)
(8.14193209e-05 -2.066576077e-14 -0.0007654328064)
(7.499167306e-05 -2.066142396e-14 -0.0007654052766)
(6.830711427e-05 -2.065621979e-14 -0.0007653766464)
(6.162255547e-05 -2.065101562e-14 -0.0007653480162)
(5.519490763e-05 -2.064581145e-14 -0.0007653204864)
(4.927110232e-05 -2.064104096e-14 -0.0007652951146)
(4.407883193e-05 -2.063713783e-14 -0.0007652728759)
(3.981768386e-05 -2.063410207e-14 -0.0007652546253)
(3.665135403e-05 -2.063171682e-14 -0.0007652410638)
(3.470156505e-05 -2.063009052e-14 -0.0007652327128)
(2.763898419e-05 -3.774312718e-14 -0.001177492643)
(2.841228327e-05 -3.774367971e-14 -0.001177496533)
(3.070239954e-05 -3.774541443e-14 -0.001177508054)
(3.442139864e-05 -3.774758284e-14 -0.001177526763)
(3.942631182e-05 -3.775148597e-14 -0.001177551941)
(4.55248707e-05 -3.775582277e-14 -0.00117758262)
(5.248265079e-05 -3.776059326e-14 -0.001177617623)
(6.003221696e-05 -3.77666648e-14 -0.001177655602)
(6.788353679e-05 -3.777186897e-14 -0.001177695099)
(7.573485662e-05 -3.777707314e-14 -0.001177734597)
(8.328442279e-05 -3.778227731e-14 -0.001177772576)
(9.024220288e-05 -3.77870478e-14 -0.001177807578)
(9.634076177e-05 -3.779138461e-14 -0.001177838258)
(0.0001013456749 -3.779528773e-14 -0.001177863436)
(0.000105064674 -3.779788982e-14 -0.001177882145)
(0.0001073547903 -3.77994077e-14 -0.001177893666)
(0.0001081280894 -3.780002556e-14 -0.001177897556)
(0.0001073547903 -3.77994077e-14 -0.001177893666)
(0.0001050646741 -3.779788982e-14 -0.001177882145)
(0.0001013456749 -3.779528773e-14 -0.001177863436)
(9.634076177e-05 -3.779138461e-14 -0.001177838258)
(9.024220288e-05 -3.77870478e-14 -0.001177807578)
(8.32844228e-05 -3.778227731e-14 -0.001177772576)
(7.573485662e-05 -3.777707314e-14 -0.001177734597)
(6.78835368e-05 -3.777186897e-14 -0.001177695099)
(6.003221697e-05 -3.77666648e-14 -0.001177655602)
(5.24826508e-05 -3.776059326e-14 -0.001177617623)
(4.552487071e-05 -3.775582277e-14 -0.00117758262)
(3.942631182e-05 -3.775148597e-14 -0.001177551941)
(3.442139864e-05 -3.774758284e-14 -0.001177526763)
(3.070239954e-05 -3.774541443e-14 -0.001177508054)
(2.841228327e-05 -3.774367971e-14 -0.001177496533)
(2.028537868e-05 -5.830452933e-14 -0.001657519684)
(2.117871079e-05 -5.830514023e-14 -0.001657524876)
(2.382430347e-05 -5.830709179e-14 -0.001657540251)
(2.812057304e-05 -5.830969388e-14 -0.001657565219)
(3.390235882e-05 -5.831359701e-14 -0.001657598821)
(4.09475482e-05 -5.83183675e-14 -0.001657639764)
(4.89853288e-05 -5.832357167e-14 -0.001657686477)
(5.77067537e-05 -5.833007688e-14 -0.001657737162)
(6.677677106e-05 -5.833614841e-14 -0.001657789873)
(7.584678842e-05 -5.834221994e-14 -0.001657842584)
(8.456821333e-05 -5.83478578e-14 -0.00165789327)
(9.260599393e-05 -5.835306197e-14 -0.001657939982)
(9.96511833e-05 -5.835783246e-14 -0.001657980926)
(0.0001054329691 -5.836173558e-14 -0.001658014527)
(0.0001097292387 -5.836477135e-14 -0.001658039495)
(0.0001123748313 -5.836650607e-14 -0.00165805487)
(0.0001132681634 -5.836719187e-14 -0.001658060062)
(0.0001123748313 -5.836650607e-14 -0.00165805487)
(0.0001097292387 -5.836477135e-14 -0.001658039495)
(0.0001054329691 -5.836173558e-14 -0.001658014527)
(9.96511833e-05 -5.835783246e-14 -0.001657980926)
(9.260599393e-05 -5.835306197e-14 -0.001657939982)
(8.456821333e-05 -5.83478578e-14 -0.00165789327)
(7.584678843e-05 -5.834221994e-14 -0.001657842584)
(6.677677107e-05 -5.833614841e-14 -0.001657789873)
(5.77067537e-05 -5.833007688e-14 -0.001657737162)
(4.89853288e-05 -5.832357167e-14 -0.001657686477)
(4.09475482e-05 -5.83183675e-14 -0.001657639764)
(3.390235883e-05 -5.831359701e-14 -0.001657598821)
(2.812057304e-05 -5.830969388e-14 -0.001657565219)
(2.382430347e-05 -5.830709179e-14 -0.001657540251)
(2.117871079e-05 -5.830514023e-14 -0.001657524876)
(1.194412112e-05 -8.249895132e-14 -0.002207518734)
(1.296078811e-05 -8.249954539e-14 -0.002207525458)
(1.597163563e-05 -8.250171379e-14 -0.002207545372)
(2.086105517e-05 -8.250474956e-14 -0.002207577711)
(2.744108373e-05 -8.250908637e-14 -0.002207621231)
(3.545894342e-05 -8.251429054e-14 -0.002207674261)
(4.460643311e-05 -8.252036207e-14 -0.002207734763)
(5.453195214e-05 -8.252686728e-14 -0.00220780041)
(6.485419088e-05 -8.253380618e-14 -0.002207868682)
(7.517642962e-05 -8.254074507e-14 -0.002207936953)
(8.510194865e-05 -8.254725029e-14 -0.002208002601)
(9.424943834e-05 -8.255332182e-14 -0.002208063102)
(0.000102267298 -8.255852599e-14 -0.002208116133)
(0.0001088473266 -8.25628628e-14 -0.002208159653)
(0.0001137367461 -8.256589856e-14 -0.002208191992)
(0.0001167475937 -8.256785013e-14 -0.002208211905)
(0.0001177642606 -8.256859575e-14 -0.00220821863)
(0.0001167475937 -8.256785013e-14 -0.002208211905)
(0.0001137367461 -8.256589856e-14 -0.002208191992)
(0.0001088473266 -8.25628628e-14 -0.002208159653)
(0.000102267298 -8.255852599e-14 -0.002208116133)
(9.424943834e-05 -8.255332182e-14 -0.002208063102)
(8.510194866e-05 -8.254725029e-14 -0.002208002601)
(7.517642962e-05 -8.254074507e-14 -0.002207936953)
(6.485419088e-05 -8.253380618e-14 -0.002207868682)
(5.453195215e-05 -8.252686728e-14 -0.00220780041)
(4.460643311e-05 -8.252036207e-14 -0.002207734763)
(3.545894343e-05 -8.251429054e-14 -0.002207674261)
(2.744108373e-05 -8.250908637e-14 -0.002207621231)
(2.086105518e-05 -8.250474956e-14 -0.002207577711)
(1.597163563e-05 -8.250171379e-14 -0.002207545372)
(1.296078811e-05 -8.249954539e-14 -0.002207525458)
(2.591335216e-06 -1.104683077e-13 -0.002829055005)
(3.732602099e-06 -1.104690341e-13 -0.002829063479)
(7.112450762e-06 -1.104713109e-13 -0.002829088573)
(1.260110404e-05 -1.104749972e-13 -0.002829129325)
(1.998756269e-05 -1.104802014e-13 -0.002829184167)
(2.898806909e-05 -1.104858392e-13 -0.002829250993)
(3.925664981e-05 -1.104927781e-13 -0.002829327234)
(5.039861299e-05 -1.104992833e-13 -0.00282940996)
(6.198591676e-05 -1.105070896e-13 -0.002829495992)
(7.357322052e-05 -1.105148958e-13 -0.002829582024)
(8.471518371e-05 -1.105222684e-13 -0.00282966475)
(9.498376442e-05 -1.105292073e-13 -0.002829740991)
(0.0001039842708 -1.105348452e-13 -0.002829807817)
(0.0001113707295 -1.105400493e-13 -0.00282986266)
(0.0001168593828 -1.105433019e-13 -0.002829903411)
(0.0001202392314 -1.105453619e-13 -0.002829928506)
(0.0001213804983 -1.105461175e-13 -0.002829936979)
(0.0001202392314 -1.105453619e-13 -0.002829928506)
(0.0001168593828 -1.105433019e-13 -0.002829903411)
(0.0001113707295 -1.105400493e-13 -0.00282986266)
(0.0001039842708 -1.105348452e-13 -0.002829807817)
(9.498376443e-05 -1.105292073e-13 -0.002829740991)
(8.471518371e-05 -1.105222684e-13 -0.00282966475)
(7.357322052e-05 -1.105148958e-13 -0.002829582024)
(6.198591676e-05 -1.105070896e-13 -0.002829495992)
(5.0398613e-05 -1.104992833e-13 -0.00282940996)
(3.925664981e-05 -1.104927781e-13 -0.002829327234)
(2.898806909e-05 -1.104858392e-13 -0.002829250993)
(1.998756269e-05 -1.104802014e-13 -0.002829184167)
(1.260110404e-05 -1.104749972e-13 -0.002829129325)
(7.112450764e-06 -1.104713109e-13 -0.002829088573)
(3.732602101e-06 -1.104690341e-13 -0.002829063479)
(-7.756992249e-06 -1.422530243e-13 -0.003521861897)
(-6.492348978e-06 -1.422538302e-13 -0.003521872302)
(-2.747122574e-06 -1.422564323e-13 -0.003521903116)
(3.334880273e-06 -1.422607691e-13 -0.003521953155)
(1.151985029e-05 -1.422659733e-13 -0.003522020496)
(2.149335431e-05 -1.422724785e-13 -0.003522102553)
(3.287201752e-05 -1.422802848e-13 -0.00352219617)
(4.521848001e-05 -1.42288091e-13 -0.00352229775)
(5.805842651e-05 -1.422967646e-13 -0.00352240339)
(7.089837301e-05 -1.423054383e-13 -0.00352250903)
(8.32448355e-05 -1.423132445e-13 -0.00352261061)
(9.462349871e-05 -1.423210508e-13 -0.003522704228)
(0.0001045970027 -1.42327556e-13 -0.003522786284)
(0.0001127819728 -1.423327602e-13 -0.003522853626)
(0.0001188639756 -1.423366633e-13 -0.003522903665)
(0.000122609202 -1.423392654e-13 -0.003522934479)
(0.0001238738453 -1.4234004e-13 -0.003522944883)
(0.000122609202 -1.423392654e-13 -0.003522934479)
(0.0001188639756 -1.423366633e-13 -0.003522903665)
(0.0001127819728 -1.423327602e-13 -0.003522853626)
(0.0001045970027 -1.42327556e-13 -0.003522786284)
(9.462349872e-05 -1.423210508e-13 -0.003522704228)
(8.324483551e-05 -1.423132445e-13 -0.00352261061)
(7.089837302e-05 -1.423054383e-13 -0.00352250903)
(5.805842652e-05 -1.422967646e-13 -0.00352240339)
(4.521848002e-05 -1.42288091e-13 -0.00352229775)
(3.287201753e-05 -1.422802848e-13 -0.00352219617)
(2.149335431e-05 -1.422724785e-13 -0.003522102553)
(1.151985029e-05 -1.422659733e-13 -0.003522020496)
(3.334880276e-06 -1.422607691e-13 -0.003521953155)
(-2.747122572e-06 -1.422564323e-13 -0.003521903116)
(-6.492348978e-06 -1.422538302e-13 -0.003521872302)
(-1.904981624e-05 -1.778285004e-13 -0.004284765982)
(-1.76657446e-05 -1.778294309e-13 -0.004284778445)
(-1.356683247e-05 -1.778321414e-13 -0.004284815354)
(-6.910467108e-06 -1.778369119e-13 -0.004284875291)
(2.047462087e-06 -1.778429834e-13 -0.004284955953)
(1.296282802e-05 -1.77850356e-13 -0.004285054241)
(2.541605132e-05 -1.778585959e-13 -0.004285166377)
(3.89284694e-05 -1.778672695e-13 -0.00428528805)
(5.298097434e-05 -1.778768105e-13 -0.004285414586)
(6.703347929e-05 -1.778863515e-13 -0.004285541123)
(8.054589736e-05 -1.778958925e-13 -0.004285662796)
(9.299912067e-05 -1.779041324e-13 -0.004285774932)
(0.0001039144866 -1.77911505e-13 -0.00428587322)
(0.0001128724158 -1.779175765e-13 -0.004285953882)
(0.0001195287812 -1.779219133e-13 -0.004286013819)
(0.0001236276933 -1.779246238e-13 -0.004286050728)
(0.0001250117649 -1.779255066e-13 -0.004286063191)
(0.0001236276933 -1.779246238e-13 -0.004286050728)
(0.0001195287812 -1.779219133e-13 -0.004286013819)
(0.0001128724158 -1.779175765e-13 -0.004285953882)
(0.0001039144866 -1.77911505e-13 -0.00428587322)
(9.299912068e-05 -1.779041324e-13 -0.004285774932)
(8.054589737e-05 -1.778958925e-13 -0.004285662796)
(6.703347929e-05 -1.778863515e-13 -0.004285541123)
(5.298097435e-05 -1.778768105e-13 -0.004285414586)
(3.892846941e-05 -1.778672695e-13 -0.00428528805)
(2.541605133e-05 -1.778585959e-13 -0.004285166377)
(1.296282802e-05 -1.77850356e-13 -0.004285054241)
(2.047462091e-06 -1.778429834e-13 -0.004284955953)
(-6.910467104e-06 -1.778369119e-13 -0.004284875291)
(-1.356683246e-05 -1.778321414e-13 -0.004284815354)
(-1.76657446e-05 -1.778294309e-13 -0.004284778445)
(-3.116873125e-05 -2.170342423e-13 -0.005114234443)
(-2.967236932e-05 -2.170352656e-13 -0.00511424901)
(-2.524091078e-05 -2.17038193e-13 -0.005114292152)
(-1.804451181e-05 -2.170433971e-13 -0.00511436221)
(-8.359822202e-06 -2.170499024e-13 -0.005114456493)
(3.441111778e-06 -2.170581423e-13 -0.005114571378)
(1.690467013e-05 -2.170676833e-13 -0.005114702448)
(3.151335615e-05 -2.170772243e-13 -0.005114844667)
(4.67059465e-05 -2.170876326e-13 -0.00511499257)
(6.189853685e-05 -2.170980409e-13 -0.005115140474)
(7.650722287e-05 -2.171084493e-13 -0.005115282693)
(8.997078122e-05 -2.171179903e-13 -0.005115413763)
(0.0001017717152 -2.171262302e-13 -0.005115528648)
(0.0001114564048 -2.171327354e-13 -0.005115622931)
(0.0001186528038 -2.171375059e-13 -0.005115692989)
(0.0001230842623 -2.171406501e-13 -0.00511573613)
(0.0001245806243 -2.171416246e-13 -0.005115750698)
(0.0001230842623 -2.171406501e-13 -0.00511573613)
(0.0001186528038 -2.171375059e-13 -0.005115692989)
(0.0001114564048 -2.171327354e-13 -0.005115622931)
(0.0001017717152 -2.171262302e-13 -0.005115528648)
(8.997078123e-05 -2.171179903e-13 -0.005115413763)
(7.650722288e-05 -2.171084493e-13 -0.005115282693)
(6.189853686e-05 -2.170980409e-13 -0.005115140474)
(4.670594651e-05 -2.170876326e-13 -0.00511499257)
(3.151335615e-05 -2.170772243e-13 -0.005114844667)
(1.690467013e-05 -2.170676833e-13 -0.005114702448)
(3.441111784e-06 -2.170581423e-13 -0.005114571378)
(-8.359822197e-06 -2.170499024e-13 -0.005114456493)
(-1.804451181e-05 -2.170433971e-13 -0.00511436221)
(-2.524091078e-05 -2.17038193e-13 -0.005114292152)
(-2.967236932e-05 -2.170352656e-13 -0.00511424901)
(-4.393368844e-05 -2.596255213e-13 -0.006005539881)
(-4.233563018e-05 -2.596266301e-13 -0.006005556496)
(-3.760299913e-05 -2.596297743e-13 -0.006005605702)
(-2.99175157e-05 -2.596351953e-13 -0.006005685607)
(-1.957463145e-05 -2.596425679e-13 -0.006005793142)
(-6.971677813e-06 -2.596516752e-13 -0.006005924175)
(7.40689612e-06 -2.596616498e-13 -0.006006073669)
(2.300842333e-05 -2.596733592e-13 -0.006006235878)
(3.923353841e-05 -2.596846349e-13 -0.006006404571)
(5.545865349e-05 -2.596959106e-13 -0.006006573263)
(7.10601807e-05 -2.597067526e-13 -0.006006735472)
(8.543875463e-05 -2.597167273e-13 -0.006006884966)
(9.804170827e-05 -2.597258346e-13 -0.006007015999)
(0.0001083845925 -2.597332072e-13 -0.006007123534)
(0.000116070076 -2.597386282e-13 -0.00600720344)
(0.000120802707 -2.597419892e-13 -0.006007252645)
(0.0001224007653 -2.597431339e-13 -0.00600726926)
(0.000120802707 -2.597419892e-13 -0.006007252645)
(0.000116070076 -2.597386282e-13 -0.00600720344)
(0.0001083845925 -2.597332072e-13 -0.006007123534)
(9.804170828e-05 -2.597258346e-13 -0.006007015999)
(8.543875464e-05 -2.597167273e-13 -0.006006884966)
(7.106018071e-05 -2.597067526e-13 -0.006006735472)
(5.54586535e-05 -2.596959106e-13 -0.006006573263)
(3.923353842e-05 -2.596846349e-13 -0.006006404571)
(2.300842334e-05 -2.596733592e-13 -0.006006235878)
(7.406896127e-06 -2.596616498e-13 -0.006006073669)
(-6.971677806e-06 -2.596516752e-13 -0.006005924175)
(-1.957463145e-05 -2.596425679e-13 -0.006005793142)
(-2.99175157e-05 -2.596351953e-13 -0.006005685607)
(-3.760299913e-05 -2.596297743e-13 -0.006005605702)
(-4.233563018e-05 -2.596266301e-13 -0.006005556496)
(-5.706639772e-05 -3.051918954e-13 -0.006951049585)
(-5.538117843e-05 -3.051930453e-13 -0.006951068063)
(-5.039042101e-05 -3.0519684e-13 -0.006951122782)
(-4.228575721e-05 -3.052024779e-13 -0.006951211643)
(-3.137875308e-05 -3.052102841e-13 -0.00695133123)
(-1.808841124e-05 -3.052202588e-13 -0.006951476948)
(-2.925603509e-06 -3.052311008e-13 -0.006951643196)
(1.352685961e-05 -3.052436776e-13 -0.006951823584)
(3.063692223e-05 -3.052558206e-13 -0.006952011182)
(4.774698485e-05 -3.052679637e-13 -0.00695219878)
(6.419944797e-05 -3.052796731e-13 -0.006952379168)
(7.93622557e-05 -3.052905151e-13 -0.006952545416)
(9.265259755e-05 -3.053004898e-13 -0.006952691134)
(0.0001035596017 -3.05308296e-13 -0.006952810721)
(0.0001116642655 -3.053143675e-13 -0.006952899582)
(0.0001166550229 -3.053177286e-13 -0.006952954302)
(0.0001183402422 -3.053189143e-13 -0.006952972779)
(0.0001166550229 -3.053177286e-13 -0.006952954302)
(0.0001116642655 -3.053143675e-13 -0.006952899582)
(0.0001035596017 -3.05308296e-13 -0.006952810721)
(9.265259755e-05 -3.053004898e-13 -0.006952691134)
(7.93622557e-05 -3.052905151e-13 -0.006952545416)
(6.419944798e-05 -3.052796731e-13 -0.006952379168)
(4.774698485e-05 -3.052679637e-13 -0.00695219878)
(3.063692224e-05 -3.052558206e-13 -0.006952011182)
(1.352685962e-05 -3.052436776e-13 -0.006951823584)
(-2.925603501e-06 -3.052311008e-13 -0.006951643196)
(-1.808841123e-05 -3.052202588e-13 -0.006951476948)
(-3.137875308e-05 -3.052102841e-13 -0.00695133123)
(-4.228575721e-05 -3.052024779e-13 -0.006951211643)
(-5.039042101e-05 -3.0519684e-13 -0.006951122782)
(-5.538117843e-05 -3.051930453e-13 -0.006951068063)
(-7.019896293e-05 -3.532241721e-13 -0.007941592944)
(-6.844539377e-05 -3.5322537e-13 -0.007941612951)
(-6.325221901e-05 -3.532293815e-13 -0.0079416722)
(-5.481884268e-05 -3.532356699e-13 -0.007941768416)
(-4.346946747e-05 -3.532439098e-13 -0.007941897901)
(-2.964009008e-05 -3.532543182e-13 -0.007942055681)
(-1.386230251e-05 -3.532660275e-13 -0.007942235689)
(3.257446867e-06 -3.53279038e-13 -0.007942431009)
(2.106146695e-05 -3.532920484e-13 -0.007942634135)
(3.886548703e-05 -3.533050588e-13 -0.007942837261)
(5.598523641e-05 -3.533172019e-13 -0.00794303258)
(7.176302398e-05 -3.533289113e-13 -0.007943212589)
(8.559240137e-05 -3.533393196e-13 -0.007943370369)
(9.694177658e-05 -3.533475595e-13 -0.007943499854)
(0.0001053751529 -3.533538479e-13 -0.00794359607)
(0.0001105683277 -3.533576426e-13 -0.007943655319)
(0.0001123218968 -3.533589817e-13 -0.007943675325)
(0.0001105683277 -3.533576426e-13 -0.007943655319)
(0.0001053751529 -3.533538479e-13 -0.00794359607)
(9.694177659e-05 -3.533475595e-13 -0.007943499854)
(8.559240138e-05 -3.533393196e-13 -0.007943370369)
(7.176302398e-05 -3.533289113e-13 -0.007943212589)
(5.598523641e-05 -3.533172019e-13 -0.00794303258)
(3.886548704e-05 -3.533050588e-13 -0.007942837261)
(2.106146696e-05 -3.532920484e-13 -0.007942634135)
(3.257446875e-06 -3.53279038e-13 -0.007942431009)
(-1.38623025e-05 -3.532660275e-13 -0.007942235689)
(-2.964009007e-05 -3.532543182e-13 -0.007942055681)
(-4.346946747e-05 -3.532439098e-13 -0.007941897901)
(-5.481884268e-05 -3.532356699e-13 -0.007941768416)
(-6.325221901e-05 -3.532293815e-13 -0.0079416722)
(-6.844539377e-05 -3.5322537e-13 -0.007941612951)
(-8.283846643e-05 -4.030247839e-13 -0.008964512297)
(-8.104016412e-05 -4.030261368e-13 -0.008964533337)
(-7.571451264e-05 -4.030302567e-13 -0.008964595648)
(-6.706600279e-05 -4.030365451e-13 -0.008964696837)
(-5.542710758e-05 -4.030452187e-13 -0.008964833013)
(-4.124494589e-05 -4.030556271e-13 -0.008964998946)
(-2.506467051e-05 -4.030677701e-13 -0.008965188257)
(-7.508200192e-06 -4.030812142e-13 -0.00896539367)
(1.074999642e-05 -4.03095092e-13 -0.008965607293)
(2.900819304e-05 -4.031089698e-13 -0.008965820916)
(4.656466336e-05 -4.031215466e-13 -0.008966026329)
(6.274493874e-05 -4.031336896e-13 -0.00896621564)
(7.692710043e-05 -4.03144098e-13 -0.008966381573)
(8.856599564e-05 -4.031527716e-13 -0.00896651775)
(9.72145055e-05 -4.031594936e-13 -0.008966618939)
(0.000102540157 -4.031636136e-13 -0.008966681249)
(0.0001043384593 -4.031648789e-13 -0.00896670229)
(0.000102540157 -4.031636136e-13 -0.008966681249)
(9.72145055e-05 -4.031594936e-13 -0.008966618939)
(8.856599565e-05 -4.031527716e-13 -0.00896651775)
(7.692710044e-05 -4.03144098e-13 -0.008966381573)
(6.274493875e-05 -4.031336896e-13 -0.00896621564)
(4.656466337e-05 -4.031215466e-13 -0.008966026329)
(2.900819305e-05 -4.031089698e-13 -0.008965820916)
(1.074999643e-05 -4.03095092e-13 -0.008965607293)
(-7.508200183e-06 -4.030812142e-13 -0.00896539367)
(-2.506467051e-05 -4.030677701e-13 -0.008965188257)
(-4.124494588e-05 -4.030556271e-13 -0.008964998946)
(-5.542710757e-05 -4.030452187e-13 -0.008964833013)
(-6.706600278e-05 -4.030365451e-13 -0.008964696837)
(-7.571451264e-05 -4.030302567e-13 -0.008964595648)
(-8.104016412e-05 -4.030261368e-13 -0.008964533337)
(-9.438184301e-05 -4.547866873e-13 -0.01000515355)
(-9.256769799e-05 -4.547881169e-13 -0.01000517496)
(-8.719512852e-05 -4.5479202e-13 -0.01000523837)
(-7.847042691e-05 -4.547985252e-13 -0.01000534135)
(-6.672899521e-05 -4.548071988e-13 -0.01000547994)
(-5.242189132e-05 -4.548180409e-13 -0.01000564881)
(-3.609907075e-05 -4.548301839e-13 -0.01000584147)
(-1.83879312e-05 -4.54843628e-13 -0.01000605052)
(3.111671409e-08 -4.548575058e-13 -0.01000626793)
(1.845016463e-05 -4.548713836e-13 -0.01000648533)
(3.616130418e-05 -4.548848277e-13 -0.01000669438)
(5.248412475e-05 -4.548969708e-13 -0.01000688704)
(6.679122864e-05 -4.549078128e-13 -0.01000705591)
(7.853266034e-05 -4.549164864e-13 -0.0100071945)
(8.725736195e-05 -4.549234253e-13 -0.01000729748)
(9.262993143e-05 -4.549273284e-13 -0.01000736089)
(9.444407645e-05 -4.549287032e-13 -0.0100073823)
(9.262993143e-05 -4.549273284e-13 -0.01000736089)
(8.725736196e-05 -4.549234253e-13 -0.01000729748)
(7.853266035e-05 -4.549164864e-13 -0.0100071945)
(6.679122865e-05 -4.549078128e-13 -0.01000705591)
(5.248412476e-05 -4.548969708e-13 -0.01000688704)
(3.616130419e-05 -4.548848277e-13 -0.01000669438)
(1.845016464e-05 -4.548713836e-13 -0.01000648533)
(3.111672298e-08 -4.548575058e-13 -0.01000626793)
(-1.838793119e-05 -4.54843628e-13 -0.01000605052)
(-3.609907074e-05 -4.548301839e-13 -0.01000584147)
(-5.242189132e-05 -4.548180409e-13 -0.01000564881)
(-6.67289952e-05 -4.548071988e-13 -0.01000547994)
(-7.847042691e-05 -4.547985252e-13 -0.01000534135)
(-8.719512852e-05 -4.5479202e-13 -0.01000523837)
(-9.256769799e-05 -4.547881169e-13 -0.01000517496)
)
;

boundaryField
{
    left
    {
        type            calculated;
    }
    right
    {
        type            calculated;
    }
    beam
    {
        type            empty;
    }
}


// ************************************************************************* //
