/*--------------------------------*- C++ -*----------------------------------*\
| =========                 |                                                 |
| \\      /  F ield         | foam-extend: Open Source CFD                    |
|  \\    /   O peration     | Version:     4.1                                |
|   \\  /    A nd           | Web:         http://www.foam-extend.org         |
|    \\/     M anipulation  |                                                 |
\*---------------------------------------------------------------------------*/
FoamFile
{
    version     2.0;
    format      ascii;
    class       surfaceTensorField;
    location    "0";
    object      refLambda;
}
// * * * * * * * * * * * * * * * * * * * * * * * * * * * * * * * * * * * * * //

dimensions      [0 0 0 0 0 0 0];

internalField   nonuniform List<tensor> 
799
(
(0.157177 2.06165e-17 -0.98757 -0.0767636 0.996974 -0.0122173 0.984583 0.0777297 0.156701)
(0.157177 4.76573e-17 -0.98757 -0.153063 0.987916 -0.0243607 0.975637 0.154989 0.155277)
(0.157177 -3.30182e-17 -0.98757 -0.228435 0.97288 -0.0363566 0.960788 0.23131 0.152914)
(0.157177 6.8138e-17 -0.98757 -0.302426 0.951957 -0.0481326 0.940124 0.306232 0.149625)
(0.157177 5.41986e-17 -0.98757 -0.374587 0.925273 -0.0596174 0.913772 0.379302 0.145431)
(0.157177 -6.16738e-17 -0.98757 -0.444481 0.892991 -0.0707413 0.881891 0.450075 0.140357)
(0.157177 -8.519e-17 -0.98757 -0.511685 0.855305 -0.0814371 0.844674 0.518125 0.134434)
(0.157177 -7.41341e-17 -0.98757 -0.575793 0.812443 -0.0916403 0.802345 0.58304 0.127697)
(0.157177 -1.14782e-16 -0.98757 -0.636417 0.764666 -0.101289 0.755162 0.644427 0.120188)
(0.157177 -6.58771e-17 -0.98757 -0.69319 0.712261 -0.110325 0.703408 0.701915 0.111951)
(0.157177 1.51694e-16 -0.98757 -0.745768 0.655547 -0.118693 0.647399 0.755155 0.103037)
(0.157177 -3.86258e-17 -0.98757 -0.793834 0.594865 -0.126343 0.587471 0.803826 0.0934989)
(0.157177 9.34276e-18 -0.98757 -0.837098 0.530582 -0.133228 0.523987 0.847634 0.0833952)
(0.157177 -4.71916e-17 -0.98757 -0.875291 0.463097 -0.139307 0.457341 0.886308 0.0727881)
(0.157177 -4.89047e-17 -0.98757 -0.908193 0.392801 -0.144543 0.387919 0.919623 0.0617392)
(0.157177 -1.0279e-17 -0.98757 -0.935599 0.320128 -0.148905 0.316149 0.947374 0.0503167)
(0.157177 1.89244e-17 -0.98757 -0.957343 0.245518 -0.152366 0.242467 0.969392 0.0385898)
(0.157177 2.39843e-17 -0.98757 -0.973292 0.169432 -0.154904 0.167326 0.985542 0.0266308)
(0.157177 -2.19224e-17 -0.98757 -0.983354 0.0923112 -0.156506 0.0911638 0.99573 0.0145092)
(0.157177 -1.65963e-18 -0.98757 -0.987465 0.0146316 -0.15716 0.0144497 0.999893 0.00229975)
(0.157177 1.49902e-18 -0.98757 -0.9856 -0.0631365 -0.156863 -0.0623518 0.998005 -0.00992359)
(0.157177 -3.42632e-18 -0.98757 -0.977773 -0.140513 -0.155617 -0.138766 0.990079 -0.0220853)
(0.157177 2.56178e-17 -0.98757 -0.964028 -0.217049 -0.15343 -0.214351 0.976161 -0.034115)
(0.157177 2.6554e-17 -0.98757 -0.944449 -0.292271 -0.150314 -0.288638 0.956336 -0.0459382)
(0.157177 5.3885e-17 -0.98757 -0.919155 -0.365725 -0.146288 -0.361179 0.930723 -0.0574834)
(0.157177 1.12152e-17 -0.98757 -0.888303 -0.436956 -0.141378 -0.431525 0.899483 -0.0686794)
(0.157177 7.78692e-17 -0.98757 -0.852071 -0.505553 -0.135611 -0.499269 0.862796 -0.0794612)
(0.157177 1.01077e-16 -0.98757 -0.810684 -0.57109 -0.129024 -0.563992 0.820887 -0.0897621)
(0.157177 4.79685e-17 -0.98757 -0.764391 -0.633172 -0.121657 -0.625302 0.774011 -0.0995199)
(0.157177 -8.73712e-17 -0.98757 -0.713479 -0.691414 -0.113554 -0.68282 0.722458 -0.108674)
(0.157177 5.94926e-17 -0.98757 -0.658243 -0.745481 -0.104763 -0.736215 0.666527 -0.117172)
(0.157177 8.30087e-17 -0.98757 -0.599023 -0.795036 -0.0953375 -0.785154 0.606563 -0.124961)
(0.157177 -1.26306e-16 -0.98757 -0.536179 -0.83978 -0.0853356 -0.829342 0.542928 -0.131994)
(0.157177 1.07471e-17 -0.98757 -0.470099 -0.879437 -0.0748186 -0.868506 0.476016 -0.138227)
(0.157177 5.99607e-17 -0.98757 -0.401166 -0.913778 -0.0638475 -0.90242 0.406215 -0.143625)
(0.157177 3.74555e-17 -0.98757 -0.329805 -0.942589 -0.0524901 -0.930873 0.333956 -0.148153)
(0.157177 -4.04885e-18 -0.98757 -0.256448 -0.965696 -0.040815 -0.953693 0.259676 -0.151785)
(0.157177 4.68779e-17 -0.98757 -0.181549 -0.982957 -0.0288944 -0.97074 0.183834 -0.154498)
(0.157177 2.3556e-17 -0.98757 -0.105542 -0.994273 -0.0167975 -0.981915 0.10687 -0.156277)
(0.157177 4.14658e-18 -0.98757 -0.0288964 -0.999572 -0.004599 -0.987148 0.0292601 -0.157109)
(0.157177 -1.86879e-18 -0.98757 0.0479242 -0.998822 0.00762737 -0.986407 -0.0485274 -0.156992)
(0.157177 -2.61257e-17 -0.98757 0.124445 -0.992029 0.0198061 -0.979698 -0.126011 -0.155924)
(0.157177 -2.74106e-17 -0.98757 0.200223 -0.979232 0.0318664 -0.967061 -0.202743 -0.153912)
(0.157177 -1.00449e-17 -0.98757 0.274789 -0.96051 0.043734 -0.948571 -0.278247 -0.15097)
(0.157177 -9.59371e-17 -0.98757 0.347692 -0.935975 0.0553368 -0.924341 -0.352068 -0.147113)
(0.157177 1.71316e-17 -0.98757 0.418482 -0.90578 0.0666034 -0.894521 -0.423749 -0.142367)
(0.157177 8.09771e-18 -0.98757 0.486749 -0.8701 0.0774685 -0.859285 -0.492875 -0.136759)
(0.157177 1.48577e-16 -0.98757 0.55207 -0.829155 0.0878647 -0.818849 -0.559018 -0.130324)
(0.157177 -9.88953e-17 -0.98757 0.614051 -0.783193 0.0977292 -0.773458 -0.621779 -0.1231)
(0.157177 1.41734e-17 -0.98757 0.672308 -0.732498 0.107001 -0.723393 -0.68077 -0.115132)
(0.157177 1.46864e-16 -0.98757 0.726505 -0.677363 0.115627 -0.668944 -0.735649 -0.106466)
(0.157177 1.24506e-18 -0.98757 0.776305 -0.61813 0.123553 -0.610447 -0.786076 -0.0971557)
(0.157177 -4.2829e-17 -0.98757 0.821408 -0.555157 0.130731 -0.548256 -0.831746 -0.0872577)
(0.157177 1.13846e-16 -0.98757 0.861535 -0.488832 0.137117 -0.482756 -0.872378 -0.076833)
(0.157177 1.0014e-16 -0.98757 0.896454 -0.419541 0.142675 -0.414327 -0.907736 -0.0659421)
(0.157177 7.78885e-18 -0.98757 0.925948 -0.347712 0.147369 -0.34339 -0.937602 -0.0546522)
(0.157177 -3.85461e-17 -0.98757 0.949838 -0.273778 0.151171 -0.270375 -0.961793 -0.0430315)
(0.157177 -1.53388e-17 -0.98757 0.967979 -0.198197 0.154059 -0.195733 -0.980162 -0.0311519)
(0.157177 2.39843e-17 -0.98757 0.980265 -0.121407 0.156014 -0.119898 -0.992603 -0.0190823)
(0.157177 3.48122e-18 -0.98757 0.986619 -0.0438823 0.157025 -0.0433368 -0.999037 -0.00689727)
(0.157177 1.65414e-17 -0.98757 0.987003 0.0339078 0.157086 0.0334863 -0.999425 0.00532952)
(0.157177 -5.56778e-18 -0.98757 0.981414 0.111483 0.156197 0.110097 -0.993766 0.0175225)
(0.157177 1.87652e-17 -0.98757 0.969887 0.188393 0.154362 0.186052 -0.982094 0.029611)
(0.157177 4.36856e-17 -0.98757 0.95249 0.264163 0.151593 0.26088 -0.964478 0.0415203)
(0.157177 5.13949e-18 -0.98757 0.929329 0.338335 0.147907 0.33413 -0.941026 0.0531784)
(0.157177 -1.05439e-16 -0.98757 0.900549 0.41045 0.143327 0.405349 -0.911883 0.0645133)
(0.157177 1.71316e-17 -0.98757 0.866315 0.480091 0.137878 0.474124 -0.877219 0.0754592)
(0.157177 -1.17431e-16 -0.98757 0.826839 0.546827 0.131596 0.54003 -0.837246 0.0859484)
(0.157177 4.89047e-17 -0.98757 0.78236 0.610253 0.124516 0.602668 -0.792207 0.0959176)
(0.157177 1.05748e-16 -0.98757 0.733152 0.669979 0.116685 0.661652 -0.74238 0.105305)
(0.157177 3.98708e-17 -0.98757 0.679502 0.725659 0.108146 0.716639 -0.688055 0.114057)
(0.157177 -2.00898e-17 -0.98757 0.621741 0.776947 0.0989531 0.76729 -0.629566 0.122118)
(0.157177 -2.22711e-17 -0.98757 0.560216 0.823534 0.0891612 0.813298 -0.567267 0.12944)
(0.157177 2.39843e-17 -0.98757 0.49531 0.865132 0.0788311 0.854379 -0.501544 0.135979)
(0.157177 5.65343e-17 -0.98757 0.427399 0.901501 0.0680226 0.890295 -0.432778 0.141695)
(0.157177 3.87802e-17 -0.98757 0.356901 0.932414 0.0568026 0.920824 -0.361393 0.146554)
(0.157177 -1.11356e-17 -0.98757 0.284243 0.957684 0.0452387 0.945781 -0.287821 0.150526)
(0.157177 -5.91041e-17 -0.98757 0.209875 0.977157 0.0334027 0.965012 -0.212517 0.153586)
(0.157177 -5.99607e-18 -0.98757 0.134228 0.99072 0.021363 0.978406 -0.135917 0.155718)
(0.157177 -2.27579e-17 -0.98757 0.057768 0.998288 0.00919407 0.985879 -0.0584951 0.156908)
(0.157177 -1.04147e-18 -0.98757 -0.0190413 0.999814 -0.00303052 0.987387 0.019281 0.157148)
(0.157177 -2.56974e-18 -0.98757 -0.0957258 0.995291 -0.0152352 0.98292 0.0969306 0.156437)
(0.157177 1.09015e-17 -0.98757 -0.171841 0.984745 -0.0273493 0.972505 0.174003 0.154779)
(0.157177 -1.88448e-17 -0.98757 -0.246916 0.96824 -0.0392978 0.956205 0.250023 0.152185)
(0.157177 1.1268e-16 -0.98757 -0.320496 0.945875 -0.0510086 0.934119 0.32453 0.14867)
(0.157177 -2.11805e-17 -0.98757 -0.392129 0.917791 -0.0624092 0.906383 0.397064 0.144255)
(0.157177 1.42661e-16 -0.98757 -0.461398 0.884149 -0.0734337 0.87316 0.467205 0.138968)
(0.157177 -2.69425e-17 -0.98757 -0.527874 0.845157 -0.0840138 0.834652 0.534518 0.132839)
(0.157177 -3.94027e-17 -0.98757 -0.591156 0.801051 -0.0940854 0.791094 0.598596 0.125907)
(0.157177 7.66242e-17 -0.98757 -0.650854 0.752103 -0.103587 0.742755 0.659045 0.118213)
(0.157177 1.0279e-17 -0.98757 -0.70662 0.698599 -0.112462 0.689915 0.715514 0.109803)
(0.157177 -9.76502e-17 -0.98757 -0.758111 0.640866 -0.120657 0.632901 0.767652 0.100729)
(0.157177 -5.40442e-17 -0.98757 -0.805014 0.579256 -0.128122 0.572056 0.815146 0.0910456)
(0.157177 1.49981e-16 -0.98757 -0.84704 0.514149 -0.134811 0.507758 0.857701 0.0808122)
(0.157177 -9.34469e-17 -0.98757 -0.883946 0.445922 -0.140684 0.440379 0.895072 0.0700886)
(0.157177 9.17338e-17 -0.98757 -0.915504 0.374997 -0.145707 0.370336 0.927026 0.0589408)
(0.157177 9.77298e-17 -0.98757 -0.941521 0.301803 -0.149848 0.298051 0.95337 0.0474363)
(0.157177 -6.00403e-17 -0.98757 -0.961838 0.226791 -0.153081 0.223973 0.973943 0.0356463)
(0.157177 4.70323e-17 -0.98757 -0.976337 0.150398 -0.155389 0.148529 0.988625 0.0236391)
(0.157177 -4.41742e-18 -0.98757 -0.984929 0.0730954 -0.156756 0.0721868 0.997325 0.0114889)
(0.157177 -3.63979e-18 -0.98757 -0.98756 -0.00465004 -0.157175 -0.00459225 0.999989 -0.000730879)
(0.157177 1.01993e-17 -0.98757 -0.984216 -0.0823575 -0.156643 -0.0813338 0.996603 -0.0129447)
(0.157177 -2.39046e-17 -0.98757 -0.974915 -0.159576 -0.155163 -0.157593 0.987186 -0.0250817)
(0.157177 2.29684e-17 -0.98757 -0.959715 -0.23583 -0.152743 -0.232898 0.971794 -0.0370669)
(0.157177 5.48212e-17 -0.98757 -0.938708 -0.310656 -0.1494 -0.306795 0.950522 -0.0488279)
(0.157177 1.19921e-17 -0.98757 -0.912024 -0.383593 -0.145153 -0.378825 0.923502 -0.0602919)
(0.157177 2.74106e-17 -0.98757 -0.879817 -0.454218 -0.140027 -0.448572 0.890891 -0.0713925)
(0.157177 -7.02396e-17 -0.98757 -0.842287 -0.522095 -0.134054 -0.515605 0.852888 -0.0820611)
(0.157177 -7.70923e-17 -0.98757 -0.799659 -0.586812 -0.12727 -0.579518 0.809723 -0.0922331)
(0.157177 8.519e-17 -0.98757 -0.752192 -0.647978 -0.119715 -0.639924 0.761659 -0.101847)
(0.157177 1.19921e-17 -0.98757 -0.70018 -0.705216 -0.111437 -0.69645 0.708993 -0.110843)
(0.157177 1.37053e-16 -0.98757 -0.643925 -0.758193 -0.102484 -0.748769 0.65203 -0.11917)
(0.157177 -3.1305e-17 -0.98757 -0.583773 -0.806583 -0.0929104 -0.796558 0.591121 -0.126776)
(0.157177 -2.1803e-17 -0.98757 -0.520097 -0.850086 -0.0827761 -0.83952 0.526643 -0.133614)
(0.157177 -1.54185e-17 -0.98757 -0.453266 -0.888451 -0.0721395 -0.877408 0.458971 -0.139644)
(0.157177 8.69031e-17 -0.98757 -0.383692 -0.92144 -0.0610664 -0.909987 0.388521 -0.144829)
(0.157177 -6.48661e-17 -0.98757 -0.311795 -0.948853 -0.0496238 -0.937059 0.31572 -0.149138)
(0.157177 -4.66438e-17 -0.98757 -0.238022 -0.970521 -0.0378823 -0.958458 0.241017 -0.152543)
(0.157177 -2.53862e-17 -0.98757 -0.162799 -0.986319 -0.0259102 -0.97406 0.164848 -0.155026)
(0.157177 8.95187e-19 -0.98757 -0.0865902 -0.996149 -0.0137813 -0.983767 0.08768 -0.156571)
(0.157177 -2.26798e-18 -0.98757 -0.00985783 -0.99995 -0.00156892 -0.987521 0.0099819 -0.157169)
(0.157177 -1.49902e-17 -0.98757 0.0669245 -0.997701 0.0106514 -0.9853 -0.0677668 -0.156815)
(0.157177 -8.9941e-18 -0.98757 0.143312 -0.989415 0.0228087 -0.977117 -0.145115 -0.155513)
(0.157177 -2.85012e-17 -0.98757 0.218831 -0.975141 0.0348281 -0.96302 -0.221586 -0.153269)
(0.157177 6.3387e-17 -0.98757 0.293027 -0.954966 0.0466367 -0.943096 -0.296715 -0.150098)
(0.157177 -8.73712e-17 -0.98757 0.36544 -0.929016 0.0581616 -0.917469 -0.37004 -0.14602)
(0.157177 -7.88054e-17 -0.98757 0.435643 -0.897445 0.0693347 -0.886291 -0.441125 -0.141058)
(0.157177 -3.08369e-17 -0.98757 0.503226 -0.860435 0.0800909 -0.849741 -0.50956 -0.13524)
(0.157177 6.85265e-18 -0.98757 0.567764 -0.818217 0.0903624 -0.808047 -0.574909 -0.128605)
(0.157177 -5.3108e-17 -0.98757 0.628865 -0.771046 0.100087 -0.761462 -0.636779 -0.12119)
(0.157177 -5.26399e-17 -0.98757 0.686159 -0.719208 0.109206 -0.710269 -0.694795 -0.113043)
(0.157177 -2.99007e-17 -0.98757 0.739235 -0.66309 0.117653 -0.654849 -0.748539 -0.104222)
(0.157177 -1.35649e-16 -0.98757 0.787907 -0.602891 0.125399 -0.595397 -0.797824 -0.0947604)
(0.157177 8.56581e-17 -0.98757 0.83181 -0.539042 0.132387 -0.532342 -0.842279 -0.0847248)
(0.157177 1.13069e-16 -0.98757 0.870678 -0.47193 0.138573 -0.466064 -0.881636 -0.0741764)
(0.157177 1.18985e-16 -0.98757 0.904276 -0.401961 0.14392 -0.396965 -0.915657 -0.0631789)
(0.157177 -1.28487e-17 -0.98757 0.9324 -0.32956 0.148396 -0.325463 -0.944135 -0.0517991)
(0.157177 -1.79882e-17 -0.98757 0.95488 -0.255163 0.151974 -0.251992 -0.966898 -0.0401057)
(0.157177 -1.11356e-17 -0.98757 0.97158 -0.179222 0.154632 -0.176995 -0.983809 -0.0281696)
(0.157177 -2.41049e-18 -0.98757 0.98239 -0.102295 0.156352 -0.101024 -0.994754 -0.0160784)
(0.157177 -5.62809e-19 -0.98757 0.98727 -0.0246512 0.157129 -0.0243448 -0.999696 -0.00387459)
(0.157177 -4.49705e-18 -0.98757 0.986175 0.0531418 0.156955 0.0524813 -0.998587 0.00835266)
(0.157177 5.6474e-18 -0.98757 0.97911 0.130613 0.15583 0.12899 -0.991433 0.0205293)
(0.157177 4.2829e-18 -0.98757 0.966119 0.207294 0.153763 0.204717 -0.978279 0.0325818)
(0.157177 -7.2889e-17 -0.98757 0.94728 0.28272 0.150764 0.279206 -0.959203 0.044437)
(0.157177 6.51001e-17 -0.98757 0.922707 0.356435 0.146853 0.352004 -0.93432 0.0560232)
(0.157177 -1.19921e-17 -0.98757 0.892549 0.427992 0.142054 0.422672 -0.903783 0.0672704)
(0.157177 -2.56974e-17 -0.98757 0.857037 0.496873 0.136402 0.490697 -0.867823 0.0780968)
(0.157177 2.39843e-17 -0.98757 0.816295 0.562835 0.129917 0.55584 -0.826569 0.0884646)
(0.157177 5.82475e-17 -0.98757 0.770613 0.625391 0.122647 0.617618 -0.780312 0.0982969)
(0.157177 9.34469e-17 -0.98757 0.720266 0.684161 0.114634 0.675657 -0.729331 0.107534)
(0.157177 -1.19921e-17 -0.98757 0.665559 0.73879 0.105927 0.729608 -0.673935 0.116121)
(0.157177 1.71316e-18 -0.98757 0.606823 0.788947 0.0965789 0.779141 -0.614461 0.124004)
(0.157177 5.43531e-17 -0.98757 0.544415 0.834329 0.0866463 0.823959 -0.551267 0.131137)
(0.157177 -1.37989e-16 -0.98757 0.478711 0.874661 0.0761892 0.863789 -0.484736 0.137476)
(0.157177 2.74106e-17 -0.98757 0.410198 0.909657 0.065285 0.89835 -0.415361 0.142977)
(0.157177 -5.07723e-17 -0.98757 0.339117 0.939195 0.0539721 0.927521 -0.343385 0.14762)
(0.157177 -1.20389e-16 -0.98757 0.265983 0.963048 0.0423325 0.951078 -0.269331 0.151369)
(0.157177 6.54138e-18 -0.98757 0.191239 0.981071 0.0304367 0.968877 -0.193646 0.154202)
(0.157177 -2.70993e-17 -0.98757 0.115338 0.993157 0.0183566 0.980812 -0.11679 0.156101)
(0.157177 6.10314e-18 -0.98757 0.0387388 0.99923 0.00616547 0.98681 -0.0392264 0.157056)
(0.157177 1.24789e-17 -0.98757 -0.0380951 0.999256 -0.00606302 0.986835 0.0385745 0.15706)
(0.157177 -1.6275e-17 -0.98757 -0.114698 0.993233 -0.0182548 0.980887 0.116142 0.156113)
(0.157177 -2.56974e-17 -0.98757 -0.190512 0.981217 -0.0303209 0.969021 0.192909 0.154224)
(0.157177 -6.98512e-17 -0.98757 -0.265269 0.96325 -0.0422188 0.951277 0.268607 0.1514)
(0.157177 -4.51696e-18 -0.98757 -0.33842 0.939452 -0.0538612 0.927775 0.342679 0.14766)
(0.157177 -9.76502e-17 -0.98757 -0.409523 0.909969 -0.0651776 0.898658 0.414677 0.143026)
(0.157177 -8.05186e-17 -0.98757 -0.478147 0.874977 -0.0760995 0.864101 0.484165 0.137526)
(0.157177 4.67235e-17 -0.98757 -0.543877 0.834689 -0.0865607 0.824314 0.550722 0.131194)
(0.157177 -2.27392e-17 -0.98757 -0.606315 0.789348 -0.096498 0.779537 0.613946 0.124067)
(0.157177 4.79685e-17 -0.98757 -0.665083 0.73923 -0.105851 0.730042 0.673453 0.11619)
(0.157177 1.18676e-16 -0.98757 -0.719758 0.684709 -0.114553 0.676198 0.728817 0.10762)
(0.157177 -1.71316e-17 -0.98757 -0.770149 0.625977 -0.122573 0.618196 0.779842 0.098389)
(0.157177 1.06375e-16 -0.98757 -0.815878 0.563456 -0.129851 0.556452 0.826146 0.0885622)
(0.157177 9.15745e-17 -0.98757 -0.856668 0.497524 -0.136343 0.49134 0.86745 0.0781993)
(0.157177 1.07929e-16 -0.98757 -0.892273 0.428581 -0.14201 0.423254 0.903503 0.067363)
(0.157177 -7.02396e-17 -0.98757 -0.922477 0.357044 -0.146817 0.352606 0.934088 0.056119)
(0.157177 5.3108e-17 -0.98757 -0.947098 0.283346 -0.150735 0.279824 0.959018 0.0445353)
(0.157177 -4.6335e-17 -0.98757 -0.965985 0.207932 -0.153741 0.205348 0.978143 0.0326821)
(0.157177 1.58467e-17 -0.98757 -0.979013 0.131358 -0.155815 0.129725 0.991335 0.0206464)
(0.157177 1.15638e-17 -0.98757 -0.986135 0.0538918 -0.156948 0.053222 0.998547 0.00847054)
(0.157177 0 -0.98757 -0.987288 -0.0239003 -0.157132 -0.0236033 0.999714 -0.00375658)
(0.157177 5.99607e-18 -0.98757 -0.982465 -0.101548 -0.156364 -0.100286 0.994831 -0.015961)
(0.157177 2.05579e-17 -0.98757 -0.971696 -0.178581 -0.15465 -0.176361 0.983925 -0.0280687)
(0.157177 -8.48618e-18 -0.98757 -0.955044 -0.254533 -0.152 -0.251369 0.967064 -0.0400066)
(0.157177 7.45225e-17 -0.98757 -0.932612 -0.328944 -0.14843 -0.324855 0.94435 -0.0517023)
(0.157177 4.09566e-17 -0.98757 -0.904534 -0.401364 -0.143961 -0.396375 0.915919 -0.0630851)
(0.157177 8.90844e-17 -0.98757 -0.871028 -0.471267 -0.138628 -0.46541 0.88199 -0.0740723)
(0.157177 -2.05579e-17 -0.98757 -0.83221 -0.538409 -0.13245 -0.531717 0.842684 -0.0846253)
(0.157177 -3.08369e-17 -0.98757 -0.788354 -0.602291 -0.12547 -0.594805 0.798276 -0.0946662)
(0.157177 1.66635e-17 -0.98757 -0.739727 -0.662528 -0.117731 -0.654293 0.749037 -0.104134)
(0.157177 9.76502e-17 -0.98757 -0.686622 -0.718755 -0.109279 -0.709821 0.695264 -0.112971)
(0.157177 9.03295e-17 -0.98757 -0.629361 -0.770631 -0.100166 -0.761052 0.637282 -0.121125)
(0.157177 8.09867e-17 -0.98757 -0.568291 -0.817842 -0.0904463 -0.807676 0.575443 -0.128546)
(0.157177 8.22318e-17 -0.98757 -0.50378 -0.860103 -0.0801791 -0.849412 0.510121 -0.135188)
(0.157177 5.48212e-17 -0.98757 -0.436308 -0.897114 -0.0694406 -0.885963 0.441799 -0.141005)
(0.157177 -1.54185e-17 -0.98757 -0.366111 -0.928745 -0.0582684 -0.917201 0.370719 -0.145977)
(0.157177 4.00252e-17 -0.98757 -0.293698 -0.954755 -0.0467435 -0.942888 0.297394 -0.150065)
(0.157177 -9.65596e-17 -0.98757 -0.219507 -0.974985 -0.0349356 -0.962867 0.22227 -0.153245)
(0.157177 -3.85461e-17 -0.98757 -0.143987 -0.989314 -0.0229163 -0.977017 0.1458 -0.155497)
(0.157177 -2.33418e-17 -0.98757 -0.0675964 -0.997655 -0.0107583 -0.985254 0.0684471 -0.156808)
(0.157177 1.33841e-18 -0.98757 0.0092039 -0.999957 0.00146485 -0.987528 -0.00931974 -0.15717)
(0.157177 -8.56581e-18 -0.98757 0.0859484 -0.996206 0.0136791 -0.983823 -0.0870302 -0.15658)
(0.157177 -5.45075e-18 -0.98757 0.162077 -0.986441 0.0257953 -0.97418 -0.164116 -0.155046)
(0.157177 1.11356e-17 -0.98757 0.237321 -0.970697 0.0377708 -0.958631 -0.240308 -0.152571)
(0.157177 -2.93578e-17 -0.98757 0.311128 -0.949077 0.0495176 -0.93728 -0.315044 -0.149173)
(0.157177 -3.94027e-17 -0.98757 0.383053 -0.921712 0.0609648 -0.910256 -0.387874 -0.144872)
(0.157177 -3.37951e-17 -0.98757 0.452659 -0.888769 0.0720429 -0.877722 -0.458356 -0.139694)
(0.157177 9.71821e-17 -0.98757 0.519525 -0.850445 0.0826849 -0.839875 -0.526063 -0.13367)
(0.157177 -1.16963e-16 -0.98757 0.583246 -0.806974 0.0928265 -0.796944 -0.590587 -0.126838)
(0.157177 2.61655e-17 -0.98757 0.643437 -0.758619 0.102406 -0.749189 -0.651535 -0.119237)
(0.157177 -3.37951e-17 -0.98757 0.699664 -0.705741 0.111355 -0.696969 -0.70847 -0.110926)
(0.157177 -7.58472e-17 -0.98757 0.75173 -0.648527 0.119642 -0.640466 -0.761192 -0.101933)
(0.157177 -7.6296e-18 -0.98757 0.799246 -0.587388 0.127204 -0.580087 -0.809306 -0.0923237)
(0.157177 5.21718e-17 -0.98757 0.841925 -0.522693 0.133996 -0.516196 -0.852521 -0.0821552)
(0.157177 1.48268e-16 -0.98757 0.879507 -0.454834 0.139978 -0.449181 -0.890576 -0.0714894)
(0.157177 1.14782e-16 -0.98757 0.911765 -0.384223 0.145112 -0.379447 -0.92324 -0.0603909)
(0.157177 -1.36257e-17 -0.98757 0.938505 -0.311285 0.149368 -0.307416 -0.950317 -0.0489268)
(0.157177 -3.42632e-17 -0.98757 0.959563 -0.236464 0.152719 -0.233524 -0.97164 -0.0371666)
(0.157177 1.46415e-17 -0.98757 0.974814 -0.160211 0.155146 -0.158219 -0.987083 -0.0251814)
(0.157177 -3.77499e-18 -0.98757 0.984156 -0.0830863 0.156633 -0.0820536 -0.996542 -0.0130592)
(0.157177 7.94878e-18 -0.98757 0.987556 -0.0053616 0.157174 -0.00529496 -0.999986 -0.00084272)
(0.157177 7.70923e-18 -0.98757 0.984979 0.0723955 0.156764 0.0714957 -0.997376 0.0113789)
(0.157177 2.69823e-17 -0.98757 0.97644 0.149714 0.155405 0.147854 -0.988729 0.0235316)
(0.157177 1.12152e-17 -0.98757 0.96199 0.226127 0.153106 0.223317 -0.974098 0.0355419)
(0.157177 -5.83681e-18 -0.98757 0.941718 0.301171 0.149879 0.297428 -0.95357 0.0473371)
(0.157177 3.17731e-17 -0.98757 0.915745 0.374392 0.145745 0.369739 -0.92727 0.0588457)
(0.157177 7.2889e-17 -0.98757 0.884273 0.445259 0.140736 0.439724 -0.895402 0.0699843)
(0.157177 -8.41042e-17 -0.98757 0.847411 0.513521 0.13487 0.507138 -0.858077 0.0807136)
(0.157177 3.69126e-17 -0.98757 0.805421 0.578676 0.128187 0.571483 -0.815558 0.0909544)
(0.157177 6.38454e-18 -0.98757 0.758555 0.640328 0.120728 0.632369 -0.768102 0.100645)
(0.157177 4.3606e-17 -0.98757 0.707097 0.698103 0.112538 0.689426 -0.715997 0.109726)
(0.157177 4.20328e-18 -0.98757 0.65136 0.751654 0.103667 0.742311 -0.659558 0.118142)
(0.157177 2.69425e-17 -0.98757 0.59168 0.800654 0.0941688 0.790702 -0.599127 0.125844)
(0.157177 -5.91644e-18 -0.98757 0.528418 0.844808 0.0841004 0.834308 -0.535069 0.132784)
(0.157177 8.95525e-17 -0.98757 0.462045 0.883803 0.0735367 0.872817 -0.46786 0.138913)
(0.157177 1.24602e-17 -0.98757 0.392792 0.9175 0.0625147 0.906096 -0.397735 0.14421)
(0.157177 7.24209e-17 -0.98757 0.321161 0.945644 0.0511144 0.93389 -0.325203 0.148633)
(0.157177 -6.96171e-17 -0.98757 0.247587 0.968064 0.0394046 0.956032 -0.250703 0.152157)
(0.157177 4.62554e-17 -0.98757 0.172513 0.984624 0.0274564 0.972386 -0.174685 0.15476)
(0.157177 -8.9941e-18 -0.98757 0.096396 0.995225 0.0153419 0.982855 -0.0976093 0.156426)
(0.157177 -3.81571e-18 -0.98757 0.0196952 0.999801 0.00313458 0.987374 -0.0199431 0.157145)
(0.157177 -1.0396e-17 -0.98757 -0.0571249 0.998326 -0.00909171 0.985917 0.0578439 0.156914)
(0.157177 -2.98633e-17 -0.98757 -0.133503 0.990821 -0.0212476 0.978505 0.135183 0.155734)
(0.157177 4.39197e-17 -0.98757 -0.20917 0.977313 -0.0332904 0.965165 0.211802 0.153611)
(0.157177 -1.00449e-17 -0.98757 -0.28357 0.957889 -0.0451316 0.945983 0.287139 0.150558)
(0.157177 -6.3387e-17 -0.98757 -0.356255 0.932667 -0.0566997 0.921074 0.360739 0.146594)
(0.157177 1.21634e-16 -0.98757 -0.426783 0.9018 -0.0679246 0.890591 0.432154 0.141742)
(0.157177 -7.66242e-17 -0.98757 -0.494727 0.865474 -0.0787383 0.854716 0.500954 0.136032)
(0.157177 -1.54185e-17 -0.98757 -0.559678 0.823909 -0.0890754 0.813669 0.566722 0.129499)
(0.157177 -1.96217e-17 -0.98757 -0.62124 0.777358 -0.0988734 0.767696 0.629059 0.122183)
(0.157177 -8.34768e-17 -0.98757 -0.678971 0.726169 -0.108062 0.717143 0.687517 0.114137)
(0.157177 -5.1863e-17 -0.98757 -0.732668 0.670522 -0.116608 0.662188 0.74189 0.10539)
(0.157177 -6.77495e-17 -0.98757 -0.781931 0.610817 -0.124448 0.603224 0.791772 0.0960062)
(0.157177 1.49204e-16 -0.98757 -0.82646 0.547414 -0.131535 0.54061 0.836862 0.0860407)
(0.157177 1.17431e-16 -0.98757 -0.865987 0.480698 -0.137826 0.474723 0.876886 0.0755545)
(0.157177 -5.82475e-17 -0.98757 -0.900272 0.411072 -0.143283 0.405963 0.911603 0.064611)
(0.157177 -3.94027e-17 -0.98757 -0.929108 0.338958 -0.147872 0.334745 0.940801 0.0532763)
(0.157177 -5.14745e-17 -0.98757 -0.95232 0.264793 -0.151566 0.261501 0.964305 0.0416192)
(0.157177 -4.2829e-18 -0.98757 -0.969749 0.189121 -0.15434 0.18677 0.981954 0.0297254)
(0.157177 -1.58467e-17 -0.98757 -0.981334 0.11221 -0.156184 0.110815 0.993685 0.0176367)
(0.157177 -3.64047e-18 -0.98757 -0.986979 0.034619 -0.157083 0.0341887 0.999401 0.00544129)
(0.157177 6.71813e-18 -0.98757 -0.986649 -0.0431812 -0.15703 -0.0426445 0.999067 -0.00678709)
(0.157177 2.18428e-17 -0.98757 -0.980348 -0.12072 -0.156027 -0.11922 0.992687 -0.0189744)
(0.157177 3.6833e-17 -0.98757 -0.968113 -0.197528 -0.15408 -0.195073 0.980297 -0.0310468)
(0.157177 6.15942e-17 -0.98757 -0.950017 -0.273141 -0.1512 -0.269746 0.961974 -0.0429314)
(0.157177 4.03389e-17 -0.98757 -0.926171 -0.3471 -0.147405 -0.342786 0.937828 -0.054556)
(0.157177 3.76896e-17 -0.98757 -0.89676 -0.418868 -0.142724 -0.413662 0.908047 -0.0658364)
(0.157177 -4.53192e-17 -0.98757 -0.861887 -0.488194 -0.137174 -0.482126 0.872735 -0.0767327)
(0.157177 3.42632e-17 -0.98757 -0.821797 -0.554565 -0.130793 -0.547672 0.832141 -0.0871647)
(0.157177 5.09267e-17 -0.98757 -0.776733 -0.617579 -0.123621 -0.609902 0.786509 -0.097069)
(0.157177 6.51001e-17 -0.98757 -0.726967 -0.676854 -0.1157 -0.668441 0.736117 -0.106386)
(0.157177 -1.5029e-16 -0.98757 -0.672801 -0.732033 -0.10708 -0.722934 0.681269 -0.115059)
(0.157177 7.70923e-17 -0.98757 -0.614563 -0.782781 -0.0978107 -0.773051 0.622297 -0.123035)
(0.157177 2.22711e-17 -0.98757 -0.552604 -0.82879 -0.0879497 -0.818489 0.559559 -0.130267)
(0.157177 4.84366e-17 -0.98757 -0.487385 -0.869735 -0.0775698 -0.858924 0.49352 -0.136702)
(0.157177 -1.19921e-17 -0.98757 -0.419136 -0.90547 -0.0667075 -0.894215 0.424411 -0.142319)
(0.157177 2.632e-17 -0.98757 -0.348349 -0.935724 -0.0554415 -0.924093 0.352734 -0.147074)
(0.157177 1.71316e-18 -0.98757 -0.275454 -0.960314 -0.0438399 -0.948378 0.278921 -0.150939)
(0.157177 -2.48408e-17 -0.98757 -0.200892 -0.979092 -0.0319729 -0.966922 0.20342 -0.15389)
(0.157177 2.01297e-17 -0.98757 -0.125113 -0.991943 -0.0199124 -0.979613 0.126688 -0.15591)
(0.157177 9.79217e-18 -0.98757 -0.0485774 -0.998789 -0.00773133 -0.986375 0.0491888 -0.156986)
(0.157177 -5.53852e-18 -0.98757 0.0282524 -0.999591 0.00449652 -0.987166 -0.028608 -0.157112)
(0.157177 -1.15638e-17 -0.98757 0.104814 -0.994352 0.0166817 -0.981993 -0.106133 -0.156289)
(0.157177 -1.57297e-17 -0.98757 0.180839 -0.983091 0.0287814 -0.970872 -0.183115 -0.154519)
(0.157177 -1.6275e-17 -0.98757 0.255769 -0.96588 0.040707 -0.953875 -0.258989 -0.151814)
(0.157177 9.33673e-17 -0.98757 0.329152 -0.942823 0.0523861 -0.931104 -0.333294 -0.14819)
(0.157177 -2.69425e-17 -0.98757 0.400541 -0.914058 0.0637481 -0.902697 -0.405582 -0.143669)
(0.157177 -2.69425e-17 -0.98757 0.469507 -0.879761 0.0747243 -0.868826 -0.475416 -0.138278)
(0.157177 -5.60662e-17 -0.98757 0.53563 -0.840139 0.0852481 -0.829696 -0.542371 -0.13205)
(0.157177 -3.72215e-17 -0.98757 0.598511 -0.795431 0.095256 -0.785544 -0.606044 -0.125023)
(0.157177 -5.26399e-17 -0.98757 0.657697 -0.745975 0.104676 -0.736702 -0.665975 -0.11725)
(0.157177 4.67235e-17 -0.98757 0.712979 -0.691943 0.113474 -0.683342 -0.721953 -0.108757)
(0.157177 -3.42632e-18 -0.98757 0.763946 -0.633722 0.121586 -0.625846 -0.773561 -0.0996064)
(0.157177 -3.50402e-17 -0.98757 0.810288 -0.571666 0.128961 -0.564561 -0.820486 -0.0898526)
(0.157177 -4.54784e-17 -0.98757 0.851726 -0.50615 0.135556 -0.499859 -0.862446 -0.079555)
(0.157177 -8.73712e-17 -0.98757 0.888008 -0.43757 0.141331 -0.432131 -0.899184 -0.0687758)
(0.157177 -4.11159e-17 -0.98757 0.918915 -0.366341 0.14625 -0.361788 -0.930481 -0.0575803)
(0.157177 -2.30481e-17 -0.98757 0.94426 -0.292895 0.150284 -0.289254 -0.956145 -0.0460362)
(0.157177 -2.90441e-17 -0.98757 0.963868 -0.217772 0.153404 -0.215065 -0.976 -0.0342287)
(0.157177 -3.88948e-17 -0.98757 0.977671 -0.141237 0.155601 -0.139481 -0.989976 -0.0221991)
(0.157177 -8.9941e-18 -0.98757 0.985556 -0.0638467 0.156856 -0.0630531 -0.99796 -0.0100352)
(0.157177 -1.28487e-18 -0.98757 0.987475 0.01393 0.157161 0.0137568 -0.999903 0.00218947)
(0.157177 -7.86848e-18 -0.98757 0.983417 0.0916223 0.156516 0.0904835 -0.995794 0.0144009)
(0.157177 -2.56974e-17 -0.98757 0.973406 0.16876 0.154922 0.166662 -0.985657 0.0265252)
(0.157177 2.9283e-17 -0.98757 0.957503 0.244876 0.152391 0.241833 -0.969554 0.0384889)
(0.157177 -2.82672e-17 -0.98757 0.935805 0.31951 0.148938 0.315539 -0.947583 0.0502196)
(0.157177 3.94027e-17 -0.98757 0.90848 0.392119 0.144589 0.387246 -0.919914 0.0616321)
(0.157177 -1.06216e-16 -0.98757 0.875625 0.462449 0.13936 0.456701 -0.886646 0.0726862)
(0.157177 1.15559e-16 -0.98757 0.837471 0.529979 0.133288 0.523391 -0.848011 0.0833003)
(0.157177 2.99007e-17 -0.98757 0.794246 0.594301 0.126408 0.586914 -0.804243 0.0934103)
(0.157177 9.98315e-17 -0.98757 0.746215 0.655026 0.118764 0.646884 -0.755607 0.102955)
(0.157177 -5.70024e-17 -0.98757 0.693666 0.711786 0.1104 0.702939 -0.702397 0.111876)
(0.157177 9.03295e-17 -0.98757 0.636919 0.764237 0.101369 0.754738 -0.644935 0.12012)
(0.157177 7.53791e-17 -0.98757 0.576317 0.812063 0.0917236 0.801969 -0.58357 0.127637)
(0.157177 9.4692e-17 -0.98757 0.512309 0.854922 0.0815365 0.844296 -0.518757 0.134374)
(0.157177 5.52893e-17 -0.98757 0.445121 0.892664 0.0708432 0.881568 -0.450723 0.140306)
(0.157177 -2.74106e-17 -0.98757 0.375239 0.925002 0.0597212 0.913505 -0.379962 0.145389)
(0.157177 -1.0902e-16 -0.98757 0.303086 0.951742 0.0482376 0.939912 -0.3069 0.149592)
(0.157177 -5.91041e-17 -0.98757 0.229098 0.97272 0.036462 0.96063 -0.231981 0.152889)
(0.157177 -1.95071e-17 -0.98757 0.153723 0.987811 0.0244658 0.975533 -0.155658 0.155261)
(0.157177 -6.57999e-18 -0.98757 0.077418 0.996923 0.0123215 0.984531 -0.0783924 0.156693)
(0.157177 1.56047e-19 -0.98757 0.000644208 1 0.000102529 0.98757 -0.000652316 0.157177)
(0.157177 -1.62165e-17 -0.98757 -0.0760362 0.997032 -0.0121015 0.984639 0.0769932 0.15671)
(0.157177 2.91237e-17 -0.98757 -0.152354 0.988029 -0.0242479 0.975748 0.154271 0.155295)
(0.157177 -2.67881e-17 -0.98757 -0.227749 0.973045 -0.0362475 0.96095 0.230616 0.15294)
(0.157177 -9.55486e-17 -0.98757 -0.301766 0.952171 -0.0480276 0.940336 0.305564 0.149659)
(0.157177 3.42632e-18 -0.98757 -0.373957 0.925534 -0.0595171 0.914031 0.378663 0.145472)
(0.157177 -1.03258e-16 -0.98757 -0.443884 0.893295 -0.0706463 0.882192 0.44947 0.140405)
(0.157177 -3.03688e-17 -0.98757 -0.511124 0.855649 -0.0813478 0.845014 0.517557 0.134488)
(0.157177 -8.00505e-17 -0.98757 -0.57527 0.812823 -0.091557 0.80272 0.58251 0.127757)
(0.157177 -2.44524e-17 -0.98757 -0.635859 0.765142 -0.1012 0.755631 0.643862 0.120262)
(0.157177 -2.78787e-17 -0.98757 -0.692679 0.712771 -0.110243 0.703911 0.701397 0.112031)
(0.157177 -4.57873e-17 -0.98757 -0.745306 0.656085 -0.118619 0.647931 0.754687 0.103121)
(0.157177 1.0279e-17 -0.98757 -0.793422 0.595429 -0.126277 0.588028 0.803408 0.0935876)
(0.157177 3.58171e-17 -0.98757 -0.836735 0.531168 -0.133171 0.524566 0.847266 0.0834873)
(0.157177 -4.45422e-17 -0.98757 -0.874984 0.463693 -0.139258 0.457929 0.885996 0.0728817)
(0.157177 1.69762e-16 -0.98757 -0.907936 0.39341 -0.144502 0.38852 0.919363 0.0618349)
(0.157177 1.97014e-17 -0.98757 -0.935392 0.320746 -0.148872 0.31676 0.947165 0.0504138)
(0.157177 -6.07569e-18 -0.98757 -0.957163 0.246237 -0.152337 0.243176 0.96921 0.0387027)
(0.157177 8.56581e-18 -0.98757 -0.973171 0.170143 -0.154885 0.168028 0.985419 0.0267425)
(0.157177 -1.72112e-17 -0.98757 -0.983289 0.0930197 -0.156495 0.0918635 0.995664 0.0146205)
(0.157177 -2.03438e-18 -0.98757 -0.987454 0.0153332 -0.157158 0.0151426 0.999882 0.00241002)
(0.157177 -2.78389e-18 -0.98757 -0.985643 -0.0624461 -0.15687 -0.0616699 0.998048 -0.00981507)
(0.157177 3.48664e-19 -0.98757 -0.977866 -0.139847 -0.155632 -0.138109 0.990173 -0.0219808)
(0.157177 -6.24508e-17 -0.98757 -0.964169 -0.216402 -0.153452 -0.213712 0.976304 -0.0340134)
(0.157177 -2.9283e-17 -0.98757 -0.944637 -0.291647 -0.150344 -0.288022 0.956526 -0.0458401)
(0.157177 5.99607e-17 -0.98757 -0.919422 -0.365035 -0.146331 -0.360498 0.930994 -0.057375)
(0.157177 1.71316e-17 -0.98757 -0.888614 -0.436307 -0.141427 -0.430884 0.899798 -0.0685774)
(0.157177 -9.57778e-17 -0.98757 -0.852426 -0.504939 -0.135668 -0.498663 0.863155 -0.0793647)
(0.157177 -5.21718e-17 -0.98757 -0.81108 -0.570514 -0.129087 -0.563423 0.821288 -0.0896716)
(0.157177 -9.59371e-17 -0.98757 -0.764823 -0.632636 -0.121725 -0.624773 0.774449 -0.0994357)
(0.157177 1.00608e-16 -0.98757 -0.713937 -0.690929 -0.113627 -0.682341 0.722923 -0.108598)
(0.157177 -2.56974e-17 -0.98757 -0.65873 -0.745039 -0.10484 -0.735779 0.667021 -0.117103)
(0.157177 -2.99007e-17 -0.98757 -0.599535 -0.79464 -0.095419 -0.784763 0.607081 -0.124899)
(0.157177 3.08369e-17 -0.98757 -0.536794 -0.839377 -0.0854334 -0.828944 0.54355 -0.131931)
(0.157177 1.58866e-17 -0.98757 -0.470725 -0.879093 -0.0749183 -0.868167 0.47665 -0.138173)
(0.157177 8.69031e-17 -0.98757 -0.401808 -0.913488 -0.0639497 -0.902134 0.406865 -0.143579)
(0.157177 -1.16027e-16 -0.98757 -0.330458 -0.942354 -0.052594 -0.930641 0.334617 -0.148116)
(0.157177 4.96817e-17 -0.98757 -0.257108 -0.965516 -0.04092 -0.953515 0.260344 -0.151757)
(0.157177 4.08818e-17 -0.98757 -0.182201 -0.982834 -0.0289983 -0.970617 0.184495 -0.154479)
(0.157177 -2.18428e-17 -0.98757 -0.106192 -0.994202 -0.016901 -0.981845 0.107529 -0.156265)
(0.157177 9.42239e-18 -0.98757 -0.0295403 -0.999553 -0.00470149 -0.987129 0.0299121 -0.157106)
(0.157177 7.5729e-18 -0.98757 0.0471931 -0.998858 0.00751101 -0.986442 -0.047787 -0.156997)
(0.157177 -1.3277e-17 -0.98757 0.123738 -0.992119 0.0196936 -0.979788 -0.125296 -0.155938)
(0.157177 -1.51844e-17 -0.98757 0.199534 -0.979376 0.0317569 -0.967203 -0.202046 -0.153935)
(0.157177 -3.34067e-17 -0.98757 0.274123 -0.960705 0.043628 -0.948763 -0.277573 -0.151)
(0.157177 -1.00608e-16 -0.98757 0.347052 -0.936218 0.0552351 -0.924581 -0.35142 -0.147152)
(0.157177 1.25061e-16 -0.98757 0.417881 -0.906064 0.0665078 -0.894802 -0.42314 -0.142412)
(0.157177 6.38551e-17 -0.98757 0.48618 -0.870426 0.0773779 -0.859607 -0.492299 -0.136811)
(0.157177 3.94027e-17 -0.98757 0.551536 -0.82952 0.0877796 -0.819209 -0.558477 -0.130381)
(0.157177 -9.5469e-17 -0.98757 0.613554 -0.783592 0.0976501 -0.773852 -0.621276 -0.123162)
(0.157177 -9.03295e-17 -0.98757 0.671786 -0.732988 0.106918 -0.723878 -0.680241 -0.115209)
(0.157177 -5.77794e-17 -0.98757 0.726029 -0.677887 0.115551 -0.669461 -0.735166 -0.106548)
(0.157177 -1.71316e-18 -0.98757 0.775877 -0.618682 0.123485 -0.610992 -0.785642 -0.0972424)
(0.157177 -1.71316e-17 -0.98757 0.821028 -0.555732 0.130671 -0.548825 -0.831361 -0.0873481)
(0.157177 -2.22711e-17 -0.98757 0.86121 -0.489418 0.137066 -0.483335 -0.872049 -0.0769252)
(0.157177 -2.21118e-17 -0.98757 0.896179 -0.420142 0.142631 -0.41492 -0.907458 -0.0660366)
(0.157177 5.55981e-17 -0.98757 0.925723 -0.348323 0.147333 -0.343994 -0.937375 -0.0547483)
(0.157177 -3.58968e-17 -0.98757 0.949665 -0.274395 0.151144 -0.270985 -0.961617 -0.0431286)
(0.157177 -4.12365e-18 -0.98757 0.967838 -0.198904 0.154036 -0.196431 -0.980019 -0.031263)
(0.157177 4.23211e-17 -0.98757 0.98018 -0.122113 0.156 -0.120595 -0.992516 -0.0191933)
(0.157177 -5.56778e-18 -0.98757 0.986589 -0.0445833 0.15702 -0.0440291 -0.999006 -0.00700745)
(0.157177 -1.20718e-17 -0.98757 0.987026 0.0332164 0.15709 0.0328035 -0.999448 0.00522084)
(0.157177 1.67033e-17 -0.98757 0.981488 0.110815 0.156209 0.109438 -0.993841 0.0174175)
(0.157177 4.20521e-17 -0.98757 0.97001 0.187743 0.154382 0.185409 -0.982218 0.0295088)
(0.157177 5.6614e-17 -0.98757 0.95266 0.263534 0.151621 0.260259 -0.96465 0.0414215)
(0.157177 -1.0279e-16 -0.98757 0.929577 0.337638 0.147947 0.333441 -0.941276 0.0530688)
(0.157177 -3.3327e-17 -0.98757 0.900841 0.409792 0.143373 0.404699 -0.912179 0.0644098)
(0.157177 3.94027e-17 -0.98757 0.866652 0.479467 0.137932 0.473507 -0.87756 0.075361)
(0.157177 1.16654e-16 -0.98757 0.827218 0.546239 0.131656 0.53945 -0.837629 0.0858561)
(0.157177 1.23816e-16 -0.98757 0.782777 0.609705 0.124583 0.602127 -0.792629 0.0958314)
(0.157177 -2.86556e-17 -0.98757 0.733597 0.66948 0.116756 0.661159 -0.74283 0.105227)
(0.157177 2.61655e-17 -0.98757 0.679977 0.725203 0.108222 0.716189 -0.688535 0.113985)
(0.157177 6.89946e-17 -0.98757 0.622241 0.776536 0.0990327 0.766884 -0.630072 0.122053)
(0.157177 -1.18676e-16 -0.98757 0.560819 0.823113 0.0892571 0.812882 -0.567877 0.129374)
(0.157177 8.56581e-18 -0.98757 0.495926 0.86477 0.0789291 0.854021 -0.502168 0.135922)
(0.157177 5.82475e-17 -0.98757 0.428032 0.901192 0.0681234 0.889991 -0.433419 0.141646)
(0.157177 3.87802e-17 -0.98757 0.357547 0.93216 0.0569054 0.920574 -0.362047 0.146514)
(0.157177 1.68976e-17 -0.98757 0.284898 0.957485 0.0453429 0.945584 -0.288483 0.150494)
(0.157177 1.6275e-17 -0.98757 0.210524 0.977014 0.0335059 0.964871 -0.213173 0.153564)
(0.157177 2.26994e-17 -0.98757 0.134876 0.99063 0.0214661 0.978317 -0.136573 0.155704)
(0.157177 7.00828e-18 -0.98757 0.0584111 0.998249 0.00929642 0.985842 -0.0591463 0.156902)
(0.157177 -1.8884e-18 -0.98757 -0.0183095 0.999828 -0.00291404 0.987401 0.0185399 0.15715)
(0.157177 2.63984e-17 -0.98757 -0.0950166 0.995361 -0.0151224 0.982989 0.0962125 0.156448)
(0.157177 -8.25454e-18 -0.98757 -0.171149 0.984869 -0.0272391 0.972627 0.173303 0.154798)
(0.157177 -3.25501e-17 -0.98757 -0.246245 0.968415 -0.0391911 0.956378 0.249344 0.152212)
(0.157177 -7.08622e-17 -0.98757 -0.31985 0.9461 -0.0509057 0.93434 0.323876 0.148705)
(0.157177 5.07723e-17 -0.98757 -0.39152 0.918057 -0.0623123 0.906646 0.396447 0.144297)
(0.157177 -8.39449e-17 -0.98757 -0.460819 0.884458 -0.0733417 0.873465 0.466619 0.139016)
(0.157177 -5.35761e-17 -0.98757 -0.52733 0.845506 -0.0839271 0.834996 0.533966 0.132894)
(0.157177 2.21157e-16 -0.98757 -0.59057 0.801494 -0.0939921 0.791532 0.598003 0.125976)
(0.157177 5.82475e-17 -0.98757 -0.650318 0.752579 -0.103501 0.743224 0.658503 0.118288)
(0.157177 -7.11758e-17 -0.98757 -0.706129 0.699108 -0.112384 0.690418 0.715017 0.109883)
(0.157177 5.3108e-17 -0.98757 -0.757667 0.641405 -0.120586 0.633432 0.767203 0.100814)
(0.157177 2.56974e-17 -0.98757 -0.804618 0.57982 -0.128059 0.572613 0.814745 0.0911342)
(0.157177 1.302e-16 -0.98757 -0.846699 0.514725 -0.134756 0.508327 0.857355 0.0809028)
(0.157177 -6.85265e-18 -0.98757 -0.883655 0.446515 -0.140638 0.440965 0.894776 0.0701817)
(0.157177 2.74106e-17 -0.98757 -0.915262 0.375602 -0.145668 0.370933 0.926781 0.0590358)
(0.157177 4.20328e-18 -0.98757 -0.941299 0.302509 -0.149812 0.298749 0.953147 0.0475474)
(0.157177 -4.37652e-17 -0.98757 -0.961676 0.227494 -0.153055 0.224666 0.973779 0.0357568)
(0.157177 -4.79082e-18 -0.98757 -0.976231 0.151102 -0.155372 0.149224 0.988518 0.0237497)
(0.157177 2.74106e-17 -0.98757 -0.984878 0.0737952 -0.156748 0.0728779 0.997273 0.0115989)
(0.157177 1.15103e-18 -0.98757 -0.987563 -0.00395823 -0.157175 -0.00390903 0.999992 -0.000622142)
(0.157177 7.76955e-19 -0.98757 -0.98427 -0.0816877 -0.156651 -0.0806723 0.996658 -0.0128394)
(0.157177 8.83485e-18 -0.98757 -0.975019 -0.158923 -0.155179 -0.156947 0.987291 -0.0249789)
(0.157177 -1.9781e-17 -0.98757 -0.959867 -0.235196 -0.152768 -0.232272 0.971948 -0.0369673)
(0.157177 -1.36257e-17 -0.98757 -0.938935 -0.309951 -0.149436 -0.306099 0.950752 -0.0487171)
(0.157177 -4.45422e-17 -0.98757 -0.912297 -0.382927 -0.145197 -0.378167 0.923779 -0.0601871)
(0.157177 -1.37053e-17 -0.98757 -0.880136 -0.453584 -0.140078 -0.447946 0.891213 -0.0712929)
(0.157177 3.84665e-17 -0.98757 -0.842648 -0.521496 -0.134112 -0.515014 0.853254 -0.081967)
(0.157177 9.17338e-17 -0.98757 -0.80006 -0.586251 -0.127333 -0.578965 0.810129 -0.0921451)
(0.157177 -2.00898e-17 -0.98757 -0.752628 -0.647458 -0.119785 -0.639411 0.762101 -0.101765)
(0.157177 2.95822e-18 -0.98757 -0.700641 -0.704746 -0.111511 -0.695986 0.70946 -0.11077)
(0.157177 6.72814e-17 -0.98757 -0.644414 -0.757768 -0.102562 -0.748349 0.652524 -0.119103)
(0.157177 -1.63995e-16 -0.98757 -0.584364 -0.806145 -0.0930044 -0.796125 0.591719 -0.126707)
(0.157177 -4.2829e-17 -0.98757 -0.520703 -0.849706 -0.0828724 -0.839145 0.527256 -0.133554)
(0.157177 -1.37053e-17 -0.98757 -0.45389 -0.888125 -0.0722389 -0.877086 0.459603 -0.139593)
(0.157177 6.22964e-17 -0.98757 -0.38433 -0.921167 -0.061168 -0.909718 0.389167 -0.144786)
(0.157177 4.82026e-17 -0.98757 -0.312444 -0.948634 -0.0497269 -0.936843 0.316376 -0.149103)
(0.157177 5.03042e-17 -0.98757 -0.238666 -0.970359 -0.0379848 -0.958297 0.24167 -0.152518)
(0.157177 3.6833e-17 -0.98757 -0.163444 -0.98621 -0.0260128 -0.973952 0.165501 -0.155009)
(0.157177 1.23034e-17 -0.98757 -0.0872319 -0.996091 -0.0138834 -0.98371 0.0883298 -0.156562)
(0.157177 1.75207e-18 -0.98757 -0.0105898 -0.999943 -0.00168541 -0.987514 0.0107231 -0.157168)
(0.157177 -1.69175e-17 -0.98757 0.0662136 -0.99775 0.0105382 -0.985348 -0.067047 -0.156823)
(0.157177 -2.90067e-17 -0.98757 0.142616 -0.989518 0.0226981 -0.977219 -0.144411 -0.155529)
(0.157177 -3.14594e-17 -0.98757 0.218156 -0.975296 0.0347205 -0.963174 -0.220901 -0.153294)
(0.157177 7.47518e-18 -0.98757 0.292374 -0.955171 0.0465328 -0.943299 -0.296054 -0.150131)
(0.157177 -3.65989e-17 -0.98757 0.364823 -0.929264 0.0580635 -0.917714 -0.369415 -0.146059)
(0.157177 -2.22711e-17 -0.98757 0.435064 -0.897733 0.0692426 -0.886575 -0.44054 -0.141103)
(0.157177 -2.1803e-17 -0.98757 0.502672 -0.860768 0.0800027 -0.850069 -0.508998 -0.135293)
(0.157177 -8.81482e-17 -0.98757 0.567157 -0.818649 0.0902658 -0.808473 -0.574295 -0.128673)
(0.157177 9.20426e-17 -0.98757 0.628292 -0.771524 0.0999958 -0.761934 -0.6362 -0.121266)
(0.157177 1.71316e-18 -0.98757 0.685625 -0.71973 0.109121 -0.710784 -0.694254 -0.113125)
(0.157177 1.74274e-16 -0.98757 0.738808 -0.663579 0.117585 -0.655331 -0.748107 -0.104299)
(0.157177 -5.23311e-17 -0.98757 0.787519 -0.603411 0.125337 -0.595911 -0.79743 -0.0948422)
(0.157177 3.42632e-18 -0.98757 0.831463 -0.539591 0.132331 -0.532884 -0.841927 -0.0848111)
(0.157177 5.91644e-18 -0.98757 0.870374 -0.472505 0.138524 -0.466632 -0.881328 -0.0742667)
(0.157177 -2.49205e-17 -0.98757 0.904016 -0.402558 0.143879 -0.397555 -0.915394 -0.0632728)
(0.157177 7.18732e-17 -0.98757 0.932155 -0.330269 0.148357 -0.326164 -0.943887 -0.0519106)
(0.157177 2.6554e-17 -0.98757 0.95469 -0.255889 0.151944 -0.252709 -0.966706 -0.0402199)
(0.157177 4.53192e-17 -0.98757 0.971447 -0.179961 0.154611 -0.177724 -0.983674 -0.0282857)
(0.157177 3.63251e-17 -0.98757 0.982324 -0.102944 0.156342 -0.101664 -0.994687 -0.0161804)
(0.157177 -1.82023e-18 -0.98757 0.987254 -0.0253033 0.157126 -0.0249888 -0.99968 -0.00397709)
(0.157177 4.2829e-18 -0.98757 0.986209 0.0524904 0.15696 0.051838 -0.998621 0.00825027)
(0.157177 -1.54981e-17 -0.98757 0.979194 0.129966 0.155844 0.128351 -0.991518 0.0204277)
(0.157177 3.76896e-17 -0.98757 0.966253 0.206656 0.153784 0.204087 -0.978414 0.0324815)
(0.157177 -1.20001e-16 -0.98757 0.94749 0.281999 0.150798 0.278494 -0.959415 0.0443237)
(0.157177 2.91237e-17 -0.98757 0.922971 0.355733 0.146895 0.351311 -0.934588 0.0559129)
(0.157177 2.81875e-17 -0.98757 0.892866 0.427313 0.142104 0.422002 -0.904104 0.0671636)
(0.157177 7.38252e-17 -0.98757 0.857357 0.496307 0.136453 0.490138 -0.868147 0.0780078)
(0.157177 6.77495e-17 -0.98757 0.816658 0.562296 0.129975 0.555307 -0.826936 0.0883798)
(0.157177 1.08397e-16 -0.98757 0.771015 0.624882 0.122711 0.617115 -0.780719 0.0982169)
(0.157177 5.3108e-17 -0.98757 0.720706 0.683685 0.114704 0.675188 -0.729777 0.107459)
(0.157177 4.67235e-17 -0.98757 0.666034 0.738351 0.106003 0.729173 -0.674417 0.116052)
(0.157177 4.2829e-17 -0.98757 0.607408 0.788486 0.096672 0.778685 -0.615053 0.123932)
(0.157177 -7.97416e-17 -0.98757 0.545033 0.833915 0.0867447 0.82355 -0.551893 0.131072)
(0.157177 -1.49045e-16 -0.98757 0.479359 0.874296 0.0762924 0.863429 -0.485393 0.137419)
(0.157177 -1.71316e-18 -0.98757 0.410784 0.909386 0.0653783 0.898082 -0.415954 0.142934)
(0.157177 6.16738e-17 -0.98757 0.339722 0.938971 0.0540684 0.9273 -0.343998 0.147584)
(0.157177 3.36407e-17 -0.98757 0.266604 0.962872 0.0424313 0.950904 -0.269959 0.151341)
(0.157177 -3.51198e-17 -0.98757 0.191871 0.980945 0.0305373 0.968752 -0.194286 0.154182)
(0.157177 -3.11265e-19 -0.98757 0.115978 0.99308 0.0184585 0.980737 -0.117438 0.156089)
(0.157177 1.14854e-18 -0.98757 0.03948 0.999201 0.00628343 0.986781 -0.0399769 0.157051)
(0.157177 -1.36269e-18 -0.98757 -0.0373539 0.999284 -0.00594506 0.986864 0.037824 0.157064)
(0.157177 -2.25052e-17 -0.98757 -0.113962 0.99332 -0.0181376 0.980973 0.115396 0.156127)
(0.157177 -1.93901e-17 -0.98757 -0.18988 0.981342 -0.0302203 0.969145 0.192269 0.154244)
(0.157177 -3.02144e-17 -0.98757 -0.264648 0.963425 -0.0421201 0.95145 0.267979 0.151428)
(0.157177 8.78394e-17 -0.98757 -0.337815 0.939676 -0.0537649 0.927996 0.342067 0.147695)
(0.157177 1.08397e-16 -0.98757 -0.408937 0.910239 -0.0650843 0.898925 0.414084 0.143068)
(0.157177 -1.49513e-16 -0.98757 -0.477583 0.875292 -0.0760098 0.864413 0.483594 0.137576)
(0.157177 -1.09642e-16 -0.98757 -0.543258 0.835102 -0.0864622 0.824722 0.550095 0.131259)
(0.157177 -4.84366e-17 -0.98757 -0.605729 0.789809 -0.0964048 0.779992 0.613353 0.12414)
(0.157177 1.08397e-16 -0.98757 -0.664534 0.739735 -0.105764 0.730541 0.672898 0.116269)
(0.157177 -6.80584e-17 -0.98757 -0.719317 0.685184 -0.114483 0.676668 0.72837 0.107695)
(0.157177 -3.03688e-17 -0.98757 -0.769745 0.626485 -0.122509 0.618699 0.779433 0.0984689)
(0.157177 -8.98614e-17 -0.98757 -0.815514 0.563995 -0.129793 0.556985 0.825778 0.0886468)
(0.157177 1.08865e-16 -0.98757 -0.856347 0.49809 -0.136292 0.491899 0.867125 0.0782882)
(0.157177 -3.25501e-17 -0.98757 -0.891997 0.429171 -0.141966 0.423836 0.903223 0.0674556)
(0.157177 -8.90844e-17 -0.98757 -0.922212 0.357745 -0.146775 0.353299 0.933819 0.0562293)
(0.157177 1.19921e-17 -0.98757 -0.946887 0.284066 -0.150702 0.280535 0.958805 0.0446485)
(0.157177 -2.56974e-18 -0.98757 -0.965831 0.208667 -0.153717 0.206073 0.977987 0.0327975)
(0.157177 6.68929e-17 -0.98757 -0.978928 0.132004 -0.155801 0.130364 0.991249 0.020748)
(0.157177 -4.57668e-18 -0.98757 -0.9861 0.0545432 -0.156943 0.0538652 0.998511 0.00857292)
(0.157177 4.81827e-18 -0.98757 -0.987304 -0.0232482 -0.157134 -0.0229592 0.99973 -0.00365408)
(0.157177 0 -0.98757 -0.982531 -0.100899 -0.156375 -0.0996447 0.994897 -0.015859)
(0.157177 -6.07376e-17 -0.98757 -0.97181 -0.177939 -0.154668 -0.175727 0.984042 -0.0279678)
(0.157177 4.97613e-17 -0.98757 -0.955233 -0.253806 -0.15203 -0.250651 0.967255 -0.0398924)
(0.157177 -6.68133e-17 -0.98757 -0.932855 -0.328234 -0.148469 -0.324155 0.944596 -0.0515908)
(0.157177 5.48212e-17 -0.98757 -0.904832 -0.400676 -0.144008 -0.395696 0.91622 -0.0629769)
(0.157177 -8.73712e-17 -0.98757 -0.871331 -0.470692 -0.138677 -0.464841 0.882298 -0.0739818)
(0.157177 2.64744e-17 -0.98757 -0.832556 -0.537859 -0.132505 -0.531174 0.843035 -0.0845389)
(0.157177 7.75604e-17 -0.98757 -0.788742 -0.60177 -0.125532 -0.594291 0.798669 -0.0945843)
(0.157177 2.74106e-17 -0.98757 -0.740154 -0.662039 -0.117799 -0.653811 0.749469 -0.104057)
(0.157177 3.94027e-17 -0.98757 -0.687085 -0.718301 -0.109353 -0.709373 0.695733 -0.1129)
(0.157177 1.13069e-16 -0.98757 -0.629933 -0.770152 -0.100257 -0.760579 0.637861 -0.12105)
(0.157177 -1.58856e-16 -0.98757 -0.568897 -0.817409 -0.0905428 -0.807249 0.576057 -0.128478)
(0.157177 1.58866e-17 -0.98757 -0.504418 -0.859719 -0.0802806 -0.849033 0.510767 -0.135128)
(0.157177 7.83373e-17 -0.98757 -0.436886 -0.896825 -0.0695325 -0.885678 0.442385 -0.14096)
(0.157177 5.07723e-17 -0.98757 -0.366709 -0.928503 -0.0583636 -0.916962 0.371325 -0.145939)
(0.157177 -1.11356e-17 -0.98757 -0.294313 -0.954561 -0.0468413 -0.942696 0.298017 -0.150035)
(0.157177 5.34965e-17 -0.98757 -0.220135 -0.97484 -0.0350356 -0.962723 0.222906 -0.153222)
(0.157177 8.56581e-18 -0.98757 -0.144625 -0.989219 -0.0230177 -0.976923 0.146445 -0.155482)
(0.157177 -3.7961e-18 -0.98757 -0.0683363 -0.997603 -0.0108761 -0.985203 0.0691964 -0.1568)
(0.157177 -6.22982e-19 -0.98757 0.00846219 -0.999963 0.0013468 -0.987534 -0.00856869 -0.157171)
(0.157177 1.58467e-17 -0.98757 0.0852095 -0.996271 0.0135615 -0.983888 -0.0862819 -0.156591)
(0.157177 4.59417e-18 -0.98757 0.161441 -0.986548 0.0256941 -0.974286 -0.163473 -0.155062)
(0.157177 4.51647e-17 -0.98757 0.236695 -0.970853 0.0376712 -0.958786 -0.239674 -0.152596)
(0.157177 -4.2829e-18 -0.98757 0.310517 -0.949282 0.0494203 -0.937483 -0.314425 -0.149205)
(0.157177 -5.59118e-17 -0.98757 0.382459 -0.921965 0.0608702 -0.910506 -0.387273 -0.144911)
(0.157177 -3.42632e-18 -0.98757 0.452086 -0.889068 0.0719517 -0.878017 -0.457776 -0.139741)
(0.157177 1.24593e-16 -0.98757 0.518894 -0.85084 0.0825845 -0.840265 -0.525424 -0.133732)
(0.157177 -1.41734e-17 -0.98757 0.582647 -0.807418 0.0927312 -0.797382 -0.58998 -0.126907)
(0.157177 -7.53791e-17 -0.98757 0.642874 -0.759108 0.102317 -0.749672 -0.650965 -0.119314)
(0.157177 3.84665e-17 -0.98757 0.699209 -0.706203 0.111283 -0.697425 -0.708009 -0.110999)
(0.157177 1.07929e-16 -0.98757 0.751312 -0.649024 0.119575 -0.640956 -0.760768 -0.102011)
(0.157177 1.44683e-16 -0.98757 0.798868 -0.587916 0.127144 -0.580608 -0.808922 -0.0924066)
(0.157177 -4.87455e-17 -0.98757 0.841588 -0.523249 0.133943 -0.516745 -0.85218 -0.0822426)
(0.157177 -3.42632e-17 -0.98757 0.879213 -0.455415 0.139931 -0.449755 -0.890279 -0.0715807)
(0.157177 -8.22318e-17 -0.98757 0.91148 -0.384916 0.145067 -0.380132 -0.922952 -0.0604998)
(0.157177 8.82278e-17 -0.98757 0.938273 -0.311999 0.149331 -0.308121 -0.950082 -0.049039)
(0.157177 -4.18928e-17 -0.98757 0.959388 -0.237193 0.152691 -0.234245 -0.971462 -0.0372813)
(0.157177 -1.28487e-17 -0.98757 0.974695 -0.160952 0.155127 -0.158951 -0.986962 -0.0252979)
(0.157177 -1.07073e-17 -0.98757 0.984102 -0.0837363 0.156625 -0.0826955 -0.996488 -0.0131614)
(0.157177 1.87377e-19 -0.98757 0.987553 -0.00601391 0.157174 -0.00593916 -0.999982 -0.000945247)
(0.157177 -3.99106e-17 -0.98757 0.985026 0.0717449 0.156772 0.0708532 -0.997423 0.0112766)
(0.157177 1.23408e-17 -0.98757 0.976536 0.149069 0.155421 0.147217 -0.988827 0.0234303)
(0.157177 -4.62554e-17 -0.98757 0.962158 0.225395 0.153132 0.222594 -0.974267 0.0354269)
(0.157177 -3.41836e-17 -0.98757 0.941941 0.300455 0.149915 0.29672 -0.953796 0.0472245)
(0.157177 -1.19921e-17 -0.98757 0.916022 0.373696 0.145789 0.369051 -0.927551 0.0587362)
(0.157177 5.23311e-17 -0.98757 0.884559 0.444674 0.140782 0.439147 -0.895692 0.0698925)
(0.157177 8.90844e-17 -0.98757 0.847742 0.512961 0.134922 0.506586 -0.858412 0.0806256)
(0.157177 8.47219e-17 -0.98757 0.805793 0.578144 0.128246 0.570958 -0.815935 0.0908707)
(0.157177 2.61655e-17 -0.98757 0.758967 0.639826 0.120793 0.631874 -0.76852 0.100566)
(0.157177 6.261e-17 -0.98757 0.707547 0.697636 0.11261 0.688965 -0.716452 0.109652)
(0.157177 7.32075e-18 -0.98757 0.651917 0.751158 0.103756 0.741822 -0.660122 0.118065)
(0.157177 1.06216e-16 -0.98757 0.592274 0.800204 0.0942633 0.790258 -0.599728 0.125773)
(0.157177 -1.0279e-17 -0.98757 0.529045 0.844406 0.0842001 0.833911 -0.535703 0.132721)
(0.157177 -1.52471e-16 -0.98757 0.462614 0.883497 0.0736273 0.872516 -0.468436 0.138865)
(0.157177 -3.25501e-17 -0.98757 0.393383 0.917241 0.0626088 0.90584 -0.398334 0.144169)
(0.157177 4.82026e-17 -0.98757 0.32177 0.945432 0.0512113 0.933681 -0.32582 0.1486)
(0.157177 4.7346e-17 -0.98757 0.24821 0.9679 0.0395039 0.95587 -0.251334 0.152131)
(0.157177 -2.53862e-17 -0.98757 0.173148 0.98451 0.0275573 0.972273 -0.175327 0.154742)
(0.157177 1.01233e-17 -0.98757 0.0971342 0.995151 0.0154594 0.982782 -0.0983567 0.156415)
(0.157177 1.75207e-18 -0.98757 0.0204368 0.999786 0.00325261 0.987359 -0.020694 0.157143)
(0.157177 1.98582e-18 -0.98757 -0.0563844 0.998369 -0.00897385 0.98596 0.057094 0.15692)
(0.157177 -5.02246e-18 -0.98757 -0.132864 0.990909 -0.021146 0.978592 0.134536 0.155748)
(0.157177 2.33569e-18 -0.98757 -0.20854 0.977451 -0.0331902 0.965301 0.211165 0.153632)
(0.157177 -5.33421e-17 -0.98757 -0.282953 0.958076 -0.0450334 0.946168 0.286514 0.150587)
(0.157177 1.23193e-16 -0.98757 -0.355654 0.932902 -0.0566041 0.921307 0.36013 0.14663)
(0.157177 -6.38551e-17 -0.98757 -0.426202 0.902081 -0.0678321 0.890869 0.431566 0.141786)
(0.157177 1.40947e-16 -0.98757 -0.494085 0.86585 -0.0786361 0.855088 0.500304 0.136091)
(0.157177 1.24602e-17 -0.98757 -0.559066 0.824335 -0.0889782 0.814089 0.566103 0.129566)
(0.157177 -1.96217e-17 -0.98757 -0.620663 0.77783 -0.0987816 0.768162 0.628475 0.122257)
(0.157177 -4.84366e-17 -0.98757 -0.678503 0.726617 -0.107987 0.717585 0.687043 0.114207)
(0.157177 -9.34276e-18 -0.98757 -0.732236 0.671006 -0.116539 0.662665 0.741452 0.105466)
(0.157177 -4.62554e-17 -0.98757 -0.781537 0.611333 -0.124385 0.603734 0.791373 0.0960873)
(0.157177 1.36276e-16 -0.98757 -0.826107 0.54796 -0.131479 0.541149 0.836505 0.0861265)
(0.157177 2.74106e-17 -0.98757 -0.865677 0.48127 -0.137777 0.475288 0.876573 0.0756444)
(0.157177 3.25501e-17 -0.98757 -0.899967 0.411757 -0.143234 0.406639 0.911294 0.0647186)
(0.157177 -5.74705e-17 -0.98757 -0.928856 0.339665 -0.147832 0.335443 0.940547 0.0533874)
(0.157177 -3.42632e-17 -0.98757 -0.952123 0.265517 -0.151535 0.262216 0.964106 0.0417331)
(0.157177 -1.11356e-17 -0.98757 -0.969627 0.189762 -0.154321 0.187403 0.98183 0.0298261)
(0.157177 -1.11356e-17 -0.98757 -0.981261 0.112858 -0.156173 0.111455 0.993611 0.0177386)
(0.157177 -1.03586e-17 -0.98757 -0.986956 0.0352709 -0.157079 0.0348325 0.999378 0.00554376)
(0.157177 -7.96262e-20 -0.98757 -0.986677 -0.0425295 -0.157035 -0.0420009 0.999095 -0.00668465)
(0.157177 -2.43329e-17 -0.98757 -0.980426 -0.120073 -0.15604 -0.11858 0.992765 -0.0188726)
(0.157177 -4.2829e-17 -0.98757 -0.968259 -0.196792 -0.154103 -0.194346 0.980445 -0.0309311)
(0.157177 5.9881e-17 -0.98757 -0.95022 -0.272418 -0.151232 -0.269032 0.962179 -0.0428178)
(0.157177 9.34276e-18 -0.98757 -0.926429 -0.346395 -0.147446 -0.34209 0.938089 -0.0544453)
(0.157177 4.18928e-17 -0.98757 -0.89703 -0.418276 -0.142767 -0.413077 0.90832 -0.0657432)
(0.157177 3.76896e-17 -0.98757 -0.862202 -0.487625 -0.137224 -0.481564 0.873053 -0.0766432)
(0.157177 -1.0279e-17 -0.98757 -0.822155 -0.554022 -0.13085 -0.547136 0.832502 -0.0870793)
(0.157177 3.55083e-17 -0.98757 -0.777131 -0.617065 -0.123684 -0.609396 0.786912 -0.0969883)
(0.157177 2.44524e-17 -0.98757 -0.727403 -0.676374 -0.11577 -0.667967 0.736558 -0.10631)
(0.157177 8.00505e-17 -0.98757 -0.673344 -0.731521 -0.107166 -0.722429 0.681819 -0.114978)
(0.157177 5.13949e-17 -0.98757 -0.615143 -0.782313 -0.0979031 -0.772589 0.622885 -0.122961)
(0.157177 -1.21166e-16 -0.98757 -0.553219 -0.82837 -0.0880475 -0.818074 0.560181 -0.1302)
(0.157177 4.84366e-17 -0.98757 -0.487946 -0.869413 -0.077659 -0.858606 0.494087 -0.136651)
(0.157177 2.39843e-17 -0.98757 -0.419719 -0.905193 -0.0668004 -0.893941 0.425002 -0.142275)
(0.157177 1.66635e-17 -0.98757 -0.348952 -0.935494 -0.0555374 -0.923866 0.353344 -0.147038)
(0.157177 -1.97014e-17 -0.98757 -0.276073 -0.960132 -0.0439383 -0.948198 0.279547 -0.15091)
(0.157177 4.88251e-17 -0.98757 -0.201522 -0.978959 -0.0320733 -0.966791 0.204059 -0.15387)
(0.157177 8.87707e-18 -0.98757 -0.125849 -0.991847 -0.0200295 -0.979519 0.127433 -0.155895)
(0.157177 -1.51832e-18 -0.98757 -0.0493182 -0.998752 -0.00784924 -0.986338 0.0499389 -0.156981)
(0.157177 -2.43341e-18 -0.98757 0.027511 -0.999612 0.00437851 -0.987187 -0.0278573 -0.157116)
(0.157177 -5.13949e-18 -0.98757 0.104174 -0.994421 0.0165798 -0.982061 -0.105485 -0.1563)
(0.157177 -1.14468e-17 -0.98757 0.180206 -0.983211 0.0286806 -0.97099 -0.182474 -0.154538)
(0.157177 -4.08818e-17 -0.98757 0.255147 -0.966049 0.0406079 -0.954042 -0.258358 -0.15184)
(0.157177 -3.55083e-17 -0.98757 0.328544 -0.94304 0.0522894 -0.931319 -0.332679 -0.148224)
(0.157177 -5.70024e-17 -0.98757 0.399952 -0.914323 0.0636544 -0.902958 -0.404986 -0.14371)
(0.157177 -7.14847e-17 -0.98757 0.468854 -0.880118 0.0746204 -0.869179 -0.474755 -0.138334)
(0.157177 1.90938e-16 -0.98757 0.535007 -0.840546 0.0851489 -0.830098 -0.54174 -0.132114)
(0.157177 -6.3387e-17 -0.98757 0.597921 -0.795886 0.0951621 -0.785994 -0.605446 -0.125095)
(0.157177 -5.48212e-17 -0.98757 0.657216 -0.746409 0.104599 -0.737131 -0.665488 -0.117318)
(0.157177 7.32075e-18 -0.98757 0.712533 -0.692413 0.113403 -0.683807 -0.721501 -0.108831)
(0.157177 3.42632e-18 -0.98757 0.763537 -0.634227 0.121521 -0.626344 -0.773147 -0.0996857)
(0.157177 -8.39449e-17 -0.98757 0.80992 -0.572201 0.128903 -0.565089 -0.820113 -0.0899367)
(0.157177 -2.64744e-17 -0.98757 0.8514 -0.506712 0.135504 -0.500414 -0.862115 -0.0796434)
(0.157177 -9.59371e-17 -0.98757 0.887683 -0.438245 0.141279 -0.432798 -0.898856 -0.0688819)
(0.157177 5.12356e-17 -0.98757 0.918643 -0.36704 0.146207 -0.362478 -0.930205 -0.0576901)
(0.157177 0 -0.98757 0.944043 -0.293613 0.150249 -0.289963 -0.955924 -0.0461491)
(0.157177 5.29874e-18 -0.98757 0.963728 -0.218409 0.153382 -0.215694 -0.975857 -0.0343288)
(0.157177 4.48909e-17 -0.98757 0.97758 -0.141883 0.155587 -0.140119 -0.989883 -0.0223006)
(0.157177 -4.49705e-18 -0.98757 0.985514 -0.0644976 0.156849 -0.063696 -0.997918 -0.0101375)
(0.157177 1.03312e-17 -0.98757 0.987483 0.0132777 0.157163 0.0131127 -0.999912 0.00208695)
(0.157177 -3.64843e-17 -0.98757 0.983475 0.0909727 0.156525 0.089842 -0.995853 0.0142988)
(0.157177 -5.22514e-17 -0.98757 0.973531 0.16802 0.154942 0.165931 -0.985784 0.0264088)
(0.157177 -6.3387e-17 -0.98757 0.957685 0.244148 0.15242 0.241113 -0.969738 0.0383744)
(0.157177 2.82672e-17 -0.98757 0.936042 0.318799 0.148976 0.314836 -0.947823 0.0501077)
(0.157177 1.46415e-17 -0.98757 0.908733 0.391519 0.144629 0.386653 -0.92017 0.0615377)
(0.157177 5.40442e-17 -0.98757 0.875923 0.46187 0.139408 0.456129 -0.886948 0.0725953)
(0.157177 -1.07929e-16 -0.98757 0.837812 0.529426 0.133342 0.522845 -0.848356 0.0832134)
(0.157177 4.76597e-17 -0.98757 0.794629 0.593776 0.126469 0.586396 -0.80463 0.0933278)
(0.157177 6.63452e-17 -0.98757 0.746637 0.654533 0.118831 0.646397 -0.756034 0.102877)
(0.157177 5.65343e-17 -0.98757 0.694194 0.711258 0.110484 0.702417 -0.702931 0.111793)
(0.157177 -2.91237e-17 -0.98757 0.637486 0.763753 0.101459 0.75426 -0.645509 0.120044)
(0.157177 1.49504e-17 -0.98757 0.576919 0.811624 0.0918195 0.801536 -0.58418 0.127568)
(0.157177 4.2829e-17 -0.98757 0.51286 0.854583 0.0816241 0.843961 -0.519314 0.134321)
(0.157177 0 -0.98757 0.445696 0.892369 0.0709347 0.881278 -0.451306 0.14026)
(0.157177 -5.13949e-18 -0.98757 0.375835 0.924754 0.059816 0.91326 -0.380565 0.14535)
(0.157177 5.82475e-17 -0.98757 0.303699 0.951541 0.0483352 0.939714 -0.307521 0.14956)
(0.157177 4.56328e-17 -0.98757 0.229724 0.972569 0.0365618 0.96048 -0.232616 0.152865)
(0.157177 4.34914e-17 -0.98757 0.154456 0.987694 0.0245824 0.975417 -0.1564 0.155242)
(0.157177 1.34338e-18 -0.98757 0.0781574 0.996863 0.0124391 0.984473 -0.0791411 0.156684)
(0.157177 -1.95898e-19 -0.98757 0.00138595 0.999999 0.00022058 0.98757 -0.00140339 0.157177)
(0.157177 -4.43854e-18 -0.98757 -0.0753939 0.997082 -0.0119993 0.984688 0.0763428 0.156718)
(0.157177 -7.82625e-18 -0.98757 -0.151717 0.988129 -0.0241466 0.975847 0.153627 0.155311)
(0.157177 -4.53988e-17 -0.98757 -0.227123 0.973195 -0.0361477 0.961099 0.229981 0.152964)
(0.157177 2.39843e-17 -0.98757 -0.301153 0.952371 -0.04793 0.940533 0.304943 0.14969)
(0.157177 -6.40095e-17 -0.98757 -0.37336 0.925781 -0.0594222 0.914274 0.37806 0.145511)
(0.157177 1.13537e-16 -0.98757 -0.443221 0.893633 -0.0705408 0.882525 0.448799 0.140458)
(0.157177 1.0279e-16 -0.98757 -0.510489 0.856037 -0.0812468 0.845397 0.516914 0.134549)
(0.157177 -1.10579e-16 -0.98757 -0.574667 0.813261 -0.091461 0.803152 0.581899 0.127826)
(0.157177 4.68104e-19 -0.98757 -0.635366 0.765561 -0.101122 0.756046 0.643363 0.120328)
(0.157177 -6.97715e-17 -0.98757 -0.69222 0.713228 -0.11017 0.704363 0.700932 0.112103)
(0.157177 -8.26999e-17 -0.98757 -0.744883 0.656578 -0.118552 0.648417 0.754258 0.103199)
(0.157177 9.36207e-19 -0.98757 -0.793038 0.595953 -0.126216 0.588546 0.803019 0.0936699)
(0.157177 -6.16738e-17 -0.98757 -0.836393 0.531721 -0.133116 0.525112 0.84692 0.0835742)
(0.157177 -6.261e-17 -0.98757 -0.874685 0.46427 -0.13921 0.4585 0.885693 0.0729725)
(0.157177 8.83075e-17 -0.98757 -0.907644 0.3941 -0.144456 0.389202 0.919067 0.0619434)
(0.157177 7.19528e-17 -0.98757 -0.935154 0.321458 -0.148834 0.317462 0.946924 0.0505256)
(0.157177 -1.89244e-17 -0.98757 -0.957004 0.246869 -0.152312 0.2438 0.969049 0.038802)
(0.157177 2.56178e-17 -0.98757 -0.973061 0.170786 -0.154868 0.168663 0.985308 0.0268436)
(0.157177 -1.46415e-17 -0.98757 -0.983229 0.0936692 -0.156486 0.0925049 0.995603 0.0147226)
(0.157177 -1.60609e-19 -0.98757 -0.987444 0.0159855 -0.157157 0.0157868 0.999872 0.00251254)
(0.157177 -6.77302e-18 -0.98757 -0.985683 -0.061795 -0.156876 -0.0610269 0.998089 -0.00971274)
(0.157177 4.32573e-17 -0.98757 -0.977969 -0.139104 -0.155649 -0.137375 0.990278 -0.0218639)
(0.157177 -5.64547e-17 -0.98757 -0.96433 -0.215669 -0.153478 -0.212988 0.976467 -0.0338981)
(0.157177 5.39646e-17 -0.98757 -0.944853 -0.290929 -0.150378 -0.287313 0.956745 -0.0457272)
(0.157177 -4.01797e-17 -0.98757 -0.919657 -0.364427 -0.146368 -0.359898 0.931232 -0.0572795)
(0.157177 1.71316e-17 -0.98757 -0.888895 -0.43572 -0.141472 -0.430305 0.900082 -0.0684851)
(0.157177 2.30481e-17 -0.98757 -0.852752 -0.504376 -0.13572 -0.498107 0.863484 -0.0792761)
(0.157177 9.25107e-17 -0.98757 -0.811447 -0.569978 -0.129146 -0.562894 0.82166 -0.0895873)
(0.157177 -1.66635e-17 -0.98757 -0.765231 -0.632131 -0.12179 -0.624274 0.774862 -0.0993563)
(0.157177 -1.19921e-17 -0.98757 -0.714382 -0.690457 -0.113697 -0.681875 0.723373 -0.108524)
(0.157177 -4.45422e-17 -0.98757 -0.659282 -0.744538 -0.104928 -0.735284 0.66758 -0.117024)
(0.157177 -6.85265e-18 -0.98757 -0.600125 -0.794184 -0.0955128 -0.784312 0.607678 -0.124827)
(0.157177 5.13949e-17 -0.98757 -0.537334 -0.839022 -0.0855194 -0.828594 0.544097 -0.131875)
(0.157177 8.56581e-18 -0.98757 -0.471292 -0.878782 -0.0750084 -0.867859 0.477223 -0.138124)
(0.157177 3.25501e-17 -0.98757 -0.402396 -0.913223 -0.0640433 -0.901872 0.407461 -0.143537)
(0.157177 1.86107e-17 -0.98757 -0.331065 -0.942136 -0.0526906 -0.930425 0.335232 -0.148082)
(0.157177 3.14594e-17 -0.98757 -0.25773 -0.965346 -0.041019 -0.953347 0.260974 -0.15173)
(0.157177 -4.59417e-18 -0.98757 -0.18293 -0.982695 -0.0291143 -0.97048 0.185233 -0.154457)
(0.157177 -2.60087e-17 -0.98757 -0.10693 -0.994121 -0.0170184 -0.981764 0.108276 -0.156253)
(0.157177 1.25561e-18 -0.98757 -0.0302817 -0.99953 -0.00481948 -0.987106 0.0306628 -0.157103)
(0.157177 -6.28803e-18 -0.98757 0.0465496 -0.998889 0.0074086 -0.986473 -0.0471354 -0.157002)
(0.157177 -4.71119e-18 -0.98757 0.123099 -0.992201 0.0195918 -0.979868 -0.124648 -0.155951)
(0.157177 -4.60213e-17 -0.98757 0.198903 -0.979508 0.0316565 -0.967333 -0.201407 -0.153956)
(0.157177 -1.09015e-17 -0.98757 0.273504 -0.960885 0.0435295 -0.948942 -0.276946 -0.151029)
(0.157177 -3.65989e-17 -0.98757 0.346449 -0.936447 0.055139 -0.924807 -0.350809 -0.147188)
(0.157177 -4.67138e-18 -0.98757 0.417297 -0.90634 0.0664148 -0.895075 -0.422549 -0.142456)
(0.157177 -7.66242e-17 -0.98757 0.485534 -0.870796 0.0772751 -0.859972 -0.491645 -0.136869)
(0.157177 1.54962e-16 -0.98757 0.55092 -0.829939 0.0876817 -0.819623 -0.557854 -0.130447)
(0.157177 -4.62554e-17 -0.98757 0.612972 -0.784058 0.0975575 -0.774313 -0.620687 -0.123236)
(0.157177 -7.19528e-17 -0.98757 0.671314 -0.733432 0.106843 -0.724316 -0.679763 -0.115278)
(0.157177 -1.54185e-16 -0.98757 0.725592 -0.678366 0.115482 -0.669934 -0.734724 -0.106623)
(0.157177 -1.1524e-17 -0.98757 0.775478 -0.619194 0.123421 -0.611498 -0.785238 -0.0973229)
(0.157177 -1.39543e-16 -0.98757 0.82067 -0.556274 0.130614 -0.54936 -0.830999 -0.0874334)
(0.157177 -7.88054e-17 -0.98757 0.860847 -0.490073 0.137008 -0.483982 -0.871681 -0.0770281)
(0.157177 2.91237e-17 -0.98757 0.895867 -0.420824 0.142582 -0.415593 -0.907142 -0.0661437)
(0.157177 -1.24125e-16 -0.98757 0.925465 -0.349027 0.147292 -0.344689 -0.937113 -0.0548589)
(0.157177 -2.13349e-17 -0.98757 0.949461 -0.275118 0.151111 -0.271698 -0.961411 -0.0432421)
(0.157177 6.84468e-17 -0.98757 0.96771 -0.199543 0.154016 -0.197063 -0.979889 -0.0313635)
(0.157177 3.0329e-17 -0.98757 0.980101 -0.12276 0.155988 -0.121235 -0.992436 -0.0192951)
(0.157177 3.13255e-18 -0.98757 0.98656 -0.0452349 0.157016 -0.0446727 -0.998976 -0.00710988)
(0.157177 -6.07569e-18 -0.98757 0.987047 0.0325644 0.157093 0.0321597 -0.99947 0.00511837)
(0.157177 2.62053e-17 -0.98757 0.98157 0.110069 0.156222 0.1087 -0.993924 0.0173002)
(0.157177 -3.34067e-17 -0.98757 0.970149 0.187005 0.154404 0.184681 -0.982359 0.0293928)
(0.157177 6.15942e-17 -0.98757 0.952855 0.26281 0.151652 0.259543 -0.964848 0.0413076)
(0.157177 2.66336e-17 -0.98757 0.929794 0.337023 0.147981 0.332834 -0.941496 0.0529722)
(0.157177 -1.49981e-16 -0.98757 0.901105 0.409197 0.143415 0.404111 -0.912446 0.0643163)
(0.157177 -1.50758e-16 -0.98757 0.866961 0.478894 0.137981 0.472942 -0.877873 0.075271)
(0.157177 -1.13228e-16 -0.98757 0.82757 0.545693 0.131712 0.53891 -0.837985 0.0857702)
(0.157177 5.52893e-17 -0.98757 0.783169 0.609188 0.124645 0.601616 -0.793026 0.0957501)
(0.157177 2.83468e-17 -0.98757 0.734093 0.668922 0.116835 0.660608 -0.743333 0.105139)
(0.157177 5.87156e-17 -0.98757 0.680515 0.724686 0.108307 0.715678 -0.68908 0.113904)
(0.157177 -2.35162e-17 -0.98757 0.622817 0.776063 0.0991244 0.766417 -0.630655 0.121979)
(0.157177 7.41341e-17 -0.98757 0.561349 0.822743 0.0893415 0.812516 -0.568414 0.129316)
(0.157177 4.68104e-19 -0.98757 0.496483 0.864442 0.0790178 0.853698 -0.502732 0.13587)
(0.157177 -6.85265e-18 -0.98757 0.428613 0.900909 0.0682158 0.889712 -0.434007 0.141602)
(0.157177 2.97463e-17 -0.98757 0.358147 0.931923 0.0570009 0.92034 -0.362655 0.146477)
(0.157177 -5.7625e-17 -0.98757 0.285514 0.957297 0.045441 0.945398 -0.289108 0.150465)
(0.157177 4.2829e-17 -0.98757 0.211248 0.976854 0.0336212 0.964712 -0.213907 0.153539)
(0.157177 2.99803e-18 -0.98757 0.13561 0.990527 0.0215831 0.978215 -0.137317 0.155688)
(0.157177 6.94977e-18 -0.98757 0.0591515 0.998205 0.00941426 0.985797 -0.059896 0.156895)
(0.157177 -6.21021e-18 -0.98757 -0.0176654 0.99984 -0.00281153 0.987412 0.0178877 0.157152)
(0.157177 2.41411e-18 -0.98757 -0.0943754 0.995423 -0.0150203 0.983051 0.0955632 0.156457)
(0.157177 -4.02593e-17 -0.98757 -0.170514 0.984981 -0.0271382 0.972739 0.17266 0.154816)
(0.157177 -2.48408e-17 -0.98757 -0.245621 0.968577 -0.0390918 0.956539 0.248712 0.152238)
(0.157177 2.28936e-17 -0.98757 -0.319241 0.946311 -0.0508087 0.934549 0.323259 0.148738)
(0.157177 -7.98961e-17 -0.98757 -0.390839 0.918355 -0.0622039 0.90694 0.395758 0.144344)
(0.157177 -9.81183e-17 -0.98757 -0.460163 0.884809 -0.0732372 0.873811 0.465955 0.139071)
(0.157177 -2.74106e-17 -0.98757 -0.526702 0.845906 -0.0838273 0.835392 0.533331 0.132957)
(0.157177 1.6026e-16 -0.98757 -0.590053 0.801884 -0.0939099 0.791917 0.59748 0.126038)
(0.157177 -9.98315e-17 -0.98757 -0.649833 0.753008 -0.103424 0.743648 0.658011 0.118355)
(0.157177 -1.04503e-16 -0.98757 -0.705679 0.699574 -0.112312 0.690878 0.71456 0.109957)
(0.157177 6.89946e-17 -0.98757 -0.757253 0.641905 -0.120521 0.633927 0.766784 0.100893)
(0.157177 -4.2829e-17 -0.98757 -0.804244 0.580351 -0.127999 0.573138 0.814366 0.0912177)
(0.157177 -9.42239e-17 -0.98757 -0.846317 0.515369 -0.134696 0.508963 0.856968 0.081004)
(0.157177 -3.76896e-17 -0.98757 -0.883323 0.447187 -0.140585 0.441628 0.894441 0.0702873)
(0.157177 -1.10559e-17 -0.98757 -0.914983 0.376298 -0.145624 0.37162 0.926499 0.0591452)
(0.157177 -1.11356e-17 -0.98757 -0.941104 0.303131 -0.149781 0.299363 0.952949 0.0476451)
(0.157177 -5.65343e-17 -0.98757 -0.961529 0.228129 -0.153032 0.225294 0.973631 0.0358566)
(0.157177 4.89047e-17 -0.98757 -0.976134 0.151747 -0.155357 0.149861 0.988419 0.023851)
(0.157177 -9.63653e-18 -0.98757 -0.98483 0.0744457 -0.156741 0.0735204 0.997225 0.0117011)
(0.157177 2.27529e-19 -0.98757 -0.987565 -0.00330592 -0.157176 -0.00326483 0.999995 -0.000519613)
(0.157177 8.56581e-18 -0.98757 -0.98433 -0.0809391 -0.156661 -0.0799331 0.996719 -0.0127217)
(0.157177 4.36856e-17 -0.98757 -0.975137 -0.158181 -0.155198 -0.156215 0.98741 -0.0248624)
(0.157177 6.85265e-18 -0.98757 -0.960041 -0.234466 -0.152795 -0.231551 0.972124 -0.0368525)
(0.157177 5.3885e-17 -0.98757 -0.939135 -0.309331 -0.149468 -0.305486 0.950954 -0.0486196)
(0.157177 8.56581e-17 -0.98757 -0.912543 -0.382324 -0.145236 -0.377572 0.924028 -0.0600924)
(0.157177 -3.94027e-17 -0.98757 -0.880428 -0.453003 -0.140124 -0.447372 0.891509 -0.0712015)
(0.157177 1.13846e-16 -0.98757 -0.842984 -0.520939 -0.134165 -0.514464 0.853594 -0.0818795)
(0.157177 2.22711e-17 -0.98757 -0.800437 -0.585723 -0.127394 -0.578443 0.810511 -0.092062)
(0.157177 1.18676e-16 -0.98757 -0.753108 -0.646886 -0.119861 -0.638845 0.762587 -0.101675)
(0.157177 6.85265e-18 -0.98757 -0.701164 -0.704213 -0.111594 -0.69546 0.709989 -0.110686)
(0.157177 2.78787e-17 -0.98757 -0.644976 -0.757278 -0.102651 -0.747865 0.653093 -0.119026)
(0.157177 9.6714e-17 -0.98757 -0.584883 -0.805758 -0.093087 -0.795743 0.592244 -0.126646)
(0.157177 1.75997e-17 -0.98757 -0.52125 -0.849362 -0.0829595 -0.838805 0.527811 -0.1335)
(0.157177 7.53791e-17 -0.98757 -0.454462 -0.887825 -0.0723299 -0.876789 0.460182 -0.139545)
(0.157177 8.50356e-17 -0.98757 -0.384923 -0.920913 -0.0612624 -0.909467 0.389768 -0.144746)
(0.157177 -4.00252e-17 -0.98757 -0.313055 -0.948427 -0.0498242 -0.936639 0.316995 -0.149071)
(0.157177 1.71316e-17 -0.98757 -0.239386 -0.970177 -0.0380994 -0.958118 0.242398 -0.152489)
(0.157177 1.57297e-17 -0.98757 -0.164175 -0.986085 -0.0261293 -0.973829 0.166241 -0.15499)
(0.157177 -5.41214e-18 -0.98757 -0.0879707 -0.996025 -0.014001 -0.983645 0.0890779 -0.156552)
(0.157177 1.82023e-18 -0.98757 -0.0112339 -0.999935 -0.00178794 -0.987507 0.0113753 -0.157167)
(0.157177 -2.3556e-18 -0.98757 0.0655708 -0.997793 0.0104359 -0.985391 -0.0663961 -0.15683)
(0.157177 -2.09862e-17 -0.98757 0.141979 -0.989612 0.0225966 -0.977311 -0.143766 -0.155544)
(0.157177 -3.40292e-17 -0.98757 0.217527 -0.97544 0.0346205 -0.963316 -0.220265 -0.153316)
(0.157177 8.09071e-17 -0.98757 0.291759 -0.955364 0.0464349 -0.943489 -0.295431 -0.150161)
(0.157177 -5.41986e-17 -0.98757 0.364134 -0.929542 0.0579537 -0.917988 -0.368717 -0.146102)
(0.157177 -7.4911e-17 -0.98757 0.434398 -0.898064 0.0691366 -0.886901 -0.439866 -0.141155)
(0.157177 -7.24209e-17 -0.98757 0.502033 -0.86115 0.079901 -0.850446 -0.508352 -0.135353)
(0.157177 -1.32372e-17 -0.98757 0.566629 -0.819023 0.0901818 -0.808843 -0.573761 -0.128731)
(0.157177 -1.1524e-17 -0.98757 0.627795 -0.771939 0.0999167 -0.762344 -0.635697 -0.121331)
(0.157177 -5.70024e-17 -0.98757 0.685161 -0.720182 0.109047 -0.711231 -0.693785 -0.113196)
(0.157177 -7.6296e-18 -0.98757 0.73838 -0.664066 0.117517 -0.655812 -0.747674 -0.104376)
(0.157177 -1.37053e-17 -0.98757 0.78713 -0.603931 0.125276 -0.596424 -0.797037 -0.0949239)
(0.157177 -1.0014e-16 -0.98757 0.831062 -0.540223 0.132268 -0.533508 -0.841522 -0.0849105)
(0.157177 1.71316e-18 -0.98757 0.870023 -0.473167 0.138468 -0.467285 -0.880973 -0.0743708)
(0.157177 1.48109e-16 -0.98757 0.903718 -0.403246 0.143831 -0.398234 -0.915092 -0.0633809)
(0.157177 5.48212e-17 -0.98757 0.931942 -0.330884 0.148323 -0.326772 -0.943671 -0.0520073)
(0.157177 -5.47415e-17 -0.98757 0.954525 -0.25652 0.151917 -0.253332 -0.966539 -0.040319)
(0.157177 6.0658e-17 -0.98757 0.971331 -0.180603 0.154592 -0.178358 -0.983556 -0.0283866)
(0.157177 3.54685e-17 -0.98757 0.982257 -0.103593 0.156331 -0.102305 -0.99462 -0.0162824)
(0.157177 6.85265e-18 -0.98757 0.987238 -0.0259554 0.157124 -0.0256328 -0.999663 -0.00407959)
(0.157177 1.04931e-17 -0.98757 0.986248 0.0517404 0.156966 0.0510973 -0.998661 0.00813238)
(0.157177 8.05789e-18 -0.98757 0.97929 0.129222 0.155859 0.127616 -0.991616 0.0203106)
(0.157177 -6.261e-17 -0.98757 0.966406 0.205921 0.153808 0.203361 -0.978569 0.032366)
(0.157177 5.83271e-17 -0.98757 0.947671 0.281374 0.150827 0.277876 -0.959598 0.0442254)
(0.157177 -6.41639e-17 -0.98757 0.9232 0.355123 0.146932 0.350709 -0.93482 0.0558171)
(0.157177 -8.39449e-17 -0.98757 0.893141 0.426723 0.142148 0.421419 -0.904382 0.0670709)
(0.157177 5.46619e-17 -0.98757 0.857676 0.49574 0.136503 0.489578 -0.868471 0.0779188)
(0.157177 1.43906e-16 -0.98757 0.81702 0.561756 0.130033 0.554774 -0.827303 0.088295)
(0.157177 2.61655e-17 -0.98757 0.771479 0.624295 0.122785 0.616536 -0.781188 0.0981247)
(0.157177 3.72215e-17 -0.98757 0.721213 0.683137 0.114785 0.674646 -0.73029 0.107373)
(0.157177 -2.22711e-17 -0.98757 0.666582 0.737844 0.10609 0.728673 -0.674971 0.115972)
(0.157177 -8.56581e-18 -0.98757 0.607916 0.788084 0.0967528 0.778289 -0.615567 0.123869)
)
;

boundaryField
{
    left
    {
        type            calculated;
        value           uniform (0.157177 -5.774e-52 -0.98757 1.49448e-35 1 2.37854e-36 0.98757 -1.51329e-35 0.157177);
    }
    right
    {
        type            calculated;
        value           uniform (0.157177 2.39843e-17 -0.98757 0.54557 0.833555 0.0868302 0.823194 -0.552437 0.131015);
    }
    beam
    {
        type            empty;
    }
}


// ************************************************************************* //
