/*--------------------------------*- C++ -*----------------------------------*\
| =========                 |                                                 |
| \\      /  F ield         | OpenFOAM: The Open Source CFD Toolbox           |
|  \\    /   O peration     | Version:  2312                                  |
|   \\  /    A nd           | Website:  www.openfoam.com                      |
|    \\/     M anipulation  |                                                 |
\*---------------------------------------------------------------------------*/
FoamFile
{
    version     2.0;
    format      ascii;
    arch        "LSB;label=32;scalar=64";
    class       pointVectorField;
    location    "0.24/beam";
    object      pointW;
}
// * * * * * * * * * * * * * * * * * * * * * * * * * * * * * * * * * * * * * //

dimensions      [0 1 0 0 0 0 0];

internalField   nonuniform List<vector> 
1952
(
(-0.0004142669559 -1.004731414e-14 2.150997003e-05)
(-0.0004063068163 -9.854205126e-15 2.109665596e-05)
(-0.0003827329552 -9.28250532e-15 1.987263111e-05)
(-0.0003444505458 -8.353994579e-15 1.788489478e-05)
(-0.0002929312715 -7.104559996e-15 1.520986113e-05)
(-0.0002301542926 -5.581906465e-15 1.195029405e-05)
(-0.0001585327143 -3.845014585e-15 8.231489107e-06)
(-8.081944391e-05 -1.960237528e-15 4.196385431e-06)
(9.163180718e-14 0 5.60318179e-16)
(8.081944409e-05 1.960237528e-15 -4.19638543e-06)
(0.0001585327144 3.845014585e-15 -8.231489106e-06)
(0.0002301542928 5.581906465e-15 -1.195029405e-05)
(0.0002929312716 7.104559996e-15 -1.520986113e-05)
(0.0003444505459 8.353994579e-15 -1.788489478e-05)
(0.0003827329553 9.28250532e-15 -1.987263111e-05)
(0.0004063068164 9.854205126e-15 -2.109665596e-05)
(0.0004142669559 1.004731414e-14 -2.150997003e-05)
(0.0004063068163 9.854205126e-15 -2.109665596e-05)
(0.0003827329552 9.28250532e-15 -1.987263111e-05)
(0.0003444505458 8.353994579e-15 -1.788489478e-05)
(0.0002929312715 7.104559996e-15 -1.520986113e-05)
(0.0002301542926 5.581906465e-15 -1.195029405e-05)
(0.0001585327143 3.845014585e-15 -8.231489107e-06)
(8.081944391e-05 1.960237528e-15 -4.196385431e-06)
(-9.163176788e-14 0 -5.603202195e-16)
(-8.081944409e-05 -1.960237528e-15 4.19638543e-06)
(-0.0001585327144 -3.845014585e-15 8.231489106e-06)
(-0.0002301542928 -5.581906465e-15 1.195029405e-05)
(-0.0002929312716 -7.104559996e-15 1.520986113e-05)
(-0.0003444505459 -8.353994579e-15 1.788489478e-05)
(-0.0003827329553 -9.28250532e-15 1.987263111e-05)
(-0.0004063068164 -9.854205126e-15 2.109665596e-05)
(-0.0004338373747 1.004211224e-12 -0.004586512909)
(-0.0004258777452 1.004404242e-12 -0.00458692617)
(-0.0004023053948 1.00497605e-12 -0.004588150037)
(-0.0003640254387 1.005904127e-12 -0.004590137518)
(-0.0003125094659 1.007153562e-12 -0.004592812208)
(-0.0002497365101 1.008676215e-12 -0.004596071356)
(-0.0001781195215 1.010413107e-12 -0.004599789683)
(-0.0001004112314 1.012297884e-12 -0.004603824268)
(-1.959696661e-05 1.014258122e-12 -0.004608020115)
(6.121729815e-05 1.016218359e-12 -0.004612215961)
(0.0001389255883 1.018102269e-12 -0.004616250546)
(0.0002105425768 1.019839161e-12 -0.004619968873)
(0.0002733155327 1.021361815e-12 -0.004623228021)
(0.0003248315054 1.022611249e-12 -0.004625902711)
(0.0003631114615 1.02353976e-12 -0.004627890192)
(0.0003866838119 1.024111568e-12 -0.00462911406)
(0.0003946434413 1.024304627e-12 -0.004629527321)
(0.0003866838118 1.024111568e-12 -0.00462911406)
(0.0003631114614 1.02353976e-12 -0.004627890192)
(0.0003248315053 1.022611249e-12 -0.004625902711)
(0.0002733155325 1.021361815e-12 -0.004623228021)
(0.0002105425767 1.019839161e-12 -0.004619968873)
(0.0001389255881 1.018102269e-12 -0.004616250546)
(6.121729797e-05 1.016218359e-12 -0.004612215961)
(-1.959696679e-05 1.014258122e-12 -0.004608020115)
(-0.0001004112315 1.012297884e-12 -0.004603824268)
(-0.0001781195217 1.010413107e-12 -0.004599789683)
(-0.0002497365102 1.008676215e-12 -0.004596071356)
(-0.0003125094661 1.007153562e-12 -0.004592812208)
(-0.0003640254388 1.005904127e-12 -0.004590137518)
(-0.0004023053949 1.00497605e-12 -0.004588150037)
(-0.0004258777453 1.004404242e-12 -0.00458692617)
(-0.0004532934496 2.017882313e-12 -0.009193951548)
(-0.0004453353474 2.018075269e-12 -0.00919436465)
(-0.0004217675202 2.018646968e-12 -0.009195588047)
(-0.0003834949094 2.019575479e-12 -0.009197574763)
(-0.0003319888217 2.02082448e-12 -0.009200248424)
(-0.000269227911 2.0223467e-12 -0.009203506318)
(-0.0001976246646 2.024083158e-12 -0.009207223214)
(-0.0001199312854 2.025967068e-12 -0.009211256247)
(-3.913252762e-05 2.027926438e-12 -0.009215450479)
(4.166623016e-05 2.029885808e-12 -0.009219644711)
(0.0001193596094 2.031771452e-12 -0.009223677744)
(0.0001909628557 2.033507911e-12 -0.00922739464)
(0.0002537237664 2.035030131e-12 -0.009230652534)
(0.000305229854 2.036279131e-12 -0.009233326195)
(0.0003435024648 2.037207642e-12 -0.009235312911)
(0.000367070292 2.037778908e-12 -0.009236536308)
(0.0003750283941 2.037972048e-12 -0.00923694941)
(0.000367070292 2.037778908e-12 -0.009236536308)
(0.0003435024647 2.037207642e-12 -0.009235312911)
(0.0003052298539 2.036279131e-12 -0.009233326195)
(0.0002537237663 2.035030131e-12 -0.009230652534)
(0.0001909628556 2.033507911e-12 -0.00922739464)
(0.0001193596092 2.031771452e-12 -0.009223677744)
(4.166622998e-05 2.029885808e-12 -0.009219644711)
(-3.91325278e-05 2.027926438e-12 -0.009215450479)
(-0.0001199312856 2.025967068e-12 -0.009211256247)
(-0.0001976246648 2.024083158e-12 -0.009207223214)
(-0.0002692279111 2.0223467e-12 -0.009203506318)
(-0.0003319888218 2.02082448e-12 -0.009200248424)
(-0.0003834949095 2.019575479e-12 -0.009197574763)
(-0.0004217675202 2.018646968e-12 -0.009195588047)
(-0.0004453353475 2.018075269e-12 -0.00919436465)
(-0.0004725746364 3.032364348e-12 -0.01380021964)
(-0.0004646190698 3.032557278e-12 -0.01380063248)
(-0.0004410587513 3.033128653e-12 -0.0138018551)
(-0.0004027983343 3.034056513e-12 -0.01380384054)
(-0.0003513086566 3.035305514e-12 -0.0138065125)
(-0.0002885677417 3.0368273e-12 -0.01380976831)
(-0.0002169873084 3.038563325e-12 -0.01381348283)
(-0.0001393186825 3.040446367e-12 -0.01381751329)
(-5.85456675e-05 3.042405737e-12 -0.01382170484)
(2.222734754e-05 3.044365107e-12 -0.01382589639)
(9.989597336e-05 3.046249017e-12 -0.01382992685)
(0.0001714764067 3.047985041e-12 -0.01383364137)
(0.0002342173216 3.049506828e-12 -0.01383689719)
(0.0002857069992 3.050755829e-12 -0.01383956914)
(0.0003239674162 3.051683689e-12 -0.01384155459)
(0.0003475277346 3.052255063e-12 -0.0138427772)
(0.0003554833013 3.05244799e-12 -0.01384319004)
(0.0003475277346 3.052255063e-12 -0.0138427772)
(0.0003239674161 3.051683689e-12 -0.01384155459)
(0.0002857069991 3.050755829e-12 -0.01383956914)
(0.0002342173214 3.049506828e-12 -0.01383689719)
(0.0001714764066 3.047985041e-12 -0.01383364137)
(9.989597319e-05 3.046249017e-12 -0.01382992685)
(2.222734736e-05 3.044365107e-12 -0.01382589639)
(-5.854566768e-05 3.042405737e-12 -0.01382170484)
(-0.0001393186827 3.040446367e-12 -0.01381751329)
(-0.0002169873085 3.038563325e-12 -0.01381348283)
(-0.0002885677419 3.0368273e-12 -0.01380976831)
(-0.0003513086567 3.035305514e-12 -0.0138065125)
(-0.0004027983344 3.034056513e-12 -0.01380384054)
(-0.0004410587514 3.033128653e-12 -0.0138018551)
(-0.0004646190698 3.032557278e-12 -0.01380063248)
(-0.0004916214693 4.048029934e-12 -0.01840473781)
(-0.0004836694314 4.048222803e-12 -0.01840515028)
(-0.000460119563 4.048794069e-12 -0.01840637181)
(-0.0004218761162 4.049721929e-12 -0.01840835549)
(-0.0003704092766 4.050970063e-12 -0.01841102507)
(-0.0003076961903 4.052490982e-12 -0.01841427799)
(-0.0002361475062 4.054226573e-12 -0.01841798921)
(-0.00015851333 4.056108747e-12 -0.01842201608)
(-7.777614152e-05 4.05806725e-12 -0.0184262039)
(2.961046922e-06 4.060025753e-12 -0.01843039173)
(8.05952231e-05 4.061908795e-12 -0.0184344186)
(0.0001521439072 4.063644386e-12 -0.01843812982)
(0.0002148569935 4.065165305e-12 -0.01844138274)
(0.0002663238331 4.066413439e-12 -0.01844405231)
(0.0003045672798 4.067341299e-12 -0.01844603599)
(0.0003281171482 4.067912131e-12 -0.01844725752)
(0.0003360691861 4.068105083e-12 -0.01844766999)
(0.0003281171481 4.067912131e-12 -0.01844725752)
(0.0003045672797 4.067341299e-12 -0.01844603599)
(0.000266323833 4.066413439e-12 -0.01844405231)
(0.0002148569934 4.065165305e-12 -0.01844138274)
(0.000152143907 4.063644386e-12 -0.01843812982)
(8.059522293e-05 4.061908795e-12 -0.0184344186)
(2.961046741e-06 4.060025753e-12 -0.01843039173)
(-7.777614171e-05 4.05806725e-12 -0.0184262039)
(-0.0001585133302 4.056108747e-12 -0.01842201608)
(-0.0002361475063 4.054226573e-12 -0.01841798921)
(-0.0003076961904 4.052490982e-12 -0.01841427799)
(-0.0003704092768 4.050970063e-12 -0.01841102507)
(-0.0004218761163 4.049721929e-12 -0.01840835549)
(-0.000460119563 4.048794069e-12 -0.01840637181)
(-0.0004836694314 4.048222803e-12 -0.01840515028)
(-0.0005103759224 5.065213083e-12 -0.02300693695)
(-0.0005024283856 5.065405886e-12 -0.02300734895)
(-0.0004788918474 5.065976718e-12 -0.0230085691)
(-0.0004406700479 5.066903928e-12 -0.02301055053)
(-0.0003892323406 5.068151628e-12 -0.02301321707)
(-0.0003265547523 5.069671679e-12 -0.0230164663)
(-0.0002550465675 5.071406402e-12 -0.02302017331)
(-0.0001774563353 5.073289011e-12 -0.02302419561)
(-9.676484724e-05 5.075245779e-12 -0.02302837868)
(-1.60733592e-05 5.077202547e-12 -0.02303256176)
(6.1516873e-05 5.079084289e-12 -0.02303658406)
(0.0001330250577 5.080819012e-12 -0.02304029107)
(0.000195702646 5.082339063e-12 -0.02304354029)
(0.0002471403533 5.083586763e-12 -0.02304620684)
(0.0002853621528 5.084513539e-12 -0.02304818827)
(0.000308898691 5.085084589e-12 -0.02304940841)
(0.0003168462278 5.08527738e-12 -0.02304982041)
(0.000308898691 5.085084589e-12 -0.02304940841)
(0.0002853621527 5.084513539e-12 -0.02304818827)
(0.0002471403532 5.083586763e-12 -0.02304620684)
(0.0001957026459 5.082339063e-12 -0.02304354029)
(0.0001330250576 5.080819012e-12 -0.02304029107)
(6.151687283e-05 5.079084289e-12 -0.02303658406)
(-1.607335938e-05 5.077202547e-12 -0.02303256176)
(-9.676484743e-05 5.075245779e-12 -0.02302837868)
(-0.0001774563355 5.073289011e-12 -0.02302419561)
(-0.0002550465677 5.071406402e-12 -0.02302017331)
(-0.0003265547524 5.069671679e-12 -0.0230164663)
(-0.0003892323407 5.068151628e-12 -0.02301321707)
(-0.000440670048 5.066903928e-12 -0.02301055053)
(-0.0004788918474 5.065976718e-12 -0.0230085691)
(-0.0005024283857 5.065405886e-12 -0.02300734895)
(-0.000528781755 6.08419655e-12 -0.0276062615)
(-0.0005208396657 6.084389177e-12 -0.02760667293)
(-0.0004973192601 6.084959793e-12 -0.0276078914)
(-0.0004591236591 6.085886569e-12 -0.02760987011)
(-0.0004077212088 6.087133402e-12 -0.02761253299)
(-0.0003450865817 6.088652586e-12 -0.02761577775)
(-0.0002736274109 6.090385574e-12 -0.02761947967)
(-0.0001960903615 6.092266448e-12 -0.02762349644)
(-0.000115454182 6.094222349e-12 -0.02762767377)
(-3.481800247e-05 6.09617825e-12 -0.02763185109)
(4.271904692e-05 6.098059124e-12 -0.02763586787)
(0.0001141782177 6.099792112e-12 -0.02763956978)
(0.0001768128447 6.101311296e-12 -0.02764281454)
(0.000228215295 6.102558129e-12 -0.02764547743)
(0.000266410896 6.103484471e-12 -0.02764745613)
(0.0002899313015 6.104055087e-12 -0.0276486746)
(0.0002978733908 6.104247686e-12 -0.02764908603)
(0.0002899313015 6.104055087e-12 -0.0276486746)
(0.0002664108959 6.103484471e-12 -0.02764745613)
(0.0002282152949 6.102558129e-12 -0.02764547743)
(0.0001768128446 6.101311296e-12 -0.02764281454)
(0.0001141782175 6.099792112e-12 -0.02763956978)
(4.271904675e-05 6.098059124e-12 -0.02763586787)
(-3.481800265e-05 6.09617825e-12 -0.02763185109)
(-0.0001154541822 6.094222349e-12 -0.02762767377)
(-0.0001960903617 6.092266448e-12 -0.02762349644)
(-0.0002736274111 6.090385574e-12 -0.02761947967)
(-0.0003450865819 6.088652586e-12 -0.02761577775)
(-0.0004077212089 6.087133402e-12 -0.02761253299)
(-0.0004591236592 6.085886569e-12 -0.02760987011)
(-0.0004973192602 6.084959793e-12 -0.0276078914)
(-0.0005208396657 6.084389177e-12 -0.02760667293)
(-0.0005467848328 7.105199381e-12 -0.0322021725)
(-0.0005388491059 7.105391796e-12 -0.03220258327)
(-0.0005153475428 7.105961869e-12 -0.03220379978)
(-0.0004771825407 7.106887561e-12 -0.03220577531)
(-0.0004258212694 7.108133526e-12 -0.03220843392)
(-0.0003632368195 7.109651843e-12 -0.03221167347)
(-0.0002918348954 7.111383531e-12 -0.03221536944)
(-0.0002143599618 7.113263104e-12 -0.03221937976)
(-0.0001337883807 7.11521727e-12 -0.03222355038)
(-5.321679964e-05 7.117171436e-12 -0.032227721)
(2.425813402e-05 7.119051008e-12 -0.03223173132)
(9.56600581e-05 7.120782696e-12 -0.03223542729)
(0.0001582445079 7.122301013e-12 -0.03223866684)
(0.0002096057792 7.123546978e-12 -0.03224132545)
(0.0002477707813 7.12447267e-12 -0.03224330098)
(0.0002712723444 7.125042526e-12 -0.03224451749)
(0.0002792080712 7.125235109e-12 -0.03224492826)
(0.0002712723443 7.125042526e-12 -0.03224451749)
(0.0002477707812 7.12447267e-12 -0.03224330098)
(0.0002096057791 7.123546978e-12 -0.03224132545)
(0.0001582445078 7.122301013e-12 -0.03223866684)
(9.566005795e-05 7.120782696e-12 -0.03223542729)
(2.425813385e-05 7.119051008e-12 -0.03223173132)
(-5.321679982e-05 7.117171436e-12 -0.032227721)
(-0.0001337883809 7.11521727e-12 -0.03222355038)
(-0.0002143599619 7.113263104e-12 -0.03221937976)
(-0.0002918348956 7.111383531e-12 -0.03221536944)
(-0.0003632368197 7.109651843e-12 -0.03221167347)
(-0.0004258212695 7.108133526e-12 -0.03220843392)
(-0.0004771825408 7.106887561e-12 -0.03220577531)
(-0.0005153475429 7.105961869e-12 -0.03220379978)
(-0.000538849106 7.105391796e-12 -0.03220258327)
(-0.000564333421 8.128364764e-12 -0.0367941505)
(-0.0005564049356 8.128557072e-12 -0.03679456052)
(-0.0005329248177 8.129126712e-12 -0.03679577481)
(-0.0004947946412 8.13005132e-12 -0.03679774672)
(-0.0004434802373 8.131295984e-12 -0.03680040047)
(-0.0003809528959 8.132812999e-12 -0.03680363409)
(-0.0003096161263 8.134543386e-12 -0.0368073233)
(-0.0002322118887 8.136421224e-12 -0.03681132629)
(-0.0001517138295 8.138373656e-12 -0.03681548928)
(-7.121577022e-05 8.140326087e-12 -0.03681965227)
(6.18846733e-06 8.142203925e-12 -0.03682365526)
(7.752523694e-05 8.143934312e-12 -0.03682734447)
(0.0001400525783 8.145451327e-12 -0.03683057809)
(0.0001913669822 8.146695991e-12 -0.03683323184)
(0.0002294971586 8.147621033e-12 -0.03683520375)
(0.0002529772765 8.148190673e-12 -0.03683641804)
(0.0002609057619 8.148382911e-12 -0.03683682806)
(0.0002529772764 8.148190673e-12 -0.03683641804)
(0.0002294971586 8.147621033e-12 -0.03683520375)
(0.0001913669821 8.146695991e-12 -0.03683323184)
(0.0001400525781 8.145451327e-12 -0.03683057809)
(7.752523679e-05 8.143934312e-12 -0.03682734447)
(6.188467159e-06 8.142203925e-12 -0.03682365526)
(-7.12157704e-05 8.140326087e-12 -0.03681965227)
(-0.0001517138297 8.138373656e-12 -0.03681548928)
(-0.0002322118889 8.136421224e-12 -0.03681132629)
(-0.0003096161265 8.134543386e-12 -0.0368073233)
(-0.0003809528961 8.132812999e-12 -0.03680363409)
(-0.0004434802374 8.131295984e-12 -0.03680040047)
(-0.0004947946413 8.13005132e-12 -0.03679774672)
(-0.0005329248178 8.129126712e-12 -0.03679577481)
(-0.0005564049356 8.128557072e-12 -0.03679456052)
(-0.0005813784514 9.153748344e-12 -0.04138169819)
(-0.0005734580457 9.153940518e-12 -0.04138210738)
(-0.0005500018559 9.154509399e-12 -0.04138331918)
(-0.0005119105372 9.15543379e-12 -0.04138528707)
(-0.0004606484267 9.156677153e-12 -0.04138793539)
(-0.0003981848057 9.158192434e-12 -0.04139116242)
(-0.000326920734 9.159921519e-12 -0.04139484409)
(-0.0002495953776 9.161797189e-12 -0.0413988389)
(-0.0001691793523 9.163747886e-12 -0.04140299339)
(-8.876332704e-05 9.165698582e-12 -0.04140714787)
(-1.143797062e-05 9.167574252e-12 -0.04141114269)
(5.982610109e-05 9.169303337e-12 -0.04141482436)
(0.000122289722 9.170818618e-12 -0.04141805138)
(0.0001735518325 9.172061981e-12 -0.0414206997)
(0.0002116431512 9.172985505e-12 -0.04142266759)
(0.0002350993409 9.173554819e-12 -0.0414238794)
(0.0002430197466 9.173746825e-12 -0.04142428858)
(0.0002350993409 9.173554819e-12 -0.0414238794)
(0.0002116431511 9.172985505e-12 -0.04142266759)
(0.0001735518324 9.172061981e-12 -0.0414206997)
(0.0001222897219 9.170818618e-12 -0.04141805138)
(5.982610094e-05 9.169303337e-12 -0.04141482436)
(-1.143797079e-05 9.167574252e-12 -0.04141114269)
(-8.876332722e-05 9.165698582e-12 -0.04140714787)
(-0.0001691793525 9.163747886e-12 -0.04140299339)
(-0.0002495953778 9.161797189e-12 -0.0413988389)
(-0.0003269207342 9.159921519e-12 -0.04139484409)
(-0.0003981848059 9.158192434e-12 -0.04139116242)
(-0.0004606484268 9.156677153e-12 -0.04138793539)
(-0.0005119105373 9.15543379e-12 -0.04138528707)
(-0.000550001856 9.154509399e-12 -0.04138331918)
(-0.0005734580457 9.153940518e-12 -0.04138210738)
(-0.0005978737545 1.018130712e-11 -0.04596434283)
(-0.0005899622225 1.018149898e-11 -0.0459647511)
(-0.0005665323122 1.018206743e-11 -0.04596596018)
(-0.0005284836696 1.01829903e-11 -0.04596792365)
(-0.0004772789914 1.018423236e-11 -0.04597056603)
(-0.0004148853524 1.018574591e-11 -0.0459737858)
(-0.0003437011224 1.018747283e-11 -0.04597745921)
(-0.0002664623985 1.018934676e-11 -0.04598144505)
(-0.0001861364684 1.019129572e-11 -0.04598559021)
(-0.0001058105384 1.019324469e-11 -0.04598973537)
(-2.857181451e-05 1.019511775e-11 -0.04599372121)
(4.26124155e-05 1.019684467e-11 -0.04599739462)
(0.0001050060545 1.019835822e-11 -0.04600061439)
(0.0001562107327 1.019960028e-11 -0.04600325677)
(0.0001942593752 1.020052359e-11 -0.04600522024)
(0.0002176892855 1.020109203e-11 -0.04600642932)
(0.0002256008174 1.020128395e-11 -0.04600683759)
(0.0002176892854 1.020109203e-11 -0.04600642932)
(0.0001942593752 1.020052359e-11 -0.04600522024)
(0.0001562107326 1.019960028e-11 -0.04600325677)
(0.0001050060543 1.019835822e-11 -0.04600061439)
(4.261241535e-05 1.019684467e-11 -0.04599739462)
(-2.857181468e-05 1.019511775e-11 -0.04599372121)
(-0.0001058105386 1.019324469e-11 -0.04598973537)
(-0.0001861364686 1.019129572e-11 -0.04598559021)
(-0.0002664623987 1.018934676e-11 -0.04598144505)
(-0.0003437011225 1.018747283e-11 -0.04597745921)
(-0.0004148853526 1.018574591e-11 -0.0459737858)
(-0.0004772789915 1.018423236e-11 -0.04597056603)
(-0.0005284836697 1.01829903e-11 -0.04596792365)
(-0.0005665323123 1.018206743e-11 -0.04596596018)
(-0.0005899622225 1.018149898e-11 -0.0459647511)
(-0.0006137762583 1.121088914e-11 -0.05054163835)
(-0.0006058743462 1.121108089e-11 -0.05054204562)
(-0.0005824729251 1.121164836e-11 -0.05054325176)
(-0.000544470547 1.121257037e-11 -0.05054521044)
(-0.0004933281302 1.121381113e-11 -0.05054784638)
(-0.0004310103576 1.121532294e-11 -0.05055105831)
(-0.0003599126827 1.121704812e-11 -0.05055472276)
(-0.0002827678759 1.121891902e-11 -0.0505586989)
(-0.0002025396166 1.122086538e-11 -0.05056283395)
(-0.0001223113574 1.122281174e-11 -0.05056696901)
(-4.516655057e-05 1.122468351e-11 -0.05057094514)
(2.593112429e-05 1.122640869e-11 -0.05057460959)
(8.824889685e-05 1.12279205e-11 -0.05057782152)
(0.0001393913137 1.122916126e-11 -0.05058045746)
(0.0001773936917 1.123008284e-11 -0.05058241614)
(0.0002007951128 1.123065074e-11 -0.05058362228)
(0.0002086970248 1.123084242e-11 -0.05058402955)
(0.0002007951127 1.123065074e-11 -0.05058362228)
(0.0001773936916 1.123008284e-11 -0.05058241614)
(0.0001393913136 1.122916126e-11 -0.05058045746)
(8.824889671e-05 1.12279205e-11 -0.05057782152)
(2.593112413e-05 1.122640869e-11 -0.05057460959)
(-4.516655074e-05 1.122468351e-11 -0.05057094514)
(-0.0001223113576 1.122281174e-11 -0.05056696901)
(-0.0002025396168 1.122086538e-11 -0.05056283395)
(-0.000282767876 1.121891902e-11 -0.0505586989)
(-0.0003599126829 1.121704812e-11 -0.05055472276)
(-0.0004310103578 1.121532294e-11 -0.05055105831)
(-0.0004933281303 1.121381113e-11 -0.05054784638)
(-0.0005444705471 1.121257037e-11 -0.05054521044)
(-0.0005824729252 1.121164836e-11 -0.05054325176)
(-0.0006058743462 1.121108089e-11 -0.05054204562)
(-0.0006290461541 1.224222421e-11 -0.0551131672)
(-0.0006211545573 1.224241574e-11 -0.05511357341)
(-0.0005977836847 1.224298267e-11 -0.05511477639)
(-0.0005598309155 1.224390381e-11 -0.05511672995)
(-0.0005087552606 1.224514283e-11 -0.05511935899)
(-0.0004465188385 1.224665291e-11 -0.05512256252)
(-0.0003755139755 1.224837549e-11 -0.05512621739)
(-0.0002984698744 1.225024422e-11 -0.05513018312)
(-0.0002183463463 1.225218798e-11 -0.05513430736)
(-0.0001382228181 1.225413174e-11 -0.05513843159)
(-6.117871707e-05 1.225600134e-11 -0.05514239732)
(9.826145943e-06 1.225772392e-11 -0.05514605219)
(7.206256805e-05 1.225923399e-11 -0.05514925572)
(0.0001231382229 1.226047302e-11 -0.05515188476)
(0.0001610909921 1.226139372e-11 -0.05515383832)
(0.0001844618647 1.226196087e-11 -0.0551550413)
(0.0001923534614 1.22621522e-11 -0.05515544751)
(0.0001844618646 1.226196087e-11 -0.0551550413)
(0.000161090992 1.226139372e-11 -0.05515383832)
(0.0001231382228 1.226047302e-11 -0.05515188476)
(7.206256792e-05 1.225923399e-11 -0.05514925572)
(9.826145788e-06 1.225772392e-11 -0.05514605219)
(-6.117871724e-05 1.225600134e-11 -0.05514239732)
(-0.0001382228183 1.225413174e-11 -0.05513843159)
(-0.0002183463464 1.225218798e-11 -0.05513430736)
(-0.0002984698746 1.225024422e-11 -0.05513018312)
(-0.0003755139756 1.224837549e-11 -0.05512621739)
(-0.0004465188386 1.224665291e-11 -0.05512256252)
(-0.0005087552607 1.224514283e-11 -0.05511935899)
(-0.0005598309156 1.224390381e-11 -0.05511672995)
(-0.0005977836848 1.224298267e-11 -0.05511477639)
(-0.0006211545573 1.224241574e-11 -0.05511357341)
(-0.0006436470228 1.327491592e-11 -0.05967854191)
(-0.0006357663835 1.327510714e-11 -0.05967894699)
(-0.0006124279614 1.327567331e-11 -0.05968014662)
(-0.0005745278897 1.327659293e-11 -0.05968209475)
(-0.0005235231536 1.327783066e-11 -0.05968471648)
(-0.0004613731469 1.327933857e-11 -0.05968791109)
(-0.0003904668744 1.328105898e-11 -0.05969155579)
(-0.0003135297493 1.328292511e-11 -0.05969551048)
(-0.0002335174729 1.328486626e-11 -0.05969962324)
(-0.0001535051965 1.328680742e-11 -0.05970373601)
(-7.656807147e-05 1.328867441e-11 -0.0597076907)
(-5.661798937e-06 1.329039483e-11 -0.0597113354)
(5.64882077e-05 1.329190273e-11 -0.05971453001)
(0.0001074929438 1.329314046e-11 -0.05971715174)
(0.0001453930155 1.329405965e-11 -0.05971909987)
(0.0001687314375 1.329462582e-11 -0.0597202995)
(0.0001766120768 1.329481698e-11 -0.05972070458)
(0.0001687314375 1.329462582e-11 -0.0597202995)
(0.0001453930154 1.329405965e-11 -0.05971909987)
(0.0001074929437 1.329314046e-11 -0.05971715174)
(5.648820757e-05 1.329190273e-11 -0.05971453001)
(-5.661799093e-06 1.329039483e-11 -0.0597113354)
(-7.656807164e-05 1.328867441e-11 -0.0597076907)
(-0.0001535051967 1.328680742e-11 -0.05970373601)
(-0.0002335174731 1.328486626e-11 -0.05969962324)
(-0.0003135297495 1.328292511e-11 -0.05969551048)
(-0.0003904668745 1.328105898e-11 -0.05969155579)
(-0.0004613731471 1.327933857e-11 -0.05968791109)
(-0.0005235231537 1.327783066e-11 -0.05968471648)
(-0.0005745278898 1.327659293e-11 -0.05968209475)
(-0.0006124279615 1.327567331e-11 -0.05968014662)
(-0.0006357663835 1.327510714e-11 -0.05967894699)
(-0.0006575459309 1.430843511e-11 -0.06423740629)
(-0.0006496768363 1.430862612e-11 -0.06423781018)
(-0.0006263726039 1.430919164e-11 -0.06423900629)
(-0.0005885280538 1.431010995e-11 -0.0642409487)
(-0.0005375980369 1.431134551e-11 -0.06424356273)
(-0.0004755390768 1.431285125e-11 -0.06424674797)
(-0.0004047366783 1.431456906e-11 -0.06425038197)
(-0.0003279122621 1.431643259e-11 -0.06425432505)
(-0.0002480171995 1.431837114e-11 -0.06425842574)
(-0.000168122137 1.43203097e-11 -0.06426252643)
(-9.129772081e-05 1.432217409e-11 -0.06426646952)
(-2.049532228e-05 1.43238919e-11 -0.06427010352)
(4.156363783e-05 1.432539764e-11 -0.06427328875)
(9.249365466e-05 1.43266332e-11 -0.06427590278)
(0.0001303382047 1.432755151e-11 -0.06427784519)
(0.0001536424371 1.432811682e-11 -0.0642790413)
(0.0001615115317 1.432830777e-11 -0.06427944519)
(0.0001536424371 1.432811682e-11 -0.0642790413)
(0.0001303382046 1.432755151e-11 -0.06427784519)
(9.249365456e-05 1.43266332e-11 -0.06427590278)
(4.15636377e-05 1.432539764e-11 -0.06427328875)
(-2.049532244e-05 1.43238919e-11 -0.06427010352)
(-9.129772098e-05 1.432217409e-11 -0.06426646952)
(-0.0001681221371 1.43203097e-11 -0.06426252643)
(-0.0002480171997 1.431837114e-11 -0.06425842574)
(-0.0003279122623 1.431643259e-11 -0.06425432505)
(-0.0004047366784 1.431456906e-11 -0.06425038197)
(-0.000475539077 1.431285125e-11 -0.06424674797)
(-0.0005375980371 1.431134551e-11 -0.06424356273)
(-0.0005885280539 1.431010995e-11 -0.0642409487)
(-0.0006263726039 1.430919164e-11 -0.06423900629)
(-0.0006496768364 1.430862612e-11 -0.06423781018)
(-0.0006707134864 1.534211521e-11 -0.06878943639)
(-0.0006628564674 1.534230588e-11 -0.06878983904)
(-0.0006395879967 1.534287042e-11 -0.06879103147)
(-0.0006018015215 1.5343787e-11 -0.06879296791)
(-0.0005509496599 1.534502083e-11 -0.0687955739)
(-0.0004889859331 1.53465244e-11 -0.06879874934)
(-0.0004182921852 1.534823961e-11 -0.06880237217)
(-0.0003415856609 1.535010053e-11 -0.06880630313)
(-0.0002618132022 1.535203648e-11 -0.06881039121)
(-0.0001820407436 1.535397243e-11 -0.06881447929)
(-0.0001053342193 1.535583336e-11 -0.06881841025)
(-3.464047142e-05 1.535754857e-11 -0.06882203308)
(2.732325537e-05 1.535905214e-11 -0.06882520852)
(7.817511693e-05 1.536028596e-11 -0.06882781451)
(0.0001159615922 1.536120298e-11 -0.06882975095)
(0.0001392300628 1.536176752e-11 -0.06883094338)
(0.0001470870818 1.536195814e-11 -0.06883134603)
(0.0001392300628 1.536176752e-11 -0.06883094338)
(0.0001159615921 1.536120298e-11 -0.06882975095)
(7.817511683e-05 1.536028596e-11 -0.06882781451)
(2.732325524e-05 1.535905214e-11 -0.06882520852)
(-3.464047157e-05 1.535754857e-11 -0.06882203308)
(-0.0001053342194 1.535583336e-11 -0.06881841025)
(-0.0001820407438 1.535397243e-11 -0.06881447929)
(-0.0002618132024 1.535203648e-11 -0.06881039121)
(-0.0003415856611 1.535010053e-11 -0.06880630313)
(-0.0004182921854 1.534823961e-11 -0.06880237217)
(-0.0004889859332 1.53465244e-11 -0.06879874934)
(-0.00055094966 1.534502083e-11 -0.0687955739)
(-0.0006018015216 1.5343787e-11 -0.06879296791)
(-0.0006395879968 1.534287042e-11 -0.06879103147)
(-0.0006628564674 1.534230588e-11 -0.06878983904)
(-0.0006831238644 1.637514971e-11 -0.0733343411)
(-0.0006752793948 1.63753401e-11 -0.07333474246)
(-0.0006520480888 1.637590367e-11 -0.07333593108)
(-0.0006143219666 1.637681917e-11 -0.07333786132)
(-0.0005635513263 1.637805083e-11 -0.07334045897)
(-0.0005016865688 1.637955223e-11 -0.07334362425)
(-0.000431105734 1.638126483e-11 -0.07334723548)
(-0.0003545217263 1.638312316e-11 -0.07335115386)
(-0.0002748766814 1.638505564e-11 -0.07335522886)
(-0.0001952316364 1.638698812e-11 -0.07335930386)
(-0.0001186476288 1.638884644e-11 -0.07336322224)
(-4.806679396e-05 1.639055905e-11 -0.07336683347)
(1.379796352e-05 1.639206045e-11 -0.07336999875)
(6.456860379e-05 1.639329211e-11 -0.0733725964)
(0.0001022947259 1.639420761e-11 -0.07337452664)
(0.0001255260319 1.639477139e-11 -0.07337571526)
(0.0001333705015 1.639496173e-11 -0.07337611662)
(0.0001255260318 1.639477139e-11 -0.07337571526)
(0.0001022947259 1.639420761e-11 -0.07337452664)
(6.456860368e-05 1.639329211e-11 -0.0733725964)
(1.379796338e-05 1.639206045e-11 -0.07336999875)
(-4.806679411e-05 1.639055905e-11 -0.07336683347)
(-0.000118647629 1.638884644e-11 -0.07336322224)
(-0.0001952316366 1.638698812e-11 -0.07335930386)
(-0.0002748766816 1.638505564e-11 -0.07335522886)
(-0.0003545217265 1.638312316e-11 -0.07335115386)
(-0.0004311057341 1.638126483e-11 -0.07334723548)
(-0.000501686569 1.637955223e-11 -0.07334362425)
(-0.0005635513264 1.637805083e-11 -0.07334045897)
(-0.0006143219667 1.637681917e-11 -0.07333786132)
(-0.0006520480889 1.637590367e-11 -0.07333593108)
(-0.0006752793948 1.63753401e-11 -0.07333474246)
(-0.0006947547964 1.740659189e-11 -0.07787186249)
(-0.0006869232924 1.740678196e-11 -0.07787226252)
(-0.000663730384 1.740734466e-11 -0.0778734472)
(-0.0006260666169 1.740825843e-11 -0.07787537105)
(-0.0005753798922 1.740948835e-11 -0.0778779601)
(-0.000513617387 1.741098715e-11 -0.0778811149)
(-0.0004431532108 1.741269715e-11 -0.07788471417)
(-0.000366695784 1.741455157e-11 -0.07788861957)
(-0.0002871823793 1.741648145e-11 -0.07789268108)
(-0.0002076689745 1.741841133e-11 -0.07789674258)
(-0.0001312115478 1.742026662e-11 -0.07790064799)
(-6.074737151e-05 1.742197662e-11 -0.07790424726)
(1.015133629e-06 1.742347542e-11 -0.07790740206)
(5.170185834e-05 1.742470534e-11 -0.07790999111)
(8.936562538e-05 1.742561911e-11 -0.07791191495)
(0.0001125585338 1.742618203e-11 -0.07791309963)
(0.0001203900377 1.742637202e-11 -0.07791349966)
(0.0001125585337 1.742618203e-11 -0.07791309963)
(8.936562531e-05 1.742561911e-11 -0.07791191495)
(5.170185823e-05 1.742470534e-11 -0.07790999111)
(1.015133497e-06 1.742347542e-11 -0.07790740206)
(-6.074737167e-05 1.742197662e-11 -0.07790424726)
(-0.0001312115479 1.742026662e-11 -0.07790064799)
(-0.0002076689747 1.741841133e-11 -0.07789674258)
(-0.0002871823794 1.741648145e-11 -0.07789268108)
(-0.0003666957842 1.741455157e-11 -0.07788861957)
(-0.0004431532109 1.741269715e-11 -0.07788471417)
(-0.0005136173872 1.741098715e-11 -0.0778811149)
(-0.0005753798923 1.740948835e-11 -0.0778779601)
(-0.000626066617 1.740825843e-11 -0.07787537105)
(-0.0006637303841 1.740734466e-11 -0.0778734472)
(-0.0006869232925 1.740678196e-11 -0.07787226252)
(-0.0007055875292 1.843535718e-11 -0.08240177582)
(-0.0006977693499 1.843554693e-11 -0.08240217448)
(-0.0006746159024 1.843610898e-11 -0.08240335513)
(-0.0006370162173 1.843702144e-11 -0.08240527241)
(-0.000586415732 1.843824919e-11 -0.08240785264)
(-0.0005247583109 1.843974539e-11 -0.08241099668)
(-0.0004544140239 1.844145236e-11 -0.08241458368)
(-0.0003780866835 1.844330418e-11 -0.08241847578)
(-0.0002987085646 1.844523059e-11 -0.08242252344)
(-0.0002193304457 1.8447157e-11 -0.08242657109)
(-0.0001430031053 1.844900968e-11 -0.08243046319)
(-7.265881828e-05 1.845071665e-11 -0.08243405019)
(-1.100139721e-05 1.845221285e-11 -0.08243719423)
(3.959908801e-05 1.84534406e-11 -0.08243977446)
(7.71987731e-05 1.845435306e-11 -0.08244169175)
(0.0001003522206 1.84549149e-11 -0.08244287239)
(0.0001081703998 1.845510461e-11 -0.08244327105)
(0.0001003522205 1.84549149e-11 -0.08244287239)
(7.719877303e-05 1.845435306e-11 -0.08244169175)
(3.95990879e-05 1.84534406e-11 -0.08243977446)
(-1.100139734e-05 1.845221285e-11 -0.08243719423)
(-7.265881844e-05 1.845071665e-11 -0.08243405019)
(-0.0001430031054 1.844900968e-11 -0.08243046319)
(-0.0002193304459 1.8447157e-11 -0.08242657109)
(-0.0002987085648 1.844523059e-11 -0.08242252344)
(-0.0003780866837 1.844330418e-11 -0.08241847578)
(-0.0004544140241 1.844145236e-11 -0.08241458368)
(-0.0005247583111 1.843974539e-11 -0.08241099668)
(-0.0005864157322 1.843824919e-11 -0.08240785264)
(-0.0006370162174 1.843702144e-11 -0.08240527241)
(-0.0006746159025 1.843610898e-11 -0.08240335513)
(-0.0006977693499 1.843554693e-11 -0.08240217448)
(-0.0007156067496 1.946022848e-11 -0.08692388925)
(-0.0007078021975 1.946041787e-11 -0.08692428653)
(-0.0006846891071 1.946097884e-11 -0.08692546305)
(-0.0006471549591 1.946189e-11 -0.08692737364)
(-0.0005966426718 1.946311558e-11 -0.08692994485)
(-0.000535092721 1.946460961e-11 -0.08693307792)
(-0.0004648710459 1.946631354e-11 -0.08693665239)
(-0.0003886767458 1.946816233e-11 -0.0869405309)
(-0.0003094369849 1.947008527e-11 -0.08694456442)
(-0.000230197224 1.947200821e-11 -0.08694859794)
(-0.000154002924 1.947385786e-11 -0.08695247644)
(-8.378124882e-05 1.947556179e-11 -0.08695605092)
(-2.223129813e-05 1.947705582e-11 -0.08695918398)
(2.828098921e-05 1.94782814e-11 -0.0869617552)
(6.581513714e-05 1.947919213e-11 -0.08696366579)
(8.892822758e-05 1.94797531e-11 -0.08696484231)
(9.673277958e-05 1.947994258e-11 -0.08696523959)
(8.892822754e-05 1.94797531e-11 -0.08696484231)
(6.581513707e-05 1.947919213e-11 -0.08696366579)
(2.828098911e-05 1.94782814e-11 -0.0869617552)
(-2.223129826e-05 1.947705582e-11 -0.08695918398)
(-8.378124897e-05 1.947556179e-11 -0.08695605092)
(-0.0001540029242 1.947385786e-11 -0.08695247644)
(-0.0002301972242 1.947200821e-11 -0.08694859794)
(-0.0003094369851 1.947008527e-11 -0.08694456442)
(-0.000388676746 1.946816233e-11 -0.0869405309)
(-0.000464871046 1.946631354e-11 -0.08693665239)
(-0.0005350927212 1.946460961e-11 -0.08693307792)
(-0.0005966426719 1.946311558e-11 -0.08692994485)
(-0.0006471549592 1.946189e-11 -0.08692737364)
(-0.0006846891071 1.946097884e-11 -0.08692546305)
(-0.0007078021976 1.946041787e-11 -0.08692428653)
(-0.0007248004808 2.047986444e-11 -0.09143804332)
(-0.0007170098033 2.048005342e-11 -0.09143843918)
(-0.0006939378024 2.048061352e-11 -0.09143961151)
(-0.0006564703811 2.048152273e-11 -0.0914415153)
(-0.0006060478924 2.048274658e-11 -0.09144407736)
(-0.0005446073626 2.048423757e-11 -0.09144719926)
(-0.0004745105246 2.04859389e-11 -0.09145076101)
(-0.0003984516797 2.048778508e-11 -0.0914546257)
(-0.000319352788 2.048970455e-11 -0.09145864486)
(-0.0002402538962 2.049162402e-11 -0.09146266401)
(-0.0001641950513 2.04934702e-11 -0.0914665287)
(-9.409821334e-05 2.049517153e-11 -0.09147009045)
(-3.265768361e-05 2.049666253e-11 -0.09147321235)
(1.776480506e-05 2.049788637e-11 -0.09147577441)
(5.523222633e-05 2.049879559e-11 -0.0914776782)
(7.830422727e-05 2.049935569e-11 -0.09147885053)
(8.609490466e-05 2.049954477e-11 -0.09147924639)
(7.830422723e-05 2.049935569e-11 -0.09147885053)
(5.523222626e-05 2.049879559e-11 -0.0914776782)
(1.776480496e-05 2.049788637e-11 -0.09147577441)
(-3.265768374e-05 2.049666253e-11 -0.09147321235)
(-9.409821349e-05 2.049517153e-11 -0.09147009045)
(-0.0001641950515 2.04934702e-11 -0.0914665287)
(-0.0002402538964 2.049162402e-11 -0.09146266401)
(-0.0003193527881 2.048970455e-11 -0.09145864486)
(-0.0003984516799 2.048778508e-11 -0.0914546257)
(-0.0004745105248 2.04859389e-11 -0.09145076101)
(-0.0005446073628 2.048423757e-11 -0.09144719926)
(-0.0006060478925 2.048274658e-11 -0.09144407736)
(-0.0006564703812 2.048152273e-11 -0.0914415153)
(-0.0006939378024 2.048061352e-11 -0.09143961151)
(-0.0007170098034 2.048005342e-11 -0.09143843918)
(-0.0007331599449 2.149281076e-11 -0.09594411004)
(-0.0007253833359 2.149299944e-11 -0.09594450447)
(-0.0007023529985 2.149355845e-11 -0.09594567256)
(-0.0006649532361 2.149446636e-11 -0.09594756946)
(-0.0006146218007 2.149568804e-11 -0.09595012225)
(-0.0005532922206 2.149717643e-11 -0.09595323286)
(-0.000483321964 2.149887473e-11 -0.09595678172)
(-0.0004074004666 2.150071787e-11 -0.09596063243)
(-0.0003284444121 2.150263387e-11 -0.09596463705)
(-0.0002494883577 2.150454988e-11 -0.09596864166)
(-0.0001735668603 2.150639302e-11 -0.09597249237)
(-0.0001035966037 2.150809131e-11 -0.09597604123)
(-4.226702365e-05 2.150957971e-11 -0.09597915184)
(8.064411769e-06 2.151080139e-11 -0.09598170463)
(4.546417413e-05 2.15117093e-11 -0.09598360153)
(6.84945115e-05 2.151226831e-11 -0.09598476962)
(7.627112044e-05 2.151245706e-11 -0.09598516405)
(6.849451146e-05 2.151226831e-11 -0.09598476962)
(4.546417406e-05 2.15117093e-11 -0.09598360153)
(8.064411668e-06 2.151080139e-11 -0.09598170463)
(-4.226702378e-05 2.150957971e-11 -0.09597915184)
(-0.0001035966038 2.150809131e-11 -0.09597604123)
(-0.0001735668605 2.150639302e-11 -0.09597249237)
(-0.0002494883579 2.150454988e-11 -0.09596864166)
(-0.0003284444123 2.150263387e-11 -0.09596463705)
(-0.0004074004668 2.150071787e-11 -0.09596063243)
(-0.0004833219641 2.149887473e-11 -0.09595678172)
(-0.0005532922208 2.149717643e-11 -0.09595323286)
(-0.0006146218008 2.149568804e-11 -0.09595012225)
(-0.0006649532362 2.149446636e-11 -0.09594756946)
(-0.0007023529986 2.149355845e-11 -0.09594567256)
(-0.0007253833359 2.149299944e-11 -0.09594450447)
(-0.0007406793939 2.249751473e-11 -0.1004419917)
(-0.000732916996 2.249770314e-11 -0.1004423847)
(-0.0007099287446 2.249826128e-11 -0.1004435485)
(-0.0006725973272 2.249916703e-11 -0.1004454385)
(-0.0006223578683 2.250038654e-11 -0.1004479819)
(-0.000561140363 2.250187276e-11 -0.1004510812)
(-0.0004912979712 2.250356802e-11 -0.100454617)
(-0.000415515214 2.250540726e-11 -0.1004584536)
(-0.0003367034452 2.250732066e-11 -0.1004624436)
(-0.0002578916764 2.250923406e-11 -0.1004664336)
(-0.0001821089193 2.25110733e-11 -0.1004702702)
(-0.0001122665275 2.251276856e-11 -0.100473806)
(-5.104902218e-05 2.251425478e-11 -0.1004769053)
(-8.095632873e-07 2.251547429e-11 -0.1004794487)
(3.65218541e-05 2.251638047e-11 -0.1004813387)
(5.951010544e-05 2.25169384e-11 -0.1004825025)
(6.727250328e-05 2.251712694e-11 -0.1004828955)
(5.951010541e-05 2.25169384e-11 -0.1004825025)
(3.652185404e-05 2.251638047e-11 -0.1004813387)
(-8.095633879e-07 2.251547429e-11 -0.1004794487)
(-5.104902231e-05 2.251425478e-11 -0.1004769053)
(-0.0001122665276 2.251276856e-11 -0.100473806)
(-0.0001821089194 2.25110733e-11 -0.1004702702)
(-0.0002578916766 2.250923406e-11 -0.1004664336)
(-0.0003367034454 2.250732066e-11 -0.1004624436)
(-0.0004155152142 2.250540726e-11 -0.1004584536)
(-0.0004912979713 2.250356802e-11 -0.100454617)
(-0.0005611403631 2.250187276e-11 -0.1004510812)
(-0.0006223578684 2.250038654e-11 -0.1004479819)
(-0.0006725973273 2.249916703e-11 -0.1004454385)
(-0.0007099287447 2.249826128e-11 -0.1004435485)
(-0.000732916996 2.249770314e-11 -0.1004423847)
(-0.0007473552035 2.349223117e-11 -0.104931113)
(-0.0007396071094 2.349241927e-11 -0.1049315046)
(-0.0007166612185 2.349297644e-11 -0.1049326641)
(-0.0006793985917 2.349388089e-11 -0.1049345471)
(-0.0006292517091 2.349509823e-11 -0.1049370811)
(-0.0005681470093 2.349658185e-11 -0.1049401689)
(-0.0004984333161 2.349827407e-11 -0.1049436917)
(-0.0004227902039 2.350011071e-11 -0.1049475142)
(-0.0003441236616 2.350202064e-11 -0.1049514894)
(-0.0002654571194 2.350393057e-11 -0.1049554646)
(-0.0001898140072 2.350576634e-11 -0.1049592871)
(-0.000120100314 2.350745857e-11 -0.1049628099)
(-5.899561425e-05 2.350894219e-11 -0.1049658977)
(-8.848731649e-06 2.351015953e-11 -0.1049684317)
(2.841389511e-05 2.351106441e-11 -0.1049703147)
(5.135978598e-05 2.351162136e-11 -0.1049714742)
(5.910788004e-05 2.351180941e-11 -0.1049718657)
(5.135978594e-05 2.351162136e-11 -0.1049714742)
(2.841389504e-05 2.351106441e-11 -0.1049703147)
(-8.848731748e-06 2.351015953e-11 -0.1049684317)
(-5.899561438e-05 2.350894219e-11 -0.1049658977)
(-0.0001201003141 2.350745857e-11 -0.1049628099)
(-0.0001898140073 2.350576634e-11 -0.1049592871)
(-0.0002654571195 2.350393057e-11 -0.1049554646)
(-0.0003441236618 2.350202064e-11 -0.1049514894)
(-0.0004227902041 2.350011071e-11 -0.1049475142)
(-0.0004984333163 2.349827407e-11 -0.1049436917)
(-0.0005681470095 2.349658185e-11 -0.1049401689)
(-0.0006292517092 2.349509823e-11 -0.1049370811)
(-0.0006793985918 2.349388089e-11 -0.1049345471)
(-0.0007166612186 2.349297644e-11 -0.1049326641)
(-0.0007396071094 2.349241927e-11 -0.1049315046)
(-0.0007531891692 2.44756015e-11 -0.1094129517)
(-0.0007454554315 2.447578934e-11 -0.1094133418)
(-0.0007225520568 2.447634543e-11 -0.109414497)
(-0.0006853584735 2.447724835e-11 -0.109416373)
(-0.0006353045076 2.447846396e-11 -0.1094188977)
(-0.0005743130281 2.447994455e-11 -0.109421974)
(-0.0005047285067 2.448163417e-11 -0.1094254837)
(-0.0004292255528 2.448346734e-11 -0.109429292)
(-0.000350704771 2.44853738e-11 -0.1094332525)
(-0.0002721839891 2.448728026e-11 -0.1094372129)
(-0.0001966810353 2.448911343e-11 -0.1094410212)
(-0.0001270965139 2.449080305e-11 -0.1094445309)
(-6.610503445e-05 2.449228364e-11 -0.1094476073)
(-1.60510685e-05 2.449349924e-11 -0.1094501319)
(2.114251472e-05 2.449440217e-11 -0.1094520079)
(4.404588938e-05 2.449495825e-11 -0.1094531631)
(5.177962707e-05 2.449514604e-11 -0.1094535532)
(4.404588934e-05 2.449495825e-11 -0.1094531631)
(2.114251465e-05 2.449440217e-11 -0.1094520079)
(-1.60510686e-05 2.449349924e-11 -0.1094501319)
(-6.610503457e-05 2.449228364e-11 -0.1094476073)
(-0.0001270965141 2.449080305e-11 -0.1094445309)
(-0.0001966810355 2.448911343e-11 -0.1094410212)
(-0.0002721839893 2.448728026e-11 -0.1094372129)
(-0.0003507047712 2.44853738e-11 -0.1094332525)
(-0.000429225553 2.448346734e-11 -0.109429292)
(-0.0005047285068 2.448163417e-11 -0.1094254837)
(-0.0005743130282 2.447994455e-11 -0.109421974)
(-0.0006353045077 2.447846396e-11 -0.1094188977)
(-0.0006853584736 2.447724835e-11 -0.109416373)
(-0.0007225520568 2.447634543e-11 -0.109414497)
(-0.0007454554315 2.447578934e-11 -0.1094133418)
(-0.0007581806571 2.544545143e-11 -0.1138854666)
(-0.000750461281 2.544563898e-11 -0.1138858553)
(-0.0007276004379 2.544619398e-11 -0.1138870062)
(-0.0006904759232 2.544709582e-11 -0.1138888752)
(-0.0006405149075 2.544830926e-11 -0.1138913904)
(-0.0005796366892 2.544978724e-11 -0.1138944553)
(-0.0005101813864 2.545147426e-11 -0.113897952)
(-0.0004348186416 2.545330439e-11 -0.1139017461)
(-0.000356443673 2.545520739e-11 -0.1139056918)
(-0.0002780687043 2.545711038e-11 -0.1139096376)
(-0.0002027059596 2.545894051e-11 -0.1139134317)
(-0.0001332506568 2.546062753e-11 -0.1139169283)
(-7.237243858e-05 2.546210551e-11 -0.1139199932)
(-2.241142291e-05 2.546331895e-11 -0.1139225085)
(1.471309177e-05 2.546421993e-11 -0.1139243775)
(3.757393483e-05 2.546477536e-11 -0.1139255284)
(4.529331096e-05 2.546496273e-11 -0.113925917)
(3.757393479e-05 2.546477536e-11 -0.1139255284)
(1.47130917e-05 2.546421993e-11 -0.1139243775)
(-2.241142301e-05 2.546331895e-11 -0.1139225085)
(-7.23724387e-05 2.546210551e-11 -0.1139199932)
(-0.0001332506569 2.546062753e-11 -0.1139169283)
(-0.0002027059598 2.545894051e-11 -0.1139134317)
(-0.0002780687045 2.545711038e-11 -0.1139096376)
(-0.0003564436732 2.545520739e-11 -0.1139056918)
(-0.0004348186418 2.545330439e-11 -0.1139017461)
(-0.0005101813866 2.545147426e-11 -0.113897952)
(-0.0005796366894 2.544978724e-11 -0.1138944553)
(-0.0006405149076 2.544830926e-11 -0.1138913904)
(-0.0006904759232 2.544709582e-11 -0.1138888752)
(-0.0007276004379 2.544619398e-11 -0.1138870062)
(-0.000750461281 2.544563898e-11 -0.1138858553)
(-0.000762335944 2.640047706e-11 -0.1183506837)
(-0.0007546309048 2.640066421e-11 -0.1183510708)
(-0.0007318125205 2.640121845e-11 -0.1183522175)
(-0.0006947569562 2.640211834e-11 -0.1183540795)
(-0.0006448887318 2.640332961e-11 -0.1183565854)
(-0.0005841235811 2.640480543e-11 -0.1183596389)
(-0.0005147972757 2.640648941e-11 -0.1183631226)
(-0.0004395745002 2.640831564e-11 -0.1183669026)
(-0.0003613450953 2.641021603e-11 -0.1183708336)
(-0.0002831156904 2.641211642e-11 -0.1183747647)
(-0.0002078929149 2.641394352e-11 -0.1183785447)
(-0.0001385666096 2.64156275e-11 -0.1183820283)
(-7.780145892e-05 2.641710331e-11 -0.1183850818)
(-2.793323453e-05 2.641831458e-11 -0.1183875877)
(9.122329773e-06 2.641921447e-11 -0.1183894498)
(3.194071399e-05 2.64197685e-11 -0.1183905964)
(3.964575313e-05 2.641995571e-11 -0.1183909836)
(3.194071396e-05 2.64197685e-11 -0.1183905964)
(9.122329707e-06 2.641921447e-11 -0.1183894498)
(-2.793323462e-05 2.641831458e-11 -0.1183875877)
(-7.780145904e-05 2.641710331e-11 -0.1183850818)
(-0.0001385666098 2.64156275e-11 -0.1183820283)
(-0.0002078929151 2.641394352e-11 -0.1183785447)
(-0.0002831156906 2.641211642e-11 -0.1183747647)
(-0.0003613450955 2.641021603e-11 -0.1183708336)
(-0.0004395745004 2.640831564e-11 -0.1183669026)
(-0.0005147972759 2.640648941e-11 -0.1183631226)
(-0.0005841235812 2.640480543e-11 -0.1183596389)
(-0.0006448887319 2.640332961e-11 -0.1183565854)
(-0.0006947569563 2.640211834e-11 -0.1183540795)
(-0.0007318125206 2.640121845e-11 -0.1183522175)
(-0.0007546309048 2.640066421e-11 -0.1183510708)
(-0.0007656588507 2.733852225e-11 -0.1228066109)
(-0.0007579680865 2.73387091e-11 -0.1228069967)
(-0.0007351919776 2.733926236e-11 -0.1228081391)
(-0.0006982050656 2.734016095e-11 -0.1228099942)
(-0.0006484292314 2.734137005e-11 -0.1228124908)
(-0.0005877766594 2.73428437e-11 -0.122815533)
(-0.000518578794 2.734452465e-11 -0.1228190037)
(-0.0004434953826 2.734634828e-11 -0.1228227697)
(-0.0003654109123 2.73482452e-11 -0.1228266861)
(-0.0002873264419 2.735014212e-11 -0.1228306026)
(-0.0002122430306 2.735196661e-11 -0.1228343685)
(-0.0001430451652 2.735364756e-11 -0.1228378393)
(-8.239259327e-05 2.735512121e-11 -0.1228408814)
(-3.261675906e-05 2.735633031e-11 -0.122843378)
(4.37015291e-06 2.73572289e-11 -0.1228452332)
(2.714626182e-05 2.735778216e-11 -0.1228463756)
(3.483702594e-05 2.735796898e-11 -0.1228467613)
(2.714626179e-05 2.735778216e-11 -0.1228463756)
(4.370152846e-06 2.73572289e-11 -0.1228452332)
(-3.261675915e-05 2.735633031e-11 -0.122843378)
(-8.239259339e-05 2.735512121e-11 -0.1228408814)
(-0.0001430451654 2.735364756e-11 -0.1228378393)
(-0.0002122430308 2.735196661e-11 -0.1228343685)
(-0.0002873264421 2.735014212e-11 -0.1228306026)
(-0.0003654109125 2.73482452e-11 -0.1228266861)
(-0.0004434953828 2.734634828e-11 -0.1228227697)
(-0.0005185787941 2.734452465e-11 -0.1228190037)
(-0.0005877766595 2.73428437e-11 -0.122815533)
(-0.0006484292315 2.734137005e-11 -0.1228124908)
(-0.0006982050657 2.734016095e-11 -0.1228099942)
(-0.0007351919777 2.733926236e-11 -0.1228081391)
(-0.0007579680866 2.73387091e-11 -0.1228069967)
(-0.0007681578813 2.825833074e-11 -0.1272553027)
(-0.0007604813117 2.825851738e-11 -0.127255687)
(-0.0007377472396 2.825906956e-11 -0.1272568251)
(-0.0007008285928 2.825996685e-11 -0.1272586734)
(-0.0006511446276 2.826117422e-11 -0.1272611608)
(-0.0005906039995 2.826264526e-11 -0.1272641917)
(-0.0005215338496 2.826432361e-11 -0.1272676496)
(-0.0004465890165 2.826614377e-11 -0.1272714016)
(-0.0003686486633 2.826803808e-11 -0.1272753036)
(-0.0002907083101 2.82699324e-11 -0.1272792056)
(-0.000215763477 2.827175343e-11 -0.1272829576)
(-0.0001466933271 2.827343177e-11 -0.1272864156)
(-8.615269897e-05 2.827490282e-11 -0.1272894464)
(-3.646873387e-05 2.827611019e-11 -0.1272919338)
(4.499129505e-07 2.827700747e-11 -0.1272937821)
(2.318398498e-05 2.827755987e-11 -0.1272949203)
(3.086055459e-05 2.827774639e-11 -0.1272953046)
(2.318398495e-05 2.827755987e-11 -0.1272949203)
(4.499128874e-07 2.827700747e-11 -0.1272937821)
(-3.646873396e-05 2.827611019e-11 -0.1272919338)
(-8.615269909e-05 2.827490282e-11 -0.1272894464)
(-0.0001466933272 2.827343177e-11 -0.1272864156)
(-0.0002157634771 2.827175343e-11 -0.1272829576)
(-0.0002907083102 2.82699324e-11 -0.1272792056)
(-0.0003686486635 2.826803808e-11 -0.1272753036)
(-0.0004465890167 2.826614377e-11 -0.1272714016)
(-0.0005215338497 2.826432361e-11 -0.1272676496)
(-0.0005906039997 2.826264526e-11 -0.1272641917)
(-0.0006511446278 2.826117422e-11 -0.1272611608)
(-0.0007008285929 2.825996685e-11 -0.1272586734)
(-0.0007377472397 2.825906956e-11 -0.1272568251)
(-0.0007604813117 2.825851738e-11 -0.127255687)
(-0.0007698398024 2.91578829e-11 -0.1316948032)
(-0.0007621773219 2.915806908e-11 -0.1316951861)
(-0.0007394849748 2.915862083e-11 -0.13169632)
(-0.0007026340865 2.915951638e-11 -0.1316981615)
(-0.0006530413087 2.916072158e-11 -0.1317006398)
(-0.0005926117937 2.916219046e-11 -0.1317036595)
(-0.0005236684115 2.91638662e-11 -0.1317071047)
(-0.0004488611282 2.916568462e-11 -0.131710843)
(-0.0003710638226 2.916757547e-11 -0.1317147306)
(-0.000293266517 2.916946632e-11 -0.1317186182)
(-0.0002184592338 2.917128475e-11 -0.1317223565)
(-0.0001495158516 2.917296049e-11 -0.1317258017)
(-8.908633658e-05 2.917442937e-11 -0.1317288214)
(-3.949355882e-05 2.917563456e-11 -0.1317312997)
(-2.642670553e-06 2.917653055e-11 -0.1317331411)
(2.004967656e-05 2.917708208e-11 -0.1317342751)
(2.771215699e-05 2.91772684e-11 -0.131734658)
(2.004967652e-05 2.917708208e-11 -0.1317342751)
(-2.642670614e-06 2.917653055e-11 -0.1317331411)
(-3.949355891e-05 2.917563456e-11 -0.1317312997)
(-8.90863367e-05 2.917442937e-11 -0.1317288214)
(-0.0001495158517 2.917296049e-11 -0.1317258017)
(-0.0002184592339 2.917128475e-11 -0.1317223565)
(-0.0002932665172 2.916946632e-11 -0.1317186182)
(-0.0003710638228 2.916757547e-11 -0.1317147306)
(-0.0004488611283 2.916568462e-11 -0.131710843)
(-0.0005236684116 2.91638662e-11 -0.1317071047)
(-0.0005926117938 2.916219046e-11 -0.1317036595)
(-0.0006530413088 2.916072158e-11 -0.1317006398)
(-0.0007026340866 2.915951638e-11 -0.1316981615)
(-0.0007394849748 2.915862083e-11 -0.13169632)
(-0.0007621773219 2.915806908e-11 -0.1316951861)
(-0.0007707137375 3.003608565e-11 -0.1361271805)
(-0.0007630652359 3.003627165e-11 -0.136127562)
(-0.0007404142869 3.003682242e-11 -0.1361286918)
(-0.0007036306266 3.003771711e-11 -0.1361305266)
(-0.0006541283221 3.003892057e-11 -0.1361329958)
(-0.0005938090501 3.004038728e-11 -0.1361360045)
(-0.0005249914429 3.004206042e-11 -0.1361394371)
(-0.0004503206324 3.004387537e-11 -0.1361431617)
(-0.0003726652543 3.004576362e-11 -0.1361470351)
(-0.0002950098762 3.004765187e-11 -0.1361509085)
(-0.0002203390656 3.004946769e-11 -0.1361546331)
(-0.0001515214585 3.005114083e-11 -0.1361580657)
(-9.120218647e-05 3.005260754e-11 -0.1361610744)
(-4.1699882e-05 3.0053811e-11 -0.1361635436)
(-4.916221681e-06 3.005470525e-11 -0.1361653784)
(1.773472724e-05 3.005525603e-11 -0.1361665082)
(2.538322883e-05 3.005544198e-11 -0.1361668897)
(1.773472721e-05 3.005525603e-11 -0.1361665082)
(-4.916221741e-06 3.005470525e-11 -0.1361653784)
(-4.169988208e-05 3.0053811e-11 -0.1361635436)
(-9.120218658e-05 3.005260754e-11 -0.1361610744)
(-0.0001515214586 3.005114083e-11 -0.1361580657)
(-0.0002203390658 3.004946769e-11 -0.1361546331)
(-0.0002950098763 3.004765187e-11 -0.1361509085)
(-0.0003726652544 3.004576362e-11 -0.1361470351)
(-0.0004503206325 3.004387537e-11 -0.1361431617)
(-0.0005249914431 3.004206042e-11 -0.1361394371)
(-0.0005938090502 3.004038728e-11 -0.1361360045)
(-0.0006541283222 3.003892057e-11 -0.1361329958)
(-0.0007036306267 3.003771711e-11 -0.1361305266)
(-0.000740414287 3.003682242e-11 -0.1361286918)
(-0.0007630652359 3.003627165e-11 -0.136127562)
(-0.0007707876733 3.089117768e-11 -0.1405504995)
(-0.0007631530299 3.089136336e-11 -0.1405508796)
(-0.0007405431221 3.089191338e-11 -0.1405520054)
(-0.0007038261099 3.089280654e-11 -0.1405538335)
(-0.0006544134983 3.089400827e-11 -0.1405562937)
(-0.0005942035184 3.089547281e-11 -0.1405592915)
(-0.0005255106015 3.089714335e-11 -0.1405627116)
(-0.0004509750865 3.089895614e-11 -0.1405664227)
(-0.0003734604118 3.090084178e-11 -0.140570282)
(-0.000295945737 3.090272743e-11 -0.1405741414)
(-0.000221410222 3.090454021e-11 -0.1405778525)
(-0.0001527173051 3.090621075e-11 -0.1405812726)
(-9.250732525e-05 3.090767529e-11 -0.1405842704)
(-4.309471371e-05 3.090887702e-11 -0.1405867306)
(-6.377701494e-06 3.090977019e-11 -0.1405885587)
(1.62322063e-05 3.09103202e-11 -0.1405896845)
(2.386684962e-05 3.091050589e-11 -0.1405900646)
(1.623220627e-05 3.09103202e-11 -0.1405896845)
(-6.377701552e-06 3.090977019e-11 -0.1405885587)
(-4.30947138e-05 3.090887702e-11 -0.1405867306)
(-9.250732536e-05 3.090767529e-11 -0.1405842704)
(-0.0001527173052 3.090621075e-11 -0.1405812726)
(-0.0002214102222 3.090454021e-11 -0.1405778525)
(-0.0002959457371 3.090272743e-11 -0.1405741414)
(-0.0003734604119 3.090084178e-11 -0.140570282)
(-0.0004509750867 3.089895614e-11 -0.1405664227)
(-0.0005255106016 3.089714335e-11 -0.1405627116)
(-0.0005942035185 3.089547281e-11 -0.1405592915)
(-0.0006544134984 3.089400827e-11 -0.1405562937)
(-0.0007038261099 3.089280654e-11 -0.1405538335)
(-0.0007405431222 3.089191338e-11 -0.1405520054)
(-0.00076315303 3.089136336e-11 -0.1405508796)
(-0.0007700696072 3.172234051e-11 -0.1449668255)
(-0.0007624487114 3.172252597e-11 -0.1449672042)
(-0.0007398795169 3.17230749e-11 -0.1449683259)
(-0.0007032286205 3.17239672e-11 -0.1449701474)
(-0.0006539049855 3.17251672e-11 -0.1449725987)
(-0.0005938034248 3.172662957e-11 -0.1449755857)
(-0.0005252342022 3.172829794e-11 -0.1449789935)
(-0.0004508329022 3.173010812e-11 -0.1449826912)
(-0.000373457807 3.173199117e-11 -0.1449865367)
(-0.0002960827117 3.173387421e-11 -0.1449903821)
(-0.0002216814118 3.173568439e-11 -0.1449940798)
(-0.0001531121892 3.173735276e-11 -0.1449974876)
(-9.301062854e-05 3.173881514e-11 -0.1450004746)
(-4.368699356e-05 3.174001513e-11 -0.1450029259)
(-7.036097121e-06 3.174090699e-11 -0.1450047474)
(1.553309735e-05 3.174145614e-11 -0.1450058691)
(2.315399308e-05 3.174164165e-11 -0.1450062479)
(1.553309732e-05 3.174145614e-11 -0.1450058691)
(-7.036097178e-06 3.174090699e-11 -0.1450047474)
(-4.368699364e-05 3.174001513e-11 -0.1450029259)
(-9.301062865e-05 3.173881514e-11 -0.1450004746)
(-0.0001531121893 3.173735276e-11 -0.1449974876)
(-0.0002216814119 3.173568439e-11 -0.1449940798)
(-0.0002960827119 3.173387421e-11 -0.1449903821)
(-0.0003734578071 3.173199117e-11 -0.1449865367)
(-0.0004508329024 3.173010812e-11 -0.1449826912)
(-0.0005252342023 3.172829794e-11 -0.1449789935)
(-0.0005938034249 3.172662957e-11 -0.1449755857)
(-0.0006539049856 3.17251672e-11 -0.1449725987)
(-0.0007032286206 3.17239672e-11 -0.1449701474)
(-0.000739879517 3.17230749e-11 -0.1449683259)
(-0.0007624487115 3.172252597e-11 -0.1449672042)
(-0.000768566985 3.252818037e-11 -0.1493742265)
(-0.0007609597309 3.252836553e-11 -0.1493746039)
(-0.0007384309361 3.252891402e-11 -0.1493757215)
(-0.0007018456459 3.252980437e-11 -0.1493775365)
(-0.0006526103019 3.253100306e-11 -0.149379979)
(-0.000592616325 3.25324637e-11 -0.1493829553)
(-0.0005241698436 3.25341299e-11 -0.1493863509)
(-0.0004499017245 3.253593749e-11 -0.1493900353)
(-0.0003726651333 3.253781793e-11 -0.149393867)
(-0.000295428542 3.253969837e-11 -0.1493976987)
(-0.0002211604229 3.254150595e-11 -0.1494013831)
(-0.0001527139415 3.254317215e-11 -0.1494047787)
(-9.271996468e-05 3.254463279e-11 -0.1494077549)
(-4.348462066e-05 3.254583148e-11 -0.1494101975)
(-6.899330556e-06 3.254672183e-11 -0.1494120125)
(1.56294643e-05 3.254727033e-11 -0.1494131301)
(2.323671837e-05 3.25474555e-11 -0.1494135075)
(1.562946427e-05 3.254727033e-11 -0.1494131301)
(-6.899330611e-06 3.254672183e-11 -0.1494120125)
(-4.348462074e-05 3.254583148e-11 -0.1494101975)
(-9.271996478e-05 3.254463279e-11 -0.1494077549)
(-0.0001527139416 3.254317215e-11 -0.1494047787)
(-0.000221160423 3.254150595e-11 -0.1494013831)
(-0.0002954285422 3.253969837e-11 -0.1493976987)
(-0.0003726651334 3.253781793e-11 -0.149393867)
(-0.0004499017246 3.253593749e-11 -0.1493900353)
(-0.0005241698438 3.25341299e-11 -0.1493863509)
(-0.0005926163251 3.25324637e-11 -0.1493829553)
(-0.000652610302 3.253100306e-11 -0.149379979)
(-0.000701845646 3.252980437e-11 -0.1493775365)
(-0.0007384309361 3.252891402e-11 -0.1493757215)
(-0.000760959731 3.252836553e-11 -0.1493746039)
(-0.0007662850445 3.330824975e-11 -0.1537747482)
(-0.00075869135 3.330843468e-11 -0.1537751242)
(-0.0007362027117 3.330898253e-11 -0.1537762379)
(-0.0006996826331 3.330987135e-11 -0.1537780464)
(-0.0006505350488 3.331106875e-11 -0.1537804802)
(-0.0005906480085 3.331252722e-11 -0.1537834458)
(-0.0005223235298 3.331419125e-11 -0.1537868293)
(-0.0004481877901 3.331599666e-11 -0.1537905006)
(-0.0003710888695 3.33178745e-11 -0.1537943185)
(-0.000293989949 3.331975234e-11 -0.1537981365)
(-0.0002198542093 3.332155775e-11 -0.1538018078)
(-0.0001515297307 3.332322179e-11 -0.1538051913)
(-9.164269031e-05 3.332468025e-11 -0.1538081569)
(-4.249510602e-05 3.332587765e-11 -0.1538105907)
(-5.975027504e-06 3.332676734e-11 -0.1538123992)
(1.651361082e-05 3.332731497e-11 -0.1538135129)
(2.41073053e-05 3.33274999e-11 -0.1538138889)
(1.651361079e-05 3.332731497e-11 -0.1538135129)
(-5.975027558e-06 3.332676734e-11 -0.1538123992)
(-4.249510609e-05 3.332587765e-11 -0.1538105907)
(-9.164269041e-05 3.332468025e-11 -0.1538081569)
(-0.0001515297308 3.332322179e-11 -0.1538051913)
(-0.0002198542095 3.332155775e-11 -0.1538018078)
(-0.0002939899491 3.331975234e-11 -0.1537981365)
(-0.0003710888697 3.33178745e-11 -0.1537943185)
(-0.0004481877902 3.331599666e-11 -0.1537905006)
(-0.0005223235299 3.331419125e-11 -0.1537868293)
(-0.0005906480086 3.331252722e-11 -0.1537834458)
(-0.0006505350489 3.331106875e-11 -0.1537804802)
(-0.0006996826332 3.330987135e-11 -0.1537780464)
(-0.0007362027117 3.330898253e-11 -0.1537762379)
(-0.00075869135 3.330843468e-11 -0.1537751242)
(-0.0007632292368 3.406160796e-11 -0.1581664456)
(-0.0007556490369 3.406179277e-11 -0.1581668203)
(-0.0007332003627 3.406233954e-11 -0.15816793)
(-0.0006967451833 3.406322793e-11 -0.1581697321)
(-0.0006476849382 3.406442359e-11 -0.1581721573)
(-0.000587904322 3.406588032e-11 -0.1581751123)
(-0.0005197012614 3.406754219e-11 -0.1581784838)
(-0.0004456972669 3.406934544e-11 -0.158182142)
(-0.0003687353574 3.407122067e-11 -0.1581859464)
(-0.0002917734478 3.407309591e-11 -0.1581897508)
(-0.0002177694534 3.407490002e-11 -0.1581934089)
(-0.0001495663928 3.407656188e-11 -0.1581967804)
(-8.97857766e-05 3.407801862e-11 -0.1581997355)
(-4.072553154e-05 3.407921428e-11 -0.1582021606)
(-4.270352159e-06 3.408010224e-11 -0.1582039627)
(1.817832203e-05 3.408064944e-11 -0.1582050724)
(2.575852191e-05 3.408083413e-11 -0.1582054471)
(1.817832201e-05 3.408064944e-11 -0.1582050724)
(-4.27035221e-06 3.408010224e-11 -0.1582039627)
(-4.072553161e-05 3.407921428e-11 -0.1582021606)
(-8.97857767e-05 3.407801862e-11 -0.1581997355)
(-0.0001495663929 3.407656188e-11 -0.1581967804)
(-0.0002177694535 3.407490002e-11 -0.1581934089)
(-0.000291773448 3.407309591e-11 -0.1581897508)
(-0.0003687353575 3.407122067e-11 -0.1581859464)
(-0.0004456972671 3.406934544e-11 -0.158182142)
(-0.0005197012615 3.406754219e-11 -0.1581784838)
(-0.0005879043221 3.406588032e-11 -0.1581751123)
(-0.0006476849383 3.406442359e-11 -0.1581721573)
(-0.0006967451834 3.406322793e-11 -0.1581697321)
(-0.0007332003627 3.406233954e-11 -0.15816793)
(-0.0007556490369 3.406179277e-11 -0.1581668203)
(-0.0007594009446 3.478824047e-11 -0.1625513311)
(-0.0007518342074 3.478842496e-11 -0.1625517045)
(-0.0007294254029 3.47889714e-11 -0.1625528102)
(-0.0006930349694 3.478985893e-11 -0.1625546059)
(-0.0006440618572 3.479105285e-11 -0.1625570224)
(-0.0005843874138 3.479250785e-11 -0.162559967)
(-0.0005163054846 3.479416798e-11 -0.1625633264)
(-0.0004424329242 3.479596819e-11 -0.1625669716)
(-0.0003656077021 3.479784169e-11 -0.1625707625)
(-0.0002887824799 3.479971519e-11 -0.1625745533)
(-0.0002149099196 3.480151627e-11 -0.1625781985)
(-0.0001468279904 3.48031764e-11 -0.1625815579)
(-8.71535469e-05 3.48046314e-11 -0.1625845025)
(-3.81804348e-05 3.480582532e-11 -0.162586919)
(-1.790001281e-06 3.480671285e-11 -0.1625887147)
(2.061880317e-05 3.480725907e-11 -0.1625898204)
(2.818554031e-05 3.48074436e-11 -0.1625901938)
(2.061880314e-05 3.480725907e-11 -0.1625898204)
(-1.79000133e-06 3.480671285e-11 -0.1625887147)
(-3.818043487e-05 3.480582532e-11 -0.162586919)
(-8.7153547e-05 3.48046314e-11 -0.1625845025)
(-0.0001468279905 3.48031764e-11 -0.1625815579)
(-0.0002149099197 3.480151627e-11 -0.1625781985)
(-0.0002887824801 3.479971519e-11 -0.1625745533)
(-0.0003656077022 3.479784169e-11 -0.1625707625)
(-0.0004424329243 3.479596819e-11 -0.1625669716)
(-0.0005163054847 3.479416798e-11 -0.1625633264)
(-0.0005843874139 3.479250785e-11 -0.162559967)
(-0.0006440618573 3.479105285e-11 -0.1625570224)
(-0.0006930349694 3.478985893e-11 -0.1625546059)
(-0.000729425403 3.47889714e-11 -0.1625528102)
(-0.0007518342074 3.478842496e-11 -0.1625517045)
(-0.0007548029953 3.548770219e-11 -0.1669274363)
(-0.0007472497112 3.54878865e-11 -0.1669278083)
(-0.0007248807478 3.548843229e-11 -0.1669289101)
(-0.0006885550135 3.548931852e-11 -0.1669306994)
(-0.0006396689717 3.549051114e-11 -0.1669331073)
(-0.0005801006247 3.54919644e-11 -0.1669360414)
(-0.0005121397397 3.549362236e-11 -0.1669393889)
(-0.0004383985189 3.549542171e-11 -0.1669430211)
(-0.0003617098859 3.549729261e-11 -0.1669467984)
(-0.000285021253 3.54991635e-11 -0.1669505758)
(-0.0002112800321 3.550096285e-11 -0.166954208)
(-0.0001433191472 3.550262081e-11 -0.1669575554)
(-8.375080017e-05 3.550407407e-11 -0.1669604895)
(-3.486475838e-05 3.55052667e-11 -0.1669628975)
(1.460975842e-06 3.550615336e-11 -0.1669646867)
(2.382993921e-05 3.550669893e-11 -0.1669657885)
(3.13832233e-05 3.550688318e-11 -0.1669661606)
(2.382993919e-05 3.550669893e-11 -0.1669657885)
(1.460975795e-06 3.550615336e-11 -0.1669646867)
(-3.486475845e-05 3.55052667e-11 -0.1669628975)
(-8.375080026e-05 3.550407407e-11 -0.1669604895)
(-0.0001433191473 3.550262081e-11 -0.1669575554)
(-0.0002112800323 3.550096285e-11 -0.166954208)
(-0.0002850212531 3.54991635e-11 -0.1669505758)
(-0.0003617098861 3.549729261e-11 -0.1669467984)
(-0.000438398519 3.549542171e-11 -0.1669430211)
(-0.0005121397398 3.549362236e-11 -0.1669393889)
(-0.0005801006248 3.54919644e-11 -0.1669360414)
(-0.0006396689718 3.549051114e-11 -0.1669331073)
(-0.0006885550136 3.548931852e-11 -0.1669306994)
(-0.0007248807478 3.548843229e-11 -0.1669289101)
(-0.0007472497112 3.54878865e-11 -0.1669278083)
(-0.0007494329461 3.616042689e-11 -0.1712967345)
(-0.0007418931377 3.616061096e-11 -0.1712971052)
(-0.0007195640827 3.61611561e-11 -0.1712982031)
(-0.000683303157 3.616204124e-11 -0.1712999859)
(-0.0006345043325 3.616323256e-11 -0.1713023852)
(-0.000575042261 3.616468453e-11 -0.1713053088)
(-0.0005072026247 3.616634076e-11 -0.1713086443)
(-0.0004335929651 3.616813706e-11 -0.1713122635)
(-0.0003570411519 3.617000623e-11 -0.1713160274)
(-0.0002804893387 3.617187539e-11 -0.1713197913)
(-0.0002068796792 3.617367256e-11 -0.1713234105)
(-0.0001390400429 3.617532879e-11 -0.171326746)
(-7.957797141e-05 3.617678076e-11 -0.1713296696)
(-3.077914693e-05 3.617797208e-11 -0.1713320689)
(5.481778755e-06 3.617885722e-11 -0.1713338518)
(2.781083379e-05 3.617940257e-11 -0.1713349496)
(3.53506421e-05 3.617958659e-11 -0.1713353204)
(2.781083376e-05 3.617940257e-11 -0.1713349496)
(5.481778709e-06 3.617885722e-11 -0.1713338518)
(-3.077914699e-05 3.617797208e-11 -0.1713320689)
(-7.957797149e-05 3.617678076e-11 -0.1713296696)
(-0.000139040043 3.617532879e-11 -0.171326746)
(-0.0002068796793 3.617367256e-11 -0.1713234105)
(-0.0002804893388 3.617187539e-11 -0.1713197913)
(-0.000357041152 3.617000623e-11 -0.1713160274)
(-0.0004335929652 3.616813706e-11 -0.1713122635)
(-0.0005072026248 3.616634076e-11 -0.1713086443)
(-0.0005750422611 3.616468453e-11 -0.1713053088)
(-0.0006345043326 3.616323256e-11 -0.1713023852)
(-0.000683303157 3.616204124e-11 -0.1712999859)
(-0.0007195640827 3.61611561e-11 -0.1712982031)
(-0.0007418931377 3.616061096e-11 -0.1712971052)
(-0.0007432918296 3.680645162e-11 -0.175657235)
(-0.0007357655341 3.680663554e-11 -0.1756576044)
(-0.0007134764972 3.680717992e-11 -0.1756586983)
(-0.0006772805583 3.680806441e-11 -0.1756604748)
(-0.000628569191 3.680925443e-11 -0.1756628655)
(-0.0005692136874 3.681070466e-11 -0.1756657786)
(-0.0005014956333 3.681235915e-11 -0.1756691021)
(-0.000428017897 3.681415502e-11 -0.1756727083)
(-0.0003516032799 3.681602159e-11 -0.1756764587)
(-0.0002751886628 3.681788815e-11 -0.175680209)
(-0.0002017109265 3.681968315e-11 -0.1756838152)
(-0.0001339928723 3.682133765e-11 -0.1756871388)
(-7.463736875e-05 3.682278787e-11 -0.1756900519)
(-2.59260015e-05 3.682397789e-11 -0.1756924426)
(1.026993736e-05 3.682486239e-11 -0.1756942191)
(3.255897427e-05 3.682540698e-11 -0.175695313)
(4.008526974e-05 3.682559082e-11 -0.1756956824)
(3.255897425e-05 3.682540698e-11 -0.175695313)
(1.026993732e-05 3.682486239e-11 -0.1756942191)
(-2.592600157e-05 3.682397789e-11 -0.1756924426)
(-7.463736883e-05 3.682278787e-11 -0.1756900519)
(-0.0001339928724 3.682133765e-11 -0.1756871388)
(-0.0002017109266 3.681968315e-11 -0.1756838152)
(-0.0002751886629 3.681788815e-11 -0.175680209)
(-0.00035160328 3.681602159e-11 -0.1756764587)
(-0.0004280178971 3.681415502e-11 -0.1756727083)
(-0.0005014956334 3.681235915e-11 -0.1756691021)
(-0.0005692136875 3.681070466e-11 -0.1756657786)
(-0.0006285691911 3.680925443e-11 -0.1756628655)
(-0.0006772805584 3.680806441e-11 -0.1756604748)
(-0.0007134764972 3.680717992e-11 -0.1756586983)
(-0.0007357655341 3.680663554e-11 -0.1756576044)
(-0.0007363751597 3.742661258e-11 -0.1800108817)
(-0.0007288624302 3.742679625e-11 -0.1800112498)
(-0.000706613569 3.742734009e-11 -0.1800123397)
(-0.0006704828729 3.742822415e-11 -0.1800141098)
(-0.0006218593072 3.742941287e-11 -0.1800164919)
(-0.0005626107912 3.743086136e-11 -0.1800193944)
(-0.000495014798 3.743251412e-11 -0.180022706)
(-0.0004216695044 3.743430739e-11 -0.1800262992)
(-0.0003453926237 3.743617222e-11 -0.180030036)
(-0.000269115743 3.743803705e-11 -0.1800337728)
(-0.0001957704494 3.743983118e-11 -0.180037366)
(-0.0001281744562 3.744148394e-11 -0.1800406775)
(-6.892594017e-05 3.744293244e-11 -0.1800435801)
(-2.030237455e-05 3.744412115e-11 -0.1800459622)
(1.582832158e-05 3.744500435e-11 -0.1800477322)
(3.807718278e-05 3.74455484e-11 -0.1800488222)
(4.55899122e-05 3.744573205e-11 -0.1800491903)
(3.807718276e-05 3.74455484e-11 -0.1800488222)
(1.582832154e-05 3.744500435e-11 -0.1800477322)
(-2.030237461e-05 3.744412115e-11 -0.1800459622)
(-6.892594025e-05 3.744293244e-11 -0.1800435801)
(-0.0001281744563 3.744148394e-11 -0.1800406775)
(-0.0001957704495 3.743983118e-11 -0.180037366)
(-0.0002691157431 3.743803705e-11 -0.1800337728)
(-0.0003453926238 3.743617222e-11 -0.180030036)
(-0.0004216695045 3.743430739e-11 -0.1800262992)
(-0.0004950147981 3.743251412e-11 -0.180022706)
(-0.0005626107913 3.743086136e-11 -0.1800193944)
(-0.0006218593073 3.742941287e-11 -0.1800164919)
(-0.0006704828729 3.742822415e-11 -0.1800141098)
(-0.0007066135691 3.742734009e-11 -0.1800123397)
(-0.0007288624303 3.742679625e-11 -0.1800112498)
(-0.0007286850187 3.802134815e-11 -0.1843556806)
(-0.0007211858972 3.802153167e-11 -0.1843560474)
(-0.0006989773356 3.802207529e-11 -0.1843571334)
(-0.0006629120835 3.802295761e-11 -0.184358897)
(-0.0006143765904 3.802414546e-11 -0.1843612704)
(-0.000555235392 3.802559266e-11 -0.1843641625)
(-0.0004877618363 3.802724368e-11 -0.184367462)
(-0.000414549394 3.802903565e-11 -0.1843710422)
(-0.0003384106747 3.803089874e-11 -0.1843747654)
(-0.0002622719554 3.803276184e-11 -0.1843784887)
(-0.0001890595131 3.803455294e-11 -0.1843820688)
(-0.0001215859574 3.803620396e-11 -0.1843853684)
(-6.244475906e-05 3.803765115e-11 -0.1843882604)
(-1.390926596e-05 3.803883901e-11 -0.1843906339)
(2.215598615e-05 3.803972176e-11 -0.1843923975)
(4.436454769e-05 3.804026517e-11 -0.1843934835)
(5.186366919e-05 3.804044864e-11 -0.1843938502)
(4.436454767e-05 3.804026517e-11 -0.1843934835)
(2.215598611e-05 3.803972176e-11 -0.1843923975)
(-1.390926602e-05 3.803883901e-11 -0.1843906339)
(-6.244475913e-05 3.803765115e-11 -0.1843882604)
(-0.0001215859575 3.803620396e-11 -0.1843853684)
(-0.0001890595132 3.803455294e-11 -0.1843820688)
(-0.0002622719555 3.803276184e-11 -0.1843784887)
(-0.0003384106748 3.803089874e-11 -0.1843747654)
(-0.0004145493941 3.802903565e-11 -0.1843710422)
(-0.0004877618364 3.802724368e-11 -0.184367462)
(-0.0005552353921 3.802559266e-11 -0.1843641625)
(-0.0006143765905 3.802414546e-11 -0.1843612704)
(-0.0006629120836 3.802295761e-11 -0.184358897)
(-0.0006989773357 3.802207529e-11 -0.1843571334)
(-0.0007211858972 3.802153167e-11 -0.1843560474)
(-0.0007202188237 3.859178276e-11 -0.1886935758)
(-0.0007127333326 3.85919661e-11 -0.1886939412)
(-0.0006905651376 3.859250918e-11 -0.1886950233)
(-0.000654565438 3.859339064e-11 -0.1886967805)
(-0.0006061181635 3.859457719e-11 -0.1886991453)
(-0.0005470844607 3.859602308e-11 -0.1887020268)
(-0.0004797335456 3.85976728e-11 -0.1887053143)
(-0.0004066541749 3.859946304e-11 -0.1887088814)
(-0.000330653846 3.860132439e-11 -0.1887125912)
(-0.0002546535172 3.860318575e-11 -0.1887163009)
(-0.0001815741465 3.860497512e-11 -0.188719868)
(-0.0001142232314 3.860662484e-11 -0.1887231555)
(-5.518952863e-05 3.860807073e-11 -0.188726037)
(-6.742254113e-06 3.860925728e-11 -0.1887284018)
(2.925744546e-05 3.861013874e-11 -0.188730159)
(5.14256405e-05 3.86106816e-11 -0.1887312411)
(5.891113154e-05 3.861086502e-11 -0.1887316065)
(5.142564048e-05 3.86106816e-11 -0.1887312411)
(2.925744542e-05 3.861013874e-11 -0.188730159)
(-6.742254169e-06 3.860925728e-11 -0.1887284018)
(-5.518952871e-05 3.860807073e-11 -0.188726037)
(-0.0001142232315 3.860662484e-11 -0.1887231555)
(-0.0001815741466 3.860497512e-11 -0.188719868)
(-0.0002546535173 3.860318575e-11 -0.1887163009)
(-0.0003306538461 3.860132439e-11 -0.1887125912)
(-0.000406654175 3.859946304e-11 -0.1887088814)
(-0.0004797335457 3.85976728e-11 -0.1887053143)
(-0.0005470844607 3.859602308e-11 -0.1887020268)
(-0.0006061181635 3.859457719e-11 -0.1886991453)
(-0.0006545654381 3.859339064e-11 -0.1886967805)
(-0.0006905651376 3.859250918e-11 -0.1886950233)
(-0.0007127333327 3.85919661e-11 -0.1886939412)
(-0.0007109847126 3.913860557e-11 -0.1930226109)
(-0.0007035128184 3.913878867e-11 -0.193022975)
(-0.0006813848903 3.913933132e-11 -0.1930240531)
(-0.0006454505815 3.91402119e-11 -0.1930258039)
(-0.0005970913079 3.914139759e-11 -0.1930281601)
(-0.0005381648355 3.914284175e-11 -0.1930310312)
(-0.0004709362585 3.914449017e-11 -0.1930343067)
(-0.0003979896311 3.914627823e-11 -0.1930378609)
(-0.0003221273513 3.914813786e-11 -0.1930415571)
(-0.0002462650715 3.914999748e-11 -0.1930452533)
(-0.0001733184441 3.915178555e-11 -0.1930488074)
(-0.0001060898671 3.915343397e-11 -0.193052083)
(-4.716339471e-05 3.915487812e-11 -0.193054954)
(1.195878873e-06 3.915606381e-11 -0.1930573102)
(3.713018762e-05 3.915694483e-11 -0.193059061)
(5.925811576e-05 3.915748726e-11 -0.1930601391)
(6.673000994e-05 3.915767039e-11 -0.1930605032)
(5.925811574e-05 3.915748726e-11 -0.1930601391)
(3.713018758e-05 3.915694483e-11 -0.193059061)
(1.195878819e-06 3.915606381e-11 -0.1930573102)
(-4.716339478e-05 3.915487812e-11 -0.193054954)
(-0.0001060898672 3.915343397e-11 -0.193052083)
(-0.0001733184442 3.915178555e-11 -0.1930488074)
(-0.0002462650716 3.914999748e-11 -0.1930452533)
(-0.0003221273514 3.914813786e-11 -0.1930415571)
(-0.0003979896312 3.914627823e-11 -0.1930378609)
(-0.0004709362585 3.914449017e-11 -0.1930343067)
(-0.0005381648356 3.914284175e-11 -0.1930310312)
(-0.000597091308 3.914139759e-11 -0.1930281601)
(-0.0006454505816 3.91402119e-11 -0.1930258039)
(-0.0006813848903 3.913933132e-11 -0.1930240531)
(-0.0007035128184 3.913878867e-11 -0.193022975)
(-0.0007009878981 3.966305005e-11 -0.1973447815)
(-0.0006935294952 3.966323309e-11 -0.1973451442)
(-0.0006714415215 3.966377487e-11 -0.1973462185)
(-0.0006355720962 3.966465524e-11 -0.197347963)
(-0.0005873001407 3.966583962e-11 -0.1973503106)
(-0.0005284800667 3.966728291e-11 -0.1973531713)
(-0.0004613728785 3.96689296e-11 -0.197356435)
(-0.0003885579645 3.967071636e-11 -0.1973599763)
(-0.0003128326626 3.967257425e-11 -0.1973636591)
(-0.0002371073607 3.967443214e-11 -0.197367342)
(-0.0001642924467 3.967621891e-11 -0.1973708832)
(-9.718525848e-05 3.967786559e-11 -0.1973741469)
(-3.83651845e-05 3.967930888e-11 -0.1973770076)
(9.906770958e-06 3.968049327e-11 -0.1973793553)
(4.577619625e-05 3.96813732e-11 -0.1973810998)
(6.786416992e-05 3.96819152e-11 -0.197382174)
(7.532257275e-05 3.968209826e-11 -0.1973825367)
(6.78641699e-05 3.96819152e-11 -0.197382174)
(4.577619622e-05 3.96813732e-11 -0.1973810998)
(9.906770906e-06 3.968049327e-11 -0.1973793553)
(-3.836518456e-05 3.967930888e-11 -0.1973770076)
(-9.718525856e-05 3.967786559e-11 -0.1973741469)
(-0.0001642924468 3.967621891e-11 -0.1973708832)
(-0.0002371073608 3.967443214e-11 -0.197367342)
(-0.0003128326627 3.967257425e-11 -0.1973636591)
(-0.0003885579646 3.967071636e-11 -0.1973599763)
(-0.0004613728786 3.96689296e-11 -0.197356435)
(-0.0005284800668 3.966728291e-11 -0.1973531713)
(-0.0005873001408 3.966583962e-11 -0.1973503106)
(-0.0006355720963 3.966465524e-11 -0.197347963)
(-0.0006714415216 3.966377487e-11 -0.1973462185)
(-0.0006935294952 3.966323309e-11 -0.1973451442)
(-0.0006902490214 4.016584738e-11 -0.2016582287)
(-0.0006828038907 4.016603033e-11 -0.2016585902)
(-0.0006607552225 4.016657167e-11 -0.2016596606)
(-0.0006249496267 4.016745096e-11 -0.2016613989)
(-0.0005767635711 4.016863448e-11 -0.2016637382)
(-0.0005180481672 4.017007647e-11 -0.2016665886)
(-0.000451060396 4.017172185e-11 -0.2016698407)
(-0.0003783750559 4.017350775e-11 -0.2016733694)
(-0.0003027845069 4.01753639e-11 -0.2016770391)
(-0.0002271939579 4.017722006e-11 -0.2016807088)
(-0.0001545086179 4.017900509e-11 -0.2016842375)
(-8.752084664e-05 4.018065047e-11 -0.2016874895)
(-2.880544279e-05 4.018209246e-11 -0.20169034)
(1.938061288e-05 4.018327598e-11 -0.2016926793)
(5.518620865e-05 4.018415527e-11 -0.2016944175)
(7.723487683e-05 4.018469704e-11 -0.201695488)
(8.468000747e-05 4.018487989e-11 -0.2016958494)
(7.723487682e-05 4.018469704e-11 -0.201695488)
(5.518620861e-05 4.018415527e-11 -0.2016944175)
(1.938061283e-05 4.018327598e-11 -0.2016926793)
(-2.880544285e-05 4.018209246e-11 -0.20169034)
(-8.752084672e-05 4.018065047e-11 -0.2016874895)
(-0.000154508618 4.017900509e-11 -0.2016842375)
(-0.000227193958 4.017722006e-11 -0.2016807088)
(-0.000302784507 4.01753639e-11 -0.2016770391)
(-0.000378375056 4.017350775e-11 -0.2016733694)
(-0.000451060396 4.017172185e-11 -0.2016698407)
(-0.0005180481673 4.017007647e-11 -0.2016665886)
(-0.0005767635711 4.016863448e-11 -0.2016637382)
(-0.0006249496268 4.016745096e-11 -0.2016613989)
(-0.0006607552226 4.016657167e-11 -0.2016596606)
(-0.0006828038908 4.016603033e-11 -0.2016585902)
(-0.0006787876562 4.064811552e-11 -0.2059650652)
(-0.0006713554485 4.06482982e-11 -0.2059654254)
(-0.0006493450514 4.064883933e-11 -0.205966492)
(-0.0006136016055 4.064971797e-11 -0.2059682243)
(-0.0005654991891 4.065090061e-11 -0.2059705554)
(-0.000506885701 4.065234174e-11 -0.205973396)
(-0.0004400142042 4.065398539e-11 -0.2059766367)
(-0.0003674550283 4.065576868e-11 -0.2059801532)
(-0.0002919956862 4.065762397e-11 -0.2059838101)
(-0.0002165363441 4.065947926e-11 -0.2059874671)
(-0.0001439771681 4.066126342e-11 -0.2059909835)
(-7.710567142e-05 4.066290707e-11 -0.2059942242)
(-1.849218327e-05 4.066434819e-11 -0.2059970648)
(2.961023309e-05 4.066553084e-11 -0.2059993959)
(6.535367903e-05 4.066640948e-11 -0.2060011282)
(8.736407607e-05 4.06669506e-11 -0.2060021948)
(9.479628377e-05 4.066713333e-11 -0.206002555)
(8.736407606e-05 4.06669506e-11 -0.2060021948)
(6.535367899e-05 4.066640948e-11 -0.2060011282)
(2.961023304e-05 4.066553084e-11 -0.2059993959)
(-1.849218333e-05 4.066434819e-11 -0.2059970648)
(-7.710567149e-05 4.066290707e-11 -0.2059942242)
(-0.0001439771682 4.066126342e-11 -0.2059909835)
(-0.0002165363441 4.065947926e-11 -0.2059874671)
(-0.0002919956863 4.065762397e-11 -0.2059838101)
(-0.0003674550284 4.065576868e-11 -0.2059801532)
(-0.0004400142043 4.065398539e-11 -0.2059766367)
(-0.000506885701 4.065234174e-11 -0.205973396)
(-0.0005654991892 4.065090061e-11 -0.2059705554)
(-0.0006136016055 4.064971797e-11 -0.2059682243)
(-0.0006493450515 4.064883933e-11 -0.205966492)
(-0.0006713554485 4.06482982e-11 -0.2059654254)
(-0.0006666429132 4.111039019e-11 -0.210263595)
(-0.0006592231128 4.111057274e-11 -0.210263954)
(-0.0006372494599 4.111111343e-11 -0.2102650171)
(-0.000601565684 4.111199142e-11 -0.2102667435)
(-0.0005535435698 4.11131732e-11 -0.2102690669)
(-0.0004950279309 4.111461302e-11 -0.210271898)
(-0.0004282680695 4.11162558e-11 -0.2102751279)
(-0.0003558300238 4.111803866e-11 -0.2102786325)
(-0.0002804966534 4.111989221e-11 -0.2102822773)
(-0.0002051632831 4.112174577e-11 -0.210285922)
(-0.0001327252374 4.112352863e-11 -0.2102894266)
(-6.596537595e-05 4.112517141e-11 -0.2102926566)
(-7.449737127e-06 4.112661123e-11 -0.2102954876)
(4.057237709e-05 4.112779301e-11 -0.210297811)
(7.625615294e-05 4.1128671e-11 -0.2102995374)
(9.822980584e-05 4.112921191e-11 -0.2103006005)
(0.0001056496062 4.112939442e-11 -0.2103009595)
(9.822980582e-05 4.112921191e-11 -0.2103006005)
(7.625615291e-05 4.1128671e-11 -0.2102995374)
(4.057237704e-05 4.112779301e-11 -0.210297811)
(-7.449737185e-06 4.112661123e-11 -0.2102954876)
(-6.596537602e-05 4.112517141e-11 -0.2102926566)
(-0.0001327252375 4.112352863e-11 -0.2102894266)
(-0.0002051632832 4.112174577e-11 -0.210285922)
(-0.0002804966535 4.111989221e-11 -0.2102822773)
(-0.0003558300239 4.111803866e-11 -0.2102786325)
(-0.0004282680695 4.11162558e-11 -0.2102751279)
(-0.000495027931 4.111461302e-11 -0.210271898)
(-0.0005535435698 4.11131732e-11 -0.2102690669)
(-0.000601565684 4.111199142e-11 -0.2102667435)
(-0.0006372494599 4.111111343e-11 -0.2102650171)
(-0.0006592231128 4.111057274e-11 -0.210263954)
(-0.0006538534638 4.155344162e-11 -0.2145561075)
(-0.0006464453836 4.155362404e-11 -0.2145564654)
(-0.0006245064399 4.155416441e-11 -0.2145575251)
(-0.0005888790294 4.155504196e-11 -0.2145592461)
(-0.00054093277 4.155622287e-11 -0.2145615621)
(-0.0004825095614 4.155766183e-11 -0.2145643842)
(-0.0004158551525 4.155930374e-11 -0.2145676039)
(-0.0003435315286 4.156108444e-11 -0.2145710975)
(-0.0002683171535 4.156293712e-11 -0.2145747307)
(-0.0001931027783 4.15647898e-11 -0.2145783639)
(-0.0001207791544 4.156657137e-11 -0.2145818574)
(-5.412474553e-05 4.156821328e-11 -0.2145850771)
(4.29846309e-06 4.156965223e-11 -0.2145878992)
(5.224472248e-05 4.157083315e-11 -0.2145902152)
(8.787213291e-05 4.15717107e-11 -0.2145919362)
(0.0001098110766 4.157225107e-11 -0.2145929959)
(0.0001172191568 4.157243349e-11 -0.2145933538)
(0.0001098110766 4.157225107e-11 -0.2145929959)
(8.787213288e-05 4.15717107e-11 -0.2145919362)
(5.224472244e-05 4.157083315e-11 -0.2145902152)
(4.298463034e-06 4.156965223e-11 -0.2145878992)
(-5.41247456e-05 4.156821328e-11 -0.2145850771)
(-0.0001207791545 4.156657137e-11 -0.2145818574)
(-0.0001931027784 4.15647898e-11 -0.2145783639)
(-0.0002683171535 4.156293712e-11 -0.2145747307)
(-0.0003435315287 4.156108444e-11 -0.2145710975)
(-0.0004158551526 4.155930374e-11 -0.2145676039)
(-0.0004825095615 4.155766183e-11 -0.2145643842)
(-0.0005409327701 4.155622287e-11 -0.2145615621)
(-0.0005888790295 4.155504196e-11 -0.2145592461)
(-0.0006245064399 4.155416441e-11 -0.2145575251)
(-0.0006464453837 4.155362404e-11 -0.2145564654)
(-0.0006404794012 4.197738948e-11 -0.2188411151)
(-0.0006330821664 4.197757181e-11 -0.2188414718)
(-0.0006111753411 4.197811196e-11 -0.2188425285)
(-0.0005756000889 4.19789893e-11 -0.2188442444)
(-0.0005277240225 4.198016934e-11 -0.2188465536)
(-0.000469386345 4.198160743e-11 -0.2188493675)
(-0.0004028295176 4.198324847e-11 -0.2188525777)
(-0.000330611775 4.19850283e-11 -0.218856061)
(-0.0002555075131 4.198688012e-11 -0.2188596836)
(-0.0001804032512 4.198873194e-11 -0.2188633061)
(-0.0001081855085 4.199051176e-11 -0.2188667894)
(-4.162868117e-05 4.199215281e-11 -0.2188699997)
(1.670899632e-05 4.19935909e-11 -0.2188728135)
(6.458506276e-05 4.199477094e-11 -0.2188751227)
(0.0001001603149 4.199564784e-11 -0.2188768387)
(0.0001220671402 4.199618799e-11 -0.2188778953)
(0.000129464375 4.199637033e-11 -0.2188782521)
(0.0001220671402 4.199618799e-11 -0.2188778953)
(0.0001001603149 4.199564784e-11 -0.2188768387)
(6.458506271e-05 4.199477094e-11 -0.2188751227)
(1.670899627e-05 4.19935909e-11 -0.2188728135)
(-4.162868124e-05 4.199215281e-11 -0.2188699997)
(-0.0001081855086 4.199051176e-11 -0.2188667894)
(-0.0001804032512 4.198873194e-11 -0.2188633061)
(-0.0002555075131 4.198688012e-11 -0.2188596836)
(-0.000330611775 4.19850283e-11 -0.218856061)
(-0.0004028295177 4.198324847e-11 -0.2188525777)
(-0.000469386345 4.198160743e-11 -0.2188493675)
(-0.0005277240225 4.198016934e-11 -0.2188465536)
(-0.000575600089 4.19789893e-11 -0.2188442444)
(-0.0006111753411 4.197811196e-11 -0.2188425285)
(-0.0006330821664 4.197757181e-11 -0.2188414718)
(-0.0006265782938 4.238246342e-11 -0.2231211078)
(-0.0006191908612 4.238264568e-11 -0.2231214637)
(-0.0005973130651 4.23831855e-11 -0.2231225175)
(-0.0005617849544 4.238406197e-11 -0.2231242289)
(-0.0005139723295 4.238524158e-11 -0.223126532)
(-0.0004557119564 4.23866788e-11 -0.2231293383)
(-0.0003892433249 4.238831898e-11 -0.2231325401)
(-0.0003171212794 4.239009838e-11 -0.2231360141)
(-0.0002421165396 4.239194933e-11 -0.2231396271)
(-0.0001671117999 4.239380028e-11 -0.22314324)
(-9.498975442e-05 4.23955788e-11 -0.223146714)
(-2.85211229e-05 4.239721898e-11 -0.2231499158)
(2.973925016e-05 4.23986562e-11 -0.2231527221)
(7.755187506e-05 4.239983581e-11 -0.2231550252)
(0.0001130799858 4.240071272e-11 -0.2231567366)
(0.0001349577819 4.240125232e-11 -0.2231577904)
(0.0001423452145 4.240143466e-11 -0.2231581463)
(0.0001349577818 4.240125232e-11 -0.2231577904)
(0.0001130799857 4.240071272e-11 -0.2231567366)
(7.755187502e-05 4.239983581e-11 -0.2231550252)
(2.973925011e-05 4.23986562e-11 -0.2231527221)
(-2.852112296e-05 4.239721898e-11 -0.2231499158)
(-9.498975449e-05 4.23955788e-11 -0.223146714)
(-0.0001671118 4.239380028e-11 -0.22314324)
(-0.0002421165397 4.239194933e-11 -0.2231396271)
(-0.0003171212795 4.239009838e-11 -0.2231360141)
(-0.000389243325 4.238831898e-11 -0.2231325401)
(-0.0004557119565 4.23866788e-11 -0.2231293383)
(-0.0005139723295 4.238524158e-11 -0.223126532)
(-0.0005617849544 4.238406197e-11 -0.2231242289)
(-0.0005973130651 4.23831855e-11 -0.2231225175)
(-0.0006191908612 4.238264568e-11 -0.2231214637)
(-0.0006122274556 4.276820614e-11 -0.2273948001)
(-0.0006048486295 4.276838833e-11 -0.2273951551)
(-0.0005829963213 4.276892772e-11 -0.2273962064)
(-0.0005475096013 4.276980419e-11 -0.2273979138)
(-0.0004997526787 4.277098294e-11 -0.2274002115)
(-0.0004415601798 4.277242015e-11 -0.2274030113)
(-0.0003751689851 4.277405903e-11 -0.2274062056)
(-0.0003031309627 4.277583756e-11 -0.2274096716)
(-0.0002282136045 4.277768764e-11 -0.227413276)
(-0.0001532962463 4.277953772e-11 -0.2274168805)
(-8.1258224e-05 4.278131625e-11 -0.2274203465)
(-1.486702934e-05 4.278295513e-11 -0.2274235408)
(4.332546961e-05 4.278439235e-11 -0.2274263406)
(9.108239215e-05 4.278557109e-11 -0.2274286383)
(0.0001265691121 4.278644756e-11 -0.2274303457)
(0.0001484214203 4.278698717e-11 -0.227431397)
(0.0001558002464 4.278716928e-11 -0.227431752)
(0.0001484214203 4.278698717e-11 -0.227431397)
(0.0001265691121 4.278644756e-11 -0.2274303457)
(9.108239212e-05 4.278557109e-11 -0.2274286383)
(4.332546956e-05 4.278439235e-11 -0.2274263406)
(-1.486702939e-05 4.278295513e-11 -0.2274235408)
(-8.125822407e-05 4.278131625e-11 -0.2274203465)
(-0.0001532962464 4.277953772e-11 -0.2274168805)
(-0.0002282136046 4.277768764e-11 -0.227413276)
(-0.0003031309628 4.277583756e-11 -0.2274096716)
(-0.0003751689852 4.277405903e-11 -0.2274062056)
(-0.0004415601798 4.277242015e-11 -0.2274030113)
(-0.0004997526788 4.277098294e-11 -0.2274002115)
(-0.0005475096013 4.276980419e-11 -0.2273979138)
(-0.0005829963213 4.276892772e-11 -0.2273962064)
(-0.0006048486295 4.276838833e-11 -0.2273951551)
(-0.0005974963049 4.313418156e-11 -0.2316648444)
(-0.0005901247852 4.31343637e-11 -0.2316651988)
(-0.0005682941149 4.313490298e-11 -0.2316662481)
(-0.0005328425335 4.31357788e-11 -0.231667952)
(-0.0004851328993 4.313695755e-11 -0.2316702452)
(-0.0004269980219 4.31383939e-11 -0.2316730394)
(-0.0003606725671 4.314003235e-11 -0.2316762274)
(-0.000288705876 4.314181044e-11 -0.2316796865)
(-0.0002138627001 4.314365965e-11 -0.2316832838)
(-0.0001390195243 4.314550887e-11 -0.2316868811)
(-6.705283321e-05 4.314728696e-11 -0.2316903402)
(-7.273783758e-07 4.31489254e-11 -0.2316935281)
(5.740749899e-05 4.315036176e-11 -0.2316963224)
(0.0001051171332 4.31515405e-11 -0.2316986156)
(0.0001405687146 4.315241675e-11 -0.2317003195)
(0.0001623993848 4.315295603e-11 -0.2317013688)
(0.0001697709045 4.315313817e-11 -0.2317017231)
(0.0001623993848 4.315295603e-11 -0.2317013688)
(0.0001405687145 4.315241675e-11 -0.2317003195)
(0.0001051171331 4.31515405e-11 -0.2316986156)
(5.740749895e-05 4.315036176e-11 -0.2316963224)
(-7.273784304e-07 4.31489254e-11 -0.2316935281)
(-6.705283327e-05 4.314728696e-11 -0.2316903402)
(-0.0001390195244 4.314550887e-11 -0.2316868811)
(-0.0002138627002 4.314365965e-11 -0.2316832838)
(-0.0002887058761 4.314181044e-11 -0.2316796865)
(-0.0003606725671 4.314003235e-11 -0.2316762274)
(-0.000426998022 4.31383939e-11 -0.2316730394)
(-0.0004851328993 4.313695755e-11 -0.2316702452)
(-0.0005328425335 4.31357788e-11 -0.231667952)
(-0.0005682941149 4.313490298e-11 -0.2316662481)
(-0.0005901247852 4.31343637e-11 -0.2316651988)
(-0.0005824690655 4.347925797e-11 -0.2359300821)
(-0.0005751034921 4.34794401e-11 -0.2359304358)
(-0.0005532904318 4.347997917e-11 -0.2359314834)
(-0.0005178674477 4.34808552e-11 -0.2359331846)
(-0.000470196299 4.348203351e-11 -0.2359354741)
(-0.0004121083167 4.348346943e-11 -0.2359382638)
(-0.000345836364 4.348510744e-11 -0.2359414466)
(-0.0002739277256 4.34868851e-11 -0.2359449001)
(-0.0001991449227 4.348873345e-11 -0.2359484916)
(-0.0001243621199 4.34905818e-11 -0.2359520831)
(-5.245348143e-05 4.349236032e-11 -0.2359555366)
(1.381847131e-05 4.349399833e-11 -0.2359587194)
(7.19064536e-05 4.349543425e-11 -0.2359615091)
(0.0001195776023 4.349661256e-11 -0.2359637986)
(0.0001550005863 4.349748816e-11 -0.2359654998)
(0.0001768136467 4.349802766e-11 -0.2359665474)
(0.0001841792201 4.349820966e-11 -0.2359669012)
(0.0001768136467 4.349802766e-11 -0.2359665474)
(0.0001550005863 4.349748816e-11 -0.2359654998)
(0.0001195776023 4.349661256e-11 -0.2359637986)
(7.190645355e-05 4.349543425e-11 -0.2359615091)
(1.381847126e-05 4.349399833e-11 -0.2359587194)
(-5.245348149e-05 4.349236032e-11 -0.2359555366)
(-0.0001243621199 4.34905818e-11 -0.2359520831)
(-0.0001991449228 4.348873345e-11 -0.2359484916)
(-0.0002739277256 4.34868851e-11 -0.2359449001)
(-0.000345836364 4.348510744e-11 -0.2359414466)
(-0.0004121083168 4.348346943e-11 -0.2359382638)
(-0.0004701962991 4.348203351e-11 -0.2359354741)
(-0.0005178674478 4.34808552e-11 -0.2359331846)
(-0.0005532904318 4.347997917e-11 -0.2359314834)
(-0.0005751034921 4.34794401e-11 -0.2359304358)
(-0.0005672150836 4.380224225e-11 -0.240193227)
(-0.0005598540977 4.380242425e-11 -0.2401935803)
(-0.0005380546234 4.380296364e-11 -0.2401946266)
(-0.0005026537022 4.380383903e-11 -0.2401963257)
(-0.000455012245 4.380501734e-11 -0.2401986123)
(-0.0003969604422 4.380645282e-11 -0.2402013986)
(-0.0003307297662 4.380809084e-11 -0.2402045774)
(-0.0002588659154 4.380986806e-11 -0.2402080265)
(-0.0001841296902 4.381171641e-11 -0.2402116136)
(-0.0001093934651 4.381356476e-11 -0.2402152006)
(-3.752961418e-05 4.381534198e-11 -0.2402186498)
(2.870106175e-05 4.381697999e-11 -0.2402218286)
(8.675286454e-05 4.381841548e-11 -0.2402246148)
(0.0001343943218 4.381959379e-11 -0.2402269014)
(0.000169795243 4.382046961e-11 -0.2402286005)
(0.0001915947173 4.382100856e-11 -0.2402296468)
(0.0001989557031 4.382119064e-11 -0.2402300001)
(0.0001915947172 4.382100856e-11 -0.2402296468)
(0.0001697952429 4.382046961e-11 -0.2402286005)
(0.0001343943217 4.381959379e-11 -0.2402269014)
(8.67528645e-05 4.381841548e-11 -0.2402246148)
(2.87010617e-05 4.381697999e-11 -0.2402218286)
(-3.752961424e-05 4.381534198e-11 -0.2402186498)
(-0.0001093934651 4.381356476e-11 -0.2402152006)
(-0.0001841296903 4.381171641e-11 -0.2402116136)
(-0.0002588659154 4.380986806e-11 -0.2402080265)
(-0.0003307297663 4.380809084e-11 -0.2402045774)
(-0.0003969604422 4.380645282e-11 -0.2402013986)
(-0.000455012245 4.380501734e-11 -0.2401986123)
(-0.0005026537022 4.380383903e-11 -0.2401963257)
(-0.0005380546234 4.380296364e-11 -0.2401946266)
(-0.0005598540977 4.380242425e-11 -0.2401935803)
(-0.0005518132449 4.410121875e-11 -0.244453127)
(-0.0005444555348 4.410140081e-11 -0.2444534799)
(-0.0005226657614 4.410193977e-11 -0.2444545253)
(-0.0004872805939 4.410281515e-11 -0.2444562229)
(-0.0004396603375 4.410399346e-11 -0.2444585074)
(-0.0003816343682 4.410542894e-11 -0.2444612912)
(-0.0003154331654 4.410706696e-11 -0.2444644672)
(-0.0002436012945 4.410884331e-11 -0.2444679133)
(-0.0001688983276 4.411069166e-11 -0.2444714971)
(-9.419536065e-05 4.411254001e-11 -0.244475081)
(-2.236348975e-05 4.411431723e-11 -0.2444785271)
(4.383771301e-05 4.411595525e-11 -0.244481703)
(0.0001018636823 4.411739073e-11 -0.2444844868)
(0.0001494839387 4.411856904e-11 -0.2444867714)
(0.0001848691062 4.411944443e-11 -0.2444884689)
(0.0002066588796 4.411998338e-11 -0.2444895143)
(0.0002140165897 4.412016543e-11 -0.2444898673)
(0.0002066588795 4.411998338e-11 -0.2444895143)
(0.0001848691062 4.411944443e-11 -0.2444884689)
(0.0001494839387 4.411856904e-11 -0.2444867714)
(0.0001018636823 4.411739073e-11 -0.2444844868)
(4.383771297e-05 4.411595525e-11 -0.244481703)
(-2.23634898e-05 4.411431723e-11 -0.2444785271)
(-9.41953607e-05 4.411254001e-11 -0.244475081)
(-0.0001688983277 4.411069166e-11 -0.2444714971)
(-0.0002436012946 4.410884331e-11 -0.2444679133)
(-0.0003154331655 4.410706696e-11 -0.2444644672)
(-0.0003816343683 4.410542894e-11 -0.2444612912)
(-0.0004396603375 4.410399346e-11 -0.2444585074)
(-0.0004872805939 4.410281515e-11 -0.2444562229)
(-0.0005226657614 4.410193977e-11 -0.2444545253)
(-0.0005444555348 4.410140081e-11 -0.2444534799)
(-0.0005363229494 4.437407073e-11 -0.2487124416)
(-0.0005289672889 4.437425286e-11 -0.2487127944)
(-0.0005071835854 4.437479204e-11 -0.2487138391)
(-0.000471808275 4.43756672e-11 -0.2487155358)
(-0.000424201284 4.437684551e-11 -0.2487178191)
(-0.0003661914789 4.4378281e-11 -0.2487206013)
(-0.0003000087176 4.437991901e-11 -0.2487237755)
(-0.0002281968566 4.438169537e-11 -0.2487272196)
(-0.0001535146995 4.438354372e-11 -0.2487308015)
(-7.88325423e-05 4.438539206e-11 -0.2487343833)
(-7.02068138e-06 4.438716929e-11 -0.2487378275)
(5.916207992e-05 4.43888073e-11 -0.2487410017)
(0.0001171718851 4.439024278e-11 -0.2487437839)
(0.0001647788761 4.439142109e-11 -0.2487460672)
(0.0002001541864 4.439229626e-11 -0.2487477638)
(0.0002219378899 4.439283544e-11 -0.2487488086)
(0.0002292935504 4.439301737e-11 -0.2487491614)
(0.0002219378899 4.439283544e-11 -0.2487488086)
(0.0002001541864 4.439229626e-11 -0.2487477638)
(0.000164778876 4.439142109e-11 -0.2487460672)
(0.0001171718851 4.439024278e-11 -0.2487437839)
(5.916207988e-05 4.43888073e-11 -0.2487410017)
(-7.020681425e-06 4.438716929e-11 -0.2487378275)
(-7.883254234e-05 4.438539206e-11 -0.2487343833)
(-0.0001535146995 4.438354372e-11 -0.2487308015)
(-0.0002281968567 4.438169537e-11 -0.2487272196)
(-0.0003000087176 4.437991901e-11 -0.2487237755)
(-0.0003661914789 4.4378281e-11 -0.2487206013)
(-0.0004242012841 4.437684551e-11 -0.2487178191)
(-0.000471808275 4.43756672e-11 -0.2487155358)
(-0.0005071835854 4.437479204e-11 -0.2487138391)
(-0.0005289672889 4.437425286e-11 -0.2487127944)
(-0.0005208115438 4.461787622e-11 -0.2529699288)
(-0.0005134568053 4.461805827e-11 -0.2529702815)
(-0.0004916758323 4.461859723e-11 -0.252971326)
(-0.0004563049561 4.461947261e-11 -0.2529730222)
(-0.0004087039325 4.462065092e-11 -0.2529753049)
(-0.0003507013987 4.462208684e-11 -0.2529780864)
(-0.0002845269332 4.462372485e-11 -0.2529812598)
(-0.0002127240737 4.462550208e-11 -0.2529847031)
(-0.0001380512777 4.462735043e-11 -0.2529882841)
(-6.337848166e-05 4.462919877e-11 -0.252991865)
(8.424377866e-06 4.4630976e-11 -0.2529953083)
(7.459884337e-05 4.463261401e-11 -0.2529984817)
(0.0001326013772 4.463404993e-11 -0.2530012632)
(0.0001802024008 4.463522824e-11 -0.2530035459)
(0.000215573277 4.463610362e-11 -0.2530052421)
(0.0002373542499 4.46366428e-11 -0.2530062867)
(0.0002447089884 4.463682494e-11 -0.2530066394)
(0.0002373542499 4.46366428e-11 -0.2530062867)
(0.000215573277 4.463610362e-11 -0.2530052421)
(0.0001802024008 4.463522824e-11 -0.2530035459)
(0.0001326013772 4.463404993e-11 -0.2530012632)
(7.459884334e-05 4.463261401e-11 -0.2529984817)
(8.424377826e-06 4.4630976e-11 -0.2529953083)
(-6.33784817e-05 4.462919877e-11 -0.252991865)
(-0.0001380512777 4.462735043e-11 -0.2529882841)
(-0.0002127240737 4.462550208e-11 -0.2529847031)
(-0.0002845269332 4.462372485e-11 -0.2529812598)
(-0.0003507013987 4.462208684e-11 -0.2529780864)
(-0.0004087039326 4.462065092e-11 -0.2529753049)
(-0.0004563049562 4.461947261e-11 -0.2529730222)
(-0.0004916758323 4.461859723e-11 -0.252971326)
(-0.0005134568053 4.461805827e-11 -0.2529702815)
(-0.0005053263802 4.482947297e-11 -0.2572281348)
(-0.0004979715415 4.482965496e-11 -0.2572284875)
(-0.0004761902719 4.483019338e-11 -0.2572295321)
(-0.0004408189139 4.483106854e-11 -0.2572312283)
(-0.000393217242 4.483224599e-11 -0.2572335111)
(-0.0003352139181 4.48336806e-11 -0.2572362927)
(-0.0002690385513 4.483531732e-11 -0.2572394662)
(-0.0001972347138 4.483709324e-11 -0.2572429096)
(-0.0001225609007 4.483893985e-11 -0.2572464906)
(-4.78870876e-05 4.484078647e-11 -0.2572500717)
(2.391674992e-05 4.484256326e-11 -0.2572535151)
(9.009211675e-05 4.484419997e-11 -0.2572566886)
(0.0001480954406 4.484563458e-11 -0.2572594701)
(0.0001956971125 4.484681203e-11 -0.2572617529)
(0.0002310684705 4.484768676e-11 -0.2572634492)
(0.0002528497401 4.484822561e-11 -0.2572644937)
(0.0002602045788 4.484840745e-11 -0.2572648464)
(0.0002528497401 4.484822561e-11 -0.2572644937)
(0.0002310684705 4.484768676e-11 -0.2572634492)
(0.0001956971125 4.484681203e-11 -0.2572617529)
(0.0001480954406 4.484563458e-11 -0.2572594701)
(9.009211672e-05 4.484419997e-11 -0.2572566886)
(2.391674989e-05 4.484256326e-11 -0.2572535151)
(-4.788708763e-05 4.484078647e-11 -0.2572500717)
(-0.0001225609007 4.483893985e-11 -0.2572464906)
(-0.0001972347138 4.483709324e-11 -0.2572429096)
(-0.0002690385513 4.483531732e-11 -0.2572394662)
(-0.0003352139182 4.48336806e-11 -0.2572362927)
(-0.000393217242 4.483224599e-11 -0.2572335111)
(-0.0004408189139 4.483106854e-11 -0.2572312283)
(-0.0004761902719 4.483019338e-11 -0.2572295321)
(-0.0004979715415 4.482965496e-11 -0.2572284875)
(-0.0004899155191 4.50064108e-11 -0.261485672)
(-0.0004825597561 4.500658754e-11 -0.2614860248)
(-0.0004607757494 4.500711089e-11 -0.2614870696)
(-0.0004253999465 4.500796047e-11 -0.2614887663)
(-0.0003777922927 4.500910408e-11 -0.2614910496)
(-0.0003197816799 4.50104975e-11 -0.2614938319)
(-0.0002535979972 4.501208737e-11 -0.2614970062)
(-0.0001817851365 4.501381299e-11 -0.2615004505)
(-0.0001071019395 4.501560669e-11 -0.2615040324)
(-3.241874262e-05 4.50174004e-11 -0.2615076144)
(3.939411809e-05 4.501912601e-11 -0.2615110586)
(0.0001055778008 4.502071589e-11 -0.2615142329)
(0.0001635884136 4.50221093e-11 -0.2615170152)
(0.0002111960674 4.502325292e-11 -0.2615192986)
(0.0002465718703 4.502410294e-11 -0.2615209952)
(0.000268355877 4.502462628e-11 -0.26152204)
(0.0002757116399 4.502480303e-11 -0.2615223928)
(0.000268355877 4.502462628e-11 -0.26152204)
(0.0002465718703 4.502410294e-11 -0.2615209952)
(0.0002111960674 4.502325292e-11 -0.2615192986)
(0.0001635884136 4.50221093e-11 -0.2615170152)
(0.0001055778008 4.502071589e-11 -0.2615142329)
(3.939411806e-05 4.501912601e-11 -0.2615110586)
(-3.241874265e-05 4.50174004e-11 -0.2615076144)
(-0.0001071019396 4.501560669e-11 -0.2615040324)
(-0.0001817851365 4.501381299e-11 -0.2615004505)
(-0.0002535979972 4.501208737e-11 -0.2614970062)
(-0.0003197816799 4.50104975e-11 -0.2614938319)
(-0.0003777922927 4.500910408e-11 -0.2614910496)
(-0.0004253999465 4.500796047e-11 -0.2614887663)
(-0.0004607757494 4.500711089e-11 -0.2614870696)
(-0.0004825597561 4.500658754e-11 -0.2614860248)
(-0.0004745288792 4.515499471e-11 -0.2657446253)
(-0.0004671724839 4.515517669e-11 -0.2657449782)
(-0.0004453866046 4.515571576e-11 -0.2657460232)
(-0.0004100077608 4.515659114e-11 -0.2657477201)
(-0.0003623960147 4.515776945e-11 -0.2657500039)
(-0.0003043804153 4.515920493e-11 -0.2657527866)
(-0.0002381910434 4.516084295e-11 -0.2657559615)
(-0.0001663720096 4.516262017e-11 -0.2657594063)
(-9.168239288e-05 4.516446852e-11 -0.2657629889)
(-1.699277616e-05 4.516631687e-11 -0.2657665714)
(5.482625761e-05 4.516809409e-11 -0.2657700163)
(0.0001210156295 4.51697321e-11 -0.2657731911)
(0.0001790312289 4.517116759e-11 -0.2657759739)
(0.0002266429751 4.51723459e-11 -0.2657782577)
(0.0002620218189 4.517322172e-11 -0.2657799546)
(0.0002838076982 4.517376078e-11 -0.2657809996)
(0.0002911640934 4.517394279e-11 -0.2657813525)
(0.0002838076982 4.517376078e-11 -0.2657809996)
(0.0002620218188 4.517322172e-11 -0.2657799546)
(0.000226642975 4.51723459e-11 -0.2657782577)
(0.0001790312289 4.517116759e-11 -0.2657759739)
(0.0001210156295 4.51697321e-11 -0.2657731911)
(5.482625758e-05 4.516809409e-11 -0.2657700163)
(-1.699277618e-05 4.516631687e-11 -0.2657665714)
(-9.16823929e-05 4.516446852e-11 -0.2657629889)
(-0.0001663720096 4.516262017e-11 -0.2657594063)
(-0.0002381910434 4.516084295e-11 -0.2657559615)
(-0.0003043804153 4.515920493e-11 -0.2657527866)
(-0.0003623960147 4.515776945e-11 -0.2657500039)
(-0.0004100077608 4.515659114e-11 -0.2657477201)
(-0.0004453866046 4.515571576e-11 -0.2657460232)
(-0.0004671724839 4.515517669e-11 -0.2657449782)
)
;

boundaryField
{
    left
    {
        type            calculated;
    }
    right
    {
        type            calculated;
    }
    beam
    {
        type            empty;
    }
}


// ************************************************************************* //
