/*--------------------------------*- C++ -*----------------------------------*\
| =========                 |                                                 |
| \\      /  F ield         | OpenFOAM: The Open Source CFD Toolbox           |
|  \\    /   O peration     | Version:  2312                                  |
|   \\  /    A nd           | Website:  www.openfoam.com                      |
|    \\/     M anipulation  |                                                 |
\*---------------------------------------------------------------------------*/
FoamFile
{
    version     2.0;
    format      ascii;
    arch        "LSB;label=32;scalar=64";
    class       pointVectorField;
    location    "0.15/beam";
    object      pointW;
}
// * * * * * * * * * * * * * * * * * * * * * * * * * * * * * * * * * * * * * //

dimensions      [0 1 0 0 0 0 0];

internalField   nonuniform List<vector> 
1952
(
(-0.0001308920922 3.020766359e-16 2.142162418e-06)
(-0.0001283770007 2.963124537e-16 2.101000767e-06)
(-0.0001209285862 2.790736392e-16 1.979101014e-06)
(-0.0001088328479 2.511012231e-16 1.781143785e-06)
(-9.255478012e-05 2.138046684e-16 1.514739112e-06)
(-7.271971969e-05 1.678344963e-16 1.190121174e-06)
(-5.009011309e-05 1.15792792e-16 8.197680691e-07)
(-2.5535771e-05 5.898059818e-17 4.179150013e-07)
(2.107881788e-15 0 -3.712518815e-16)
(2.5535771e-05 -5.898059818e-17 -4.17915002e-07)
(5.009011309e-05 -1.15792792e-16 -8.197680698e-07)
(7.271971969e-05 -1.678344963e-16 -1.190121175e-06)
(9.255478012e-05 -2.138046684e-16 -1.514739112e-06)
(0.0001088328479 -2.511012231e-16 -1.781143786e-06)
(0.0001209285862 -2.790736392e-16 -1.979101015e-06)
(0.0001283770007 -2.963124537e-16 -2.101000767e-06)
(0.0001308920922 -3.020766359e-16 -2.142162418e-06)
(0.0001283770007 -2.963124537e-16 -2.101000767e-06)
(0.0001209285862 -2.790736392e-16 -1.979101014e-06)
(0.0001088328479 -2.511012231e-16 -1.781143785e-06)
(9.255478012e-05 -2.138046684e-16 -1.514739112e-06)
(7.271971969e-05 -1.678344963e-16 -1.190121174e-06)
(5.009011309e-05 -1.15792792e-16 -8.197680691e-07)
(2.5535771e-05 -5.898059818e-17 -4.179150013e-07)
(-2.107869372e-15 0 3.712516783e-16)
(-2.5535771e-05 5.898059818e-17 4.17915002e-07)
(-5.009011309e-05 1.15792792e-16 8.197680698e-07)
(-7.271971969e-05 1.678344963e-16 1.190121175e-06)
(-9.255478012e-05 2.138046684e-16 1.514739112e-06)
(-0.0001088328479 2.511012231e-16 1.781143786e-06)
(-0.0001209285862 2.790736392e-16 1.979101015e-06)
(-0.0001283770007 2.963124537e-16 2.101000767e-06)
(-0.0001235795579 2.496941233e-14 -0.001447720073)
(-0.0001210643452 2.49636466e-14 -0.001447761239)
(-0.000113615572 2.494640779e-14 -0.001447883151)
(-0.0001015192513 2.491843537e-14 -0.001448081127)
(-8.524039963e-05 2.488113882e-14 -0.001448347557)
(-6.540438406e-05 2.483516864e-14 -0.001448672206)
(-4.277368775e-05 2.478312694e-14 -0.001449042595)
(-1.821816327e-05 2.472588106e-14 -0.001449444487)
(7.318837388e-06 2.466690047e-14 -0.001449862442)
(3.285583804e-05 2.460791987e-14 -0.001450280398)
(5.741136253e-05 2.455154136e-14 -0.00145068229)
(8.004205883e-05 2.449949965e-14 -0.001451052678)
(9.98780744e-05 2.445352948e-14 -0.001451377328)
(0.0001161569261 2.441623292e-14 -0.001451643758)
(0.0001282532468 2.438826051e-14 -0.001451841734)
(0.00013570202 2.437102169e-14 -0.001451963646)
(0.0001382172326 2.436526531e-14 -0.001452004811)
(0.00013570202 2.437102169e-14 -0.001451963646)
(0.0001282532468 2.438826051e-14 -0.001451841734)
(0.0001161569261 2.441623292e-14 -0.001451643758)
(9.98780744e-05 2.445352948e-14 -0.001451377328)
(8.004205883e-05 2.449949965e-14 -0.001451052678)
(5.741136252e-05 2.455154136e-14 -0.00145068229)
(3.285583804e-05 2.460791987e-14 -0.001450280398)
(7.318837384e-06 2.466690047e-14 -0.001449862442)
(-1.821816327e-05 2.472588106e-14 -0.001449444487)
(-4.277368775e-05 2.478312694e-14 -0.001449042595)
(-6.540438406e-05 2.483516864e-14 -0.001448672206)
(-8.524039963e-05 2.488113882e-14 -0.001448347557)
(-0.0001015192513 2.491843537e-14 -0.001448081127)
(-0.000113615572 2.494640779e-14 -0.001447883151)
(-0.0001210643452 2.49636466e-14 -0.001447761239)
(-0.0001162849226 4.943451616e-14 -0.002897724583)
(-0.0001137693358 4.942866862e-14 -0.002897765761)
(-0.0001063194547 4.941164665e-14 -0.002897887709)
(-9.422133489e-05 4.938367423e-14 -0.002898085744)
(-7.794006199e-05 4.934637768e-14 -0.002898352254)
(-5.810109612e-05 4.930040751e-14 -0.002898677)
(-3.546703385e-05 4.92483658e-14 -0.002899047499)
(-1.090785711e-05 4.919068625e-14 -0.00289944951)
(1.463294177e-05 4.913170565e-14 -0.00289986759)
(4.017374065e-05 4.907272505e-14 -0.00290028567)
(6.473291739e-05 4.901678022e-14 -0.002900687681)
(8.736697965e-05 4.896473851e-14 -0.00290105818)
(0.0001072059455 4.891876834e-14 -0.002901382926)
(0.0001234872184 4.888147179e-14 -0.002901649436)
(0.0001355853383 4.885349937e-14 -0.002901847471)
(0.0001430352193 4.883604372e-14 -0.002901969419)
(0.0001455508061 4.883038959e-14 -0.002902010597)
(0.0001430352193 4.883604372e-14 -0.002901969419)
(0.0001355853383 4.885349937e-14 -0.002901847471)
(0.0001234872184 4.888147179e-14 -0.002901649436)
(0.0001072059455 4.891876834e-14 -0.002901382926)
(8.736697965e-05 4.896473851e-14 -0.00290105818)
(6.473291738e-05 4.901678022e-14 -0.002900687681)
(4.017374065e-05 4.907272505e-14 -0.00290028567)
(1.463294176e-05 4.913170565e-14 -0.00289986759)
(-1.090785712e-05 4.919068625e-14 -0.00289944951)
(-3.546703385e-05 4.92483658e-14 -0.002899047499)
(-5.810109612e-05 4.930040751e-14 -0.002898677)
(-7.794006199e-05 4.934637768e-14 -0.002898352254)
(-9.422133489e-05 4.938367423e-14 -0.002898085744)
(-0.0001063194547 4.941164665e-14 -0.002897887709)
(-0.0001137693358 4.942866862e-14 -0.002897765761)
(-0.0001090149698 7.550535563e-14 -0.004348026243)
(-0.0001064987243 7.549950248e-14 -0.004348067442)
(-9.904689237e-05 7.548237209e-14 -0.004348189454)
(-8.694560451e-05 7.545439967e-14 -0.004348387593)
(-7.06600682e-05 7.541666944e-14 -0.004348654242)
(-5.081590731e-05 7.537113295e-14 -0.004348979158)
(-2.817591809e-05 7.531909124e-14 -0.004349349852)
(-3.610310302e-06 7.526184537e-14 -0.004349752074)
(2.193717668e-05 7.520286477e-14 -0.004350170373)
(4.748466367e-05 7.514388417e-14 -0.004350588671)
(7.205027146e-05 7.508750566e-14 -0.004350990893)
(9.469026068e-05 7.503546395e-14 -0.004351361587)
(0.0001145344216 7.498992746e-14 -0.004351686503)
(0.0001308199579 7.495219723e-14 -0.004351953152)
(0.0001429212457 7.492422481e-14 -0.004352151291)
(0.0001503730776 7.490709442e-14 -0.004352273303)
(0.0001528893231 7.490126811e-14 -0.004352314502)
(0.0001503730776 7.490709442e-14 -0.004352273303)
(0.0001429212457 7.492422481e-14 -0.004352151291)
(0.0001308199579 7.495219723e-14 -0.004351953152)
(0.0001145344216 7.498992746e-14 -0.004351686503)
(9.469026068e-05 7.503546395e-14 -0.004351361587)
(7.205027146e-05 7.508750566e-14 -0.004350990893)
(4.748466367e-05 7.514388417e-14 -0.004350588671)
(2.193717668e-05 7.520286477e-14 -0.004350170373)
(-3.610310307e-06 7.526184537e-14 -0.004349752074)
(-2.81759181e-05 7.531909124e-14 -0.004349349852)
(-5.081590732e-05 7.537113295e-14 -0.004348979158)
(-7.066006821e-05 7.541666944e-14 -0.004348654242)
(-8.694560452e-05 7.545439967e-14 -0.004348387593)
(-9.904689237e-05 7.548237209e-14 -0.004348189454)
(-0.0001064987243 7.549950248e-14 -0.004348067442)
(-0.0001017782481 1.040103255e-13 -0.005798803604)
(-9.926100868e-05 1.040044786e-13 -0.005798844836)
(-9.180623316e-05 1.039875651e-13 -0.005798966944)
(-7.970016507e-05 1.039593758e-13 -0.00579916524)
(-6.340819565e-05 1.039216456e-13 -0.0057994321)
(-4.355619593e-05 1.038761091e-13 -0.005799757273)
(-2.090726348e-05 1.038236337e-13 -0.005800128259)
(3.668048208e-06 1.037668215e-13 -0.005800530799)
(2.922562695e-05 1.037078409e-13 -0.005800949429)
(5.478320569e-05 1.036488603e-13 -0.005801368058)
(7.935851737e-05 1.035929155e-13 -0.005801770598)
(0.0001020074498 1.035404401e-13 -0.005802141585)
(0.0001218594495 1.034949036e-13 -0.005802466758)
(0.000138151419 1.034571734e-13 -0.005802733618)
(0.0001502574871 1.034294178e-13 -0.005802931913)
(0.0001577122626 1.034120706e-13 -0.005803054022)
(0.000160229502 1.034063032e-13 -0.005803095254)
(0.0001577122626 1.034120706e-13 -0.005803054022)
(0.0001502574871 1.034294178e-13 -0.005802931913)
(0.000138151419 1.034571734e-13 -0.005802733618)
(0.0001218594495 1.034949036e-13 -0.005802466758)
(0.0001020074498 1.035404401e-13 -0.005802141585)
(7.935851737e-05 1.035929155e-13 -0.005801770598)
(5.478320568e-05 1.036488603e-13 -0.005801368058)
(2.922562694e-05 1.037078409e-13 -0.005800949429)
(3.668048202e-06 1.037668215e-13 -0.005800530799)
(-2.090726348e-05 1.038236337e-13 -0.005800128259)
(-4.355619594e-05 1.038761091e-13 -0.005799757273)
(-6.340819566e-05 1.039216456e-13 -0.0057994321)
(-7.970016507e-05 1.039593758e-13 -0.00579916524)
(-9.180623317e-05 1.039875651e-13 -0.005798966944)
(-9.926100868e-05 1.040044786e-13 -0.005798844836)
(-9.458524383e-05 1.358084838e-13 -0.007250268949)
(-9.206660867e-05 1.358027189e-13 -0.007250310227)
(-8.460769979e-05 1.357854801e-13 -0.007250432471)
(-7.249491939e-05 1.357577245e-13 -0.007250630986)
(-5.619391676e-05 1.357199943e-13 -0.007250898143)
(-3.633090994e-05 1.356744578e-13 -0.007251223676)
(-1.366941961e-05 1.356219824e-13 -0.007251595074)
(1.091951806e-05 1.355660376e-13 -0.007251998061)
(3.64912674e-05 1.35507057e-13 -0.007252417155)
(6.206301675e-05 1.354480764e-13 -0.007252836249)
(8.665195441e-05 1.353912642e-13 -0.007253239236)
(0.0001093134447 1.353387888e-13 -0.007253610634)
(0.0001291764516 1.352932523e-13 -0.007253936167)
(0.0001454774542 1.352555221e-13 -0.007254203324)
(0.0001575902346 1.352273328e-13 -0.007254401839)
(0.0001650491435 1.352103108e-13 -0.007254524083)
(0.0001675677786 1.352045646e-13 -0.007254565361)
(0.0001650491435 1.352103108e-13 -0.007254524083)
(0.0001575902346 1.352273328e-13 -0.007254401839)
(0.0001454774542 1.352555221e-13 -0.007254203324)
(0.0001291764516 1.352932523e-13 -0.007253936167)
(0.0001093134447 1.353387888e-13 -0.007253610634)
(8.665195441e-05 1.353912642e-13 -0.007253239236)
(6.206301674e-05 1.354480764e-13 -0.007252836249)
(3.64912674e-05 1.35507057e-13 -0.007252417155)
(1.091951805e-05 1.355660376e-13 -0.007251998061)
(-1.366941961e-05 1.356219824e-13 -0.007251595074)
(-3.633090995e-05 1.356744578e-13 -0.007251223676)
(-5.619391677e-05 1.357199943e-13 -0.007250898143)
(-7.249491939e-05 1.357577245e-13 -0.007250630986)
(-8.46076998e-05 1.357854801e-13 -0.007250432471)
(-9.206660867e-05 1.358027189e-13 -0.007250310227)
(-8.744843906e-05 1.717997688e-13 -0.008702676307)
(-8.492792806e-05 1.717940026e-13 -0.008702717646)
(-7.746346393e-05 1.717768722e-13 -0.008702840072)
(-6.534166214e-05 1.717488998e-13 -0.008703038884)
(-4.902851881e-05 1.717111696e-13 -0.008703306438)
(-2.915071837e-05 1.716656331e-13 -0.008703632457)
(-6.472350159e-06 1.716131577e-13 -0.008704004409)
(1.813490091e-05 1.715572129e-13 -0.008704407996)
(4.372569565e-05 1.714982323e-13 -0.008704827715)
(6.931649038e-05 1.714392517e-13 -0.008705247434)
(9.392374145e-05 1.713824395e-13 -0.008705651021)
(0.0001166021097 1.713299641e-13 -0.008706022973)
(0.0001364799101 1.712844276e-13 -0.008706348992)
(0.0001527930534 1.712466974e-13 -0.008706616546)
(0.0001649148552 1.712191586e-13 -0.008706815358)
(0.0001723793193 1.712018114e-13 -0.008706937784)
(0.0001748998303 1.711960075e-13 -0.008706979123)
(0.0001723793193 1.712018114e-13 -0.008706937784)
(0.0001649148552 1.712191586e-13 -0.008706815358)
(0.0001527930534 1.712466974e-13 -0.008706616546)
(0.0001364799101 1.712844276e-13 -0.008706348992)
(0.0001166021097 1.713299641e-13 -0.008706022973)
(9.392374144e-05 1.713824395e-13 -0.008705651021)
(6.931649037e-05 1.714392517e-13 -0.008705247434)
(4.372569564e-05 1.714982323e-13 -0.008704827715)
(1.813490091e-05 1.715572129e-13 -0.008704407996)
(-6.472350165e-06 1.716131577e-13 -0.008704004409)
(-2.915071838e-05 1.716656331e-13 -0.008703632457)
(-4.902851882e-05 1.717111696e-13 -0.008703306438)
(-6.534166214e-05 1.717488998e-13 -0.008703038884)
(-7.746346393e-05 1.717768722e-13 -0.008702840072)
(-8.492792806e-05 1.717940026e-13 -0.008702717646)
(-8.038225226e-05 2.129351309e-13 -0.01015632695)
(-7.785929976e-05 2.129292836e-13 -0.01015636837)
(-7.038760512e-05 2.1291237e-13 -0.01015649103)
(-5.825406148e-05 2.128843976e-13 -0.01015669023)
(-4.192511633e-05 2.128466674e-13 -0.0101569583)
(-2.202806114e-05 2.128011309e-13 -0.01015728495)
(6.722746118e-07 2.127486555e-13 -0.01015765763)
(2.530336164e-05 2.126927107e-13 -0.010158062)
(5.091894505e-05 2.126337301e-13 -0.01015848253)
(7.653452846e-05 2.125747495e-13 -0.01015890306)
(0.0001011656155 2.125179373e-13 -0.01015930743)
(0.0001238659512 2.124654619e-13 -0.0101596801)
(0.0001437630064 2.124199254e-13 -0.01016000676)
(0.0001600919516 2.123821952e-13 -0.01016027483)
(0.0001722254952 2.123546564e-13 -0.01016047403)
(0.0001796971899 2.123373092e-13 -0.01016059669)
(0.0001822201424 2.123316059e-13 -0.01016063811)
(0.0001796971899 2.123373092e-13 -0.01016059669)
(0.0001722254952 2.123546564e-13 -0.01016047403)
(0.0001600919516 2.123821952e-13 -0.01016027483)
(0.0001437630064 2.124199254e-13 -0.01016000676)
(0.0001238659512 2.124654619e-13 -0.0101596801)
(0.0001011656155 2.125179373e-13 -0.01015930743)
(7.653452845e-05 2.125747495e-13 -0.01015890306)
(5.091894504e-05 2.126337301e-13 -0.01015848253)
(2.530336164e-05 2.126927107e-13 -0.010158062)
(6.722746045e-07 2.127486555e-13 -0.01015765763)
(-2.202806115e-05 2.128011309e-13 -0.01015728495)
(-4.192511633e-05 2.128466674e-13 -0.0101569583)
(-5.825406148e-05 2.128843976e-13 -0.01015669023)
(-7.038760513e-05 2.1291237e-13 -0.01015649103)
(-7.785929976e-05 2.129292836e-13 -0.01015636837)
(-7.340286447e-05 2.602264631e-13 -0.01161157203)
(-7.087681728e-05 2.602206645e-13 -0.01161161355)
(-6.33959578e-05 2.602035341e-13 -0.01161173651)
(-5.124753105e-05 2.601755617e-13 -0.0116119362)
(-3.489855667e-05 2.601382651e-13 -0.01161220493)
(-1.497709558e-05 2.600922949e-13 -0.01161253238)
(7.751084605e-06 2.600402532e-13 -0.01161290597)
(3.241238434e-05 2.599838747e-13 -0.01161331133)
(5.805938805e-05 2.599248941e-13 -0.0116137329)
(8.370639176e-05 2.598659135e-13 -0.01161415446)
(0.0001083676915 2.59809535e-13 -0.01161455983)
(0.0001310958717 2.597574933e-13 -0.01161493341)
(0.0001510173328 2.597115231e-13 -0.01161526087)
(0.0001673663072 2.596742266e-13 -0.0116155296)
(0.0001795147339 2.596462541e-13 -0.01161572929)
(0.0001869955934 2.596291238e-13 -0.01161585225)
(0.0001895216406 2.596232832e-13 -0.01161589377)
(0.0001869955934 2.596291238e-13 -0.01161585225)
(0.0001795147339 2.596462541e-13 -0.01161572929)
(0.0001673663071 2.596742266e-13 -0.0116155296)
(0.0001510173328 2.597115231e-13 -0.01161526087)
(0.0001310958717 2.597574933e-13 -0.01161493341)
(0.0001083676915 2.59809535e-13 -0.01161455983)
(8.370639175e-05 2.598659135e-13 -0.01161415446)
(5.805938804e-05 2.599248941e-13 -0.0116137329)
(3.241238434e-05 2.599838747e-13 -0.01161331133)
(7.751084597e-06 2.600402532e-13 -0.01161290597)
(-1.497709558e-05 2.600922949e-13 -0.01161253238)
(-3.489855667e-05 2.601382651e-13 -0.01161220493)
(-5.124753105e-05 2.601755617e-13 -0.0116119362)
(-6.339595781e-05 2.602035341e-13 -0.01161173651)
(-7.087681729e-05 2.602206645e-13 -0.01161161355)
(-6.652794841e-05 3.147562138e-13 -0.01306881218)
(-6.399806917e-05 3.147505043e-13 -0.01306885383)
(-5.650586111e-05 3.147332655e-13 -0.01306897717)
(-4.4339005e-05 3.147057268e-13 -0.01306917746)
(-2.796522898e-05 3.146679965e-13 -0.01306944701)
(-8.013546718e-06 3.1462246e-13 -0.01306977546)
(1.474911247e-05 3.145704183e-13 -0.01307015018)
(3.944782378e-05 3.145140398e-13 -0.01307055677)
(6.513373439e-05 3.144550592e-13 -0.01307097962)
(9.081964501e-05 3.143960786e-13 -0.01307140246)
(0.0001155183563 3.143397001e-13 -0.01307180906)
(0.0001382810155 3.142876584e-13 -0.01307218378)
(0.0001582326978 3.142421219e-13 -0.01307251223)
(0.0001746064738 3.142043917e-13 -0.01307278178)
(0.0001867733299 3.141764193e-13 -0.01307298207)
(0.000194265538 3.141593973e-13 -0.01307310541)
(0.0001967954172 3.141535274e-13 -0.01307314705)
(0.0001942655379 3.141593973e-13 -0.01307310541)
(0.0001867733299 3.141764193e-13 -0.01307298207)
(0.0001746064738 3.142043917e-13 -0.01307278178)
(0.0001582326978 3.142421219e-13 -0.01307251223)
(0.0001382810155 3.142876584e-13 -0.01307218378)
(0.0001155183563 3.143397001e-13 -0.01307180906)
(9.0819645e-05 3.143960786e-13 -0.01307140246)
(6.513373438e-05 3.144550592e-13 -0.01307097962)
(3.944782377e-05 3.145140398e-13 -0.01307055677)
(1.474911246e-05 3.145704183e-13 -0.01307015018)
(-8.013546727e-06 3.1462246e-13 -0.01306977546)
(-2.796522898e-05 3.146679965e-13 -0.01306944701)
(-4.433900501e-05 3.147057268e-13 -0.01306917746)
(-5.650586111e-05 3.147332655e-13 -0.01306897717)
(-6.399806917e-05 3.147505043e-13 -0.01306885383)
(-5.97763126e-05 3.776864229e-13 -0.01452849422)
(-5.724178809e-05 3.776806342e-13 -0.01452853602)
(-4.973582308e-05 3.776633953e-13 -0.01452865981)
(-3.754662658e-05 3.776354229e-13 -0.01452886084)
(-2.114278556e-05 3.775981264e-13 -0.01452913138)
(-1.154468674e-06 3.775525899e-13 -0.01452946104)
(2.164998656e-05 3.775005482e-13 -0.01452983714)
(4.639404885e-05 3.774446033e-13 -0.01453024523)
(7.212712309e-05 3.773856228e-13 -0.01453066963)
(9.786019734e-05 3.773266422e-13 -0.01453109403)
(0.0001226042596 3.7726983e-13 -0.01453150212)
(0.0001454087149 3.772177883e-13 -0.01453187822)
(0.0001653970317 3.771722518e-13 -0.01453220787)
(0.0001818008728 3.771349552e-13 -0.01453247841)
(0.0001939900693 3.771074165e-13 -0.01453267944)
(0.0002014960343 3.770901777e-13 -0.01453280323)
(0.0002040305588 3.770844269e-13 -0.01453284503)
(0.0002014960343 3.770901777e-13 -0.01453280323)
(0.0001939900693 3.771074165e-13 -0.01453267944)
(0.0001818008728 3.771349552e-13 -0.01453247841)
(0.0001653970317 3.771722518e-13 -0.01453220787)
(0.0001454087148 3.772177883e-13 -0.01453187822)
(0.0001226042596 3.7726983e-13 -0.01453150212)
(9.786019733e-05 3.773266422e-13 -0.01453109403)
(7.212712308e-05 3.773856228e-13 -0.01453066963)
(4.639404884e-05 3.774446033e-13 -0.01453024523)
(2.164998655e-05 3.775005482e-13 -0.01452983714)
(-1.154468684e-06 3.775525899e-13 -0.01452946104)
(-2.114278557e-05 3.775981264e-13 -0.01452913138)
(-3.754662659e-05 3.776354229e-13 -0.01452886084)
(-4.973582308e-05 3.776633953e-13 -0.01452865981)
(-5.724178809e-05 3.776806342e-13 -0.01452853602)
(-5.316748485e-05 4.502669887e-13 -0.01599110497)
(-5.062743887e-05 4.502612476e-13 -0.01599114695)
(-4.310512213e-05 4.502440087e-13 -0.01599127129)
(-3.088937148e-05 4.502162532e-13 -0.01599147319)
(-1.444979471e-05 4.501789566e-13 -0.01599174491)
(5.582066703e-06 4.501334201e-13 -0.015992076)
(2.843620142e-05 4.500813784e-13 -0.01599245375)
(5.323416862e-05 4.500254336e-13 -0.01599286362)
(7.902330234e-05 4.49966453e-13 -0.01599328987)
(0.0001048124361 4.499074724e-13 -0.01599371612)
(0.0001296104033 4.498515276e-13 -0.01599412599)
(0.000152464538 4.497994859e-13 -0.01599450373)
(0.0001724963994 4.497539494e-13 -0.01599483482)
(0.0001889359762 4.497166528e-13 -0.01599510654)
(0.0002011517268 4.496888972e-13 -0.01599530845)
(0.0002086740435 4.496716584e-13 -0.01599543278)
(0.0002112140895 4.496659389e-13 -0.01599547476)
(0.0002086740435 4.496716584e-13 -0.01599543278)
(0.0002011517268 4.496888972e-13 -0.01599530845)
(0.0001889359761 4.497166528e-13 -0.01599510654)
(0.0001724963994 4.497539494e-13 -0.01599483482)
(0.000152464538 4.497994859e-13 -0.01599450373)
(0.0001296104032 4.498515276e-13 -0.01599412599)
(0.000104812436 4.499074724e-13 -0.01599371612)
(7.902330232e-05 4.49966453e-13 -0.01599328987)
(5.323416861e-05 4.500254336e-13 -0.01599286362)
(2.843620141e-05 4.500813784e-13 -0.01599245375)
(5.582066691e-06 4.501334201e-13 -0.015992076)
(-1.444979472e-05 4.501789566e-13 -0.01599174491)
(-3.088937149e-05 4.502162532e-13 -0.01599147319)
(-4.310512213e-05 4.502440087e-13 -0.01599127129)
(-5.062743888e-05 4.502612476e-13 -0.01599114695)
(-4.672126483e-05 5.338429911e-13 -0.0174571628)
(-4.417477486e-05 5.338372973e-13 -0.01745720499)
(-3.663337428e-05 5.338201669e-13 -0.01745732996)
(-2.438663275e-05 5.337926282e-13 -0.01745753289)
(-7.905349399e-06 5.337553316e-13 -0.01745780599)
(1.217733208e-05 5.337097951e-13 -0.01745813877)
(3.508944686e-05 5.336581871e-13 -0.01745851843)
(5.995032555e-05 5.336009412e-13 -0.01745893038)
(8.580488531e-05 5.33542828e-13 -0.0174593588)
(0.0001116594451 5.334847147e-13 -0.01745978722)
(0.0001365203238 5.334283362e-13 -0.01746019917)
(0.0001594324385 5.333767282e-13 -0.01746057883)
(0.00017951512 5.333311917e-13 -0.0174609116)
(0.0001959964034 5.332938952e-13 -0.0174611847)
(0.0002082431449 5.332659227e-13 -0.01746138764)
(0.0002157845455 5.332490092e-13 -0.0174615126)
(0.0002183310354 5.332432118e-13 -0.0174615548)
(0.0002157845455 5.332490092e-13 -0.0174615126)
(0.0002082431449 5.332659227e-13 -0.01746138764)
(0.0001959964033 5.332938952e-13 -0.0174611847)
(0.00017951512 5.333311917e-13 -0.0174609116)
(0.0001594324385 5.333767282e-13 -0.01746057883)
(0.0001365203237 5.334283362e-13 -0.01746019917)
(0.0001116594451 5.334847147e-13 -0.01745978722)
(8.580488529e-05 5.33542828e-13 -0.0174593588)
(5.995032553e-05 5.336009412e-13 -0.01745893038)
(3.508944685e-05 5.336581871e-13 -0.01745851843)
(1.217733206e-05 5.337097951e-13 -0.01745813877)
(-7.90534941e-06 5.337553316e-13 -0.01745780599)
(-2.438663276e-05 5.337926282e-13 -0.01745753289)
(-3.663337429e-05 5.338201669e-13 -0.01745732996)
(-4.417477486e-05 5.338372973e-13 -0.01745720499)
(-4.045726675e-05 6.298607471e-13 -0.01892720727)
(-3.790338316e-05 6.298550006e-13 -0.01892724971)
(-3.034008651e-05 6.298379786e-13 -0.0189273754)
(-1.805778718e-05 6.298104399e-13 -0.01892757951)
(-1.528651251e-06 6.29773577e-13 -0.0189278542)
(1.861233928e-05 6.297280405e-13 -0.01892818891)
(4.159097824e-05 6.296764325e-13 -0.01892857078)
(6.652403924e-05 6.296196203e-13 -0.01892898513)
(9.245366642e-05 6.295615071e-13 -0.01892941604)
(0.0001183832936 6.295033939e-13 -0.01892984695)
(0.0001433163546 6.29447449e-13 -0.0189302613)
(0.0001662949936 6.29395841e-13 -0.01893064317)
(0.0001864359841 6.293503045e-13 -0.01893097788)
(0.00020296512 6.293134416e-13 -0.01893125257)
(0.0002152474193 6.292854692e-13 -0.01893145668)
(0.000222810716 6.292684472e-13 -0.01893158237)
(0.0002253645996 6.292626412e-13 -0.01893162482)
(0.000222810716 6.292684472e-13 -0.01893158237)
(0.0002152474193 6.292854692e-13 -0.01893145668)
(0.00020296512 6.293134416e-13 -0.01893125257)
(0.0001864359841 6.293503045e-13 -0.01893097788)
(0.0001662949935 6.29395841e-13 -0.01893064317)
(0.0001433163546 6.29447449e-13 -0.0189302613)
(0.0001183832936 6.295033939e-13 -0.01892984695)
(9.24536664e-05 6.295615071e-13 -0.01892941604)
(6.652403922e-05 6.296196203e-13 -0.01892898513)
(4.159097822e-05 6.296764325e-13 -0.01892857078)
(1.861233927e-05 6.297280405e-13 -0.01892818891)
(-1.528651264e-06 6.29773577e-13 -0.0189278542)
(-1.805778719e-05 6.298104399e-13 -0.01892757951)
(-3.034008652e-05 6.298379786e-13 -0.0189273754)
(-3.790338317e-05 6.298550006e-13 -0.01892724971)
(-3.43944895e-05 7.398723893e-13 -0.02040178762)
(-3.183225633e-05 7.398666098e-13 -0.02040183034)
(-2.424423248e-05 7.398498047e-13 -0.02040195685)
(-1.192177779e-05 7.398222659e-13 -0.0204021623)
(4.661397971e-06 7.397854031e-13 -0.02040243879)
(2.486823682e-05 7.397403003e-13 -0.0204027757)
(4.79220014e-05 7.396886922e-13 -0.02040316007)
(7.293657776e-05 7.396323137e-13 -0.02040357713)
(9.895097844e-05 7.395742005e-13 -0.02040401086)
(0.0001249653791 7.395160873e-13 -0.0204044446)
(0.0001499799555 7.394605761e-13 -0.02040486166)
(0.00017303372 7.394089681e-13 -0.02040524603)
(0.0001932405589 7.393638653e-13 -0.02040558294)
(0.0002098237346 7.393270024e-13 -0.02040585942)
(0.0002221461893 7.3929903e-13 -0.02040606487)
(0.0002297342132 7.392822248e-13 -0.02040619139)
(0.0002322964464 7.392764467e-13 -0.02040623411)
(0.0002297342132 7.392822248e-13 -0.02040619139)
(0.0002221461893 7.3929903e-13 -0.02040606487)
(0.0002098237346 7.393270024e-13 -0.02040585942)
(0.0001932405589 7.393638653e-13 -0.02040558294)
(0.00017303372 7.394089681e-13 -0.02040524603)
(0.0001499799554 7.394605761e-13 -0.02040486166)
(0.0001249653791 7.395160873e-13 -0.0204044446)
(9.895097841e-05 7.395742005e-13 -0.02040401086)
(7.293657774e-05 7.396323137e-13 -0.02040357713)
(4.792200139e-05 7.396886922e-13 -0.02040316007)
(2.48682368e-05 7.397403003e-13 -0.0204027757)
(4.661397956e-06 7.397854031e-13 -0.02040243879)
(-1.19217778e-05 7.398222659e-13 -0.0204021623)
(-2.424423249e-05 7.398498047e-13 -0.02040195685)
(-3.183225634e-05 7.398666098e-13 -0.02040183034)
(-2.855092853e-05 8.655388402e-13 -0.02188145077)
(-2.597940434e-05 8.655331226e-13 -0.0218814938)
(-1.836386523e-05 8.655164259e-13 -0.02188162123)
(-5.996727551e-06 8.654886703e-13 -0.02188182817)
(1.064658117e-05 8.654518074e-13 -0.02188210667)
(3.092669291e-05 8.654067046e-13 -0.02188244603)
(5.406405374e-05 8.653555303e-13 -0.02188283319)
(7.916933653e-05 8.653000191e-13 -0.02188325328)
(0.0001052780691 8.652419059e-13 -0.02188369017)
(0.0001313868017 8.651837927e-13 -0.02188412705)
(0.0001564920845 8.651282815e-13 -0.02188454715)
(0.0001796294454 8.650771072e-13 -0.02188493431)
(0.0001999095571 8.650320044e-13 -0.02188527367)
(0.0002165528658 8.649951415e-13 -0.02188555216)
(0.0002289200035 8.649682533e-13 -0.02188575911)
(0.0002365355426 8.649513397e-13 -0.02188588654)
(0.0002391070668 8.649456453e-13 -0.02188592957)
(0.0002365355426 8.649513397e-13 -0.02188588654)
(0.0002289200035 8.649682533e-13 -0.02188575911)
(0.0002165528658 8.649951415e-13 -0.02188555216)
(0.0001999095571 8.650320044e-13 -0.02188527367)
(0.0001796294453 8.650771072e-13 -0.02188493431)
(0.0001564920845 8.651282815e-13 -0.02188454715)
(0.0001313868017 8.651837927e-13 -0.02188412705)
(0.0001052780691 8.652419059e-13 -0.02188369017)
(7.91693365e-05 8.653000191e-13 -0.02188325328)
(5.406405372e-05 8.653555303e-13 -0.02188283319)
(3.092669289e-05 8.654067046e-13 -0.02188244603)
(1.064658116e-05 8.654518074e-13 -0.02188210667)
(-5.996727564e-06 8.654886703e-13 -0.02188182817)
(-1.836386524e-05 8.655164259e-13 -0.02188162123)
(-2.597940435e-05 8.655331226e-13 -0.0218814938)
(-2.294326297e-05 1.008631085e-12 -0.02336672959)
(-2.03615406e-05 1.008625475e-12 -0.02336677296)
(-1.27157997e-05 1.008608561e-12 -0.02336690141)
(-2.99616304e-07 1.008581239e-12 -0.02336711)
(1.640969663e-05 1.00854481e-12 -0.02336739071)
(3.677023544e-05 1.008500141e-12 -0.02336773276)
(5.999935467e-05 1.008448967e-12 -0.023368123)
(8.520420025e-05 1.008393022e-12 -0.02336854644)
(0.0001114164751 1.008335776e-12 -0.02336898679)
(0.00013762875 1.00827853e-12 -0.02336942715)
(0.0001628335956 1.008223453e-12 -0.02336985059)
(0.0001860627148 1.008172278e-12 -0.02337024083)
(0.0002064232537 1.008127609e-12 -0.02337058288)
(0.0002231325666 1.00809118e-12 -0.02337086359)
(0.00023554875 1.008063858e-12 -0.02337107218)
(0.0002431944909 1.008046945e-12 -0.02337120062)
(0.0002457762132 1.008041322e-12 -0.023371244)
(0.0002431944909 1.008046945e-12 -0.02337120062)
(0.00023554875 1.008063858e-12 -0.02337107218)
(0.0002231325666 1.00809118e-12 -0.02337086359)
(0.0002064232536 1.008127609e-12 -0.02337058288)
(0.0001860627148 1.008172278e-12 -0.02337024083)
(0.0001628335956 1.008223453e-12 -0.02336985059)
(0.00013762875 1.00827853e-12 -0.02336942715)
(0.0001114164751 1.008335776e-12 -0.02336898679)
(8.520420022e-05 1.008393022e-12 -0.02336854644)
(5.999935464e-05 1.008448967e-12 -0.023368123)
(3.677023542e-05 1.008500141e-12 -0.02336773276)
(1.640969661e-05 1.00854481e-12 -0.02336739071)
(-2.996163193e-07 1.008581239e-12 -0.02336711)
(-1.271579972e-05 1.008608561e-12 -0.02336690141)
(-2.036154061e-05 1.008625475e-12 -0.02336677296)
(-1.758662574e-05 1.171029683e-12 -0.02485813219)
(-1.499384979e-05 1.171023998e-12 -0.02485817594)
(-7.315373821e-06 1.171007302e-12 -0.02485830548)
(5.153969185e-06 1.17097998e-12 -0.02485851586)
(2.193482266e-05 1.17094355e-12 -0.02485879898)
(4.238253465e-05 1.170899315e-12 -0.02485914397)
(6.571110882e-05 1.170848574e-12 -0.02485953756)
(9.102386837e-05 1.170794364e-12 -0.02485996463)
(0.0001173483705 1.170737118e-12 -0.02486040877)
(0.0001436728727 1.170679872e-12 -0.02486085291)
(0.0001689856322 1.170624795e-12 -0.02486127998)
(0.0001923142064 1.170574054e-12 -0.02486167357)
(0.0002127619184 1.170529819e-12 -0.02486201856)
(0.0002295427719 1.17049339e-12 -0.02486230168)
(0.0002420121149 1.170466501e-12 -0.02486251206)
(0.0002496905908 1.170449805e-12 -0.0248626416)
(0.0002522833668 1.170444139e-12 -0.02486268535)
(0.0002496905908 1.170449805e-12 -0.0248626416)
(0.0002420121148 1.170466501e-12 -0.02486251206)
(0.0002295427718 1.17049339e-12 -0.02486230168)
(0.0002127619184 1.170529819e-12 -0.02486201856)
(0.0001923142064 1.170574054e-12 -0.02486167357)
(0.0001689856322 1.170624795e-12 -0.02486127998)
(0.0001436728726 1.170679872e-12 -0.02486085291)
(0.0001173483705 1.170737118e-12 -0.02486040877)
(9.102386834e-05 1.170794364e-12 -0.02485996463)
(6.571110879e-05 1.170848574e-12 -0.02485953756)
(4.238253463e-05 1.170899315e-12 -0.02485914397)
(2.193482264e-05 1.17094355e-12 -0.02485879898)
(5.153969167e-06 1.17097998e-12 -0.02485851586)
(-7.315373833e-06 1.171007302e-12 -0.02485830548)
(-1.499384979e-05 1.171023998e-12 -0.02485817594)
(-1.249447456e-05 1.354722656e-12 -0.0263561328)
(-9.889855472e-06 1.35471712e-12 -0.02635617695)
(-2.176306201e-06 1.35470064e-12 -0.02635630768)
(1.034999356e-05 1.354673752e-12 -0.02635651999)
(2.720749766e-05 1.354637756e-12 -0.0263568057)
(4.774860956e-05 1.354593954e-12 -0.02635715385)
(7.118374266e-05 1.354543647e-12 -0.02635755105)
(9.661212439e-05 1.35448857e-12 -0.02635798203)
(0.0001230568701 1.354432191e-12 -0.02635843023)
(0.0001495016158 1.354375813e-12 -0.02635887844)
(0.0001749299976 1.354321603e-12 -0.02635930942)
(0.0001983651307 1.354271296e-12 -0.02635970661)
(0.0002189062425 1.354227494e-12 -0.02636005476)
(0.0002357637466 1.354191499e-12 -0.02636034048)
(0.0002482900464 1.354164177e-12 -0.02636055278)
(0.0002560035957 1.354147914e-12 -0.02636068352)
(0.0002586082147 1.354142224e-12 -0.02636072766)
(0.0002560035957 1.354147914e-12 -0.02636068352)
(0.0002482900464 1.354164177e-12 -0.02636055278)
(0.0002357637466 1.354191499e-12 -0.02636034048)
(0.0002189062425 1.354227494e-12 -0.02636005476)
(0.0001983651306 1.354271296e-12 -0.02635970661)
(0.0001749299975 1.354321603e-12 -0.02635930942)
(0.0001495016158 1.354375813e-12 -0.02635887844)
(0.0001230568701 1.354432191e-12 -0.02635843023)
(9.661212436e-05 1.35448857e-12 -0.02635798203)
(7.118374263e-05 1.354543647e-12 -0.02635755105)
(4.774860953e-05 1.354593954e-12 -0.02635715385)
(2.720749764e-05 1.354637756e-12 -0.0263568057)
(1.034999354e-05 1.354673752e-12 -0.02635651999)
(-2.176306214e-06 1.35470064e-12 -0.02635630768)
(-9.889855479e-06 1.35471712e-12 -0.02635617695)
(-7.678563366e-06 1.561801903e-12 -0.02786116481)
(-5.061387489e-06 1.561796374e-12 -0.02786120938)
(2.689348557e-06 1.561780002e-12 -0.02786134138)
(1.527603721e-05 1.561753765e-12 -0.02786155574)
(3.22148108e-05 1.561717769e-12 -0.02786184421)
(5.285495074e-05 1.561674401e-12 -0.02786219572)
(7.640306387e-05 1.561624528e-12 -0.02786259676)
(0.000101954035 1.561571185e-12 -0.02786303191)
(0.00012852627 1.561514806e-12 -0.02786348445)
(0.000155098505 1.561458428e-12 -0.02786393699)
(0.0001806494762 1.561405085e-12 -0.02786437213)
(0.0002041975893 1.561355212e-12 -0.02786477317)
(0.0002248377292 1.561311844e-12 -0.02786512468)
(0.0002417765028 1.561275848e-12 -0.02786541316)
(0.0002543631914 1.56124961e-12 -0.02786562752)
(0.0002621139275 1.561233022e-12 -0.02786575952)
(0.0002647311034 1.561227578e-12 -0.02786580409)
(0.0002621139275 1.561233022e-12 -0.02786575952)
(0.0002543631914 1.56124961e-12 -0.02786562752)
(0.0002417765028 1.561275848e-12 -0.02786541316)
(0.0002248377292 1.561311844e-12 -0.02786512468)
(0.0002041975892 1.561355212e-12 -0.02786477317)
(0.0001806494761 1.561405085e-12 -0.02786437213)
(0.000155098505 1.561458428e-12 -0.02786393699)
(0.00012852627 1.561514806e-12 -0.02786348445)
(0.000101954035 1.561571185e-12 -0.02786303191)
(7.640306383e-05 1.561624528e-12 -0.02786259676)
(5.285495071e-05 1.561674401e-12 -0.02786219572)
(3.221481078e-05 1.561717769e-12 -0.02786184421)
(1.527603719e-05 1.561753765e-12 -0.02786155574)
(2.689348542e-06 1.561780002e-12 -0.02786134138)
(-5.061387496e-06 1.561796374e-12 -0.02786120938)
(-3.149015501e-06 1.794458331e-12 -0.02937361627)
(-5.186505543e-07 1.794452824e-12 -0.02937366129)
(7.271144767e-06 1.794436778e-12 -0.02937379463)
(1.992126313e-05 1.79441054e-12 -0.02937401115)
(3.694539845e-05 1.794374978e-12 -0.02937430254)
(5.768955288e-05 1.794332044e-12 -0.02937465761)
(8.135633503e-05 1.794283038e-12 -0.0293750627)
(0.0001070360685 1.794230563e-12 -0.02937550224)
(0.0001337422123 1.794175052e-12 -0.02937595936)
(0.0001604483562 1.79411954e-12 -0.02937641647)
(0.0001861280896 1.794066198e-12 -0.02937685601)
(0.0002097948717 1.794017192e-12 -0.02937726111)
(0.0002305390262 1.793974257e-12 -0.02937761617)
(0.0002475631615 1.793938696e-12 -0.02937790756)
(0.0002602132798 1.793912891e-12 -0.02937812409)
(0.0002680030751 1.793896628e-12 -0.02937825742)
(0.0002706334401 1.793891212e-12 -0.02937830244)
(0.0002680030751 1.793896628e-12 -0.02937825742)
(0.0002602132798 1.793912891e-12 -0.02937812409)
(0.0002475631614 1.793938696e-12 -0.02937790756)
(0.0002305390261 1.793974257e-12 -0.02937761617)
(0.0002097948717 1.794017192e-12 -0.02937726111)
(0.0001861280895 1.794066198e-12 -0.02937685601)
(0.0001604483561 1.79411954e-12 -0.02937641647)
(0.0001337422123 1.794175052e-12 -0.02937595936)
(0.0001070360684 1.794230563e-12 -0.02937550224)
(8.135633499e-05 1.794283038e-12 -0.0293750627)
(5.768955285e-05 1.794332044e-12 -0.02937465761)
(3.694539842e-05 1.794374978e-12 -0.02937430254)
(1.992126311e-05 1.79441054e-12 -0.02937401115)
(7.27114475e-06 1.794436778e-12 -0.02937379463)
(-5.186505629e-07 1.794452824e-12 -0.02937366129)
(1.085515774e-06 2.054976113e-12 -0.03089382811)
(3.72961988e-06 2.054970668e-12 -0.0308938736)
(1.156010356e-05 2.054954731e-12 -0.03089400833)
(2.427629717e-05 2.054929144e-12 -0.03089422713)
(4.138935448e-05 2.054894015e-12 -0.03089452157)
(6.224186165e-05 2.054851948e-12 -0.03089488036)
(8.603226227e-05 2.05480381e-12 -0.03089528969)
(0.0001118461284 2.054751334e-12 -0.03089573384)
(0.0001386917662 2.054696691e-12 -0.03089619574)
(0.000165537404 2.054642047e-12 -0.03089665765)
(0.0001913512701 2.054589571e-12 -0.0308971018)
(0.0002151416707 2.054541433e-12 -0.03089751113)
(0.0002359941779 2.054499366e-12 -0.03089786992)
(0.0002531072352 2.054464238e-12 -0.03089816436)
(0.0002658234288 2.05443865e-12 -0.03089838316)
(0.0002736539125 2.054422713e-12 -0.03089851789)
(0.0002762980166 2.054417399e-12 -0.03089856338)
(0.0002736539124 2.054422713e-12 -0.03089851789)
(0.0002658234288 2.05443865e-12 -0.03089838316)
(0.0002531072352 2.054464238e-12 -0.03089816436)
(0.0002359941778 2.054499366e-12 -0.03089786992)
(0.0002151416707 2.054541433e-12 -0.03089751113)
(0.0001913512701 2.054589571e-12 -0.0308971018)
(0.0001655374039 2.054642047e-12 -0.03089665765)
(0.0001386917661 2.054696691e-12 -0.03089619574)
(0.0001118461283 2.054751334e-12 -0.03089573384)
(8.603226222e-05 2.05480381e-12 -0.03089528969)
(6.224186161e-05 2.054851948e-12 -0.03089488036)
(4.138935445e-05 2.054894015e-12 -0.03089452157)
(2.427629714e-05 2.054929144e-12 -0.03089422713)
(1.156010354e-05 2.054954731e-12 -0.03089400833)
(3.72961987e-06 2.054970668e-12 -0.0308938736)
(5.01761245e-06 2.345726412e-12 -0.0324220949)
(7.675927226e-06 2.345721057e-12 -0.03242214088)
(1.554849564e-05 2.345705661e-12 -0.03242227706)
(2.83330321e-05 2.345680074e-12 -0.03242249822)
(4.553806311e-05 2.345646247e-12 -0.03242279584)
(6.650264154e-05 2.345604613e-12 -0.03242315849)
(9.042090306e-05 2.345556908e-12 -0.03242357224)
(0.0001163735051 2.345505734e-12 -0.03242402118)
(0.0001433634241 2.345451958e-12 -0.03242448806)
(0.0001703533431 2.345398181e-12 -0.03242495494)
(0.0001963059452 2.345347007e-12 -0.03242540388)
(0.0002202242067 2.345299302e-12 -0.03242581763)
(0.0002411887851 2.345257669e-12 -0.03242618028)
(0.0002583938161 2.345223842e-12 -0.0324264779)
(0.0002711783526 2.345198254e-12 -0.03242669905)
(0.000279050921 2.345182642e-12 -0.03242683523)
(0.0002817092357 2.345177401e-12 -0.03242688122)
(0.000279050921 2.345182642e-12 -0.03242683523)
(0.0002711783526 2.345198254e-12 -0.03242669905)
(0.0002583938161 2.345223842e-12 -0.0324264779)
(0.0002411887851 2.345257669e-12 -0.03242618028)
(0.0002202242067 2.345299302e-12 -0.03242581763)
(0.0001963059451 2.345347007e-12 -0.03242540388)
(0.0001703533431 2.345398181e-12 -0.03242495494)
(0.0001433634241 2.345451958e-12 -0.03242448806)
(0.0001163735051 2.345505734e-12 -0.03242402118)
(9.042090301e-05 2.345556908e-12 -0.03242357224)
(6.65026415e-05 2.345604613e-12 -0.03242315849)
(4.553806307e-05 2.345646247e-12 -0.03242279584)
(2.833303207e-05 2.345680074e-12 -0.03242249822)
(1.554849562e-05 2.345705661e-12 -0.03242227706)
(7.675927215e-06 2.345721057e-12 -0.03242214088)
(8.640406984e-06 2.669122468e-12 -0.03395849408)
(1.13133313e-05 2.669117314e-12 -0.03395854057)
(1.922916569e-05 2.669102135e-12 -0.03395867825)
(3.208396326e-05 2.669077199e-12 -0.03395890184)
(4.938354949e-05 2.669043805e-12 -0.03395920274)
(7.046334482e-05 2.669003039e-12 -0.0339595694)
(9.451305605e-05 2.668956202e-12 -0.03395998771)
(0.0001206082882 2.668905895e-12 -0.03396044159)
(0.000147746538 2.668853853e-12 -0.03396091362)
(0.0001748847879 2.668801811e-12 -0.03396138565)
(0.00020098002 2.668750637e-12 -0.03396183954)
(0.0002250297312 2.6687038e-12 -0.03396225785)
(0.0002461095266 2.668663034e-12 -0.0339626245)
(0.0002634091128 2.66862964e-12 -0.0339629254)
(0.0002762639103 2.668605137e-12 -0.03396314899)
(0.0002841797447 2.668589742e-12 -0.03396328668)
(0.000286852669 2.668584554e-12 -0.03396333317)
(0.0002841797447 2.668589742e-12 -0.03396328668)
(0.0002762639103 2.668605137e-12 -0.03396314899)
(0.0002634091128 2.66862964e-12 -0.0339629254)
(0.0002461095265 2.668663034e-12 -0.0339626245)
(0.0002250297312 2.6687038e-12 -0.03396225785)
(0.00020098002 2.668750637e-12 -0.03396183954)
(0.0001748847879 2.668801811e-12 -0.03396138565)
(0.000147746538 2.668853853e-12 -0.03396091362)
(0.0001206082881 2.668905895e-12 -0.03396044159)
(9.451305599e-05 2.668956202e-12 -0.03395998771)
(7.046334477e-05 2.669003039e-12 -0.0339595694)
(4.938354944e-05 2.669043805e-12 -0.03395920274)
(3.208396323e-05 2.669077199e-12 -0.03395890184)
(1.922916567e-05 2.669102135e-12 -0.03395867825)
(1.131333129e-05 2.669117314e-12 -0.03395854057)
(1.194922175e-05 3.027805904e-12 -0.03550376127)
(1.463709919e-05 3.027800883e-12 -0.03550380828)
(2.25972171e-05 3.027785921e-12 -0.03550394751)
(3.552392821e-05 3.027761635e-12 -0.03550417361)
(5.292029344e-05 3.027728675e-12 -0.03550447789)
(7.411801538e-05 3.027688777e-12 -0.03550484866)
(9.830226781e-05 3.027643674e-12 -0.03550527166)
(0.0001245434844 3.027594668e-12 -0.03550573064)
(0.0001518335536 3.027543494e-12 -0.03550620797)
(0.0001791236229 3.027492319e-12 -0.0355066853)
(0.0002053648395 3.027442446e-12 -0.03550714428)
(0.0002295490919 3.027397343e-12 -0.03550756728)
(0.0002507468138 3.027357445e-12 -0.03550793805)
(0.000268143179 3.027324485e-12 -0.03550824233)
(0.0002810698901 3.027300632e-12 -0.03550846843)
(0.000289030008 3.02728567e-12 -0.03550860766)
(0.0002917178854 3.027280586e-12 -0.03550865467)
(0.000289030008 3.02728567e-12 -0.03550860766)
(0.0002810698901 3.027300632e-12 -0.03550846843)
(0.000268143179 3.027324485e-12 -0.03550824233)
(0.0002507468138 3.027357445e-12 -0.03550793805)
(0.0002295490918 3.027397343e-12 -0.03550756728)
(0.0002053648394 3.027442446e-12 -0.03550714428)
(0.0001791236228 3.027492319e-12 -0.0355066853)
(0.0001518335536 3.027543494e-12 -0.03550620797)
(0.0001245434843 3.027594668e-12 -0.03550573064)
(9.830226774e-05 3.027643674e-12 -0.03550527166)
(7.411801532e-05 3.027688777e-12 -0.03550484866)
(5.292029339e-05 3.027728675e-12 -0.03550447789)
(3.552392818e-05 3.027761635e-12 -0.03550417361)
(2.259721707e-05 3.027785921e-12 -0.03550394751)
(1.463709918e-05 3.027800883e-12 -0.03550380828)
(1.493700243e-05 3.424208744e-12 -0.03705738105)
(1.764012255e-05 3.424203846e-12 -0.03705742859)
(2.564538147e-05 3.424189318e-12 -0.03705756941)
(3.864539863e-05 3.424165899e-12 -0.03705779808)
(5.614041686e-05 3.42413424e-12 -0.03705810582)
(7.74583489e-05 3.424095209e-12 -0.0370584808)
(0.0001017797477 3.424051407e-12 -0.03705890862)
(0.0001281697755 3.424002401e-12 -0.03705937283)
(0.000155614604 3.423952961e-12 -0.03705985558)
(0.0001830594324 3.423903522e-12 -0.03706033834)
(0.0002094494602 3.423855383e-12 -0.03706080255)
(0.0002337708591 3.423811581e-12 -0.03706123036)
(0.0002550887911 3.42377255e-12 -0.03706160535)
(0.0002725838093 3.423740891e-12 -0.03706191309)
(0.0002855838265 3.423717039e-12 -0.03706214176)
(0.0002935890854 3.423702511e-12 -0.03706228257)
(0.0002962922055 3.423697621e-12 -0.03706233012)
(0.0002935890853 3.423702511e-12 -0.03706228257)
(0.0002855838264 3.423717039e-12 -0.03706214176)
(0.0002725838093 3.423740891e-12 -0.03706191309)
(0.000255088791 3.42377255e-12 -0.03706160535)
(0.000233770859 3.423811581e-12 -0.03706123036)
(0.0002094494602 3.423855383e-12 -0.03706080255)
(0.0001830594324 3.423903522e-12 -0.03706033834)
(0.0001556146039 3.423952961e-12 -0.03705985558)
(0.0001281697755 3.424002401e-12 -0.03705937283)
(0.0001017797477 3.424051407e-12 -0.03705890862)
(7.745834884e-05 3.424095209e-12 -0.0370584808)
(5.61404168e-05 3.42413424e-12 -0.03705810582)
(3.864539859e-05 3.424165899e-12 -0.03705779808)
(2.564538144e-05 3.424189318e-12 -0.03705756941)
(1.764012253e-05 3.424203846e-12 -0.03705742859)
(1.759950765e-05 3.86116872e-12 -0.0386202147)
(2.031813379e-05 3.861163993e-12 -0.0386202628)
(2.836931361e-05 3.861149898e-12 -0.03862040523)
(4.144390332e-05 3.86112713e-12 -0.03862063654)
(5.903927894e-05 3.861096338e-12 -0.03862094782)
(8.047949793e-05 3.861058608e-12 -0.03862132712)
(0.0001049404126 3.861015674e-12 -0.03862175986)
(0.0001314818226 3.860969704e-12 -0.03862222941)
(0.000159084084 3.860921131e-12 -0.03862271772)
(0.0001866863454 3.860872559e-12 -0.03862320604)
(0.0002132277554 3.860826589e-12 -0.03862367558)
(0.00023768867 3.860783655e-12 -0.03862410832)
(0.000259128889 3.860745924e-12 -0.03862448763)
(0.0002767242646 3.860715133e-12 -0.03862479891)
(0.0002897988543 3.860692365e-12 -0.03862503021)
(0.0002978500341 3.86067827e-12 -0.03862517265)
(0.0003005686602 3.860673514e-12 -0.03862522074)
(0.0002978500341 3.86067827e-12 -0.03862517265)
(0.0002897988543 3.860692365e-12 -0.03862503021)
(0.0002767242646 3.860715133e-12 -0.03862479891)
(0.000259128889 3.860745924e-12 -0.03862448763)
(0.00023768867 3.860783655e-12 -0.03862410832)
(0.0002132277553 3.860826589e-12 -0.03862367558)
(0.0001866863453 3.860872559e-12 -0.03862320604)
(0.0001590840839 3.860921131e-12 -0.03862271772)
(0.0001314818225 3.860969704e-12 -0.03862222941)
(0.0001049404125 3.861015674e-12 -0.03862175986)
(8.047949786e-05 3.861058608e-12 -0.03862132712)
(5.903927888e-05 3.861096338e-12 -0.03862094782)
(4.144390327e-05 3.86112713e-12 -0.03862063654)
(2.836931358e-05 3.861149898e-12 -0.03862040523)
(2.031813377e-05 3.861163993e-12 -0.0386202628)
(1.992962295e-05 4.341204871e-12 -0.04019170079)
(2.266399291e-05 4.341200359e-12 -0.04019174944)
(3.076179787e-05 4.341186698e-12 -0.04019189353)
(4.391210375e-05 4.341164581e-12 -0.04019212753)
(6.160937585e-05 4.341134657e-12 -0.04019244242)
(8.317375715e-05 4.341098661e-12 -0.04019282613)
(0.0001077763273 4.341057461e-12 -0.0401932639)
(0.0001344714411 4.341012792e-12 -0.0401937389)
(0.0001622335497 4.340965955e-12 -0.04019423289)
(0.0001899956584 4.340919117e-12 -0.04019472688)
(0.0002166907722 4.340874448e-12 -0.04019520188)
(0.0002412933423 4.340833248e-12 -0.04019563965)
(0.0002628577236 4.340797253e-12 -0.04019602336)
(0.0002805549957 4.340767329e-12 -0.04019633826)
(0.0002937053016 4.340745645e-12 -0.04019657225)
(0.0003018031065 4.340731984e-12 -0.04019671634)
(0.0003045374765 4.340727426e-12 -0.04019676499)
(0.0003018031065 4.340731984e-12 -0.04019671634)
(0.0002937053015 4.340745645e-12 -0.04019657225)
(0.0002805549957 4.340767329e-12 -0.04019633826)
(0.0002628577236 4.340797253e-12 -0.04019602336)
(0.0002412933422 4.340833248e-12 -0.04019563965)
(0.0002166907721 4.340874448e-12 -0.04019520188)
(0.0001899956583 4.340919117e-12 -0.04019472688)
(0.0001622335497 4.340965955e-12 -0.04019423289)
(0.000134471441 4.341012792e-12 -0.0401937389)
(0.0001077763272 4.341057461e-12 -0.0401932639)
(8.317375708e-05 4.341098661e-12 -0.04019282613)
(6.160937578e-05 4.341134657e-12 -0.04019244242)
(4.39121037e-05 4.341164581e-12 -0.04019212753)
(3.076179783e-05 4.341186698e-12 -0.04019189353)
(2.266399289e-05 4.341200359e-12 -0.04019174944)
(2.19218981e-05 4.867306755e-12 -0.04177268712)
(2.46722524e-05 4.867302416e-12 -0.04177273635)
(3.281739478e-05 4.867289297e-12 -0.04177288213)
(4.604457354e-05 4.867268047e-12 -0.04177311886)
(6.384529876e-05 4.867239424e-12 -0.04177343746)
(8.55357392e-05 4.86720473e-12 -0.04177382567)
(0.0001102821288 4.867165265e-12 -0.04177426857)
(0.0001371332945 4.86712233e-12 -0.04177474914)
(0.0001650576924 4.867078095e-12 -0.04177524893)
(0.0001929820903 4.867033859e-12 -0.04177574871)
(0.000219833256 4.866990058e-12 -0.04177622928)
(0.0002445796457 4.866950593e-12 -0.04177667219)
(0.0002662700861 4.866915898e-12 -0.0417770604)
(0.0002840708113 4.866887275e-12 -0.04177737899)
(0.00029729799 4.866866458e-12 -0.04177761572)
(0.0003054431324 4.866853556e-12 -0.0417777615)
(0.0003081934867 4.866849072e-12 -0.04177781073)
(0.0003054431324 4.866853556e-12 -0.0417777615)
(0.00029729799 4.866866458e-12 -0.04177761572)
(0.0002840708112 4.866887275e-12 -0.04177737899)
(0.000266270086 4.866915898e-12 -0.0417770604)
(0.0002445796456 4.866950593e-12 -0.04177667219)
(0.0002198332559 4.866990058e-12 -0.04177622928)
(0.0001929820902 4.867033859e-12 -0.04177574871)
(0.0001650576923 4.867078095e-12 -0.04177524893)
(0.0001371332944 4.86712233e-12 -0.04177474914)
(0.0001102821287 4.867165265e-12 -0.04177426857)
(8.553573911e-05 4.86720473e-12 -0.04177382567)
(6.384529869e-05 4.867239424e-12 -0.04177343746)
(4.604457348e-05 4.867268047e-12 -0.04177311886)
(3.281739474e-05 4.867289297e-12 -0.04177288213)
(2.467225238e-05 4.867302416e-12 -0.04177273635)
(2.356810853e-05 5.442059636e-12 -0.0433625987)
(2.633468937e-05 5.442055443e-12 -0.04336264851)
(3.452788649e-05 5.442043084e-12 -0.04336279601)
(4.783310299e-05 5.442022701e-12 -0.04336303555)
(6.573884898e-05 5.441995379e-12 -0.04336335792)
(8.755725873e-05 5.441962419e-12 -0.04336375072)
(0.0001124496472 5.441924689e-12 -0.04336419887)
(0.0001394592295 5.441883923e-12 -0.04336468513)
(0.0001675483758 5.441841422e-12 -0.04336519083)
(0.0001956375221 5.441798921e-12 -0.04336569653)
(0.0002226471044 5.441758155e-12 -0.04336618279)
(0.0002475394928 5.441720425e-12 -0.04336663094)
(0.0002693579026 5.441687465e-12 -0.04336702374)
(0.0002872636485 5.441660143e-12 -0.04336734611)
(0.000300568865 5.441640628e-12 -0.04336758565)
(0.0003087620621 5.441628051e-12 -0.04336773315)
(0.0003115286429 5.441623879e-12 -0.04336778296)
(0.0003087620621 5.441628051e-12 -0.04336773315)
(0.000300568865 5.441640628e-12 -0.04336758565)
(0.0002872636485 5.441660143e-12 -0.04336734611)
(0.0002693579025 5.441687465e-12 -0.04336702374)
(0.0002475394927 5.441720425e-12 -0.04336663094)
(0.0002226471043 5.441758155e-12 -0.04336618279)
(0.000195637522 5.441798921e-12 -0.04336569653)
(0.0001675483757 5.441841422e-12 -0.04336519083)
(0.0001394592294 5.441883923e-12 -0.04336468513)
(0.0001124496471 5.441924689e-12 -0.04336419887)
(8.755725864e-05 5.441962419e-12 -0.04336375072)
(6.57388489e-05 5.441995379e-12 -0.04336335792)
(4.783310293e-05 5.442022701e-12 -0.04336303555)
(3.452788645e-05 5.442043084e-12 -0.04336279601)
(2.633468935e-05 5.442055443e-12 -0.04336264851)
(2.486061828e-05 6.068596028e-12 -0.04496230165)
(2.76436966e-05 6.068592135e-12 -0.04496235205)
(3.588575078e-05 6.068580534e-12 -0.04496250132)
(4.927030797e-05 6.068561018e-12 -0.04496274373)
(6.728282818e-05 6.068535431e-12 -0.04496306995)
(8.923134386e-05 6.06850464e-12 -0.04496346746)
(0.0001142721688 6.068469078e-12 -0.04496392096)
(0.0001414428126 6.06843048e-12 -0.04496441305)
(0.000169699458 6.068390582e-12 -0.0449649248)
(0.0001979561035 6.068350683e-12 -0.04496543655)
(0.0002251267473 6.068311218e-12 -0.04496592863)
(0.0002501675722 6.068275656e-12 -0.04496638214)
(0.0002721160879 6.068244865e-12 -0.04496677964)
(0.0002901286081 6.068219278e-12 -0.04496710586)
(0.0003035131652 6.068200196e-12 -0.04496734827)
(0.0003117552194 6.068188595e-12 -0.04496749754)
(0.0003145382977 6.068184569e-12 -0.04496754794)
(0.0003117552194 6.068188595e-12 -0.04496749754)
(0.0003035131652 6.068200196e-12 -0.04496734827)
(0.000290128608 6.068219278e-12 -0.04496710586)
(0.0002721160878 6.068244865e-12 -0.04496677964)
(0.0002501675721 6.068275656e-12 -0.04496638214)
(0.0002251267472 6.068311218e-12 -0.04496592863)
(0.0001979561034 6.068350683e-12 -0.04496543655)
(0.0001696994579 6.068390582e-12 -0.0449649248)
(0.0001414428125 6.06843048e-12 -0.04496441305)
(0.0001142721687 6.068469078e-12 -0.04496392096)
(8.923134376e-05 6.06850464e-12 -0.04496346746)
(6.72828281e-05 6.068535431e-12 -0.04496306995)
(4.92703079e-05 6.068561018e-12 -0.04496274373)
(3.588575073e-05 6.068580534e-12 -0.04496250132)
(2.764369657e-05 6.068592135e-12 -0.04496235205)
(2.578917248e-05 6.749549014e-12 -0.04657123699)
(2.858904516e-05 6.749545259e-12 -0.046571288)
(3.688083563e-05 6.749534308e-12 -0.04657143908)
(5.034616129e-05 6.749516744e-12 -0.04657168442)
(6.846737721e-05 6.749492892e-12 -0.04657201459)
(9.054834017e-05 6.749463401e-12 -0.04657241691)
(0.0001157402727 6.749430442e-12 -0.04657287591)
(0.0001430748765 6.749393579e-12 -0.04657337395)
(0.0001715020354 6.749356282e-12 -0.0465738919)
(0.0001999291942 6.749318986e-12 -0.04657440985)
(0.000227263798 6.74928299e-12 -0.04657490789)
(0.0002524557306 6.74925003e-12 -0.04657536689)
(0.0002745366935 6.74922054e-12 -0.04657576921)
(0.0002926579094 6.749196688e-12 -0.04657609938)
(0.0003061232351 6.749179124e-12 -0.04657634472)
(0.0003144150255 6.749168173e-12 -0.0465764958)
(0.0003172148982 6.749164448e-12 -0.04657654681)
(0.0003144150255 6.749168173e-12 -0.0465764958)
(0.000306123235 6.749179124e-12 -0.04657634472)
(0.0002926579094 6.749196688e-12 -0.04657609938)
(0.0002745366934 6.74922054e-12 -0.04657576921)
(0.0002524557305 6.74925003e-12 -0.04657536689)
(0.0002272637979 6.74928299e-12 -0.04657490789)
(0.0001999291941 6.749318986e-12 -0.04657440985)
(0.0001715020353 6.749356282e-12 -0.0465738919)
(0.0001430748764 6.749393579e-12 -0.04657337395)
(0.0001157402726 6.749430442e-12 -0.04657287591)
(9.054834006e-05 6.749463401e-12 -0.04657241691)
(6.846737712e-05 6.749492892e-12 -0.04657201459)
(5.034616122e-05 6.749516744e-12 -0.04657168442)
(3.688083558e-05 6.749534308e-12 -0.04657143908)
(2.858904513e-05 6.749545259e-12 -0.046571288)
(2.634292125e-05 7.488182785e-12 -0.04819031806)
(2.915993868e-05 7.488179347e-12 -0.0481903697)
(3.750250315e-05 7.488169373e-12 -0.04819052264)
(5.105028247e-05 7.488152893e-12 -0.04819077099)
(6.928246194e-05 7.488130775e-12 -0.04819110522)
(9.14986356e-05 7.488103887e-12 -0.04819151248)
(0.0001168448286 7.488073529e-12 -0.04819197712)
(0.0001443468133 7.488039702e-12 -0.04819248128)
(0.0001729480431 7.488005008e-12 -0.0481930056)
(0.000201549273 7.487970313e-12 -0.04819352991)
(0.0002290512576 7.487937354e-12 -0.04819403407)
(0.0002543974506 7.487906996e-12 -0.04819449871)
(0.0002766136243 7.487880108e-12 -0.04819490597)
(0.0002948458037 7.48785799e-12 -0.0481952402)
(0.000308393583 7.48784151e-12 -0.04819548856)
(0.0003167361475 7.487831319e-12 -0.04819564149)
(0.0003195531649 7.487827994e-12 -0.04819569313)
(0.0003167361474 7.487831319e-12 -0.04819564149)
(0.000308393583 7.48784151e-12 -0.04819548856)
(0.0002948458036 7.48785799e-12 -0.0481952402)
(0.0002766136242 7.487880108e-12 -0.04819490597)
(0.0002543974505 7.487906996e-12 -0.04819449871)
(0.0002290512575 7.487937354e-12 -0.04819403407)
(0.0002015492729 7.487970313e-12 -0.04819352991)
(0.000172948043 7.488005008e-12 -0.0481930056)
(0.0001443468131 7.488039702e-12 -0.04819248128)
(0.0001168448285 7.488073529e-12 -0.04819197712)
(9.149863548e-05 7.488103887e-12 -0.04819151248)
(6.928246184e-05 7.488130775e-12 -0.04819110522)
(5.105028239e-05 7.488152893e-12 -0.04819077099)
(3.75025031e-05 7.488169373e-12 -0.04819052264)
(2.915993866e-05 7.488179347e-12 -0.0481903697)
(2.650835634e-05 8.287154172e-12 -0.04981903052)
(2.934292139e-05 8.28715113e-12 -0.0498190828)
(3.773745296e-05 8.287142023e-12 -0.04981923765)
(5.136962344e-05 8.287126627e-12 -0.04981948911)
(6.97153739e-05 8.287106678e-12 -0.04981982752)
(9.206993546e-05 8.287082392e-12 -0.04982023987)
(0.0001175740137 8.287054636e-12 -0.04982071032)
(0.0001452473124 8.287024712e-12 -0.04982122078)
(0.0001740267036 8.286993487e-12 -0.04982175165)
(0.0002028060949 8.286962262e-12 -0.04982228252)
(0.0002304793936 8.286931471e-12 -0.04982279298)
(0.0002559834718 8.286903715e-12 -0.04982326343)
(0.0002783380333 8.286879429e-12 -0.04982367578)
(0.0002966837838 8.28685948e-12 -0.04982401419)
(0.0003103159542 8.286844518e-12 -0.04982426565)
(0.0003187104858 8.286835411e-12 -0.0498244205)
(0.0003215450508 8.286832358e-12 -0.04982447278)
(0.0003187104857 8.286835411e-12 -0.0498244205)
(0.0003103159542 8.286844518e-12 -0.04982426565)
(0.0002966837837 8.28685948e-12 -0.04982401419)
(0.0002783380332 8.286879429e-12 -0.04982367578)
(0.0002559834717 8.286903715e-12 -0.04982326343)
(0.0002304793934 8.286931471e-12 -0.04982279298)
(0.0002028060947 8.286962262e-12 -0.04982228252)
(0.0001740267035 8.286993487e-12 -0.04982175165)
(0.0001452473123 8.287024712e-12 -0.04982122078)
(0.0001175740136 8.287054636e-12 -0.04982071032)
(9.206993533e-05 8.287082392e-12 -0.04982023987)
(6.97153738e-05 8.287106678e-12 -0.04981982752)
(5.136962335e-05 8.287126627e-12 -0.04981948911)
(3.77374529e-05 8.287142023e-12 -0.04981923765)
(2.934292136e-05 8.28715113e-12 -0.0498190828)
(2.626975029e-05 9.149845801e-12 -0.05145836697)
(2.912235162e-05 9.149842993e-12 -0.05145841992)
(3.757029741e-05 9.149835186e-12 -0.05145857675)
(5.12892091e-05 9.149821525e-12 -0.05145883142)
(6.975169318e-05 9.149804178e-12 -0.05145917415)
(9.224849633e-05 9.149782494e-12 -0.05145959177)
(0.0001179148565 9.149757774e-12 -0.05146006822)
(0.0001457642398 9.149730452e-12 -0.05146058521)
(0.0001747267537 9.149702697e-12 -0.05146112285)
(0.0002036892675 9.149674941e-12 -0.0514616605)
(0.0002315386508 9.149648487e-12 -0.05146217748)
(0.000257205011 9.149623767e-12 -0.05146265394)
(0.0002797018141 9.149602083e-12 -0.05146307156)
(0.0002981642981 9.149584736e-12 -0.05146341429)
(0.0003118832098 9.149571508e-12 -0.05146366896)
(0.0003203311556 9.149563268e-12 -0.05146382578)
(0.0003231837569 9.14956058e-12 -0.05146387874)
(0.0003203311555 9.149563268e-12 -0.05146382578)
(0.0003118832097 9.149571508e-12 -0.05146366896)
(0.0002981642981 9.149584736e-12 -0.05146341429)
(0.000279701814 9.149602083e-12 -0.05146307156)
(0.0002572050108 9.149623767e-12 -0.05146265394)
(0.0002315386507 9.149648487e-12 -0.05146217748)
(0.0002036892674 9.149674941e-12 -0.0514616605)
(0.0001747267535 9.149702697e-12 -0.05146112285)
(0.0001457642396 9.149730452e-12 -0.05146058521)
(0.0001179148563 9.149757774e-12 -0.05146006822)
(9.224849619e-05 9.149782494e-12 -0.05145959177)
(6.975169307e-05 9.149804178e-12 -0.05145917415)
(5.128920901e-05 9.149821525e-12 -0.05145883142)
(3.757029735e-05 9.149835186e-12 -0.05145857675)
(2.912235159e-05 9.149842993e-12 -0.05145841992)
(2.560815166e-05 1.00789109e-11 -0.05310789494)
(2.84793701e-05 1.007890852e-11 -0.05310794859)
(3.698245023e-05 1.007890147e-11 -0.05310810747)
(5.079089649e-05 1.007888998e-11 -0.05310836548)
(6.93738734e-05 1.00788748e-11 -0.0531087127)
(9.20174988e-05 1.007885659e-11 -0.05310913579)
(0.0001178513669 1.007883534e-11 -0.05310961849)
(0.0001458825053 1.007881278e-11 -0.05311014224)
(0.000175034039 1.00787885e-11 -0.05311068693)
(0.0002041855727 1.007876421e-11 -0.05311123162)
(0.0002322167111 1.007874166e-11 -0.05311175538)
(0.0002580505791 1.007872041e-11 -0.05311223808)
(0.0002806942045 1.00787022e-11 -0.05311266117)
(0.0002992771814 1.007868702e-11 -0.05311300838)
(0.0003130856276 1.007867552e-11 -0.05311326639)
(0.0003215887077 1.007866869e-11 -0.05311342527)
(0.0003244599261 1.007866637e-11 -0.05311347892)
(0.0003215887077 1.007866869e-11 -0.05311342527)
(0.0003130856275 1.007867552e-11 -0.05311326639)
(0.0002992771813 1.007868702e-11 -0.05311300838)
(0.0002806942044 1.00787022e-11 -0.05311266117)
(0.000258050579 1.007872041e-11 -0.05311223808)
(0.0002322167109 1.007874166e-11 -0.05311175538)
(0.0002041855725 1.007876421e-11 -0.05311123162)
(0.0001750340388 1.00787885e-11 -0.05311068693)
(0.0001458825051 1.007881278e-11 -0.05311014224)
(0.0001178513667 1.007883534e-11 -0.05310961849)
(9.201749865e-05 1.007885659e-11 -0.05310913579)
(6.937387328e-05 1.00788748e-11 -0.0531087127)
(5.079089639e-05 1.007888998e-11 -0.05310836548)
(3.698245017e-05 1.007890147e-11 -0.05310810747)
(2.847937007e-05 1.007890852e-11 -0.05310794859)
(2.450001258e-05 1.107782852e-11 -0.05476873377)
(2.739056619e-05 1.10778267e-11 -0.05476878814)
(3.595090722e-05 1.107782095e-11 -0.05476894917)
(4.985234142e-05 1.107781184e-11 -0.05476921066)
(6.856045862e-05 1.107779927e-11 -0.05476956258)
(9.135656926e-05 1.107778452e-11 -0.05476999139)
(0.0001173644061 1.107776718e-11 -0.05477048061)
(0.00014558431 1.107774809e-11 -0.05477101145)
(0.0001749321541 1.107772901e-11 -0.0547715635)
(0.0002042799981 1.107770993e-11 -0.05477211555)
(0.000232499902 1.107769085e-11 -0.05477264639)
(0.0002585077388 1.10776735e-11 -0.05477313561)
(0.0002813038495 1.107765876e-11 -0.05477356442)
(0.0003000119666 1.107764618e-11 -0.05477391633)
(0.0003139134008 1.107763707e-11 -0.05477417783)
(0.0003224737418 1.107763133e-11 -0.05477433885)
(0.0003253642954 1.107762942e-11 -0.05477439323)
(0.0003224737417 1.107763133e-11 -0.05477433885)
(0.0003139134007 1.107763707e-11 -0.05477417783)
(0.0003000119665 1.107764618e-11 -0.05477391633)
(0.0002813038493 1.107765876e-11 -0.05477356442)
(0.0002585077387 1.10776735e-11 -0.05477313561)
(0.0002324999018 1.107769085e-11 -0.05477264639)
(0.000204279998 1.107770993e-11 -0.05477211555)
(0.0001749321539 1.107772901e-11 -0.0547715635)
(0.0001455843098 1.107774809e-11 -0.05477101145)
(0.0001173644059 1.107776718e-11 -0.05477048061)
(9.13565691e-05 1.107778452e-11 -0.05476999139)
(6.856045849e-05 1.107779927e-11 -0.05476956258)
(4.985234132e-05 1.107781184e-11 -0.05476921066)
(3.595090715e-05 1.107782095e-11 -0.05476894917)
(2.739056616e-05 1.10778267e-11 -0.05476878814)
(2.291733155e-05 1.214921192e-11 -0.05644059136)
(2.58280931e-05 1.214921057e-11 -0.0564406465)
(3.444827969e-05 1.214920634e-11 -0.05644080978)
(4.844689918e-05 1.214919962e-11 -0.05644107495)
(6.728580531e-05 1.214919051e-11 -0.0564414318)
(9.024128415e-05 1.214917923e-11 -0.05644186663)
(0.0001164309425 1.214916622e-11 -0.05644236272)
(0.0001448481324 1.214915234e-11 -0.056442901)
(0.000174401148 1.21491376e-11 -0.05644346081)
(0.0002039541637 1.214912285e-11 -0.05644402061)
(0.0002323713536 1.214910984e-11 -0.05644455889)
(0.0002585610119 1.214909683e-11 -0.05644505498)
(0.0002815164907 1.214908556e-11 -0.05644548981)
(0.0003003553968 1.214907645e-11 -0.05644584667)
(0.0003143540163 1.214906929e-11 -0.05644611183)
(0.0003229742028 1.214906528e-11 -0.05644627512)
(0.0003258849643 1.214906377e-11 -0.05644633025)
(0.0003229742028 1.214906528e-11 -0.05644627512)
(0.0003143540162 1.214906929e-11 -0.05644611183)
(0.0003003553967 1.214907645e-11 -0.05644584667)
(0.0002815164906 1.214908556e-11 -0.05644548981)
(0.0002585610117 1.214909683e-11 -0.05644505498)
(0.0002323713534 1.214910984e-11 -0.05644455889)
(0.0002039541635 1.214912285e-11 -0.05644402061)
(0.0001744011478 1.21491376e-11 -0.05644346081)
(0.0001448481322 1.214915234e-11 -0.056442901)
(0.0001164309423 1.214916622e-11 -0.05644236272)
(9.024128399e-05 1.214917923e-11 -0.05644186663)
(6.728580517e-05 1.214919051e-11 -0.0564414318)
(4.844689907e-05 1.214919962e-11 -0.05644107495)
(3.444827961e-05 1.214920634e-11 -0.05644080978)
(2.582809306e-05 1.214921057e-11 -0.0564406465)
(2.082446027e-05 1.329660703e-11 -0.05812478678)
(2.375651445e-05 1.329660622e-11 -0.05812484273)
(3.243975892e-05 1.32966034e-11 -0.05812500841)
(4.654078029e-05 1.32965995e-11 -0.05812527747)
(6.551749567e-05 1.329659386e-11 -0.05812563957)
(8.864089707e-05 1.329658692e-11 -0.05812608078)
(0.0001150221364 1.329657912e-11 -0.05812658416)
(0.0001436472021 1.329657044e-11 -0.05812713035)
(0.0001734164022 1.329656177e-11 -0.05812769838)
(0.0002031856023 1.329655309e-11 -0.0581282664)
(0.000231810668 1.329654442e-11 -0.0581288126)
(0.0002581919073 1.329653661e-11 -0.05812931597)
(0.0002813153087 1.329652968e-11 -0.05812975719)
(0.0003002920241 1.329652404e-11 -0.05813011928)
(0.0003143930454 1.32965197e-11 -0.05813038834)
(0.0003230762898 1.329651732e-11 -0.05813055403)
(0.000326008344 1.329651637e-11 -0.05813060998)
(0.0003230762898 1.329651732e-11 -0.05813055403)
(0.0003143930453 1.32965197e-11 -0.05813038834)
(0.0003002920239 1.329652404e-11 -0.05813011928)
(0.0002813153086 1.329652968e-11 -0.05812975719)
(0.0002581919072 1.329653661e-11 -0.05812931597)
(0.0002318106678 1.329654442e-11 -0.0581288126)
(0.0002031856021 1.329655309e-11 -0.0581282664)
(0.000173416402 1.329656177e-11 -0.05812769838)
(0.0001436472019 1.329657044e-11 -0.05812713035)
(0.0001150221362 1.329657912e-11 -0.05812658416)
(8.86408969e-05 1.329658692e-11 -0.05812608078)
(6.551749552e-05 1.329659386e-11 -0.05812563957)
(4.654078017e-05 1.32965995e-11 -0.05812527747)
(3.243975884e-05 1.32966034e-11 -0.05812500841)
(2.375651441e-05 1.329660622e-11 -0.05812484273)
(1.817994932e-05 1.45225381e-11 -0.0598212512)
(2.113461416e-05 1.45225379e-11 -0.05982130802)
(2.988481983e-05 1.452253704e-11 -0.05982147627)
(4.40945818e-05 1.452253595e-11 -0.05982174949)
(6.32176369e-05 1.452253465e-11 -0.0598221172)
(8.651935536e-05 1.452253248e-11 -0.05982256525)
(0.0001131040347 1.452253031e-11 -0.05982307642)
(0.0001419498438 1.452252815e-11 -0.05982363107)
(0.0001719486103 1.452252554e-11 -0.0598242079)
(0.0002019473768 1.452252294e-11 -0.05982478472)
(0.0002307931858 1.452252077e-11 -0.05982533937)
(0.0002573778652 1.45225186e-11 -0.05982585055)
(0.0002806795836 1.452251644e-11 -0.0598262986)
(0.0002998026387 1.452251513e-11 -0.0598266663)
(0.0003140124006 1.452251362e-11 -0.05982693953)
(0.0003227626062 1.452251297e-11 -0.05982710778)
(0.000325717271 1.452251269e-11 -0.05982716459)
(0.0003227626062 1.452251297e-11 -0.05982710778)
(0.0003140124005 1.452251362e-11 -0.05982693953)
(0.0002998026385 1.452251513e-11 -0.0598266663)
(0.0002806795834 1.452251644e-11 -0.0598262986)
(0.000257377865 1.45225186e-11 -0.05982585055)
(0.0002307931856 1.452252077e-11 -0.05982533937)
(0.0002019473765 1.452252294e-11 -0.05982478472)
(0.0001719486101 1.452252554e-11 -0.0598242079)
(0.0001419498436 1.452252815e-11 -0.05982363107)
(0.0001131040345 1.452253031e-11 -0.05982307642)
(8.651935517e-05 1.452253248e-11 -0.05982256525)
(6.321763674e-05 1.452253465e-11 -0.0598221172)
(4.409458167e-05 1.452253595e-11 -0.05982174949)
(2.988481974e-05 1.452253704e-11 -0.05982147627)
(2.113461412e-05 1.45225379e-11 -0.05982130802)
(1.493202253e-05 1.583056371e-11 -0.0615315931)
(1.791090346e-05 1.583056429e-11 -0.06153165085)
(2.67328248e-05 1.583056537e-11 -0.06153182187)
(4.105904834e-05 1.583056819e-11 -0.06153209959)
(6.033883379e-05 1.583057123e-11 -0.06153247335)
(8.383153043e-05 1.583057513e-11 -0.06153292878)
(0.0001106340948 1.583057904e-11 -0.06153344837)
(0.0001397163207 1.583058337e-11 -0.06153401215)
(0.0001699609536 1.583058858e-11 -0.06153459847)
(0.0002002055866 1.583059378e-11 -0.06153518479)
(0.0002292878125 1.583059812e-11 -0.06153574858)
(0.0002560903768 1.583060202e-11 -0.06153626817)
(0.0002795830734 1.583060592e-11 -0.0615367236)
(0.0002988628589 1.583060896e-11 -0.06153709735)
(0.0003131890823 1.583061091e-11 -0.06153737508)
(0.0003220110036 1.583061243e-11 -0.0615375461)
(0.0003249898845 1.583061284e-11 -0.06153760385)
(0.0003220110036 1.583061243e-11 -0.0615375461)
(0.0003131890823 1.583061091e-11 -0.06153737508)
(0.0002988628587 1.583060896e-11 -0.06153709735)
(0.0002795830733 1.583060592e-11 -0.0615367236)
(0.0002560903766 1.583060202e-11 -0.06153626817)
(0.0002292878123 1.583059812e-11 -0.06153574858)
(0.0002002055863 1.583059378e-11 -0.06153518479)
(0.0001699609534 1.583058858e-11 -0.06153459847)
(0.0001397163205 1.583058337e-11 -0.06153401215)
(0.0001106340945 1.583057904e-11 -0.06153344837)
(8.383153023e-05 1.583057513e-11 -0.06153292878)
(6.033883361e-05 1.583057123e-11 -0.06153247335)
(4.10590482e-05 1.583056819e-11 -0.06153209959)
(2.673282471e-05 1.583056537e-11 -0.06153182187)
(1.791090341e-05 1.583056429e-11 -0.06153165085)
(1.102347013e-05 1.722302387e-11 -0.06325604642)
(1.402845643e-05 1.72230252e-11 -0.06325610519)
(2.292768852e-05 1.722302899e-11 -0.06325627922)
(3.737945966e-05 1.72230355e-11 -0.06325656184)
(5.682820316e-05 1.722304374e-11 -0.06325694218)
(8.052677763e-05 1.722305415e-11 -0.06325740562)
(0.0001075642257 1.722306586e-11 -0.06325793437)
(0.0001369013133 1.7223078e-11 -0.06325850808)
(0.0001674109945 1.722309101e-11 -0.06325910472)
(0.0001979206757 1.722310402e-11 -0.06325970137)
(0.0002272577632 1.722311703e-11 -0.06326027508)
(0.0002542952113 1.722312874e-11 -0.06326080382)
(0.0002779937857 1.722313915e-11 -0.06326126727)
(0.0002974425292 1.722314739e-11 -0.06326164761)
(0.0003118943003 1.722315346e-11 -0.06326193023)
(0.0003207935323 1.722315725e-11 -0.06326210426)
(0.0003237985186 1.722315858e-11 -0.06326216302)
(0.0003207935323 1.722315725e-11 -0.06326210426)
(0.0003118943002 1.722315346e-11 -0.06326193023)
(0.0002974425291 1.722314739e-11 -0.06326164761)
(0.0002779937856 1.722313915e-11 -0.06326126727)
(0.0002542952111 1.722312874e-11 -0.06326080382)
(0.000227257763 1.722311703e-11 -0.06326027508)
(0.0001979206754 1.722310402e-11 -0.06325970137)
(0.0001674109942 1.722309101e-11 -0.06325910472)
(0.000136901313 1.7223078e-11 -0.06325850808)
(0.0001075642255 1.722306586e-11 -0.06325793437)
(8.052677741e-05 1.722305415e-11 -0.06325740562)
(5.682820298e-05 1.722304374e-11 -0.06325694218)
(3.737945951e-05 1.72230355e-11 -0.06325656184)
(2.292768842e-05 1.722302899e-11 -0.06325627922)
(1.402845638e-05 1.72230252e-11 -0.06325610519)
(6.386970586e-06 1.870335401e-11 -0.06499656345)
(9.420245207e-06 1.870335625e-11 -0.06499662332)
(1.840325282e-05 1.870336286e-11 -0.06499680065)
(3.299106993e-05 1.870337349e-11 -0.06499708862)
(5.262289986e-05 1.870338823e-11 -0.06499747615)
(7.654456779e-05 1.870340601e-11 -0.06499794837)
(0.0001038365408 1.870342596e-11 -0.06499848712)
(0.0001334498016 1.870344851e-11 -0.06499907169)
(0.0001642466946 1.870347106e-11 -0.06499967962)
(0.0001950435876 1.870349361e-11 -0.06500028756)
(0.0002246568484 1.87035153e-11 -0.06500087213)
(0.0002519488214 1.870353525e-11 -0.06500141088)
(0.0002758704893 1.870355303e-11 -0.06500188309)
(0.0002955023192 1.870356777e-11 -0.06500227063)
(0.0003100901362 1.87035784e-11 -0.06500255859)
(0.0003190731438 1.870358501e-11 -0.06500273592)
(0.0003221064184 1.870358727e-11 -0.0650027958)
(0.0003190731437 1.870358501e-11 -0.06500273592)
(0.0003100901361 1.87035784e-11 -0.06500255859)
(0.000295502319 1.870356777e-11 -0.06500227063)
(0.0002758704891 1.870355303e-11 -0.06500188309)
(0.0002519488212 1.870353525e-11 -0.06500141088)
(0.0002246568481 1.87035153e-11 -0.06500087213)
(0.0001950435873 1.870349361e-11 -0.06500028756)
(0.0001642466943 1.870347106e-11 -0.06499967962)
(0.0001334498013 1.870344851e-11 -0.06499907169)
(0.0001038365406 1.870342596e-11 -0.06499848712)
(7.654456756e-05 1.870340601e-11 -0.06499794837)
(5.262289967e-05 1.870338823e-11 -0.06499747615)
(3.299106978e-05 1.870337349e-11 -0.06499708862)
(1.840325272e-05 1.870336286e-11 -0.06499680065)
(9.420245154e-06 1.870335625e-11 -0.06499662332)
(9.552342968e-07 2.027348262e-11 -0.06675367585)
(4.019188663e-06 2.027348601e-11 -0.06675373695)
(1.309305398e-05 2.027349599e-11 -0.06675391788)
(2.782841807e-05 2.027351204e-11 -0.0667542117)
(4.765881212e-05 2.027353329e-11 -0.06675460712)
(7.182243329e-05 2.027355974e-11 -0.06675508894)
(9.939044817e-05 2.027358966e-11 -0.06675563865)
(0.0001293032292 2.027362219e-11 -0.06675623511)
(0.0001604116142 2.027365602e-11 -0.06675685541)
(0.0001915199992 2.027368984e-11 -0.06675747571)
(0.0002214327803 2.027372237e-11 -0.06675807217)
(0.0002490007951 2.02737523e-11 -0.06675862187)
(0.0002731644163 2.027377875e-11 -0.0667591037)
(0.0002929948103 2.02738e-11 -0.06675949911)
(0.0003077301743 2.027381605e-11 -0.06675979294)
(0.0003168040396 2.027382602e-11 -0.06675997387)
(0.0003198679939 2.027382926e-11 -0.06676003496)
(0.0003168040395 2.027382602e-11 -0.06675997387)
(0.0003077301742 2.027381605e-11 -0.06675979294)
(0.0002929948101 2.02738e-11 -0.06675949911)
(0.0002731644161 2.027377875e-11 -0.0667591037)
(0.0002490007949 2.02737523e-11 -0.06675862187)
(0.00022143278 2.027372237e-11 -0.06675807217)
(0.000191519999 2.027368984e-11 -0.06675747571)
(0.0001604116139 2.027365602e-11 -0.06675685541)
(0.000129303229 2.027362219e-11 -0.06675623511)
(9.93904479e-05 2.027358966e-11 -0.06675563865)
(7.182243305e-05 2.027355974e-11 -0.06675508894)
(4.765881191e-05 2.027353329e-11 -0.06675460712)
(2.78284179e-05 2.027351204e-11 -0.0667542117)
(1.309305387e-05 2.027349599e-11 -0.06675391788)
(4.019188606e-06 2.027348601e-11 -0.06675373695)
(-5.342244503e-06 2.193638827e-11 -0.06852958754)
(-2.245109548e-06 2.193639281e-11 -0.06852964996)
(6.927019699e-06 2.193640647e-11 -0.06852983484)
(2.182195798e-05 2.193642837e-11 -0.06853013506)
(4.186710201e-05 2.193645829e-11 -0.06853053909)
(6.629239913e-05 2.193649429e-11 -0.06853103141)
(9.415895727e-05 2.193653549e-11 -0.06853159309)
(0.0001243956739 2.193657929e-11 -0.06853220255)
(0.000155840942 2.193662613e-11 -0.06853283636)
(0.0001872862101 2.193667296e-11 -0.06853347017)
(0.0002175229267 2.193671763e-11 -0.06853407963)
(0.0002453894848 2.193675883e-11 -0.06853464131)
(0.0002698147819 2.193679483e-11 -0.06853513363)
(0.0002898599259 2.193682475e-11 -0.06853553766)
(0.0003047548641 2.193684665e-11 -0.06853583788)
(0.0003139269933 2.19368601e-11 -0.06853602275)
(0.0003170241282 2.193686473e-11 -0.06853608518)
(0.0003139269932 2.19368601e-11 -0.06853602275)
(0.000304754864 2.193684665e-11 -0.06853583788)
(0.0002898599257 2.193682475e-11 -0.06853553766)
(0.0002698147817 2.193679483e-11 -0.06853513363)
(0.0002453894845 2.193675883e-11 -0.06853464131)
(0.0002175229264 2.193671763e-11 -0.06853407963)
(0.0001872862098 2.193667296e-11 -0.06853347017)
(0.0001558409417 2.193662613e-11 -0.06853283636)
(0.0001243956736 2.193657929e-11 -0.06853220255)
(9.415895698e-05 2.193653549e-11 -0.06853159309)
(6.629239887e-05 2.193649429e-11 -0.06853103141)
(4.186710179e-05 2.193645829e-11 -0.06853053909)
(2.18219578e-05 2.193642837e-11 -0.06853013506)
(6.927019581e-06 2.193640647e-11 -0.06852983484)
(-2.245109608e-06 2.193639281e-11 -0.06852964996)
(-1.256154168e-05 2.369309142e-11 -0.07032490221)
(-9.428850109e-06 2.36930974e-11 -0.07032496608)
(-1.514203474e-07 2.369311518e-11 -0.07032515522)
(1.491451908e-05 2.36931438e-11 -0.07032546238)
(3.518979113e-05 2.369318283e-11 -0.07032587575)
(5.989550257e-05 2.36932301e-11 -0.07032637944)
(8.808198237e-05 2.369328388e-11 -0.0703269541)
(0.0001186658312 2.369334243e-11 -0.07032757763)
(0.0001504721063 2.369340314e-11 -0.07032822609)
(0.0001822783814 2.369346386e-11 -0.07032887454)
(0.0002128622303 2.36935224e-11 -0.07032949808)
(0.00024104871 2.369357618e-11 -0.07033007273)
(0.0002657544214 2.369362345e-11 -0.07033057642)
(0.0002860296934 2.369366248e-11 -0.07033098979)
(0.0003010956328 2.369369111e-11 -0.07033129695)
(0.0003103730625 2.369370889e-11 -0.07033148609)
(0.000313505754 2.369371483e-11 -0.07033154996)
(0.0003103730624 2.369370889e-11 -0.07033148609)
(0.0003010956327 2.369369111e-11 -0.07033129695)
(0.0002860296933 2.369366248e-11 -0.07033098979)
(0.0002657544212 2.369362345e-11 -0.07033057642)
(0.0002410487098 2.369357618e-11 -0.07033007273)
(0.00021286223 2.36935224e-11 -0.07032949808)
(0.0001822783811 2.369346386e-11 -0.07032887454)
(0.000150472106 2.369340314e-11 -0.07032822609)
(0.0001186658309 2.369334243e-11 -0.07032757763)
(8.808198207e-05 2.369328388e-11 -0.0703269541)
(5.98955023e-05 2.36932301e-11 -0.07032637944)
(3.51897909e-05 2.369318283e-11 -0.07032587575)
(1.49145189e-05 2.36931438e-11 -0.07032546238)
(-1.514204719e-07 2.369311518e-11 -0.07032515522)
(-9.428850173e-06 2.36930974e-11 -0.07032496608)
(-2.074555288e-05 2.554544453e-11 -0.07214169092)
(-1.757531346e-05 2.554545204e-11 -0.07214175633)
(-8.186686209e-06 2.554547459e-11 -0.07214195004)
(7.059830673e-06 2.554551102e-11 -0.07214226461)
(2.757811825e-05 2.554555959e-11 -0.07214268795)
(5.257994759e-05 2.554561944e-11 -0.07214320379)
(8.110426513e-05 2.554568753e-11 -0.07214379231)
(0.0001120546861 2.554576169e-11 -0.07214443089)
(0.0001442421851 2.554583801e-11 -0.07214509499)
(0.0001764296841 2.554591434e-11 -0.07214575909)
(0.0002073801051 2.55459885e-11 -0.07214639767)
(0.0002359044226 2.554605659e-11 -0.07214698619)
(0.0002609062519 2.554611644e-11 -0.07214750203)
(0.0002814245394 2.554616501e-11 -0.07214792537)
(0.0002966710562 2.554620144e-11 -0.07214823994)
(0.0003060596834 2.554622377e-11 -0.07214843365)
(0.0003092299228 2.554623144e-11 -0.07214849906)
(0.0003060596834 2.554622377e-11 -0.07214843365)
(0.0002966710561 2.554620144e-11 -0.07214823994)
(0.0002814245392 2.554616501e-11 -0.07214792537)
(0.0002609062517 2.554611644e-11 -0.07214750203)
(0.0002359044223 2.554605659e-11 -0.07214698619)
(0.0002073801048 2.55459885e-11 -0.07214639767)
(0.0001764296838 2.554591434e-11 -0.07214575909)
(0.0001442421848 2.554583801e-11 -0.07214509499)
(0.0001120546858 2.554576169e-11 -0.07214443089)
(8.110426481e-05 2.554568753e-11 -0.07214379231)
(5.25799473e-05 2.554561944e-11 -0.07214320379)
(2.7578118e-05 2.554555959e-11 -0.07214268795)
(7.059830483e-06 2.554551102e-11 -0.07214226461)
(-8.18668634e-06 2.554547459e-11 -0.07214195004)
(-1.757531353e-05 2.554545204e-11 -0.07214175633)
(-2.989891395e-05 2.749269935e-11 -0.07398005679)
(-2.668991964e-05 2.749270863e-11 -0.07398012381)
(-1.71865202e-05 2.749273617e-11 -0.07398032229)
(-1.753620806e-06 2.749278062e-11 -0.0739806446)
(1.901549455e-05 2.749284047e-11 -0.07398107835)
(4.432296116e-05 2.749291333e-11 -0.07398160689)
(7.319597697e-05 2.749299703e-11 -0.0739822099)
(0.0001045247543 2.749308767e-11 -0.07398286419)
(0.0001371057326 2.749318134e-11 -0.07398354463)
(0.0001696867108 2.749327502e-11 -0.07398422507)
(0.0002010154881 2.749336566e-11 -0.07398487937)
(0.0002298885039 2.749344936e-11 -0.07398548237)
(0.0002551959704 2.749352222e-11 -0.07398601091)
(0.0002759650858 2.749358206e-11 -0.07398644466)
(0.0002913979851 2.749362695e-11 -0.07398676698)
(0.0003009013845 2.749365427e-11 -0.07398696545)
(0.0003041103787 2.749366359e-11 -0.07398703247)
(0.0003009013844 2.749365427e-11 -0.07398696545)
(0.0002913979849 2.749362695e-11 -0.07398676698)
(0.0002759650856 2.749358206e-11 -0.07398644466)
(0.0002551959702 2.749352222e-11 -0.07398601091)
(0.0002298885036 2.749344936e-11 -0.07398548237)
(0.0002010154878 2.749336566e-11 -0.07398487937)
(0.0001696867104 2.749327502e-11 -0.07398422507)
(0.0001371057322 2.749318134e-11 -0.07398354463)
(0.000104524754 2.749308767e-11 -0.07398286419)
(7.319597664e-05 2.749299703e-11 -0.0739822099)
(4.432296087e-05 2.749291333e-11 -0.07398160689)
(1.90154943e-05 2.749284047e-11 -0.07398107835)
(-1.753621006e-06 2.749278062e-11 -0.0739806446)
(-1.718652034e-05 2.749273617e-11 -0.07398032229)
(-2.668991971e-05 2.749270863e-11 -0.07398012381)
(-3.999061866e-05 2.953458204e-11 -0.07584119523)
(-3.674282104e-05 2.953459309e-11 -0.07584126388)
(-2.712450606e-05 2.953462583e-11 -0.07584146719)
(-1.150499135e-05 2.953467852e-11 -0.07584179734)
(9.515265093e-06 2.953475008e-11 -0.07584224166)
(3.512875074e-05 2.953483725e-11 -0.07584278306)
(6.435090036e-05 2.9534937e-11 -0.07584340074)
(9.605850673e-05 2.953504542e-11 -0.07584407096)
(0.0001290334556 2.953515731e-11 -0.07584476796)
(0.0001620084045 2.95352692e-11 -0.07584546497)
(0.0001937160108 2.953537675e-11 -0.07584613519)
(0.0002229381604 2.95354765e-11 -0.07584675287)
(0.000248551646 2.953556366e-11 -0.07584729427)
(0.0002695719024 2.953563522e-11 -0.07584773859)
(0.000285191417 2.953568835e-11 -0.07584806874)
(0.0002948097319 2.953572131e-11 -0.07584827205)
(0.0002980575295 2.953573229e-11 -0.0758483407)
(0.0002948097319 2.953572131e-11 -0.07584827205)
(0.0002851914169 2.953568835e-11 -0.07584806874)
(0.0002695719022 2.953563522e-11 -0.07584773859)
(0.0002485516457 2.953556366e-11 -0.07584729427)
(0.0002229381601 2.95354765e-11 -0.07584675287)
(0.0001937160105 2.953537675e-11 -0.07584613519)
(0.0001620084041 2.95352692e-11 -0.07584546497)
(0.0001290334552 2.953515731e-11 -0.07584476796)
(9.605850636e-05 2.953504542e-11 -0.07584407096)
(6.435090002e-05 2.9534937e-11 -0.07584340074)
(3.512875043e-05 2.953483725e-11 -0.07584278306)
(9.515264826e-06 2.953475008e-11 -0.07584224166)
(-1.150499156e-05 2.953467852e-11 -0.07584179734)
(-2.712450621e-05 2.953462583e-11 -0.07584146719)
(-3.674282111e-05 2.953459309e-11 -0.07584126388)
(-5.092768492e-05 3.166753635e-11 -0.07772384157)
(-4.76426173e-05 3.166754923e-11 -0.07772391181)
(-3.791392767e-05 3.166758717e-11 -0.07772411981)
(-2.211517171e-05 3.166764941e-11 -0.07772445759)
(-8.536979874e-07 3.166773224e-11 -0.07772491217)
(2.50537144e-05 3.166783372e-11 -0.07772546607)
(5.461120186e-05 3.166794908e-11 -0.07772609802)
(8.668266785e-05 3.166807441e-11 -0.07772678371)
(0.0001200360197 3.166820452e-11 -0.07772749681)
(0.0001533893715 3.166833462e-11 -0.07772820992)
(0.0001854608375 3.166846082e-11 -0.07772889561)
(0.0002150183249 3.166857618e-11 -0.07772952756)
(0.0002409257373 3.166867766e-11 -0.07773008146)
(0.0002621872109 3.16687605e-11 -0.07773053604)
(0.0002779859668 3.16688223e-11 -0.07773087382)
(0.0002877146564 3.166886024e-11 -0.07773108182)
(0.0002909997239 3.166887308e-11 -0.07773115206)
(0.0002877146563 3.166886024e-11 -0.07773108182)
(0.0002779859667 3.16688223e-11 -0.07773087382)
(0.0002621872107 3.16687605e-11 -0.07773053604)
(0.000240925737 3.166867766e-11 -0.07773008146)
(0.0002150183246 3.166857618e-11 -0.07772952756)
(0.0001854608371 3.166846082e-11 -0.07772889561)
(0.0001533893711 3.166833462e-11 -0.07772820992)
(0.0001200360193 3.166820452e-11 -0.07772749681)
(8.668266747e-05 3.166807441e-11 -0.07772678371)
(5.46112015e-05 3.166794908e-11 -0.07772609802)
(2.505371407e-05 3.166783372e-11 -0.07772546607)
(-8.536982654e-07 3.166773224e-11 -0.07772491217)
(-2.211517193e-05 3.166764941e-11 -0.07772445759)
(-3.791392782e-05 3.166758717e-11 -0.07772411981)
(-4.764261738e-05 3.166754923e-11 -0.07772391181)
(-6.256937337e-05 3.388827078e-11 -0.07962744114)
(-5.925039285e-05 3.38882853e-11 -0.07962751283)
(-4.942127056e-05 3.388832856e-11 -0.07962772515)
(-3.345941853e-05 3.388839816e-11 -0.07962806995)
(-1.197845521e-05 3.388849227e-11 -0.07962853396)
(1.419640843e-05 3.38886072e-11 -0.07962909937)
(4.405902814e-05 3.388873774e-11 -0.07962974443)
(7.646157905e-05 3.388887955e-11 -0.07963044437)
(0.0001101592492 3.3889027e-11 -0.07963117227)
(0.0001438569193 3.388917445e-11 -0.07963190018)
(0.0001762594702 3.388931713e-11 -0.07963260011)
(0.0002061220898 3.388944767e-11 -0.07963324518)
(0.0002322969534 3.38895626e-11 -0.07963381059)
(0.0002537779167 3.388965671e-11 -0.0796342746)
(0.0002697397686 3.388972631e-11 -0.0796346194)
(0.0002795688909 3.388976935e-11 -0.07963483172)
(0.0002828878713 3.388978391e-11 -0.07963490341)
(0.0002795688908 3.388976935e-11 -0.07963483172)
(0.0002697397685 3.388972631e-11 -0.0796346194)
(0.0002537779165 3.388965671e-11 -0.0796342746)
(0.0002322969531 3.38895626e-11 -0.07963381059)
(0.0002061220895 3.388944767e-11 -0.07963324518)
(0.0001762594698 3.388931713e-11 -0.07963260011)
(0.0001438569189 3.388917445e-11 -0.07963190018)
(0.0001101592488 3.3889027e-11 -0.07963117227)
(7.646157865e-05 3.388887955e-11 -0.07963044437)
(4.405902776e-05 3.388873774e-11 -0.07962974443)
(1.419640809e-05 3.38886072e-11 -0.07962909937)
(-1.197845549e-05 3.388849227e-11 -0.07962853396)
(-3.345941876e-05 3.388839816e-11 -0.07962806995)
(-4.942127071e-05 3.388832856e-11 -0.07962772515)
(-5.925039293e-05 3.38882853e-11 -0.07962751283)
(-7.471345852e-05 3.618995866e-11 -0.08154865393)
(-7.136582936e-05 3.618997463e-11 -0.08154872687)
(-6.145186444e-05 3.619002212e-11 -0.08154894288)
(-4.535223355e-05 3.619009953e-11 -0.08154929365)
(-2.368585171e-05 3.619020318e-11 -0.08154976571)
(2.714947052e-06 3.619032938e-11 -0.08155034093)
(3.283533372e-05 3.619047336e-11 -0.08155099718)
(6.551757566e-05 3.619062949e-11 -0.08155170926)
(9.950611597e-05 3.619079255e-11 -0.08155244979)
(0.0001334946563 3.619095561e-11 -0.08155319033)
(0.0001661768982 3.619111174e-11 -0.0815539024)
(0.0001962972848 3.619125572e-11 -0.08155455866)
(0.0002226980835 3.619138192e-11 -0.08155513387)
(0.0002443644653 3.619148557e-11 -0.08155560593)
(0.0002604640961 3.619156255e-11 -0.08155595671)
(0.000270378061 3.619161004e-11 -0.08155617271)
(0.00027372569 3.619162601e-11 -0.08155624565)
(0.0002703780609 3.619161004e-11 -0.08155617271)
(0.000260464096 3.619156255e-11 -0.08155595671)
(0.0002443644651 3.619148557e-11 -0.08155560593)
(0.0002226980832 3.619138192e-11 -0.08155513387)
(0.0001962972845 3.619125572e-11 -0.08155455866)
(0.0001661768978 3.619111174e-11 -0.0815539024)
(0.0001334946558 3.619095561e-11 -0.08155319033)
(9.950611554e-05 3.619079255e-11 -0.08155244979)
(6.551757525e-05 3.619062949e-11 -0.08155170926)
(3.283533333e-05 3.619047336e-11 -0.08155099718)
(2.714946701e-06 3.619032938e-11 -0.08155034093)
(-2.368585201e-05 3.619020318e-11 -0.08154976571)
(-4.535223378e-05 3.619009953e-11 -0.08154929365)
(-6.145186461e-05 3.619002212e-11 -0.08154894288)
(-7.136582944e-05 3.618997463e-11 -0.08154872687)
(-8.713586348e-05 3.856656236e-11 -0.08348485579)
(-8.376644789e-05 3.856657951e-11 -0.08348492968)
(-7.378796272e-05 3.856663036e-11 -0.08348514851)
(-5.758355514e-05 3.856671319e-11 -0.08348550386)
(-3.577616812e-05 3.856682421e-11 -0.08348598209)
(-9.203552498e-06 3.856695996e-11 -0.08348656482)
(2.111285817e-05 3.856711435e-11 -0.08348722965)
(5.400779671e-05 3.856728218e-11 -0.08348795103)
(8.821753502e-05 3.856745652e-11 -0.08348870124)
(0.0001224272733 3.856763086e-11 -0.08348945145)
(0.0001553222118 3.856779869e-11 -0.08349017282)
(0.0001856386225 3.856795308e-11 -0.08349083765)
(0.000212211238 3.856808883e-11 -0.08349142038)
(0.000234018625 3.856819985e-11 -0.08349189861)
(0.0002502230325 3.856828225e-11 -0.08349225397)
(0.0002602015176 3.856833331e-11 -0.0834924728)
(0.0002635709331 3.856835046e-11 -0.08349254669)
(0.0002602015175 3.856833331e-11 -0.0834924728)
(0.0002502230323 3.856828225e-11 -0.08349225397)
(0.0002340186248 3.856819985e-11 -0.08349189861)
(0.0002122112377 3.856808883e-11 -0.08349142038)
(0.0001856386221 3.856795308e-11 -0.08349083765)
(0.0001553222114 3.856779869e-11 -0.08349017282)
(0.0001224272729 3.856763086e-11 -0.08348945145)
(8.821753459e-05 3.856745652e-11 -0.08348870124)
(5.400779628e-05 3.856728218e-11 -0.08348795103)
(2.111285777e-05 3.856711435e-11 -0.08348722965)
(-9.203552859e-06 3.856695996e-11 -0.08348656482)
(-3.577616842e-05 3.856682421e-11 -0.08348598209)
(-5.758355539e-05 3.856671319e-11 -0.08348550386)
(-7.378796288e-05 3.856663036e-11 -0.08348514851)
(-8.376644797e-05 3.856657951e-11 -0.08348492968)
(-9.960123382e-05 4.100932397e-11 -0.08543094703)
(-9.621783528e-05 4.100934197e-11 -0.08543102154)
(-8.619793976e-05 4.10093951e-11 -0.08543124218)
(-6.992628448e-05 4.10094814e-11 -0.0854316005)
(-4.802839758e-05 4.100959763e-11 -0.08543208271)
(-2.134550657e-05 4.100973901e-11 -0.08543267029)
(9.096716103e-06 4.100990034e-11 -0.08543334065)
(4.212816745e-05 4.101007554e-11 -0.08543406803)
(7.647987494e-05 4.101025769e-11 -0.08543482448)
(0.0001108315824 4.101043984e-11 -0.08543558093)
(0.0001438630337 4.101061504e-11 -0.08543630831)
(0.0001743052564 4.101077637e-11 -0.08543697867)
(0.0002009881473 4.101091775e-11 -0.08543756625)
(0.0002228860342 4.101103398e-11 -0.08543804846)
(0.0002391576894 4.101112028e-11 -0.08543840678)
(0.0002491775848 4.101117362e-11 -0.08543862742)
(0.0002525609833 4.101119145e-11 -0.08543870193)
(0.0002491775847 4.101117362e-11 -0.08543862742)
(0.0002391576892 4.101112028e-11 -0.08543840678)
(0.0002228860339 4.101103398e-11 -0.08543804846)
(0.000200988147 4.101091775e-11 -0.08543756625)
(0.000174305256 4.101077637e-11 -0.08543697867)
(0.0001438630333 4.101061504e-11 -0.08543630831)
(0.000110831582 4.101043984e-11 -0.08543558093)
(7.647987449e-05 4.101025769e-11 -0.08543482448)
(4.212816701e-05 4.101007554e-11 -0.08543406803)
(9.09671569e-06 4.100990034e-11 -0.08543334065)
(-2.134550694e-05 4.100973901e-11 -0.08543267029)
(-4.80283979e-05 4.100959763e-11 -0.08543208271)
(-6.992628473e-05 4.10094814e-11 -0.0854316005)
(-8.619793993e-05 4.10093951e-11 -0.08543124218)
(-9.621783537e-05 4.100934197e-11 -0.08543102154)
(-0.0001119265678 4.351197838e-11 -0.08738334172)
(-0.0001085368678 4.351199674e-11 -0.0873834165)
(-9.84983107e-05 4.351205095e-11 -0.08738363797)
(-8.219635021e-05 4.351213877e-11 -0.08738399762)
(-6.02576795e-05 4.351225717e-11 -0.08738448163)
(-3.352509282e-05 4.351240158e-11 -0.0873850714)
(-3.026172893e-06 4.351256595e-11 -0.08738574426)
(3.006679802e-05 4.351274462e-11 -0.08738647435)
(6.4482484e-05 4.351293024e-11 -0.08738723363)
(9.889816997e-05 4.351311585e-11 -0.0873879929)
(0.0001319911409 4.351329453e-11 -0.08738872299)
(0.0001624900607 4.35134589e-11 -0.08738939585)
(0.0001892226474 4.351360331e-11 -0.08738998562)
(0.000211161318 4.351372171e-11 -0.08739046963)
(0.0002274632784 4.351380996e-11 -0.08739082928)
(0.0002375018355 4.351386395e-11 -0.08739105075)
(0.0002408915353 4.351388228e-11 -0.08739112554)
(0.0002375018354 4.351386395e-11 -0.08739105075)
(0.0002274632782 4.351380996e-11 -0.08739082928)
(0.0002111613177 4.351372171e-11 -0.08739046963)
(0.000189222647 4.351360331e-11 -0.08738998562)
(0.0001624900604 4.35134589e-11 -0.08738939585)
(0.0001319911404 4.351329453e-11 -0.08738872299)
(9.889816952e-05 4.351311585e-11 -0.0873879929)
(6.448248354e-05 4.351293024e-11 -0.08738723363)
(3.006679758e-05 4.351274462e-11 -0.08738647435)
(-3.026173315e-06 4.351256595e-11 -0.08738574426)
(-3.35250932e-05 4.351240158e-11 -0.0873850714)
(-6.025767982e-05 4.351225717e-11 -0.08738448163)
(-8.219635046e-05 4.351213877e-11 -0.08738399762)
(-9.849831088e-05 4.351205095e-11 -0.08738363797)
(-0.0001085368679 4.351199674e-11 -0.0873834165)
(-0.0001239992926 4.606739716e-11 -0.08933711615)
(-0.0001206096188 4.60674154e-11 -0.08933719093)
(-0.0001105711392 4.606746972e-11 -0.08933741239)
(-9.42693047e-05 4.606755732e-11 -0.08933777204)
(-7.233080352e-05 4.606767572e-11 -0.08933825604)
(-4.559842341e-05 4.606782013e-11 -0.0893388458)
(-1.509973916e-05 4.60679845e-11 -0.08933951865)
(1.799297604e-05 4.606816317e-11 -0.08934024873)
(5.240839608e-05 4.606834879e-11 -0.089341008)
(8.682381611e-05 4.60685344e-11 -0.08934176726)
(0.0001199165313 4.606871308e-11 -0.08934249734)
(0.0001504152155 4.606887745e-11 -0.08934317019)
(0.0001771475955 4.606902186e-11 -0.08934375995)
(0.0001990860967 4.606914026e-11 -0.08934424395)
(0.0002153879311 4.606922873e-11 -0.0893446036)
(0.0002254264106 4.606928261e-11 -0.08934482506)
(0.0002288160842 4.606930098e-11 -0.08934489984)
(0.0002254264105 4.606928261e-11 -0.08934482506)
(0.0002153879309 4.606922873e-11 -0.0893446036)
(0.0001990860964 4.606914026e-11 -0.08934424395)
(0.0001771475952 4.606902186e-11 -0.08934375995)
(0.0001504152151 4.606887745e-11 -0.08934317019)
(0.0001199165308 4.606871308e-11 -0.08934249734)
(8.682381565e-05 4.60685344e-11 -0.08934176726)
(5.240839561e-05 4.606834879e-11 -0.08934100799)
(1.799297558e-05 4.606816317e-11 -0.08934024873)
(-1.509973959e-05 4.60679845e-11 -0.08933951865)
(-4.55984238e-05 4.606782013e-11 -0.0893388458)
(-7.233080385e-05 4.606767572e-11 -0.08933825604)
(-9.426930496e-05 4.606755732e-11 -0.08933777204)
(-0.0001105711394 4.606746972e-11 -0.08933741239)
(-0.0001206096189 4.60674154e-11 -0.08933719093)
(-0.0001358230675 4.867291368e-11 -0.09129020686)
(-0.0001324372894 4.867293179e-11 -0.09129028147)
(-0.0001224103469 4.867298535e-11 -0.09129050242)
(-0.0001061272477 4.867307208e-11 -0.09129086124)
(-8.421396008e-05 4.867318918e-11 -0.09129134413)
(-5.751230301e-05 4.867333186e-11 -0.09129193254)
(-2.704867034e-05 4.867349449e-11 -0.09129260384)
(6.006011996e-06 4.867367013e-11 -0.09129333225)
(4.038187901e-05 4.867385401e-11 -0.09129408976)
(7.475774602e-05 4.867403789e-11 -0.09129484728)
(0.0001078124283 4.86742144e-11 -0.09129557568)
(0.000138276061 4.867437703e-11 -0.09129624699)
(0.000164977718 4.867451971e-11 -0.09129683539)
(0.0001868910056 4.86746368e-11 -0.09129731828)
(0.0002031741046 4.867472354e-11 -0.0912976771)
(0.000213201047 4.86747771e-11 -0.09129789806)
(0.000216586825 4.867479504e-11 -0.09129797267)
(0.0002132010469 4.86747771e-11 -0.09129789806)
(0.0002031741044 4.867472354e-11 -0.0912976771)
(0.0001868910053 4.86746368e-11 -0.09129731828)
(0.0001649777176 4.867451971e-11 -0.09129683539)
(0.0001382760606 4.867437703e-11 -0.09129624699)
(0.0001078124279 4.86742144e-11 -0.09129557568)
(7.475774556e-05 4.867403789e-11 -0.09129484728)
(4.038187854e-05 4.867385401e-11 -0.09129408976)
(6.00601153e-06 4.867367013e-11 -0.09129333225)
(-2.704867078e-05 4.867349449e-11 -0.09129260384)
(-5.75123034e-05 4.867333186e-11 -0.09129193254)
(-8.421396041e-05 4.867318918e-11 -0.09129134413)
(-0.000106127248 4.867307208e-11 -0.09129086124)
(-0.000122410347 4.867298535e-11 -0.09129050242)
(-0.0001324372895 4.867293179e-11 -0.09129028147)
(-0.0001474868978 5.132572437e-11 -0.09324035234)
(-0.0001441059079 5.132574216e-11 -0.09324042674)
(-0.0001340931458 5.132579474e-11 -0.09324064707)
(-0.0001178330746 5.132588061e-11 -0.09324100487)
(-9.595077731e-05 5.132599597e-11 -0.09324148639)
(-6.92868824e-05 5.132613648e-11 -0.09324207314)
(-3.886633217e-05 5.132629695e-11 -0.09324274254)
(-5.858396603e-06 5.132646998e-11 -0.09324346889)
(2.846885519e-05 5.132665126e-11 -0.09324422426)
(6.279610698e-05 5.132683254e-11 -0.09324497964)
(9.580404252e-05 5.132700645e-11 -0.09324570598)
(0.0001262245927 5.132716691e-11 -0.09324637539)
(0.0001528884875 5.132730742e-11 -0.09324696213)
(0.0001747707848 5.132742278e-11 -0.09324744365)
(0.0001910308559 5.132750822e-11 -0.09324780145)
(0.0002010436179 5.132756123e-11 -0.09324802179)
(0.0002044246077 5.132757898e-11 -0.09324809618)
(0.0002010436178 5.132756123e-11 -0.09324802179)
(0.0001910308557 5.132750822e-11 -0.09324780145)
(0.0001747707845 5.132742278e-11 -0.09324744365)
(0.0001528884872 5.132730742e-11 -0.09324696213)
(0.0001262245923 5.132716691e-11 -0.09324637539)
(9.580404207e-05 5.132700645e-11 -0.09324570598)
(6.27961065e-05 5.132683254e-11 -0.09324497964)
(2.846885471e-05 5.132665126e-11 -0.09324422426)
(-5.858397077e-06 5.132646998e-11 -0.09324346889)
(-3.886633262e-05 5.132629695e-11 -0.09324274254)
(-6.92868828e-05 5.132613648e-11 -0.09324207314)
(-9.595077765e-05 5.132599597e-11 -0.09324148639)
(-0.0001178330749 5.132588061e-11 -0.09324100487)
(-0.000134093146 5.132579474e-11 -0.09324064707)
(-0.000144105908 5.132574216e-11 -0.09324042674)
(-0.0001591359035 5.402607286e-11 -0.09518863691)
(-0.0001557580883 5.402609057e-11 -0.09518871117)
(-0.0001457547281 5.402614272e-11 -0.09518893109)
(-0.0001295099249 5.40262275e-11 -0.09518928822)
(-0.0001076481748 5.402634199e-11 -0.09518976884)
(-8.100931697e-05 5.402648121e-11 -0.09519035448)
(-5.061733129e-05 5.402663993e-11 -0.09519102263)
(-1.764038978e-05 5.402681254e-11 -0.0951917476)
(1.665462913e-05 5.402699208e-11 -0.09519250156)
(5.094964803e-05 5.402717163e-11 -0.09519325552)
(8.392658951e-05 5.402734336e-11 -0.0951939805)
(0.0001143185752 5.402750209e-11 -0.09519464865)
(0.0001409574329 5.40276413e-11 -0.09519523429)
(0.000162819183 5.402775579e-11 -0.0951957149)
(0.000179063986 5.402784058e-11 -0.09519607204)
(0.0001890673462 5.402789316e-11 -0.09519629195)
(0.0001924451612 5.402791071e-11 -0.09519636621)
(0.0001890673461 5.402789316e-11 -0.09519629195)
(0.0001790639858 5.402784058e-11 -0.09519607204)
(0.0001628191827 5.402775579e-11 -0.0951957149)
(0.0001409574326 5.40276413e-11 -0.09519523429)
(0.0001143185747 5.402750209e-11 -0.09519464865)
(8.392658906e-05 5.402734336e-11 -0.0951939805)
(5.094964755e-05 5.402717163e-11 -0.09519325552)
(1.665462864e-05 5.402699208e-11 -0.09519250156)
(-1.764039026e-05 5.402681254e-11 -0.0951917476)
(-5.061733174e-05 5.402663993e-11 -0.09519102263)
(-8.100931738e-05 5.402648121e-11 -0.09519035448)
(-0.0001076481751 5.402634199e-11 -0.09518976884)
(-0.0001295099252 5.40262275e-11 -0.09518928822)
(-0.0001457547282 5.402614272e-11 -0.09518893109)
(-0.0001557580884 5.402609057e-11 -0.09518871117)
(-0.0001708649817 5.676854127e-11 -0.09713537429)
(-0.0001674878144 5.676855882e-11 -0.09713544852)
(-0.0001574863725 5.676861086e-11 -0.09713566836)
(-0.0001412446847 5.676869521e-11 -0.09713602535)
(-0.000119387127 5.676880884e-11 -0.09713650579)
(-9.275337783e-05 5.676894762e-11 -0.0971370912)
(-6.236722052e-05 5.676910548e-11 -0.0971377591)
(-2.939660312e-05 5.676927678e-11 -0.0971384838)
(4.891838918e-06 5.676945546e-11 -0.09713923746)
(3.918028095e-05 5.676963413e-11 -0.09713999113)
(7.215089832e-05 5.676980544e-11 -0.09714071583)
(0.0001025370556 5.67699633e-11 -0.09714138372)
(0.0001291708047 5.677010207e-11 -0.09714196914)
(0.0001510283623 5.67702157e-11 -0.09714244957)
(0.00016727005 5.677030048e-11 -0.09714280657)
(0.0001772714918 5.677035231e-11 -0.0971430264)
(0.0001806486591 5.677036992e-11 -0.09714310063)
(0.0001772714917 5.677035231e-11 -0.0971430264)
(0.0001672700498 5.677030048e-11 -0.09714280657)
(0.000151028362 5.67702157e-11 -0.09714244957)
(0.0001291708044 5.677010207e-11 -0.09714196914)
(0.0001025370552 5.67699633e-11 -0.09714138372)
(7.215089786e-05 5.676980544e-11 -0.09714071583)
(3.918028046e-05 5.676963413e-11 -0.09713999113)
(4.89183842e-06 5.676945546e-11 -0.09713923746)
(-2.939660361e-05 5.676927678e-11 -0.0971384838)
(-6.236722098e-05 5.676910548e-11 -0.0971377591)
(-9.275337825e-05 5.676894762e-11 -0.0971370912)
(-0.0001193871274 5.676880884e-11 -0.09713650579)
(-0.0001412446849 5.676869521e-11 -0.09713602535)
(-0.0001574863727 5.676861086e-11 -0.09713566836)
(-0.0001674878145 5.676855882e-11 -0.09713544852)
(-0.0001826406699 5.953854214e-11 -0.09908244896)
(-0.0001792632152 5.953855974e-11 -0.09908252321)
(-0.0001692609221 5.953861189e-11 -0.09908274308)
(-0.000153017852 5.953869646e-11 -0.09908310014)
(-0.0001311584342 5.953881051e-11 -0.09908358065)
(-0.0001045224183 5.953894929e-11 -0.09908416617)
(-7.413367491e-05 5.953910802e-11 -0.09908483417)
(-4.11602515e-05 5.953928062e-11 -0.099085559)
(-6.86889131e-06 5.95394593e-11 -0.09908631279)
(2.742246887e-05 5.953963798e-11 -0.09908706659)
(6.039589225e-05 5.953980971e-11 -0.09908779141)
(9.078463556e-05 5.953996844e-11 -0.09908845942)
(0.0001174206514 5.954010722e-11 -0.09908904493)
(0.0001392800691 5.954022128e-11 -0.09908952545)
(0.0001555231391 5.954030628e-11 -0.0990898825)
(0.0001655254321 5.954035843e-11 -0.09909010238)
(0.0001689028868 5.954037599e-11 -0.09909017662)
(0.000165525432 5.954035843e-11 -0.09909010238)
(0.0001555231389 5.954030628e-11 -0.0990898825)
(0.0001392800689 5.954022128e-11 -0.09908952545)
(0.000117420651 5.954010722e-11 -0.09908904493)
(9.078463514e-05 5.953996844e-11 -0.09908845942)
(6.039589178e-05 5.953980971e-11 -0.09908779141)
(2.742246838e-05 5.953963798e-11 -0.09908706659)
(-6.868891811e-06 5.95394593e-11 -0.09908631279)
(-4.116025199e-05 5.953928062e-11 -0.099085559)
(-7.413367537e-05 5.953910802e-11 -0.09908483417)
(-0.0001045224187 5.953894929e-11 -0.09908416617)
(-0.0001311584345 5.953881051e-11 -0.09908358065)
(-0.0001530178523 5.953869646e-11 -0.09908310014)
(-0.0001692609223 5.953861189e-11 -0.09908274308)
(-0.0001792632153 5.953855974e-11 -0.09908252321)
)
;

boundaryField
{
    left
    {
        type            calculated;
    }
    right
    {
        type            calculated;
    }
    beam
    {
        type            empty;
    }
}


// ************************************************************************* //
