/*--------------------------------*- C++ -*----------------------------------*\
| =========                 |                                                 |
| \\      /  F ield         | OpenFOAM: The Open Source CFD Toolbox           |
|  \\    /   O peration     | Version:  2312                                  |
|   \\  /    A nd           | Website:  www.openfoam.com                      |
|    \\/     M anipulation  |                                                 |
\*---------------------------------------------------------------------------*/
FoamFile
{
    version     2.0;
    format      ascii;
    arch        "LSB;label=32;scalar=64";
    class       pointVectorField;
    location    "0.01/beam";
    object      pointW;
}
// * * * * * * * * * * * * * * * * * * * * * * * * * * * * * * * * * * * * * //

dimensions      [0 1 0 0 0 0 0];

internalField   nonuniform List<vector> 
1952
(
(7.745075285e-10 2.275489981e-17 -3.666207962e-12)
(7.596253633e-10 2.233456475e-17 -3.595766046e-12)
(7.155520095e-10 2.103352215e-17 -3.387144731e-12)
(6.439797661e-10 1.908195824e-17 -3.048354538e-12)
(5.476600712e-10 1.604619215e-17 -2.592418901e-12)
(4.302931347e-10 1.25767452e-17 -2.036854192e-12)
(2.963904629e-10 8.67361738e-18 -1.40301464e-12)
(1.510988521e-10 4.33680869e-18 -7.152636773e-13)
(-1.55544091e-17 0 -2.275490284e-17)
(-1.510988826e-10 -4.33680869e-18 7.152191166e-13)
(-2.963904917e-10 -8.67361738e-18 1.402972573e-12)
(-4.302931606e-10 -1.25767452e-17 2.036816028e-12)
(-5.476600932e-10 -1.604619215e-17 2.592386809e-12)
(-6.439797834e-10 -1.908195824e-17 3.04832895e-12)
(-7.155520214e-10 -2.103352215e-17 3.387127384e-12)
(-7.596253694e-10 -2.233456475e-17 3.595757372e-12)
(-7.745075285e-10 -2.275489981e-17 3.666207962e-12)
(-7.596253633e-10 -2.233456475e-17 3.595766046e-12)
(-7.155520095e-10 -2.103352215e-17 3.387144731e-12)
(-6.439797661e-10 -1.908195824e-17 3.048354538e-12)
(-5.476600712e-10 -1.604619215e-17 2.592418901e-12)
(-4.302931347e-10 -1.25767452e-17 2.036854192e-12)
(-2.963904629e-10 -8.67361738e-18 1.40301464e-12)
(-1.510988521e-10 -4.33680869e-18 7.152636773e-13)
(1.555440902e-17 0 2.275490284e-17)
(1.510988826e-10 4.33680869e-18 -7.152191166e-13)
(2.963904917e-10 8.67361738e-18 -1.402972573e-12)
(4.302931606e-10 1.25767452e-17 -2.036816028e-12)
(5.476600932e-10 1.604619215e-17 -2.592386809e-12)
(6.439797834e-10 1.908195824e-17 -3.04832895e-12)
(7.155520214e-10 2.103352215e-17 -3.387127384e-12)
(7.596253694e-10 2.233456475e-17 -3.595757372e-12)
(1.282495498e-07 8.52753367e-16 8.556203693e-09)
(1.282347139e-07 8.522913278e-16 8.556270416e-09)
(1.281907775e-07 8.510987054e-16 8.556468024e-09)
(1.281194276e-07 8.491471415e-16 8.55678893e-09)
(1.280234071e-07 8.461113754e-16 8.557220796e-09)
(1.279064048e-07 8.426419285e-16 8.557747033e-09)
(1.277729181e-07 8.387388006e-16 8.558347412e-09)
(1.276280779e-07 8.344019919e-16 8.558998856e-09)
(1.274774485e-07 8.300651833e-16 8.55967634e-09)
(1.27326819e-07 8.257283746e-16 8.560353824e-09)
(1.271819788e-07 8.213915659e-16 8.561005271e-09)
(1.270484921e-07 8.174884381e-16 8.561605654e-09)
(1.269314898e-07 8.140189911e-16 8.562131897e-09)
(1.268354694e-07 8.10983225e-16 8.56256377e-09)
(1.267641195e-07 8.090316611e-16 8.562884683e-09)
(1.267201831e-07 8.076221983e-16 8.563082301e-09)
(1.267053472e-07 8.072434051e-16 8.563149032e-09)
(1.267201831e-07 8.076221983e-16 8.563082309e-09)
(1.267641195e-07 8.090316611e-16 8.562884701e-09)
(1.268354694e-07 8.10983225e-16 8.562563796e-09)
(1.269314898e-07 8.140189911e-16 8.562131929e-09)
(1.270484922e-07 8.174884381e-16 8.561605693e-09)
(1.271819788e-07 8.213915659e-16 8.561005313e-09)
(1.273268191e-07 8.257283746e-16 8.560353869e-09)
(1.274774485e-07 8.300651833e-16 8.559676385e-09)
(1.276280779e-07 8.344019919e-16 8.558998901e-09)
(1.277729182e-07 8.387388006e-16 8.558347454e-09)
(1.279064048e-07 8.426419285e-16 8.557747071e-09)
(1.280234071e-07 8.461113754e-16 8.557220828e-09)
(1.281194276e-07 8.491471415e-16 8.556788955e-09)
(1.281907775e-07 8.510987054e-16 8.556468042e-09)
(1.282347139e-07 8.522913278e-16 8.556270425e-09)
(2.555102036e-07 6.907398259e-16 1.70638721e-08)
(2.554955029e-07 6.903115232e-16 1.706393378e-08)
(2.554519669e-07 6.891189008e-16 1.706411645e-08)
(2.553812673e-07 6.869504965e-16 1.706441311e-08)
(2.55286122e-07 6.839147304e-16 1.706481234e-08)
(2.551701861e-07 6.804452835e-16 1.706529881e-08)
(2.550379161e-07 6.765421556e-16 1.706585381e-08)
(2.54894396e-07 6.722053469e-16 1.706645603e-08)
(2.547451395e-07 6.678685383e-16 1.706708231e-08)
(2.545958829e-07 6.635317296e-16 1.70677086e-08)
(2.544523628e-07 6.591949209e-16 1.706831082e-08)
(2.543200928e-07 6.552917931e-16 1.706886583e-08)
(2.542041569e-07 6.518223461e-16 1.706935231e-08)
(2.541090116e-07 6.4878658e-16 1.706975154e-08)
(2.54038312e-07 6.470518565e-16 1.70700482e-08)
(2.539947761e-07 6.456423937e-16 1.707023089e-08)
(2.539800754e-07 6.452297005e-16 1.707029258e-08)
(2.539947761e-07 6.456423937e-16 1.70702309e-08)
(2.540383121e-07 6.470518565e-16 1.707004822e-08)
(2.541090116e-07 6.4878658e-16 1.706975157e-08)
(2.542041569e-07 6.518223461e-16 1.706935234e-08)
(2.543200928e-07 6.552917931e-16 1.706886587e-08)
(2.544523628e-07 6.591949209e-16 1.706831086e-08)
(2.545958829e-07 6.635317296e-16 1.706770865e-08)
(2.547451395e-07 6.678685383e-16 1.706708236e-08)
(2.54894396e-07 6.722053469e-16 1.706645607e-08)
(2.550379161e-07 6.765421556e-16 1.706585386e-08)
(2.551701861e-07 6.804452835e-16 1.706529884e-08)
(2.55286122e-07 6.839147304e-16 1.706481237e-08)
(2.553812673e-07 6.869504965e-16 1.706441313e-08)
(2.554519669e-07 6.891189008e-16 1.706411647e-08)
(2.554955029e-07 6.903115232e-16 1.706393379e-08)
(3.82344319e-07 5.425789758e-16 2.546818554e-08)
(3.823298417e-07 5.421010862e-16 2.546824319e-08)
(3.822869673e-07 5.410168841e-16 2.546841394e-08)
(3.822173421e-07 5.390653202e-16 2.546869122e-08)
(3.821236428e-07 5.360295541e-16 2.546906438e-08)
(3.820094687e-07 5.325601071e-16 2.546951909e-08)
(3.818792088e-07 5.286569793e-16 2.547003785e-08)
(3.817378697e-07 5.238864897e-16 2.547060075e-08)
(3.815908814e-07 5.195496811e-16 2.547118614e-08)
(3.814438931e-07 5.152128724e-16 2.547177153e-08)
(3.81302554e-07 5.113097445e-16 2.547233442e-08)
(3.811722941e-07 5.074066167e-16 2.54728532e-08)
(3.8105812e-07 5.039371698e-16 2.547330791e-08)
(3.809644206e-07 5.009014037e-16 2.547368107e-08)
(3.808947955e-07 4.989498398e-16 2.547395837e-08)
(3.808519211e-07 4.974319567e-16 2.547412912e-08)
(3.808374438e-07 4.970688467e-16 2.547418678e-08)
(3.808519211e-07 4.974319567e-16 2.547412913e-08)
(3.808947955e-07 4.989498398e-16 2.547395838e-08)
(3.809644206e-07 5.009014037e-16 2.54736811e-08)
(3.8105812e-07 5.039371698e-16 2.547330794e-08)
(3.811722941e-07 5.074066167e-16 2.547285323e-08)
(3.81302554e-07 5.113097445e-16 2.547233447e-08)
(3.814438931e-07 5.152128724e-16 2.547177157e-08)
(3.815908814e-07 5.195496811e-16 2.547118618e-08)
(3.817378697e-07 5.238864897e-16 2.547060079e-08)
(3.818792088e-07 5.286569793e-16 2.54700379e-08)
(3.820094687e-07 5.325601071e-16 2.546951912e-08)
(3.821236428e-07 5.360295541e-16 2.546906441e-08)
(3.822173422e-07 5.390653202e-16 2.546869125e-08)
(3.822869673e-07 5.410168841e-16 2.546841396e-08)
(3.823298417e-07 5.421010862e-16 2.54682432e-08)
(5.085399468e-07 4.117039934e-16 3.372136246e-08)
(5.085257708e-07 4.11237884e-16 3.372141575e-08)
(5.084837889e-07 4.100452616e-16 3.372157357e-08)
(5.08415613e-07 4.080936977e-16 3.372182987e-08)
(5.08323864e-07 4.050579316e-16 3.372217478e-08)
(5.082120665e-07 4.015884847e-16 3.372259507e-08)
(5.08084518e-07 3.976853569e-16 3.372307457e-08)
(5.07946121e-07 3.929148673e-16 3.372359485e-08)
(5.078021923e-07 3.885780586e-16 3.372413593e-08)
(5.076582636e-07 3.842412499e-16 3.372467702e-08)
(5.075198665e-07 3.803381221e-16 3.37251973e-08)
(5.07392318e-07 3.764349943e-16 3.372567681e-08)
(5.072805206e-07 3.729655473e-16 3.37260971e-08)
(5.071887716e-07 3.699297813e-16 3.372644202e-08)
(5.071205957e-07 3.679782173e-16 3.372669832e-08)
(5.070786137e-07 3.665687545e-16 3.372685615e-08)
(5.070644378e-07 3.661938611e-16 3.372690945e-08)
(5.070786138e-07 3.665687545e-16 3.372685616e-08)
(5.071205957e-07 3.679782173e-16 3.372669834e-08)
(5.071887716e-07 3.699297813e-16 3.372644205e-08)
(5.072805206e-07 3.729655473e-16 3.372609713e-08)
(5.07392318e-07 3.764349943e-16 3.372567684e-08)
(5.075198666e-07 3.803381221e-16 3.372519734e-08)
(5.076582636e-07 3.842412499e-16 3.372467706e-08)
(5.078021923e-07 3.885780586e-16 3.372413598e-08)
(5.07946121e-07 3.929148673e-16 3.37235949e-08)
(5.08084518e-07 3.976853569e-16 3.372307461e-08)
(5.082120666e-07 4.015884847e-16 3.372259511e-08)
(5.08323864e-07 4.050579316e-16 3.372217481e-08)
(5.08415613e-07 4.080936977e-16 3.372182989e-08)
(5.084837889e-07 4.100452616e-16 3.372157359e-08)
(5.085257709e-07 4.11237884e-16 3.372141576e-08)
(6.338856142e-07 2.996593097e-16 4.178315897e-08)
(6.338718012e-07 2.992397996e-16 4.178320833e-08)
(6.338308943e-07 2.97938757e-16 4.178335454e-08)
(6.33764464e-07 2.962040335e-16 4.178359198e-08)
(6.336750643e-07 2.931682674e-16 4.178391151e-08)
(6.335661295e-07 2.896988205e-16 4.178430087e-08)
(6.334418469e-07 2.857956927e-16 4.178474509e-08)
(6.333069936e-07 2.810252031e-16 4.178522708e-08)
(6.331667503e-07 2.766883944e-16 4.178572835e-08)
(6.330265069e-07 2.723515857e-16 4.178622962e-08)
(6.328916536e-07 2.684484579e-16 4.178671162e-08)
(6.327673711e-07 2.645453301e-16 4.178715584e-08)
(6.326584362e-07 2.610758831e-16 4.17875452e-08)
(6.325690365e-07 2.580401171e-16 4.178786474e-08)
(6.325026063e-07 2.558717127e-16 4.178810219e-08)
(6.324616993e-07 2.545706701e-16 4.17882484e-08)
(6.324478864e-07 2.541492541e-16 4.178829778e-08)
(6.324616993e-07 2.545706701e-16 4.178824841e-08)
(6.325026063e-07 2.558717127e-16 4.17881022e-08)
(6.325690365e-07 2.580401171e-16 4.178786477e-08)
(6.326584362e-07 2.610758831e-16 4.178754523e-08)
(6.327673711e-07 2.645453301e-16 4.178715588e-08)
(6.328916536e-07 2.684484579e-16 4.178671166e-08)
(6.330265069e-07 2.723515857e-16 4.178622966e-08)
(6.331667503e-07 2.766883944e-16 4.17857284e-08)
(6.333069936e-07 2.810252031e-16 4.178522713e-08)
(6.334418469e-07 2.857956927e-16 4.178474513e-08)
(6.335661295e-07 2.896988205e-16 4.178430091e-08)
(6.336750643e-07 2.931682674e-16 4.178391154e-08)
(6.33764464e-07 2.962040335e-16 4.1783592e-08)
(6.338308943e-07 2.97938757e-16 4.178335456e-08)
(6.338718012e-07 2.992397996e-16 4.178320834e-08)
(7.581692344e-07 2.065796223e-16 4.961994772e-08)
(7.581558396e-07 2.062152532e-16 4.961999316e-08)
(7.581161711e-07 2.049142106e-16 4.962012773e-08)
(7.58051752e-07 2.029626467e-16 4.962034628e-08)
(7.579650589e-07 1.999268806e-16 4.962064039e-08)
(7.57859422e-07 1.964574337e-16 4.962099877e-08)
(7.57738902e-07 1.925543058e-16 4.962140765e-08)
(7.576081313e-07 1.882174971e-16 4.96218513e-08)
(7.574721338e-07 1.838806885e-16 4.962231269e-08)
(7.573361363e-07 1.795438798e-16 4.962277408e-08)
(7.572053656e-07 1.752070711e-16 4.962321773e-08)
(7.570848457e-07 1.713039433e-16 4.962362661e-08)
(7.569792088e-07 1.678344963e-16 4.9623985e-08)
(7.568925157e-07 1.647987302e-16 4.962427912e-08)
(7.568280966e-07 1.628471663e-16 4.962449767e-08)
(7.567884281e-07 1.615461237e-16 4.962463226e-08)
(7.567750333e-07 1.610695636e-16 4.96246777e-08)
(7.567884281e-07 1.615461237e-16 4.962463227e-08)
(7.568280966e-07 1.628471663e-16 4.962449769e-08)
(7.568925157e-07 1.647987302e-16 4.962427914e-08)
(7.569792088e-07 1.678344963e-16 4.962398503e-08)
(7.570848457e-07 1.713039433e-16 4.962362665e-08)
(7.572053657e-07 1.752070711e-16 4.962321777e-08)
(7.573361364e-07 1.795438798e-16 4.962277412e-08)
(7.574721338e-07 1.838806885e-16 4.962231273e-08)
(7.576081314e-07 1.882174971e-16 4.962185135e-08)
(7.577389021e-07 1.925543058e-16 4.962140769e-08)
(7.57859422e-07 1.964574337e-16 4.962099881e-08)
(7.579650589e-07 1.999268806e-16 4.962064042e-08)
(7.58051752e-07 2.029626467e-16 4.96203463e-08)
(7.581161711e-07 2.049142106e-16 4.962012775e-08)
(7.581558396e-07 2.062152532e-16 4.961999316e-08)
(8.811784845e-07 1.315987058e-16 5.720020328e-08)
(8.811655621e-07 1.310800427e-16 5.720024504e-08)
(8.811272926e-07 1.298874203e-16 5.720036873e-08)
(8.810651454e-07 1.279358564e-16 5.72005696e-08)
(8.809815096e-07 1.249000903e-16 5.720083993e-08)
(8.808795982e-07 1.214306433e-16 5.720116932e-08)
(8.807633286e-07 1.175275155e-16 5.720154513e-08)
(8.806371698e-07 1.136243877e-16 5.72019529e-08)
(8.805059685e-07 1.09287579e-16 5.720237697e-08)
(8.803747671e-07 1.049507703e-16 5.720280105e-08)
(8.802486083e-07 1.001802807e-16 5.720320882e-08)
(8.801323387e-07 9.627715292e-17 5.720358463e-08)
(8.800304273e-07 9.280770596e-17 5.720391404e-08)
(8.799467915e-07 8.977193988e-17 5.720418437e-08)
(8.798846444e-07 8.782037597e-17 5.720438525e-08)
(8.798463748e-07 8.641091315e-17 5.720450895e-08)
(8.798334524e-07 8.60887242e-17 5.720455072e-08)
(8.798463748e-07 8.641091315e-17 5.720450895e-08)
(8.798846444e-07 8.782037597e-17 5.720438526e-08)
(8.799467915e-07 8.977193988e-17 5.720418439e-08)
(8.800304274e-07 9.280770596e-17 5.720391407e-08)
(8.801323387e-07 9.627715292e-17 5.720358467e-08)
(8.802486083e-07 1.001802807e-16 5.720320886e-08)
(8.803747671e-07 1.049507703e-16 5.720280109e-08)
(8.805059685e-07 1.09287579e-16 5.720237702e-08)
(8.806371698e-07 1.136243877e-16 5.720195295e-08)
(8.807633286e-07 1.175275155e-16 5.720154517e-08)
(8.808795982e-07 1.214306433e-16 5.720116936e-08)
(8.809815096e-07 1.249000903e-16 5.720083996e-08)
(8.810651454e-07 1.279358564e-16 5.720056963e-08)
(8.811272926e-07 1.298874203e-16 5.720036875e-08)
(8.811655621e-07 1.310800427e-16 5.720024505e-08)
(1.002702156e-06 7.318899595e-17 6.449938617e-08)
(1.002689737e-06 7.274996577e-17 6.449942436e-08)
(1.002652958e-06 7.155734338e-17 6.449953747e-08)
(1.002593232e-06 6.938893904e-17 6.449972117e-08)
(1.002512854e-06 6.635317296e-17 6.449996838e-08)
(1.002414913e-06 6.2883726e-17 6.45002696e-08)
(1.002303173e-06 5.898059818e-17 6.450061327e-08)
(1.002181929e-06 5.464378949e-17 6.450098618e-08)
(1.002055838e-06 5.03069808e-17 6.450137398e-08)
(1.001929748e-06 4.597017211e-17 6.450176179e-08)
(1.001808504e-06 4.163336342e-17 6.45021347e-08)
(1.001696764e-06 3.77302356e-17 6.450247837e-08)
(1.001598823e-06 3.426078865e-17 6.450277961e-08)
(1.001518445e-06 3.122502257e-17 6.450302682e-08)
(1.001458719e-06 2.949029909e-17 6.450321052e-08)
(1.00142194e-06 2.808083627e-17 6.450332364e-08)
(1.001409521e-06 2.767901153e-17 6.450336185e-08)
(1.00142194e-06 2.808083627e-17 6.450332365e-08)
(1.001458719e-06 2.949029909e-17 6.450321054e-08)
(1.001518445e-06 3.122502257e-17 6.450302685e-08)
(1.001598823e-06 3.426078865e-17 6.450277964e-08)
(1.001696764e-06 3.77302356e-17 6.450247841e-08)
(1.001808504e-06 4.163336342e-17 6.450213474e-08)
(1.001929748e-06 4.597017211e-17 6.450176184e-08)
(1.002055838e-06 5.03069808e-17 6.450137403e-08)
(1.002181929e-06 5.464378949e-17 6.450098622e-08)
(1.002303173e-06 5.898059818e-17 6.450061332e-08)
(1.002414913e-06 6.2883726e-17 6.450026964e-08)
(1.002512854e-06 6.635317296e-17 6.449996841e-08)
(1.002593232e-06 6.938893904e-17 6.449972119e-08)
(1.002652958e-06 7.155734338e-17 6.449953749e-08)
(1.002689737e-06 7.274996577e-17 6.449942437e-08)
(1.122528132e-06 2.94340534e-17 7.150124717e-08)
(1.122516242e-06 2.905661822e-17 7.150128198e-08)
(1.12248103e-06 2.775557562e-17 7.150138507e-08)
(1.122423847e-06 2.602085214e-17 7.15015525e-08)
(1.122346891e-06 2.298508606e-17 7.150177781e-08)
(1.12225312e-06 1.95156391e-17 7.150205236e-08)
(1.122146138e-06 1.561251128e-17 7.150236559e-08)
(1.122030057e-06 1.127570259e-17 7.150270547e-08)
(1.121909335e-06 6.938893904e-18 7.150305893e-08)
(1.121788614e-06 2.602085214e-18 7.150341239e-08)
(1.121672532e-06 -1.734723476e-18 7.150375227e-08)
(1.12156555e-06 -5.637851297e-18 7.15040655e-08)
(1.121471779e-06 -9.107298249e-18 7.150434006e-08)
(1.121394824e-06 -1.214306433e-17 7.150456538e-08)
(1.121337641e-06 -1.431146868e-17 7.150473281e-08)
(1.121302428e-06 -1.561251128e-17 7.150483591e-08)
(1.121290538e-06 -1.607585368e-17 7.150487073e-08)
(1.121302428e-06 -1.561251128e-17 7.150483592e-08)
(1.121337641e-06 -1.431146868e-17 7.150473283e-08)
(1.121394824e-06 -1.214306433e-17 7.15045654e-08)
(1.121471779e-06 -9.107298249e-18 7.150434009e-08)
(1.12156555e-06 -5.637851297e-18 7.150406554e-08)
(1.121672532e-06 -1.734723476e-18 7.150375231e-08)
(1.121788614e-06 2.602085214e-18 7.150341243e-08)
(1.121909335e-06 6.938893904e-18 7.150305897e-08)
(1.122030057e-06 1.127570259e-17 7.150270551e-08)
(1.122146138e-06 1.561251128e-17 7.150236564e-08)
(1.12225312e-06 1.95156391e-17 7.15020524e-08)
(1.122346891e-06 2.298508606e-17 7.150177784e-08)
(1.122423847e-06 2.602085214e-17 7.150155252e-08)
(1.12248103e-06 2.775557562e-17 7.150138509e-08)
(1.122516242e-06 2.905661822e-17 7.150128199e-08)
(1.240443972e-06 -1.7591412e-18 7.819110091e-08)
(1.240432636e-06 -2.276824562e-18 7.819113248e-08)
(1.240399065e-06 -3.469446952e-18 7.819122597e-08)
(1.240344548e-06 -5.637851297e-18 7.819137779e-08)
(1.240271181e-06 -8.67361738e-18 7.819158212e-08)
(1.240181783e-06 -1.214306433e-17 7.81918311e-08)
(1.240079789e-06 -1.604619215e-17 7.819211515e-08)
(1.23996912e-06 -1.994931997e-17 7.819242337e-08)
(1.239854028e-06 -2.428612866e-17 7.819274391e-08)
(1.239738935e-06 -2.862293735e-17 7.819306445e-08)
(1.239628266e-06 -3.339342691e-17 7.819337267e-08)
(1.239526272e-06 -3.729655473e-17 7.819365673e-08)
(1.239436874e-06 -4.076600169e-17 7.819390571e-08)
(1.239363507e-06 -4.380176777e-17 7.819411004e-08)
(1.23930899e-06 -4.553649124e-17 7.819426188e-08)
(1.239275419e-06 -4.694595407e-17 7.819435538e-08)
(1.239264084e-06 -4.726905084e-17 7.819438695e-08)
(1.239275419e-06 -4.694595407e-17 7.819435539e-08)
(1.23930899e-06 -4.553649124e-17 7.81942619e-08)
(1.239363507e-06 -4.380176777e-17 7.819411007e-08)
(1.239436874e-06 -4.076600169e-17 7.819390574e-08)
(1.239526272e-06 -3.729655473e-17 7.819365676e-08)
(1.239628266e-06 -3.339342691e-17 7.819337271e-08)
(1.239738935e-06 -2.862293735e-17 7.819306449e-08)
(1.239854028e-06 -2.428612866e-17 7.819274395e-08)
(1.23996912e-06 -1.994931997e-17 7.819242342e-08)
(1.240079789e-06 -1.604619215e-17 7.81921152e-08)
(1.240181783e-06 -1.214306433e-17 7.819183114e-08)
(1.240271181e-06 -8.67361738e-18 7.819158215e-08)
(1.240344548e-06 -5.637851297e-18 7.819137782e-08)
(1.240399065e-06 -3.469446952e-18 7.819122598e-08)
(1.240432636e-06 -2.276824562e-18 7.819113248e-08)
(1.35623792e-06 -2.250202022e-17 8.455799238e-08)
(1.356227151e-06 -2.287666584e-17 8.455802087e-08)
(1.356195259e-06 -2.428612866e-17 8.455810526e-08)
(1.356143468e-06 -2.645453301e-17 8.45582423e-08)
(1.35607377e-06 -2.949029909e-17 8.455842673e-08)
(1.355988842e-06 -3.295974604e-17 8.455865146e-08)
(1.355891948e-06 -3.686287386e-17 8.455890785e-08)
(1.355786813e-06 -4.076600169e-17 8.455918605e-08)
(1.355677476e-06 -4.510281038e-17 8.455947536e-08)
(1.355568138e-06 -4.943961907e-17 8.455976469e-08)
(1.355463003e-06 -5.421010862e-17 8.456004289e-08)
(1.355366109e-06 -5.811323645e-17 8.456029928e-08)
(1.355281181e-06 -6.15826834e-17 8.456052402e-08)
(1.355211483e-06 -6.461844948e-17 8.456070845e-08)
(1.355159692e-06 -6.635317296e-17 8.45608455e-08)
(1.3551278e-06 -6.754579535e-17 8.456092989e-08)
(1.355117031e-06 -6.801193226e-17 8.456095839e-08)
(1.3551278e-06 -6.754579535e-17 8.45609299e-08)
(1.355159692e-06 -6.635317296e-17 8.456084551e-08)
(1.355211483e-06 -6.461844948e-17 8.456070847e-08)
(1.355281181e-06 -6.15826834e-17 8.456052405e-08)
(1.355366109e-06 -5.811323645e-17 8.456029932e-08)
(1.355463003e-06 -5.421010862e-17 8.456004293e-08)
(1.355568138e-06 -4.943961907e-17 8.455976473e-08)
(1.355677476e-06 -4.510281038e-17 8.455947541e-08)
(1.355786813e-06 -4.076600169e-17 8.455918609e-08)
(1.355891948e-06 -3.686287386e-17 8.455890789e-08)
(1.355988842e-06 -3.295974604e-17 8.455865149e-08)
(1.35607377e-06 -2.949029909e-17 8.455842676e-08)
(1.356143468e-06 -2.645453301e-17 8.455824233e-08)
(1.356195259e-06 -2.428612866e-17 8.455810528e-08)
(1.356227151e-06 -2.287666584e-17 8.455802088e-08)
(1.469697242e-06 -3.481184783e-17 9.059323894e-08)
(1.469687058e-06 -3.512815039e-17 9.059326451e-08)
(1.469656897e-06 -3.664603343e-17 9.059334024e-08)
(1.469607917e-06 -3.816391647e-17 9.059346323e-08)
(1.469542003e-06 -4.119968255e-17 9.059362874e-08)
(1.469461684e-06 -4.466912951e-17 9.059383042e-08)
(1.46937005e-06 -4.857225733e-17 9.059406051e-08)
(1.469270622e-06 -5.290906602e-17 9.059431018e-08)
(1.46916722e-06 -5.724587471e-17 9.059456983e-08)
(1.469063818e-06 -6.15826834e-17 9.059482948e-08)
(1.46896439e-06 -6.591949209e-17 9.059507915e-08)
(1.468872755e-06 -6.982261991e-17 9.059530925e-08)
(1.468792437e-06 -7.329206686e-17 9.059551094e-08)
(1.468726522e-06 -7.632783294e-17 9.059567646e-08)
(1.468677543e-06 -7.871307772e-17 9.059579945e-08)
(1.468647382e-06 -7.979727989e-17 9.059587519e-08)
(1.468637198e-06 -8.032176215e-17 9.059590077e-08)
(1.468647382e-06 -7.979727989e-17 9.05958752e-08)
(1.468677543e-06 -7.871307772e-17 9.059579947e-08)
(1.468726522e-06 -7.632783294e-17 9.059567648e-08)
(1.468792437e-06 -7.329206686e-17 9.059551097e-08)
(1.468872755e-06 -6.982261991e-17 9.059530929e-08)
(1.46896439e-06 -6.591949209e-17 9.059507919e-08)
(1.469063818e-06 -6.15826834e-17 9.059482952e-08)
(1.46916722e-06 -5.724587471e-17 9.059456988e-08)
(1.469270622e-06 -5.290906602e-17 9.059431023e-08)
(1.46937005e-06 -4.857225733e-17 9.059406056e-08)
(1.469461684e-06 -4.466912951e-17 9.059383046e-08)
(1.469542003e-06 -4.119968255e-17 9.059362877e-08)
(1.469607917e-06 -3.816391647e-17 9.059346325e-08)
(1.469656897e-06 -3.664603343e-17 9.059334026e-08)
(1.469687058e-06 -3.512815039e-17 9.059326452e-08)
(1.580610599e-06 -4.05369532e-17 9.629290836e-08)
(1.580600995e-06 -4.08744219e-17 9.629293117e-08)
(1.580572553e-06 -4.228388473e-17 9.629299872e-08)
(1.580526365e-06 -4.423544864e-17 9.629310843e-08)
(1.580464207e-06 -4.727121472e-17 9.629325607e-08)
(1.580388467e-06 -5.074066167e-17 9.629343597e-08)
(1.580302056e-06 -5.464378949e-17 9.629364122e-08)
(1.580208295e-06 -5.898059818e-17 9.629386393e-08)
(1.580110786e-06 -6.331740687e-17 9.629409554e-08)
(1.580013278e-06 -6.765421556e-17 9.629432715e-08)
(1.579919517e-06 -7.199102425e-17 9.629454986e-08)
(1.579833106e-06 -7.589415207e-17 9.629475511e-08)
(1.579757365e-06 -7.936359903e-17 9.629493502e-08)
(1.579695207e-06 -8.239936511e-17 9.629508266e-08)
(1.57964902e-06 -8.435092902e-17 9.629519238e-08)
(1.579620578e-06 -8.554355141e-17 9.629525994e-08)
(1.579610974e-06 -8.604686965e-17 9.629528275e-08)
(1.579620578e-06 -8.554355141e-17 9.629525995e-08)
(1.57964902e-06 -8.435092902e-17 9.629519239e-08)
(1.579695207e-06 -8.239936511e-17 9.629508269e-08)
(1.579757365e-06 -7.936359903e-17 9.629493505e-08)
(1.579833106e-06 -7.589415207e-17 9.629475515e-08)
(1.579919517e-06 -7.199102425e-17 9.62945499e-08)
(1.580013278e-06 -6.765421556e-17 9.629432719e-08)
(1.580110786e-06 -6.331740687e-17 9.629409558e-08)
(1.580208295e-06 -5.898059818e-17 9.629386397e-08)
(1.580302056e-06 -5.464378949e-17 9.629364126e-08)
(1.580388467e-06 -5.074066167e-17 9.629343601e-08)
(1.580464207e-06 -4.727121472e-17 9.62932561e-08)
(1.580526365e-06 -4.423544864e-17 9.629310845e-08)
(1.580572553e-06 -4.228388473e-17 9.629299874e-08)
(1.580600995e-06 -4.08744219e-17 9.629293118e-08)
(1.6887649e-06 -4.131217574e-17 1.016560585e-07)
(1.688755884e-06 -4.174178364e-17 1.016560787e-07)
(1.688729183e-06 -4.293440603e-17 1.016561386e-07)
(1.688685822e-06 -4.510281038e-17 1.016562357e-07)
(1.688627469e-06 -4.813857646e-17 1.016563665e-07)
(1.688556365e-06 -5.160802341e-17 1.016565259e-07)
(1.688475242e-06 -5.551115123e-17 1.016567077e-07)
(1.68838722e-06 -5.984795992e-17 1.016569049e-07)
(1.68829568e-06 -6.418476861e-17 1.016571101e-07)
(1.68820414e-06 -6.85215773e-17 1.016573153e-07)
(1.688116118e-06 -7.285838599e-17 1.016575125e-07)
(1.688034996e-06 -7.676151381e-17 1.016576943e-07)
(1.687963892e-06 -8.023096076e-17 1.016578537e-07)
(1.687905538e-06 -8.326672685e-17 1.016579845e-07)
(1.687862178e-06 -8.500145032e-17 1.016580817e-07)
(1.687835477e-06 -8.641091315e-17 1.016581415e-07)
(1.687826461e-06 -8.682209419e-17 1.016581617e-07)
(1.687835477e-06 -8.641091315e-17 1.016581415e-07)
(1.687862178e-06 -8.500145032e-17 1.016580817e-07)
(1.687905538e-06 -8.326672685e-17 1.016579845e-07)
(1.687963892e-06 -8.023096076e-17 1.016578537e-07)
(1.688034996e-06 -7.676151381e-17 1.016576944e-07)
(1.688116118e-06 -7.285838599e-17 1.016575126e-07)
(1.68820414e-06 -6.85215773e-17 1.016573153e-07)
(1.68829568e-06 -6.418476861e-17 1.016571101e-07)
(1.68838722e-06 -5.984795992e-17 1.01656905e-07)
(1.688475242e-06 -5.551115123e-17 1.016567077e-07)
(1.688556365e-06 -5.160802341e-17 1.016565259e-07)
(1.688627469e-06 -4.813857646e-17 1.016563665e-07)
(1.688685822e-06 -4.510281038e-17 1.016562358e-07)
(1.688729183e-06 -4.293440603e-17 1.016561386e-07)
(1.688755884e-06 -4.174178364e-17 1.016560787e-07)
(1.793948352e-06 -3.853982641e-17 1.066824428e-07)
(1.793939917e-06 -3.892285799e-17 1.066824606e-07)
(1.793914938e-06 -4.033232082e-17 1.066825132e-07)
(1.793874373e-06 -4.250072516e-17 1.066825986e-07)
(1.793819783e-06 -4.553649124e-17 1.066827135e-07)
(1.793753263e-06 -4.90059382e-17 1.066828536e-07)
(1.793677371e-06 -5.290906602e-17 1.066830134e-07)
(1.793595025e-06 -5.724587471e-17 1.066831868e-07)
(1.793509387e-06 -6.15826834e-17 1.066833671e-07)
(1.79342375e-06 -6.591949209e-17 1.066835474e-07)
(1.793341403e-06 -7.025630078e-17 1.066837208e-07)
(1.793265512e-06 -7.41594286e-17 1.066838806e-07)
(1.793198992e-06 -7.762887555e-17 1.066840207e-07)
(1.793144401e-06 -8.066464163e-17 1.066841356e-07)
(1.793103837e-06 -8.239936511e-17 1.06684221e-07)
(1.793078857e-06 -8.35919875e-17 1.066842736e-07)
(1.793070423e-06 -8.404966673e-17 1.066842914e-07)
(1.793078857e-06 -8.35919875e-17 1.066842736e-07)
(1.793103837e-06 -8.239936511e-17 1.066842211e-07)
(1.793144401e-06 -8.066464163e-17 1.066841356e-07)
(1.793198992e-06 -7.762887555e-17 1.066840207e-07)
(1.793265512e-06 -7.41594286e-17 1.066838806e-07)
(1.793341403e-06 -7.025630078e-17 1.066837209e-07)
(1.79342375e-06 -6.591949209e-17 1.066835475e-07)
(1.793509387e-06 -6.15826834e-17 1.066833671e-07)
(1.793595025e-06 -5.724587471e-17 1.066831868e-07)
(1.793677371e-06 -5.290906602e-17 1.066830134e-07)
(1.793753263e-06 -4.90059382e-17 1.066828536e-07)
(1.793819783e-06 -4.553649124e-17 1.066827136e-07)
(1.793874373e-06 -4.250072516e-17 1.066825986e-07)
(1.793914938e-06 -4.033232082e-17 1.066825132e-07)
(1.793939917e-06 -3.892285799e-17 1.066824606e-07)
(1.895947994e-06 -3.338729521e-17 1.113734558e-07)
(1.895940143e-06 -3.382710778e-17 1.113734713e-07)
(1.89591689e-06 -3.512815039e-17 1.113735171e-07)
(1.895879129e-06 -3.729655473e-17 1.113735915e-07)
(1.895828311e-06 -4.033232082e-17 1.113736916e-07)
(1.89576639e-06 -4.380176777e-17 1.113738136e-07)
(1.895695744e-06 -4.770489559e-17 1.113739528e-07)
(1.895619089e-06 -5.204170428e-17 1.113741038e-07)
(1.895539371e-06 -5.637851297e-17 1.113742609e-07)
(1.895459652e-06 -6.071532166e-17 1.11374418e-07)
(1.895382997e-06 -6.505213035e-17 1.11374569e-07)
(1.895312352e-06 -6.895525817e-17 1.113747082e-07)
(1.89525043e-06 -7.242470512e-17 1.113748302e-07)
(1.895199612e-06 -7.54604712e-17 1.113749304e-07)
(1.895161851e-06 -7.719519468e-17 1.113750048e-07)
(1.895138599e-06 -7.849623729e-17 1.113750506e-07)
(1.895130747e-06 -7.889713727e-17 1.113750661e-07)
(1.895138599e-06 -7.849623729e-17 1.113750506e-07)
(1.895161851e-06 -7.719519468e-17 1.113750048e-07)
(1.895199612e-06 -7.54604712e-17 1.113749304e-07)
(1.89525043e-06 -7.242470512e-17 1.113748303e-07)
(1.895312352e-06 -6.895525817e-17 1.113747083e-07)
(1.895382997e-06 -6.505213035e-17 1.113745691e-07)
(1.895459652e-06 -6.071532166e-17 1.11374418e-07)
(1.895539371e-06 -5.637851297e-17 1.11374261e-07)
(1.895619089e-06 -5.204170428e-17 1.113741039e-07)
(1.895695744e-06 -4.770489559e-17 1.113739528e-07)
(1.89576639e-06 -4.380176777e-17 1.113738136e-07)
(1.895828311e-06 -4.033232082e-17 1.113736916e-07)
(1.895879129e-06 -3.729655473e-17 1.113735915e-07)
(1.89591689e-06 -3.512815039e-17 1.113735171e-07)
(1.895940143e-06 -3.382710778e-17 1.113734713e-07)
(1.994551544e-06 -2.679768969e-17 1.157296843e-07)
(1.994544272e-06 -2.721347453e-17 1.157296976e-07)
(1.994522735e-06 -2.862293735e-17 1.157297371e-07)
(1.99448776e-06 -3.035766083e-17 1.157298012e-07)
(1.994440692e-06 -3.339342691e-17 1.157298876e-07)
(1.994383339e-06 -3.686287386e-17 1.157299928e-07)
(1.994317905e-06 -4.076600169e-17 1.157301128e-07)
(1.994246906e-06 -4.510281038e-17 1.15730243e-07)
(1.994173069e-06 -4.943961907e-17 1.157303785e-07)
(1.994099233e-06 -5.377642776e-17 1.157305139e-07)
(1.994028234e-06 -5.811323645e-17 1.157306441e-07)
(1.9939628e-06 -6.201636427e-17 1.157307642e-07)
(1.993905447e-06 -6.548581122e-17 1.157308694e-07)
(1.993858379e-06 -6.85215773e-17 1.157309557e-07)
(1.993823404e-06 -7.068998165e-17 1.157310199e-07)
(1.993801867e-06 -7.188260404e-17 1.157310594e-07)
(1.993794595e-06 -7.230753335e-17 1.157310727e-07)
(1.993801867e-06 -7.188260404e-17 1.157310594e-07)
(1.993823404e-06 -7.068998165e-17 1.157310199e-07)
(1.993858379e-06 -6.85215773e-17 1.157309557e-07)
(1.993905447e-06 -6.548581122e-17 1.157308694e-07)
(1.9939628e-06 -6.201636427e-17 1.157307642e-07)
(1.994028234e-06 -5.811323645e-17 1.157306442e-07)
(1.994099233e-06 -5.377642776e-17 1.15730514e-07)
(1.994173069e-06 -4.943961907e-17 1.157303785e-07)
(1.994246906e-06 -4.510281038e-17 1.157302431e-07)
(1.994317905e-06 -4.076600169e-17 1.157301128e-07)
(1.994383339e-06 -3.686287386e-17 1.157299928e-07)
(1.994440692e-06 -3.339342691e-17 1.157298876e-07)
(1.99448776e-06 -3.035766083e-17 1.157298013e-07)
(1.994522735e-06 -2.862293735e-17 1.157297371e-07)
(1.994544272e-06 -2.721347453e-17 1.157296976e-07)
(2.08954632e-06 -1.951012065e-17 1.197527224e-07)
(2.089539625e-06 -1.994931997e-17 1.197527337e-07)
(2.089519798e-06 -2.125036258e-17 1.197527674e-07)
(2.0894876e-06 -2.298508606e-17 1.19752822e-07)
(2.08944427e-06 -2.602085214e-17 1.197528956e-07)
(2.089391471e-06 -2.949029909e-17 1.197529852e-07)
(2.089331233e-06 -3.339342691e-17 1.197530875e-07)
(2.089265872e-06 -3.816391647e-17 1.197531985e-07)
(2.089197898e-06 -4.250072516e-17 1.197533139e-07)
(2.089129924e-06 -4.683753385e-17 1.197534293e-07)
(2.089064563e-06 -5.074066167e-17 1.197535402e-07)
(2.089004325e-06 -5.464378949e-17 1.197536425e-07)
(2.088951526e-06 -5.811323645e-17 1.197537322e-07)
(2.088908196e-06 -6.114900253e-17 1.197538057e-07)
(2.088875998e-06 -6.331740687e-17 1.197538604e-07)
(2.088856171e-06 -6.461844948e-17 1.197538941e-07)
(2.088849476e-06 -6.501996577e-17 1.197539054e-07)
(2.088856171e-06 -6.461844948e-17 1.197538941e-07)
(2.088875998e-06 -6.331740687e-17 1.197538604e-07)
(2.088908196e-06 -6.114900253e-17 1.197538058e-07)
(2.088951526e-06 -5.811323645e-17 1.197537322e-07)
(2.089004325e-06 -5.464378949e-17 1.197536426e-07)
(2.089064563e-06 -5.074066167e-17 1.197535403e-07)
(2.089129924e-06 -4.683753385e-17 1.197534293e-07)
(2.089197898e-06 -4.250072516e-17 1.197533139e-07)
(2.089265872e-06 -3.816391647e-17 1.197531985e-07)
(2.089331233e-06 -3.339342691e-17 1.197530876e-07)
(2.089391471e-06 -2.949029909e-17 1.197529853e-07)
(2.08944427e-06 -2.602085214e-17 1.197528956e-07)
(2.0894876e-06 -2.298508606e-17 1.197528221e-07)
(2.089519798e-06 -2.125036258e-17 1.197527674e-07)
(2.089539625e-06 -1.994931997e-17 1.197527337e-07)
(2.180720119e-06 -1.208285257e-17 1.234459014e-07)
(2.180713992e-06 -1.246832498e-17 1.234459109e-07)
(2.180695846e-06 -1.387778781e-17 1.234459392e-07)
(2.180666379e-06 -1.561251128e-17 1.234459851e-07)
(2.180626723e-06 -1.864827737e-17 1.234460469e-07)
(2.180578401e-06 -2.211772432e-17 1.234461222e-07)
(2.180523272e-06 -2.602085214e-17 1.234462082e-07)
(2.180463453e-06 -3.035766083e-17 1.234463014e-07)
(2.180401244e-06 -3.469446952e-17 1.234463984e-07)
(2.180339035e-06 -3.903127821e-17 1.234464954e-07)
(2.180279216e-06 -4.33680869e-17 1.234465886e-07)
(2.180224087e-06 -4.727121472e-17 1.234466745e-07)
(2.180175765e-06 -5.074066167e-17 1.234467499e-07)
(2.180136109e-06 -5.377642776e-17 1.234468117e-07)
(2.180106642e-06 -5.59448321e-17 1.234468576e-07)
(2.180088496e-06 -5.713745449e-17 1.234468859e-07)
(2.180082369e-06 -5.759269903e-17 1.234468955e-07)
(2.180088496e-06 -5.713745449e-17 1.234468859e-07)
(2.180106642e-06 -5.59448321e-17 1.234468576e-07)
(2.180136109e-06 -5.377642776e-17 1.234468117e-07)
(2.180175765e-06 -5.074066167e-17 1.234467499e-07)
(2.180224087e-06 -4.727121472e-17 1.234466746e-07)
(2.180279216e-06 -4.33680869e-17 1.234465886e-07)
(2.180339035e-06 -3.903127821e-17 1.234464954e-07)
(2.180401244e-06 -3.469446952e-17 1.234463984e-07)
(2.180463453e-06 -3.035766083e-17 1.234463015e-07)
(2.180523272e-06 -2.602085214e-17 1.234462082e-07)
(2.180578401e-06 -2.211772432e-17 1.234461223e-07)
(2.180626723e-06 -1.864827737e-17 1.23446047e-07)
(2.180666379e-06 -1.561251128e-17 1.234459851e-07)
(2.180695846e-06 -1.387778781e-17 1.234459392e-07)
(2.180713992e-06 -1.246832498e-17 1.234459109e-07)
(2.267859822e-06 -4.922051523e-18 1.268121766e-07)
(2.267854262e-06 -5.421010862e-18 1.268121845e-07)
(2.267837796e-06 -6.722053469e-18 1.268122079e-07)
(2.267811056e-06 -8.67361738e-18 1.268122458e-07)
(2.267775072e-06 -1.170938346e-17 1.268122969e-07)
(2.267731223e-06 -1.517883041e-17 1.268123591e-07)
(2.267681197e-06 -1.908195824e-17 1.268124302e-07)
(2.267626916e-06 -2.341876693e-17 1.268125072e-07)
(2.267570466e-06 -2.775557562e-17 1.268125874e-07)
(2.267514015e-06 -3.209238431e-17 1.268126675e-07)
(2.267459734e-06 -3.6429193e-17 1.268127446e-07)
(2.267409708e-06 -4.033232082e-17 1.268128156e-07)
(2.26736586e-06 -4.380176777e-17 1.268128778e-07)
(2.267329875e-06 -4.683753385e-17 1.268129289e-07)
(2.267303136e-06 -4.878909776e-17 1.268129669e-07)
(2.26728667e-06 -5.009014037e-17 1.268129903e-07)
(2.26728111e-06 -5.043189919e-17 1.268129982e-07)
(2.26728667e-06 -5.009014037e-17 1.268129903e-07)
(2.267303136e-06 -4.878909776e-17 1.268129669e-07)
(2.267329875e-06 -4.683753385e-17 1.26812929e-07)
(2.26736586e-06 -4.380176777e-17 1.268128779e-07)
(2.267409708e-06 -4.033232082e-17 1.268128156e-07)
(2.267459734e-06 -3.6429193e-17 1.268127446e-07)
(2.267514015e-06 -3.209238431e-17 1.268126676e-07)
(2.267570466e-06 -2.775557562e-17 1.268125874e-07)
(2.267626916e-06 -2.341876693e-17 1.268125073e-07)
(2.267681197e-06 -1.908195824e-17 1.268124302e-07)
(2.267731223e-06 -1.517883041e-17 1.268123592e-07)
(2.267775072e-06 -1.170938346e-17 1.268122969e-07)
(2.267811056e-06 -8.67361738e-18 1.268122458e-07)
(2.267837796e-06 -6.722053469e-18 1.268122079e-07)
(2.267854262e-06 -5.421010862e-18 1.268121845e-07)
(2.35075263e-06 1.692913483e-18 1.298511561e-07)
(2.35074764e-06 1.19262239e-18 1.298511625e-07)
(2.350732859e-06 0 1.298511815e-07)
(2.350708857e-06 -2.168404345e-18 1.298512122e-07)
(2.350676555e-06 -5.204170428e-18 1.298512536e-07)
(2.350637195e-06 -8.67361738e-18 1.29851304e-07)
(2.35059229e-06 -1.25767452e-17 1.298513615e-07)
(2.350543565e-06 -1.647987302e-17 1.298514239e-07)
(2.350492892e-06 -2.081668171e-17 1.298514889e-07)
(2.35044222e-06 -2.51534904e-17 1.298515538e-07)
(2.350393495e-06 -2.992397996e-17 1.298516162e-07)
(2.35034859e-06 -3.382710778e-17 1.298516737e-07)
(2.35030923e-06 -3.729655473e-17 1.298517241e-07)
(2.350276928e-06 -4.033232082e-17 1.298517655e-07)
(2.350252926e-06 -4.206704429e-17 1.298517963e-07)
(2.350238145e-06 -4.347650712e-17 1.298518152e-07)
(2.350233154e-06 -4.381693526e-17 1.298518216e-07)
(2.350238145e-06 -4.347650712e-17 1.298518152e-07)
(2.350252926e-06 -4.206704429e-17 1.298517963e-07)
(2.350276928e-06 -4.033232082e-17 1.298517656e-07)
(2.35030923e-06 -3.729655473e-17 1.298517242e-07)
(2.35034859e-06 -3.382710778e-17 1.298516738e-07)
(2.350393495e-06 -2.992397996e-17 1.298516162e-07)
(2.35044222e-06 -2.51534904e-17 1.298515538e-07)
(2.350492892e-06 -2.081668171e-17 1.298514889e-07)
(2.350543565e-06 -1.647987302e-17 1.29851424e-07)
(2.35059229e-06 -1.25767452e-17 1.298513616e-07)
(2.350637195e-06 -8.67361738e-18 1.29851304e-07)
(2.350676555e-06 -5.204170428e-18 1.298512536e-07)
(2.350708857e-06 -2.168404345e-18 1.298512122e-07)
(2.350732859e-06 0 1.298511815e-07)
(2.35074764e-06 1.19262239e-18 1.298511625e-07)
(2.429186458e-06 7.588745289e-18 1.325651526e-07)
(2.429182026e-06 7.155734338e-18 1.325651577e-07)
(2.429168901e-06 5.854691731e-18 1.325651726e-07)
(2.429147588e-06 3.903127821e-18 1.325651969e-07)
(2.429118906e-06 8.67361738e-19 1.325652296e-07)
(2.429083956e-06 -2.602085214e-18 1.325652695e-07)
(2.429044081e-06 -6.505213035e-18 1.325653149e-07)
(2.429000816e-06 -1.127570259e-17 1.325653642e-07)
(2.428955821e-06 -1.561251128e-17 1.325654155e-07)
(2.428910826e-06 -1.994931997e-17 1.325654668e-07)
(2.42886756e-06 -2.385244779e-17 1.325655161e-07)
(2.428827686e-06 -2.775557562e-17 1.325655616e-07)
(2.428792736e-06 -3.122502257e-17 1.325656014e-07)
(2.428764053e-06 -3.426078865e-17 1.325656341e-07)
(2.42874274e-06 -3.621235256e-17 1.325656584e-07)
(2.428729616e-06 -3.751339517e-17 1.325656734e-07)
(2.428725184e-06 -3.792110441e-17 1.325656785e-07)
(2.428729616e-06 -3.751339517e-17 1.325656734e-07)
(2.42874274e-06 -3.621235256e-17 1.325656584e-07)
(2.428764053e-06 -3.426078865e-17 1.325656342e-07)
(2.428792736e-06 -3.122502257e-17 1.325656015e-07)
(2.428827686e-06 -2.775557562e-17 1.325655616e-07)
(2.42886756e-06 -2.385244779e-17 1.325655162e-07)
(2.428910826e-06 -1.994931997e-17 1.325654669e-07)
(2.428955821e-06 -1.561251128e-17 1.325654156e-07)
(2.429000816e-06 -1.127570259e-17 1.325653643e-07)
(2.429044081e-06 -6.505213035e-18 1.32565315e-07)
(2.429083956e-06 -2.602085214e-18 1.325652695e-07)
(2.429118906e-06 8.67361738e-19 1.325652297e-07)
(2.429147588e-06 3.903127821e-18 1.32565197e-07)
(2.429168901e-06 5.854691731e-18 1.325651727e-07)
(2.429182026e-06 7.155734338e-18 1.325651577e-07)
(2.502940039e-06 1.266793555e-17 1.349570015e-07)
(2.502936166e-06 1.225148455e-17 1.349570053e-07)
(2.502924695e-06 1.105886216e-17 1.349570168e-07)
(2.502906067e-06 9.107298249e-18 1.349570354e-07)
(2.502880998e-06 6.071532166e-18 1.349570604e-07)
(2.502850451e-06 2.602085214e-18 1.349570909e-07)
(2.5028156e-06 -1.301042607e-18 1.349571257e-07)
(2.502777785e-06 -6.071532166e-18 1.349571635e-07)
(2.502738459e-06 -1.040834086e-17 1.349572027e-07)
(2.502699133e-06 -1.474514955e-17 1.34957242e-07)
(2.502661318e-06 -1.864827737e-17 1.349572798e-07)
(2.502626467e-06 -2.255140519e-17 1.349573146e-07)
(2.50259592e-06 -2.602085214e-17 1.349573451e-07)
(2.502570851e-06 -2.905661822e-17 1.349573701e-07)
(2.502552223e-06 -3.100818213e-17 1.349573887e-07)
(2.502540752e-06 -3.241764496e-17 1.349574002e-07)
(2.502536879e-06 -3.284191496e-17 1.349574041e-07)
(2.502540752e-06 -3.241764496e-17 1.349574002e-07)
(2.502552223e-06 -3.100818213e-17 1.349573887e-07)
(2.502570851e-06 -2.905661822e-17 1.349573701e-07)
(2.50259592e-06 -2.602085214e-17 1.349573451e-07)
(2.502626467e-06 -2.255140519e-17 1.349573146e-07)
(2.502661318e-06 -1.864827737e-17 1.349572798e-07)
(2.502699133e-06 -1.474514955e-17 1.349572421e-07)
(2.502738459e-06 -1.040834086e-17 1.349572028e-07)
(2.502777785e-06 -6.071532166e-18 1.349571635e-07)
(2.5028156e-06 -1.301042607e-18 1.349571258e-07)
(2.502850451e-06 2.602085214e-18 1.349570909e-07)
(2.502880998e-06 6.071532166e-18 1.349570604e-07)
(2.502906067e-06 9.107298249e-18 1.349570354e-07)
(2.502924695e-06 1.105886216e-17 1.349570168e-07)
(2.502936166e-06 1.225148455e-17 1.349570053e-07)
(2.571824942e-06 1.688780849e-17 1.370288806e-07)
(2.571821623e-06 1.647987302e-17 1.370288835e-07)
(2.571811794e-06 1.517883041e-17 1.370288919e-07)
(2.571795832e-06 1.301042607e-17 1.370289056e-07)
(2.57177435e-06 9.974659987e-18 1.370289239e-07)
(2.571748175e-06 6.505213035e-18 1.370289464e-07)
(2.571718311e-06 2.602085214e-18 1.370289719e-07)
(2.571685908e-06 -1.734723476e-18 1.370289997e-07)
(2.57165221e-06 -6.071532166e-18 1.370290285e-07)
(2.571618511e-06 -1.040834086e-17 1.370290574e-07)
(2.571586108e-06 -1.474514955e-17 1.370290851e-07)
(2.571556245e-06 -1.864827737e-17 1.370291107e-07)
(2.57153007e-06 -2.211772432e-17 1.370291331e-07)
(2.571508588e-06 -2.51534904e-17 1.370291515e-07)
(2.571492626e-06 -2.688821388e-17 1.370291651e-07)
(2.571482796e-06 -2.818925648e-17 1.370291736e-07)
(2.571479477e-06 -2.862204272e-17 1.370291764e-07)
(2.571482796e-06 -2.818925648e-17 1.370291736e-07)
(2.571492626e-06 -2.688821388e-17 1.370291652e-07)
(2.571508588e-06 -2.51534904e-17 1.370291515e-07)
(2.57153007e-06 -2.211772432e-17 1.370291331e-07)
(2.571556245e-06 -1.864827737e-17 1.370291107e-07)
(2.571586108e-06 -1.474514955e-17 1.370290851e-07)
(2.571618511e-06 -1.040834086e-17 1.370290574e-07)
(2.57165221e-06 -6.071532166e-18 1.370290286e-07)
(2.571685908e-06 -1.734723476e-18 1.370289997e-07)
(2.571718311e-06 2.602085214e-18 1.37028972e-07)
(2.571748175e-06 6.505213035e-18 1.370289464e-07)
(2.57177435e-06 9.974659987e-18 1.37028924e-07)
(2.571795832e-06 1.301042607e-17 1.370289056e-07)
(2.571811794e-06 1.517883041e-17 1.370288919e-07)
(2.571821623e-06 1.647987302e-17 1.370288835e-07)
(2.635597187e-06 2.02390741e-17 1.387816447e-07)
(2.63559442e-06 1.984089976e-17 1.387816467e-07)
(2.635586226e-06 1.843143693e-17 1.387816525e-07)
(2.635572919e-06 1.691355389e-17 1.38781662e-07)
(2.635555011e-06 1.387778781e-17 1.387816747e-07)
(2.635533189e-06 1.040834086e-17 1.387816903e-07)
(2.635508294e-06 6.505213035e-18 1.387817081e-07)
(2.635481281e-06 1.734723476e-18 1.387817273e-07)
(2.635453188e-06 -2.602085214e-18 1.387817474e-07)
(2.635425095e-06 -6.938893904e-18 1.387817674e-07)
(2.635398082e-06 -1.084202172e-17 1.387817867e-07)
(2.635373186e-06 -1.474514955e-17 1.387818044e-07)
(2.635351365e-06 -1.82145965e-17 1.3878182e-07)
(2.635333457e-06 -2.125036258e-17 1.387818328e-07)
(2.63532015e-06 -2.363560736e-17 1.387818423e-07)
(2.635311955e-06 -2.482822975e-17 1.387818481e-07)
(2.635309188e-06 -2.527077766e-17 1.387818501e-07)
(2.635311955e-06 -2.482822975e-17 1.387818481e-07)
(2.63532015e-06 -2.363560736e-17 1.387818423e-07)
(2.635333457e-06 -2.125036258e-17 1.387818328e-07)
(2.635351365e-06 -1.82145965e-17 1.3878182e-07)
(2.635373186e-06 -1.474514955e-17 1.387818045e-07)
(2.635398082e-06 -1.084202172e-17 1.387817867e-07)
(2.635425095e-06 -6.938893904e-18 1.387817674e-07)
(2.635453188e-06 -2.602085214e-18 1.387817474e-07)
(2.635481281e-06 1.734723476e-18 1.387817274e-07)
(2.635508294e-06 6.505213035e-18 1.387817081e-07)
(2.635533189e-06 1.040834086e-17 1.387816903e-07)
(2.635555011e-06 1.387778781e-17 1.387816748e-07)
(2.635572919e-06 1.691355389e-17 1.38781662e-07)
(2.635586226e-06 1.843143693e-17 1.387816525e-07)
(2.63559442e-06 1.984089976e-17 1.387816467e-07)
(2.694072613e-06 2.273748371e-17 1.402168542e-07)
(2.694070398e-06 2.233456475e-17 1.402168554e-07)
(2.694063837e-06 2.103352215e-17 1.402168591e-07)
(2.694053183e-06 1.908195824e-17 1.402168652e-07)
(2.694038846e-06 1.604619215e-17 1.402168734e-07)
(2.694021375e-06 1.25767452e-17 1.402168833e-07)
(2.694001442e-06 8.67361738e-18 1.402168947e-07)
(2.693979815e-06 4.33680869e-18 1.40216907e-07)
(2.693957323e-06 0 1.402169199e-07)
(2.693934831e-06 -4.33680869e-18 1.402169327e-07)
(2.693913203e-06 -8.67361738e-18 1.40216945e-07)
(2.693893271e-06 -1.25767452e-17 1.402169564e-07)
(2.6938758e-06 -1.604619215e-17 1.402169663e-07)
(2.693861462e-06 -1.908195824e-17 1.402169745e-07)
(2.693850808e-06 -2.103352215e-17 1.402169806e-07)
(2.693844248e-06 -2.233456475e-17 1.402169843e-07)
(2.693842032e-06 -2.277236848e-17 1.402169856e-07)
(2.693844248e-06 -2.233456475e-17 1.402169843e-07)
(2.693850808e-06 -2.103352215e-17 1.402169806e-07)
(2.693861462e-06 -1.908195824e-17 1.402169745e-07)
(2.6938758e-06 -1.604619215e-17 1.402169664e-07)
(2.693893271e-06 -1.25767452e-17 1.402169564e-07)
(2.693913203e-06 -8.67361738e-18 1.402169451e-07)
(2.693934831e-06 -4.33680869e-18 1.402169327e-07)
(2.693957323e-06 0 1.402169199e-07)
(2.693979815e-06 4.33680869e-18 1.402169071e-07)
(2.694001442e-06 8.67361738e-18 1.402168947e-07)
(2.694021375e-06 1.25767452e-17 1.402168834e-07)
(2.694038846e-06 1.604619215e-17 1.402168734e-07)
(2.694053183e-06 1.908195824e-17 1.402168652e-07)
(2.694063837e-06 2.103352215e-17 1.402168592e-07)
(2.694070398e-06 2.233456475e-17 1.402168554e-07)
(2.747012071e-06 2.440622127e-17 1.413347489e-07)
(2.747010405e-06 2.406928823e-17 1.413347496e-07)
(2.74700547e-06 2.255140519e-17 1.413347517e-07)
(2.746997457e-06 2.081668171e-17 1.413347551e-07)
(2.746986672e-06 1.778091563e-17 1.413347597e-07)
(2.746973531e-06 1.431146868e-17 1.413347653e-07)
(2.746958539e-06 1.040834086e-17 1.413347717e-07)
(2.746942271e-06 6.071532166e-18 1.413347786e-07)
(2.746925354e-06 1.734723476e-18 1.413347858e-07)
(2.746908436e-06 -2.602085214e-18 1.41334793e-07)
(2.746892168e-06 -6.938893904e-18 1.413348e-07)
(2.746877176e-06 -1.084202172e-17 1.413348064e-07)
(2.746864035e-06 -1.431146868e-17 1.41334812e-07)
(2.74685325e-06 -1.734723476e-17 1.413348166e-07)
(2.746845237e-06 -1.95156391e-17 1.4133482e-07)
(2.746840302e-06 -2.059984128e-17 1.413348221e-07)
(2.746838636e-06 -2.110363121e-17 1.413348228e-07)
(2.746840302e-06 -2.059984128e-17 1.413348221e-07)
(2.746845237e-06 -1.95156391e-17 1.4133482e-07)
(2.74685325e-06 -1.734723476e-17 1.413348166e-07)
(2.746864035e-06 -1.431146868e-17 1.41334812e-07)
(2.746877176e-06 -1.084202172e-17 1.413348064e-07)
(2.746892168e-06 -6.938893904e-18 1.413348e-07)
(2.746908436e-06 -2.602085214e-18 1.413347931e-07)
(2.746925354e-06 1.734723476e-18 1.413347859e-07)
(2.746942271e-06 6.071532166e-18 1.413347786e-07)
(2.746958539e-06 1.040834086e-17 1.413347717e-07)
(2.746973531e-06 1.431146868e-17 1.413347653e-07)
(2.746986672e-06 1.778091563e-17 1.413347597e-07)
(2.746997457e-06 2.081668171e-17 1.413347551e-07)
(2.74700547e-06 2.255140519e-17 1.413347517e-07)
(2.747010405e-06 2.406928823e-17 1.413347496e-07)
(2.794226376e-06 2.526934938e-17 1.421365587e-07)
(2.794225259e-06 2.493664997e-17 1.42136559e-07)
(2.79422195e-06 2.341876693e-17 1.4213656e-07)
(2.794216578e-06 2.168404345e-17 1.421365615e-07)
(2.794209347e-06 1.864827737e-17 1.421365635e-07)
(2.794200537e-06 1.517883041e-17 1.42136566e-07)
(2.794190485e-06 1.127570259e-17 1.421365688e-07)
(2.794179579e-06 6.938893904e-18 1.421365719e-07)
(2.794168236e-06 2.602085214e-18 1.421365751e-07)
(2.794156894e-06 -1.734723476e-18 1.421365783e-07)
(2.794145987e-06 -6.071532166e-18 1.421365814e-07)
(2.794135935e-06 -9.974659987e-18 1.421365843e-07)
(2.794127125e-06 -1.344410694e-17 1.421365867e-07)
(2.794119895e-06 -1.647987302e-17 1.421365888e-07)
(2.794114522e-06 -1.864827737e-17 1.421365903e-07)
(2.794111213e-06 -1.973247954e-17 1.421365913e-07)
(2.794110096e-06 -2.02405033e-17 1.421365916e-07)
(2.794111213e-06 -1.973247954e-17 1.421365913e-07)
(2.794114522e-06 -1.864827737e-17 1.421365903e-07)
(2.794119895e-06 -1.647987302e-17 1.421365888e-07)
(2.794127125e-06 -1.344410694e-17 1.421365868e-07)
(2.794135935e-06 -9.974659987e-18 1.421365843e-07)
(2.794145987e-06 -6.071532166e-18 1.421365815e-07)
(2.794156894e-06 -1.734723476e-18 1.421365784e-07)
(2.794168236e-06 2.602085214e-18 1.421365752e-07)
(2.794179579e-06 6.938893904e-18 1.42136572e-07)
(2.794190485e-06 1.127570259e-17 1.421365689e-07)
(2.794200537e-06 1.517883041e-17 1.42136566e-07)
(2.794209347e-06 1.864827737e-17 1.421365635e-07)
(2.794216578e-06 2.168404345e-17 1.421365615e-07)
(2.79422195e-06 2.341876693e-17 1.4213656e-07)
(2.794225259e-06 2.493664997e-17 1.42136559e-07)
(2.835481342e-06 2.534324089e-17 1.426222742e-07)
(2.835480773e-06 2.493664997e-17 1.426222743e-07)
(2.835479087e-06 2.363560736e-17 1.426222745e-07)
(2.835476348e-06 2.168404345e-17 1.426222749e-07)
(2.835472664e-06 1.864827737e-17 1.426222754e-07)
(2.835468173e-06 1.517883041e-17 1.42622276e-07)
(2.83546305e-06 1.127570259e-17 1.426222767e-07)
(2.835457492e-06 6.938893904e-18 1.426222775e-07)
(2.835451711e-06 2.602085214e-18 1.426222783e-07)
(2.83544593e-06 -1.734723476e-18 1.426222791e-07)
(2.835440372e-06 -6.071532166e-18 1.426222799e-07)
(2.835435249e-06 -9.974659987e-18 1.426222806e-07)
(2.835430759e-06 -1.344410694e-17 1.426222812e-07)
(2.835427074e-06 -1.647987302e-17 1.426222817e-07)
(2.835424336e-06 -1.843143693e-17 1.426222821e-07)
(2.83542265e-06 -1.973247954e-17 1.426222823e-07)
(2.83542208e-06 -2.016661176e-17 1.426222824e-07)
(2.83542265e-06 -1.973247954e-17 1.426222823e-07)
(2.835424336e-06 -1.843143693e-17 1.426222821e-07)
(2.835427074e-06 -1.647987302e-17 1.426222817e-07)
(2.835430759e-06 -1.344410694e-17 1.426222812e-07)
(2.835435249e-06 -9.974659987e-18 1.426222806e-07)
(2.835440372e-06 -6.071532166e-18 1.426222799e-07)
(2.83544593e-06 -1.734723476e-18 1.426222791e-07)
(2.835451711e-06 2.602085214e-18 1.426222783e-07)
(2.835457492e-06 6.938893904e-18 1.426222775e-07)
(2.83546305e-06 1.127570259e-17 1.426222768e-07)
(2.835468173e-06 1.517883041e-17 1.42622276e-07)
(2.835472664e-06 1.864827737e-17 1.426222754e-07)
(2.835476348e-06 2.168404345e-17 1.426222749e-07)
(2.835479087e-06 2.363560736e-17 1.426222745e-07)
(2.835480773e-06 2.493664997e-17 1.426222743e-07)
(2.870582532e-06 2.522339743e-17 1.427927278e-07)
(2.87058251e-06 2.482822975e-17 1.427927278e-07)
(2.870582444e-06 2.341876693e-17 1.427927278e-07)
(2.870582336e-06 2.168404345e-17 1.427927278e-07)
(2.870582191e-06 1.864827737e-17 1.427927278e-07)
(2.870582015e-06 1.517883041e-17 1.427927278e-07)
(2.870581814e-06 1.127570259e-17 1.427927278e-07)
(2.870581596e-06 6.938893904e-18 1.427927278e-07)
(2.870581368e-06 2.602085214e-18 1.427927278e-07)
(2.870581141e-06 -1.734723476e-18 1.427927278e-07)
(2.870580923e-06 -6.071532166e-18 1.427927278e-07)
(2.870580722e-06 -9.974659987e-18 1.427927278e-07)
(2.870580545e-06 -1.344410694e-17 1.427927278e-07)
(2.870580401e-06 -1.647987302e-17 1.427927278e-07)
(2.870580293e-06 -1.864827737e-17 1.427927278e-07)
(2.870580227e-06 -1.984089976e-17 1.427927278e-07)
(2.870580204e-06 -2.028653508e-17 1.427927278e-07)
(2.870580227e-06 -1.984089976e-17 1.427927279e-07)
(2.870580293e-06 -1.864827737e-17 1.427927279e-07)
(2.870580401e-06 -1.647987302e-17 1.427927279e-07)
(2.870580545e-06 -1.344410694e-17 1.427927279e-07)
(2.870580722e-06 -9.974659987e-18 1.427927279e-07)
(2.870580923e-06 -6.071532166e-18 1.427927279e-07)
(2.870581141e-06 -1.734723476e-18 1.427927279e-07)
(2.870581368e-06 2.602085214e-18 1.427927279e-07)
(2.870581596e-06 6.938893904e-18 1.427927279e-07)
(2.870581814e-06 1.127570259e-17 1.427927279e-07)
(2.870582015e-06 1.517883041e-17 1.427927279e-07)
(2.870582191e-06 1.864827737e-17 1.427927279e-07)
(2.870582336e-06 2.168404345e-17 1.427927279e-07)
(2.870582444e-06 2.341876693e-17 1.427927279e-07)
(2.87058251e-06 2.482822975e-17 1.427927279e-07)
(2.899301012e-06 2.549543266e-17 1.426479909e-07)
(2.899301537e-06 2.504507018e-17 1.42647991e-07)
(2.899303091e-06 2.385244779e-17 1.426479912e-07)
(2.899305616e-06 2.211772432e-17 1.426479916e-07)
(2.899309013e-06 1.908195824e-17 1.426479921e-07)
(2.899313153e-06 1.561251128e-17 1.426479927e-07)
(2.899317876e-06 1.170938346e-17 1.426479934e-07)
(2.899323001e-06 6.938893904e-18 1.426479942e-07)
(2.89932833e-06 2.602085214e-18 1.42647995e-07)
(2.89933366e-06 -1.734723476e-18 1.426479958e-07)
(2.899338784e-06 -5.637851297e-18 1.426479966e-07)
(2.899343507e-06 -9.540979118e-18 1.426479973e-07)
(2.899347647e-06 -1.301042607e-17 1.426479979e-07)
(2.899351045e-06 -1.604619215e-17 1.426479984e-07)
(2.899353569e-06 -1.82145965e-17 1.426479988e-07)
(2.899355124e-06 -1.962405932e-17 1.426479991e-07)
(2.899355648e-06 -2.001441998e-17 1.426479991e-07)
(2.899355124e-06 -1.962405932e-17 1.426479991e-07)
(2.899353569e-06 -1.82145965e-17 1.426479988e-07)
(2.899351045e-06 -1.604619215e-17 1.426479985e-07)
(2.899347647e-06 -1.301042607e-17 1.426479979e-07)
(2.899343507e-06 -9.540979118e-18 1.426479973e-07)
(2.899338784e-06 -5.637851297e-18 1.426479966e-07)
(2.89933366e-06 -1.734723476e-18 1.426479959e-07)
(2.89932833e-06 2.602085214e-18 1.426479951e-07)
(2.899323001e-06 6.938893904e-18 1.426479943e-07)
(2.899317876e-06 1.170938346e-17 1.426479935e-07)
(2.899313153e-06 1.561251128e-17 1.426479928e-07)
(2.899309013e-06 1.908195824e-17 1.426479921e-07)
(2.899305616e-06 2.211772432e-17 1.426479916e-07)
(2.899303091e-06 2.385244779e-17 1.426479912e-07)
(2.899301537e-06 2.504507018e-17 1.42647991e-07)
(2.921436638e-06 2.556263254e-17 1.421879657e-07)
(2.92143771e-06 2.51534904e-17 1.42187966e-07)
(2.921440885e-06 2.385244779e-17 1.42187967e-07)
(2.92144604e-06 2.168404345e-17 1.421879685e-07)
(2.921452978e-06 1.864827737e-17 1.421879705e-07)
(2.921461433e-06 1.517883041e-17 1.42187973e-07)
(2.921471079e-06 1.127570259e-17 1.421879759e-07)
(2.921481544e-06 6.938893904e-18 1.421879789e-07)
(2.921492429e-06 2.602085214e-18 1.421879821e-07)
(2.921503313e-06 -1.734723476e-18 1.421879853e-07)
(2.921513779e-06 -6.071532166e-18 1.421879884e-07)
(2.921523425e-06 -9.974659987e-18 1.421879913e-07)
(2.921531879e-06 -1.344410694e-17 1.421879938e-07)
(2.921538818e-06 -1.647987302e-17 1.421879958e-07)
(2.921543973e-06 -1.82145965e-17 1.421879973e-07)
(2.921547148e-06 -1.95156391e-17 1.421879983e-07)
(2.92154822e-06 -1.994722011e-17 1.421879986e-07)
(2.921547148e-06 -1.95156391e-17 1.421879983e-07)
(2.921543973e-06 -1.82145965e-17 1.421879974e-07)
(2.921538818e-06 -1.647987302e-17 1.421879958e-07)
(2.921531879e-06 -1.344410694e-17 1.421879938e-07)
(2.921523425e-06 -9.974659987e-18 1.421879913e-07)
(2.921513779e-06 -6.071532166e-18 1.421879885e-07)
(2.921503313e-06 -1.734723476e-18 1.421879854e-07)
(2.921492429e-06 2.602085214e-18 1.421879822e-07)
(2.921481544e-06 6.938893904e-18 1.42187979e-07)
(2.921471079e-06 1.127570259e-17 1.421879759e-07)
(2.921461433e-06 1.517883041e-17 1.421879731e-07)
(2.921452978e-06 1.864827737e-17 1.421879706e-07)
(2.92144604e-06 2.168404345e-17 1.421879685e-07)
(2.921440885e-06 2.385244779e-17 1.42187967e-07)
(2.92143771e-06 2.51534904e-17 1.421879661e-07)
(2.936766227e-06 2.481840587e-17 1.414126048e-07)
(2.936767847e-06 2.439454888e-17 1.414126055e-07)
(2.936772645e-06 2.298508606e-17 1.414126076e-07)
(2.936780437e-06 2.125036258e-17 1.41412611e-07)
(2.936790923e-06 1.82145965e-17 1.414126156e-07)
(2.936803701e-06 1.474514955e-17 1.414126212e-07)
(2.936818279e-06 1.084202172e-17 1.414126276e-07)
(2.936834096e-06 6.071532166e-18 1.414126345e-07)
(2.936850546e-06 1.734723476e-18 1.414126417e-07)
(2.936866996e-06 -2.602085214e-18 1.414126489e-07)
(2.936882814e-06 -6.505213035e-18 1.414126559e-07)
(2.936897392e-06 -1.040834086e-17 1.414126623e-07)
(2.936910169e-06 -1.387778781e-17 1.414126679e-07)
(2.936920656e-06 -1.691355389e-17 1.414126725e-07)
(2.936928448e-06 -1.908195824e-17 1.414126759e-07)
(2.936933246e-06 -2.027458063e-17 1.41412678e-07)
(2.936934866e-06 -2.069144657e-17 1.414126787e-07)
(2.936933246e-06 -2.027458063e-17 1.41412678e-07)
(2.936928448e-06 -1.908195824e-17 1.414126759e-07)
(2.936920656e-06 -1.691355389e-17 1.414126725e-07)
(2.936910169e-06 -1.387778781e-17 1.414126679e-07)
(2.936897392e-06 -1.040834086e-17 1.414126623e-07)
(2.936882814e-06 -6.505213035e-18 1.414126559e-07)
(2.936866996e-06 -2.602085214e-18 1.41412649e-07)
(2.936850546e-06 1.734723476e-18 1.414126418e-07)
(2.936834096e-06 6.071532166e-18 1.414126346e-07)
(2.936818279e-06 1.084202172e-17 1.414126276e-07)
(2.936803701e-06 1.474514955e-17 1.414126212e-07)
(2.936790923e-06 1.82145965e-17 1.414126156e-07)
(2.936780437e-06 2.125036258e-17 1.41412611e-07)
(2.936772645e-06 2.298508606e-17 1.414126076e-07)
(2.936767847e-06 2.439454888e-17 1.414126055e-07)
(2.945083491e-06 2.323296695e-17 1.403210976e-07)
(2.94508566e-06 2.276824562e-17 1.403210989e-07)
(2.945092083e-06 2.168404345e-17 1.403211026e-07)
(2.945102514e-06 1.95156391e-17 1.403211087e-07)
(2.945116551e-06 1.647987302e-17 1.403211168e-07)
(2.945133656e-06 1.301042607e-17 1.403211268e-07)
(2.945153171e-06 9.107298249e-18 1.403211382e-07)
(2.945174346e-06 4.33680869e-18 1.403211505e-07)
(2.945196367e-06 0 1.403211633e-07)
(2.945218388e-06 -4.33680869e-18 1.403211761e-07)
(2.945239562e-06 -8.239936511e-18 1.403211885e-07)
(2.945259077e-06 -1.214306433e-17 1.403211998e-07)
(2.945276182e-06 -1.561251128e-17 1.403212098e-07)
(2.945290219e-06 -1.864827737e-17 1.40321218e-07)
(2.94530065e-06 -2.038300084e-17 1.403212241e-07)
(2.945307073e-06 -2.190088388e-17 1.403212278e-07)
(2.945309242e-06 -2.22768852e-17 1.403212291e-07)
(2.945307073e-06 -2.190088388e-17 1.403212278e-07)
(2.94530065e-06 -2.038300084e-17 1.403212241e-07)
(2.945290219e-06 -1.864827737e-17 1.40321218e-07)
(2.945276182e-06 -1.561251128e-17 1.403212098e-07)
(2.945259077e-06 -1.214306433e-17 1.403211999e-07)
(2.945239562e-06 -8.239936511e-18 1.403211885e-07)
(2.945218388e-06 -4.33680869e-18 1.403211762e-07)
(2.945196367e-06 0 1.403211634e-07)
(2.945174346e-06 4.33680869e-18 1.403211505e-07)
(2.945153171e-06 9.107298249e-18 1.403211382e-07)
(2.945133656e-06 1.301042607e-17 1.403211268e-07)
(2.945116551e-06 1.647987302e-17 1.403211169e-07)
(2.945102514e-06 1.95156391e-17 1.403211087e-07)
(2.945092083e-06 2.168404345e-17 1.403211026e-07)
(2.94508566e-06 2.276824562e-17 1.403210989e-07)
(2.946171393e-06 2.077141657e-17 1.389133114e-07)
(2.946174112e-06 2.038300084e-17 1.389133133e-07)
(2.946182165e-06 1.88651178e-17 1.389133192e-07)
(2.946195243e-06 1.691355389e-17 1.389133287e-07)
(2.946212842e-06 1.387778781e-17 1.389133414e-07)
(2.946234287e-06 1.040834086e-17 1.38913357e-07)
(2.946258754e-06 6.505213035e-18 1.389133748e-07)
(2.946285301e-06 2.602085214e-18 1.38913394e-07)
(2.94631291e-06 -1.734723476e-18 1.38913414e-07)
(2.946340518e-06 -6.071532166e-18 1.389134341e-07)
(2.946367066e-06 -1.084202172e-17 1.389134533e-07)
(2.946391533e-06 -1.474514955e-17 1.389134711e-07)
(2.946412978e-06 -1.82145965e-17 1.389134867e-07)
(2.946430577e-06 -2.125036258e-17 1.389134994e-07)
(2.946443655e-06 -2.320192649e-17 1.389135089e-07)
(2.946451708e-06 -2.428612866e-17 1.389135148e-07)
(2.946454427e-06 -2.473843513e-17 1.389135168e-07)
(2.946451708e-06 -2.428612866e-17 1.389135148e-07)
(2.946443655e-06 -2.320192649e-17 1.38913509e-07)
(2.946430577e-06 -2.125036258e-17 1.389134995e-07)
(2.946412978e-06 -1.82145965e-17 1.389134867e-07)
(2.946391533e-06 -1.474514955e-17 1.389134711e-07)
(2.946367066e-06 -1.084202172e-17 1.389134534e-07)
(2.946340518e-06 -6.071532166e-18 1.389134341e-07)
(2.94631291e-06 -1.734723476e-18 1.389134141e-07)
(2.946285301e-06 2.602085214e-18 1.389133941e-07)
(2.946258754e-06 6.505213035e-18 1.389133748e-07)
(2.946234287e-06 1.040834086e-17 1.38913357e-07)
(2.946212842e-06 1.387778781e-17 1.389133415e-07)
(2.946195243e-06 1.691355389e-17 1.389133287e-07)
(2.946182165e-06 1.88651178e-17 1.389133192e-07)
(2.946174112e-06 2.038300084e-17 1.389133134e-07)
(2.939817085e-06 1.739603801e-17 1.371877975e-07)
(2.939820356e-06 1.702197411e-17 1.371878003e-07)
(2.939830043e-06 1.561251128e-17 1.371878087e-07)
(2.939845772e-06 1.387778781e-17 1.371878224e-07)
(2.939866941e-06 1.084202172e-17 1.371878408e-07)
(2.939892736e-06 7.372574773e-18 1.371878632e-07)
(2.939922165e-06 3.469446952e-18 1.371878887e-07)
(2.939954097e-06 -8.67361738e-19 1.371879165e-07)
(2.939987305e-06 -5.204170428e-18 1.371879453e-07)
(2.940020514e-06 -9.540979118e-18 1.371879742e-07)
(2.940052446e-06 -1.387778781e-17 1.371880019e-07)
(2.940081875e-06 -1.778091563e-17 1.371880275e-07)
(2.940107669e-06 -2.125036258e-17 1.371880499e-07)
(2.940128838e-06 -2.428612866e-17 1.371880683e-07)
(2.940144568e-06 -2.645453301e-17 1.37188082e-07)
(2.940154255e-06 -2.76471554e-17 1.371880904e-07)
(2.940157525e-06 -2.811381311e-17 1.371880932e-07)
(2.940154255e-06 -2.76471554e-17 1.371880904e-07)
(2.940144568e-06 -2.645453301e-17 1.37188082e-07)
(2.940128838e-06 -2.428612866e-17 1.371880683e-07)
(2.940107669e-06 -2.125036258e-17 1.371880499e-07)
(2.940081875e-06 -1.778091563e-17 1.371880275e-07)
(2.940052446e-06 -1.387778781e-17 1.37188002e-07)
(2.940020514e-06 -9.540979118e-18 1.371879742e-07)
(2.939987305e-06 -5.204170428e-18 1.371879454e-07)
(2.939954097e-06 -8.67361738e-19 1.371879165e-07)
(2.939922165e-06 3.469446952e-18 1.371878888e-07)
(2.939892736e-06 7.372574773e-18 1.371878632e-07)
(2.939866941e-06 1.084202172e-17 1.371878408e-07)
(2.939845772e-06 1.387778781e-17 1.371878224e-07)
(2.939830043e-06 1.561251128e-17 1.371878087e-07)
(2.939820356e-06 1.702197411e-17 1.371878003e-07)
(2.925810182e-06 1.30790153e-17 1.351450525e-07)
(2.925814004e-06 1.268516542e-17 1.351450564e-07)
(2.925825323e-06 1.149254303e-17 1.351450678e-07)
(2.925843704e-06 9.540979118e-18 1.351450864e-07)
(2.925868442e-06 6.505213035e-18 1.351451114e-07)
(2.925898584e-06 3.035766083e-18 1.351451419e-07)
(2.925932974e-06 -8.67361738e-19 1.351451767e-07)
(2.925970289e-06 -5.204170428e-18 1.351452145e-07)
(2.926009094e-06 -9.540979118e-18 1.351452538e-07)
(2.9260479e-06 -1.387778781e-17 1.35145293e-07)
(2.926085215e-06 -1.82145965e-17 1.351453308e-07)
(2.926119604e-06 -2.211772432e-17 1.351453656e-07)
(2.926149747e-06 -2.558717127e-17 1.351453961e-07)
(2.926174484e-06 -2.862293735e-17 1.351454211e-07)
(2.926192866e-06 -3.057450126e-17 1.351454397e-07)
(2.926204185e-06 -3.198396409e-17 1.351454512e-07)
(2.926208007e-06 -3.243083513e-17 1.351454551e-07)
(2.926204185e-06 -3.198396409e-17 1.351454512e-07)
(2.926192866e-06 -3.057450126e-17 1.351454398e-07)
(2.926174484e-06 -2.862293735e-17 1.351454212e-07)
(2.926149747e-06 -2.558717127e-17 1.351453961e-07)
(2.926119604e-06 -2.211772432e-17 1.351453656e-07)
(2.926085215e-06 -1.82145965e-17 1.351453308e-07)
(2.9260479e-06 -1.387778781e-17 1.351452931e-07)
(2.926009094e-06 -9.540979118e-18 1.351452538e-07)
(2.925970289e-06 -5.204170428e-18 1.351452145e-07)
(2.925932974e-06 -8.67361738e-19 1.351451768e-07)
(2.925898584e-06 3.035766083e-18 1.35145142e-07)
(2.925868442e-06 6.505213035e-18 1.351451115e-07)
(2.925843704e-06 9.540979118e-18 1.351450864e-07)
(2.925825323e-06 1.149254303e-17 1.351450678e-07)
(2.925814004e-06 1.268516542e-17 1.351450564e-07)
(2.90393047e-06 7.809079673e-18 1.327819191e-07)
(2.903934851e-06 7.372574773e-18 1.327819242e-07)
(2.903947826e-06 6.071532166e-18 1.327819391e-07)
(2.903968898e-06 3.903127821e-18 1.327819634e-07)
(2.903997255e-06 8.67361738e-19 1.327819961e-07)
(2.904031808e-06 -2.602085214e-18 1.327820359e-07)
(2.90407123e-06 -6.505213035e-18 1.327820814e-07)
(2.904114005e-06 -1.040834086e-17 1.327821307e-07)
(2.904158489e-06 -1.474514955e-17 1.32782182e-07)
(2.904202973e-06 -1.908195824e-17 1.327822333e-07)
(2.904245748e-06 -2.385244779e-17 1.327822826e-07)
(2.90428517e-06 -2.775557562e-17 1.327823281e-07)
(2.904319723e-06 -3.122502257e-17 1.327823679e-07)
(2.90434808e-06 -3.426078865e-17 1.327824006e-07)
(2.904369152e-06 -3.599551213e-17 1.327824249e-07)
(2.904382127e-06 -3.729655473e-17 1.327824399e-07)
(2.904386508e-06 -3.770076992e-17 1.327824449e-07)
(2.904382127e-06 -3.729655473e-17 1.327824399e-07)
(2.904369152e-06 -3.599551213e-17 1.327824249e-07)
(2.90434808e-06 -3.426078865e-17 1.327824006e-07)
(2.904319723e-06 -3.122502257e-17 1.327823679e-07)
(2.90428517e-06 -2.775557562e-17 1.327823281e-07)
(2.904245748e-06 -2.385244779e-17 1.327822826e-07)
(2.904202973e-06 -1.908195824e-17 1.327822333e-07)
(2.904158489e-06 -1.474514955e-17 1.32782182e-07)
(2.904114005e-06 -1.040834086e-17 1.327821307e-07)
(2.90407123e-06 -6.505213035e-18 1.327820814e-07)
(2.904031808e-06 -2.602085214e-18 1.32782036e-07)
(2.903997255e-06 8.67361738e-19 1.327819961e-07)
(2.903968898e-06 3.903127821e-18 1.327819634e-07)
(2.903947826e-06 6.071532166e-18 1.327819391e-07)
(2.903934851e-06 7.372574773e-18 1.327819242e-07)
(2.873974697e-06 1.616256777e-18 1.300966179e-07)
(2.87397964e-06 1.19262239e-18 1.300966243e-07)
(2.873994277e-06 -2.168404345e-19 1.300966432e-07)
(2.874018047e-06 -1.734723476e-18 1.30096674e-07)
(2.874050037e-06 -4.770489559e-18 1.300967153e-07)
(2.874089016e-06 -8.239936511e-18 1.300967657e-07)
(2.874133487e-06 -1.214306433e-17 1.300968233e-07)
(2.874181741e-06 -1.647987302e-17 1.300968857e-07)
(2.874231923e-06 -2.081668171e-17 1.300969506e-07)
(2.874282106e-06 -2.51534904e-17 1.300970155e-07)
(2.87433036e-06 -2.949029909e-17 1.300970779e-07)
(2.874374831e-06 -3.339342691e-17 1.300971355e-07)
(2.87441381e-06 -3.686287386e-17 1.300971859e-07)
(2.874445799e-06 -3.989863995e-17 1.300972273e-07)
(2.87446957e-06 -4.228388473e-17 1.30097258e-07)
(2.874484207e-06 -4.347650712e-17 1.30097277e-07)
(2.87448915e-06 -4.389359186e-17 1.300972834e-07)
(2.874484207e-06 -4.347650712e-17 1.30097277e-07)
(2.87446957e-06 -4.228388473e-17 1.30097258e-07)
(2.874445799e-06 -3.989863995e-17 1.300972273e-07)
(2.87441381e-06 -3.686287386e-17 1.300971859e-07)
(2.874374831e-06 -3.339342691e-17 1.300971355e-07)
(2.87433036e-06 -2.949029909e-17 1.30097078e-07)
(2.874282106e-06 -2.51534904e-17 1.300970156e-07)
(2.874231923e-06 -2.081668171e-17 1.300969506e-07)
(2.874181741e-06 -1.647987302e-17 1.300968857e-07)
(2.874133487e-06 -1.214306433e-17 1.300968233e-07)
(2.874089016e-06 -8.239936511e-18 1.300967658e-07)
(2.874050037e-06 -4.770489559e-18 1.300967154e-07)
(2.874018047e-06 -1.734723476e-18 1.30096674e-07)
(2.873994277e-06 -2.168404345e-19 1.300966432e-07)
(2.87397964e-06 1.19262239e-18 1.300966243e-07)
(2.83571562e-06 -5.417205766e-18 1.270860931e-07)
(2.835721128e-06 -5.854691731e-18 1.27086101e-07)
(2.835737441e-06 -7.155734338e-18 1.270861244e-07)
(2.835763932e-06 -9.107298249e-18 1.270861623e-07)
(2.835799582e-06 -1.214306433e-17 1.270862134e-07)
(2.835843023e-06 -1.561251128e-17 1.270862757e-07)
(2.835892584e-06 -1.95156391e-17 1.270863467e-07)
(2.83594636e-06 -2.341876693e-17 1.270864237e-07)
(2.836002286e-06 -2.775557562e-17 1.270865039e-07)
(2.836058212e-06 -3.209238431e-17 1.27086584e-07)
(2.836111988e-06 -3.686287386e-17 1.270866611e-07)
(2.836161549e-06 -4.076600169e-17 1.270867321e-07)
(2.83620499e-06 -4.423544864e-17 1.270867943e-07)
(2.83624064e-06 -4.727121472e-17 1.270868454e-07)
(2.836267131e-06 -4.922277863e-17 1.270868834e-07)
(2.836283444e-06 -5.052382124e-17 1.270869068e-07)
(2.836288952e-06 -5.092705331e-17 1.270869147e-07)
(2.836283444e-06 -5.052382124e-17 1.270869068e-07)
(2.836267131e-06 -4.922277863e-17 1.270868834e-07)
(2.83624064e-06 -4.727121472e-17 1.270868455e-07)
(2.83620499e-06 -4.423544864e-17 1.270867944e-07)
(2.836161549e-06 -4.076600169e-17 1.270867321e-07)
(2.836111988e-06 -3.686287386e-17 1.270866611e-07)
(2.836058212e-06 -3.209238431e-17 1.270865841e-07)
(2.836002286e-06 -2.775557562e-17 1.270865039e-07)
(2.83594636e-06 -2.341876693e-17 1.270864238e-07)
(2.835892584e-06 -1.95156391e-17 1.270863467e-07)
(2.835843023e-06 -1.561251128e-17 1.270862757e-07)
(2.835799582e-06 -1.214306433e-17 1.270862134e-07)
(2.835763932e-06 -9.107298249e-18 1.270861623e-07)
(2.835737441e-06 -7.155734338e-18 1.270861244e-07)
(2.835721128e-06 -5.854691731e-18 1.27086101e-07)
(2.788957359e-06 -1.312352725e-17 1.237514026e-07)
(2.78896343e-06 -1.344410694e-17 1.237514121e-07)
(2.788981407e-06 -1.474514955e-17 1.237514404e-07)
(2.789010602e-06 -1.691355389e-17 1.237514864e-07)
(2.789049892e-06 -1.994931997e-17 1.237515482e-07)
(2.789097767e-06 -2.341876693e-17 1.237516235e-07)
(2.789152387e-06 -2.732189475e-17 1.237517094e-07)
(2.789211652e-06 -3.122502257e-17 1.237518027e-07)
(2.789273287e-06 -3.556183126e-17 1.237518996e-07)
(2.789334921e-06 -3.989863995e-17 1.237519966e-07)
(2.789394187e-06 -4.466912951e-17 1.237520898e-07)
(2.789448806e-06 -4.857225733e-17 1.237521758e-07)
(2.789496681e-06 -5.204170428e-17 1.237522511e-07)
(2.789535971e-06 -5.507747036e-17 1.237523129e-07)
(2.789565166e-06 -5.681219384e-17 1.237523588e-07)
(2.789583144e-06 -5.811323645e-17 1.237523871e-07)
(2.789589214e-06 -5.863337358e-17 1.237523967e-07)
(2.789583144e-06 -5.811323645e-17 1.237523871e-07)
(2.789565166e-06 -5.681219384e-17 1.237523589e-07)
(2.789535971e-06 -5.507747036e-17 1.237523129e-07)
(2.789496681e-06 -5.204170428e-17 1.237522511e-07)
(2.789448807e-06 -4.857225733e-17 1.237521758e-07)
(2.789394187e-06 -4.466912951e-17 1.237520899e-07)
(2.789334921e-06 -3.989863995e-17 1.237519966e-07)
(2.789273287e-06 -3.556183126e-17 1.237518997e-07)
(2.789211652e-06 -3.122502257e-17 1.237518027e-07)
(2.789152387e-06 -2.732189475e-17 1.237517095e-07)
(2.789097767e-06 -2.341876693e-17 1.237516235e-07)
(2.789049892e-06 -1.994931997e-17 1.237515482e-07)
(2.789010602e-06 -1.691355389e-17 1.237514864e-07)
(2.788981407e-06 -1.474514955e-17 1.237514404e-07)
(2.78896343e-06 -1.344410694e-17 1.237514122e-07)
(2.733464348e-06 -2.123730552e-17 1.200889214e-07)
(2.733470991e-06 -2.168404345e-17 1.200889328e-07)
(2.733490666e-06 -2.276824562e-17 1.200889664e-07)
(2.733522617e-06 -2.471980953e-17 1.200890211e-07)
(2.733565615e-06 -2.775557562e-17 1.200890947e-07)
(2.733618009e-06 -3.122502257e-17 1.200891843e-07)
(2.733677785e-06 -3.512815039e-17 1.200892866e-07)
(2.733742645e-06 -3.989863995e-17 1.200893975e-07)
(2.733810098e-06 -4.423544864e-17 1.200895129e-07)
(2.73387755e-06 -4.857225733e-17 1.200896283e-07)
(2.73394241e-06 -5.247538515e-17 1.200897393e-07)
(2.734002186e-06 -5.637851297e-17 1.200898416e-07)
(2.73405458e-06 -5.984795992e-17 1.200899312e-07)
(2.734097578e-06 -6.2883726e-17 1.200900048e-07)
(2.734129529e-06 -6.483528991e-17 1.200900595e-07)
(2.734149204e-06 -6.635317296e-17 1.200900931e-07)
(2.734155848e-06 -6.67471505e-17 1.200901045e-07)
(2.734149204e-06 -6.635317296e-17 1.200900931e-07)
(2.734129529e-06 -6.483528991e-17 1.200900595e-07)
(2.734097578e-06 -6.2883726e-17 1.200900048e-07)
(2.73405458e-06 -5.984795992e-17 1.200899312e-07)
(2.734002186e-06 -5.637851297e-17 1.200898416e-07)
(2.73394241e-06 -5.247538515e-17 1.200897393e-07)
(2.73387755e-06 -4.857225733e-17 1.200896284e-07)
(2.733810098e-06 -4.423544864e-17 1.20089513e-07)
(2.733742645e-06 -3.989863995e-17 1.200893976e-07)
(2.733677785e-06 -3.512815039e-17 1.200892866e-07)
(2.733618009e-06 -3.122502257e-17 1.200891843e-07)
(2.733565615e-06 -2.775557562e-17 1.200890947e-07)
(2.733522617e-06 -2.471980953e-17 1.200890211e-07)
(2.733490666e-06 -2.276824562e-17 1.200889665e-07)
(2.733470991e-06 -2.168404345e-17 1.200889328e-07)
(2.669048066e-06 -2.935425358e-17 1.160947298e-07)
(2.669055291e-06 -2.970713953e-17 1.160947431e-07)
(2.669076689e-06 -3.100818213e-17 1.160947826e-07)
(2.669111437e-06 -3.295974604e-17 1.160948468e-07)
(2.669158199e-06 -3.599551213e-17 1.160949331e-07)
(2.66921518e-06 -3.946495908e-17 1.160950383e-07)
(2.669280189e-06 -4.33680869e-17 1.160951583e-07)
(2.669350727e-06 -4.770489559e-17 1.160952886e-07)
(2.669424085e-06 -5.204170428e-17 1.16095424e-07)
(2.669497442e-06 -5.637851297e-17 1.160955594e-07)
(2.669567981e-06 -6.071532166e-17 1.160956897e-07)
(2.66963299e-06 -6.461844948e-17 1.160958097e-07)
(2.669689971e-06 -6.808789643e-17 1.160959149e-07)
(2.669736733e-06 -7.112366252e-17 1.160960012e-07)
(2.669771481e-06 -7.307522643e-17 1.160960654e-07)
(2.669792879e-06 -7.437626903e-17 1.160961049e-07)
(2.669800104e-06 -7.486409709e-17 1.160961182e-07)
(2.669792879e-06 -7.437626903e-17 1.160961049e-07)
(2.669771481e-06 -7.307522643e-17 1.160960654e-07)
(2.669736733e-06 -7.112366252e-17 1.160960013e-07)
(2.669689971e-06 -6.808789643e-17 1.160959149e-07)
(2.66963299e-06 -6.461844948e-17 1.160958097e-07)
(2.669567981e-06 -6.071532166e-17 1.160956897e-07)
(2.669497442e-06 -5.637851297e-17 1.160955595e-07)
(2.669424085e-06 -5.204170428e-17 1.16095424e-07)
(2.669350727e-06 -4.770489559e-17 1.160952886e-07)
(2.669280189e-06 -4.33680869e-17 1.160951584e-07)
(2.66921518e-06 -3.946495908e-17 1.160950384e-07)
(2.669158199e-06 -3.599551213e-17 1.160949332e-07)
(2.669111437e-06 -3.295974604e-17 1.160948468e-07)
(2.669076689e-06 -3.100818213e-17 1.160947827e-07)
(2.669055291e-06 -2.970713953e-17 1.160947432e-07)
(2.595466173e-06 -3.691538217e-17 1.117653763e-07)
(2.595473977e-06 -3.740497495e-17 1.117653917e-07)
(2.595497088e-06 -3.859759734e-17 1.117654375e-07)
(2.59553462e-06 -4.076600169e-17 1.117655119e-07)
(2.595585128e-06 -4.380176777e-17 1.117656121e-07)
(2.595646673e-06 -4.727121472e-17 1.117657341e-07)
(2.59571689e-06 -5.117434254e-17 1.117658733e-07)
(2.595793078e-06 -5.551115123e-17 1.117660243e-07)
(2.595872312e-06 -5.984795992e-17 1.117661814e-07)
(2.595951546e-06 -6.418476861e-17 1.117663385e-07)
(2.596027734e-06 -6.85215773e-17 1.117664895e-07)
(2.59609795e-06 -7.242470512e-17 1.117666287e-07)
(2.596159496e-06 -7.589415207e-17 1.117667507e-07)
(2.596210004e-06 -7.892991816e-17 1.117668509e-07)
(2.596247535e-06 -8.066464163e-17 1.117669253e-07)
(2.596270646e-06 -8.207410446e-17 1.117669711e-07)
(2.59627845e-06 -8.242522406e-17 1.117669866e-07)
(2.596270646e-06 -8.207410446e-17 1.117669711e-07)
(2.596247535e-06 -8.066464163e-17 1.117669253e-07)
(2.596210004e-06 -7.892991816e-17 1.117668509e-07)
(2.596159496e-06 -7.589415207e-17 1.117667507e-07)
(2.59609795e-06 -7.242470512e-17 1.117666287e-07)
(2.596027734e-06 -6.85215773e-17 1.117664895e-07)
(2.595951546e-06 -6.418476861e-17 1.117663385e-07)
(2.595872312e-06 -5.984795992e-17 1.117661814e-07)
(2.595793078e-06 -5.551115123e-17 1.117660244e-07)
(2.59571689e-06 -5.117434254e-17 1.117658733e-07)
(2.595646673e-06 -4.727121472e-17 1.117657341e-07)
(2.595585128e-06 -4.380176777e-17 1.117656121e-07)
(2.59553462e-06 -4.076600169e-17 1.11765512e-07)
(2.595497088e-06 -3.859759734e-17 1.117654376e-07)
(2.595473977e-06 -3.740497495e-17 1.117653917e-07)
(2.512537365e-06 -4.316501351e-17 1.071005644e-07)
(2.512545759e-06 -4.358492733e-17 1.071005822e-07)
(2.512570616e-06 -4.488596994e-17 1.071006348e-07)
(2.512610981e-06 -4.683753385e-17 1.071007202e-07)
(2.512665305e-06 -4.987329993e-17 1.071008351e-07)
(2.512731499e-06 -5.334274689e-17 1.071009752e-07)
(2.512807018e-06 -5.724587471e-17 1.07101135e-07)
(2.512888961e-06 -6.15826834e-17 1.071013083e-07)
(2.51297418e-06 -6.591949209e-17 1.071014887e-07)
(2.513059398e-06 -7.025630078e-17 1.07101669e-07)
(2.513141341e-06 -7.459310947e-17 1.071018424e-07)
(2.513216861e-06 -7.849623729e-17 1.071020021e-07)
(2.513283054e-06 -8.196568424e-17 1.071021422e-07)
(2.513337378e-06 -8.500145032e-17 1.071022572e-07)
(2.513377744e-06 -8.695301423e-17 1.071023426e-07)
(2.513402601e-06 -8.825405684e-17 1.071023952e-07)
(2.513410994e-06 -8.867485366e-17 1.071024129e-07)
(2.513402601e-06 -8.825405684e-17 1.071023952e-07)
(2.513377744e-06 -8.695301423e-17 1.071023426e-07)
(2.513337378e-06 -8.500145032e-17 1.071022572e-07)
(2.513283054e-06 -8.196568424e-17 1.071021422e-07)
(2.513216861e-06 -7.849623729e-17 1.071020022e-07)
(2.513141341e-06 -7.459310947e-17 1.071018424e-07)
(2.513059398e-06 -7.025630078e-17 1.07101669e-07)
(2.51297418e-06 -6.591949209e-17 1.071014887e-07)
(2.512888961e-06 -6.15826834e-17 1.071013084e-07)
(2.512807018e-06 -5.724587471e-17 1.07101135e-07)
(2.512731499e-06 -5.334274689e-17 1.071009752e-07)
(2.512665305e-06 -4.987329993e-17 1.071008351e-07)
(2.512610981e-06 -4.683753385e-17 1.071007202e-07)
(2.512570616e-06 -4.488596994e-17 1.071006348e-07)
(2.512545759e-06 -4.358492733e-17 1.071005822e-07)
(2.420011068e-06 -4.713869044e-17 1.020968116e-07)
(2.420020045e-06 -4.759647537e-17 1.020968318e-07)
(2.42004663e-06 -4.878909776e-17 1.020968916e-07)
(2.420089802e-06 -5.117434254e-17 1.020969888e-07)
(2.420147903e-06 -5.421010862e-17 1.020971196e-07)
(2.420218698e-06 -5.767955558e-17 1.020972789e-07)
(2.420299468e-06 -6.15826834e-17 1.020974607e-07)
(2.420387108e-06 -6.591949209e-17 1.02097658e-07)
(2.420478251e-06 -7.025630078e-17 1.020978632e-07)
(2.420569393e-06 -7.459310947e-17 1.020980683e-07)
(2.420657033e-06 -7.892991816e-17 1.020982656e-07)
(2.420737804e-06 -8.283304598e-17 1.020984474e-07)
(2.420808599e-06 -8.630249293e-17 1.020986068e-07)
(2.420866699e-06 -8.933825901e-17 1.020987376e-07)
(2.420909872e-06 -9.085614205e-17 1.020988347e-07)
(2.420936457e-06 -9.226560488e-17 1.020988946e-07)
(2.420945433e-06 -9.264860871e-17 1.020989148e-07)
(2.420936457e-06 -9.226560488e-17 1.020988946e-07)
(2.420909872e-06 -9.085614205e-17 1.020988348e-07)
(2.420866699e-06 -8.933825901e-17 1.020987376e-07)
(2.420808599e-06 -8.630249293e-17 1.020986068e-07)
(2.420737804e-06 -8.283304598e-17 1.020984474e-07)
(2.420657033e-06 -7.892991816e-17 1.020982656e-07)
(2.420569393e-06 -7.459310947e-17 1.020980684e-07)
(2.420478251e-06 -7.025630078e-17 1.020978632e-07)
(2.420387108e-06 -6.591949209e-17 1.02097658e-07)
(2.420299468e-06 -6.15826834e-17 1.020974608e-07)
(2.420218698e-06 -5.767955558e-17 1.02097279e-07)
(2.420147903e-06 -5.421010862e-17 1.020971196e-07)
(2.420089802e-06 -5.117434254e-17 1.020969888e-07)
(2.42004663e-06 -4.878909776e-17 1.020968916e-07)
(2.420020045e-06 -4.759647537e-17 1.020968318e-07)
(2.317714066e-06 -4.763108527e-17 9.675407155e-08)
(2.317723641e-06 -4.803015624e-17 9.675409435e-08)
(2.317751995e-06 -4.943961907e-17 9.675416191e-08)
(2.317798041e-06 -5.117434254e-17 9.675427161e-08)
(2.317860007e-06 -5.421010862e-17 9.675441925e-08)
(2.317935515e-06 -5.767955558e-17 9.675459915e-08)
(2.31802166e-06 -6.15826834e-17 9.675480439e-08)
(2.318115133e-06 -6.591949209e-17 9.67550271e-08)
(2.318212341e-06 -7.025630078e-17 9.67552587e-08)
(2.31830955e-06 -7.459310947e-17 9.675549031e-08)
(2.318403022e-06 -7.892991816e-17 9.675571302e-08)
(2.318489168e-06 -8.283304598e-17 9.675591827e-08)
(2.318564675e-06 -8.630249293e-17 9.675609817e-08)
(2.318626642e-06 -8.933825901e-17 9.675624582e-08)
(2.318672688e-06 -9.150666336e-17 9.675635553e-08)
(2.318701042e-06 -9.269928575e-17 9.675642309e-08)
(2.318710616e-06 -9.314100154e-17 9.67564459e-08)
(2.318701042e-06 -9.269928575e-17 9.67564231e-08)
(2.318672688e-06 -9.150666336e-17 9.675635554e-08)
(2.318626642e-06 -8.933825901e-17 9.675624584e-08)
(2.318564675e-06 -8.630249293e-17 9.67560982e-08)
(2.318489168e-06 -8.283304598e-17 9.675591831e-08)
(2.318403022e-06 -7.892991816e-17 9.675571306e-08)
(2.31830955e-06 -7.459310947e-17 9.675549035e-08)
(2.318212341e-06 -7.025630078e-17 9.675525875e-08)
(2.318115133e-06 -6.591949209e-17 9.675502714e-08)
(2.31802166e-06 -6.15826834e-17 9.675480443e-08)
(2.317935515e-06 -5.767955558e-17 9.675459918e-08)
(2.317860007e-06 -5.421010862e-17 9.675441928e-08)
(2.317798041e-06 -5.117434254e-17 9.675427163e-08)
(2.317751995e-06 -4.943961907e-17 9.675416192e-08)
(2.317723641e-06 -4.803015624e-17 9.675409436e-08)
(2.205387337e-06 -4.318907919e-17 9.106915426e-08)
(2.205397498e-06 -4.358492733e-17 9.106917983e-08)
(2.205427588e-06 -4.488596994e-17 9.106925556e-08)
(2.205476453e-06 -4.683753385e-17 9.106937855e-08)
(2.205542214e-06 -4.987329993e-17 9.106954406e-08)
(2.205622344e-06 -5.334274689e-17 9.106974574e-08)
(2.205713764e-06 -5.724587471e-17 9.106997584e-08)
(2.20581296e-06 -6.15826834e-17 9.10702255e-08)
(2.20591612e-06 -6.591949209e-17 9.107048515e-08)
(2.206019281e-06 -7.025630078e-17 9.10707448e-08)
(2.206118477e-06 -7.459310947e-17 9.107099447e-08)
(2.206209897e-06 -7.849623729e-17 9.107122457e-08)
(2.206290027e-06 -8.196568424e-17 9.107142626e-08)
(2.206355788e-06 -8.500145032e-17 9.107159178e-08)
(2.206404653e-06 -8.695301423e-17 9.107171477e-08)
(2.206434743e-06 -8.825405684e-17 9.107179051e-08)
(2.206444904e-06 -8.869899331e-17 9.107181609e-08)
(2.206434743e-06 -8.825405684e-17 9.107179052e-08)
(2.206404653e-06 -8.695301423e-17 9.107171479e-08)
(2.206355788e-06 -8.500145032e-17 9.10715918e-08)
(2.206290027e-06 -8.196568424e-17 9.107142629e-08)
(2.206209897e-06 -7.849623729e-17 9.107122461e-08)
(2.206118477e-06 -7.459310947e-17 9.107099451e-08)
(2.206019281e-06 -7.025630078e-17 9.107074485e-08)
(2.20591612e-06 -6.591949209e-17 9.10704852e-08)
(2.20581296e-06 -6.15826834e-17 9.107022555e-08)
(2.205713764e-06 -5.724587471e-17 9.106997588e-08)
(2.205622344e-06 -5.334274689e-17 9.106974578e-08)
(2.205542214e-06 -4.987329993e-17 9.106954409e-08)
(2.205476453e-06 -4.683753385e-17 9.106937857e-08)
(2.205427588e-06 -4.488596994e-17 9.106925558e-08)
(2.205397498e-06 -4.358492733e-17 9.106917984e-08)
(2.082866693e-06 -3.21159717e-17 8.504667482e-08)
(2.082877444e-06 -3.252606517e-17 8.504670331e-08)
(2.082909283e-06 -3.382710778e-17 8.50467877e-08)
(2.082960987e-06 -3.556183126e-17 8.504692474e-08)
(2.083030568e-06 -3.859759734e-17 8.504710916e-08)
(2.083115354e-06 -4.206704429e-17 8.504733389e-08)
(2.083212086e-06 -4.597017211e-17 8.504759028e-08)
(2.083317045e-06 -5.03069808e-17 8.504786847e-08)
(2.083426199e-06 -5.464378949e-17 8.504815779e-08)
(2.083535353e-06 -5.898059818e-17 8.504844711e-08)
(2.083640312e-06 -6.331740687e-17 8.504872531e-08)
(2.083737044e-06 -6.722053469e-17 8.50489817e-08)
(2.08382183e-06 -7.068998165e-17 8.504920643e-08)
(2.083891411e-06 -7.372574773e-17 8.504939087e-08)
(2.083943115e-06 -7.589415207e-17 8.504952791e-08)
(2.083974954e-06 -7.719519468e-17 8.504961231e-08)
(2.083985705e-06 -7.762588353e-17 8.504964081e-08)
(2.083974954e-06 -7.719519468e-17 8.504961232e-08)
(2.083943115e-06 -7.589415207e-17 8.504952793e-08)
(2.083891411e-06 -7.372574773e-17 8.504939089e-08)
(2.08382183e-06 -7.068998165e-17 8.504920647e-08)
(2.083737044e-06 -6.722053469e-17 8.504898174e-08)
(2.083640312e-06 -6.331740687e-17 8.504872535e-08)
(2.083535353e-06 -5.898059818e-17 8.504844715e-08)
(2.083426199e-06 -5.464378949e-17 8.504815784e-08)
(2.083317045e-06 -5.03069808e-17 8.504786852e-08)
(2.083212086e-06 -4.597017211e-17 8.504759032e-08)
(2.083115354e-06 -4.206704429e-17 8.504733393e-08)
(2.083030568e-06 -3.859759734e-17 8.504710919e-08)
(2.082960987e-06 -3.556183126e-17 8.504692476e-08)
(2.082909283e-06 -3.382710778e-17 8.504678771e-08)
(2.082877444e-06 -3.252606517e-17 8.504670332e-08)
(1.949883047e-06 -1.248226841e-17 7.868447381e-08)
(1.949894383e-06 -1.290200585e-17 7.868450538e-08)
(1.949927952e-06 -1.409462824e-17 7.868459887e-08)
(1.949982465e-06 -1.604619215e-17 7.86847507e-08)
(1.950055828e-06 -1.908195824e-17 7.868495503e-08)
(1.950145222e-06 -2.255140519e-17 7.8685204e-08)
(1.950247211e-06 -2.645453301e-17 7.868548806e-08)
(1.950357874e-06 -3.122502257e-17 7.868579628e-08)
(1.95047296e-06 -3.556183126e-17 7.868611682e-08)
(1.950588046e-06 -3.989863995e-17 7.868643735e-08)
(1.950698709e-06 -4.380176777e-17 7.868674557e-08)
(1.950800698e-06 -4.770489559e-17 7.868702963e-08)
(1.950890092e-06 -5.117434254e-17 7.868727862e-08)
(1.950963455e-06 -5.421010862e-17 7.868748295e-08)
(1.951017969e-06 -5.616167253e-17 7.868763479e-08)
(1.951051537e-06 -5.757113536e-17 7.868772829e-08)
(1.951062873e-06 -5.799217784e-17 7.868775986e-08)
(1.951051537e-06 -5.757113536e-17 7.86877283e-08)
(1.951017969e-06 -5.616167253e-17 7.86876348e-08)
(1.950963455e-06 -5.421010862e-17 7.868748298e-08)
(1.950890092e-06 -5.117434254e-17 7.868727865e-08)
(1.950800698e-06 -4.770489559e-17 7.868702967e-08)
(1.950698709e-06 -4.380176777e-17 7.868674562e-08)
(1.950588046e-06 -3.989863995e-17 7.86864374e-08)
(1.95047296e-06 -3.556183126e-17 7.868611686e-08)
(1.950357874e-06 -3.122502257e-17 7.868579632e-08)
(1.950247211e-06 -2.645453301e-17 7.86854881e-08)
(1.950145222e-06 -2.255140519e-17 7.868520404e-08)
(1.950055828e-06 -1.908195824e-17 7.868495506e-08)
(1.949982465e-06 -1.604619215e-17 7.868475073e-08)
(1.949927952e-06 -1.409462824e-17 7.868459889e-08)
(1.949894383e-06 -1.290200585e-17 7.868450539e-08)
(1.806282915e-06 1.78051692e-17 7.199294483e-08)
(1.806294814e-06 1.745565498e-17 7.199297963e-08)
(1.806330054e-06 1.604619215e-17 7.199308273e-08)
(1.806387281e-06 1.431146868e-17 7.199325015e-08)
(1.806464296e-06 1.127570259e-17 7.199347546e-08)
(1.806558139e-06 7.806255642e-18 7.199375001e-08)
(1.806665204e-06 3.903127821e-18 7.199406324e-08)
(1.806781376e-06 -8.67361738e-19 7.199440311e-08)
(1.80690219e-06 -5.204170428e-18 7.199475657e-08)
(1.807023005e-06 -9.540979118e-18 7.199511003e-08)
(1.807139176e-06 -1.344410694e-17 7.19954499e-08)
(1.807246241e-06 -1.734723476e-17 7.199576314e-08)
(1.807340084e-06 -2.081668171e-17 7.199603769e-08)
(1.807417099e-06 -2.385244779e-17 7.199626301e-08)
(1.807474326e-06 -2.602085214e-17 7.199643044e-08)
(1.807509566e-06 -2.721347453e-17 7.199653354e-08)
(1.807521465e-06 -2.770473766e-17 7.199656836e-08)
(1.807509566e-06 -2.721347453e-17 7.199653355e-08)
(1.807474326e-06 -2.602085214e-17 7.199643046e-08)
(1.807417099e-06 -2.385244779e-17 7.199626304e-08)
(1.807340084e-06 -2.081668171e-17 7.199603772e-08)
(1.807246241e-06 -1.734723476e-17 7.199576318e-08)
(1.807139176e-06 -1.344410694e-17 7.199544995e-08)
(1.807023005e-06 -9.540979118e-18 7.199511007e-08)
(1.80690219e-06 -5.204170428e-18 7.199475662e-08)
(1.806781376e-06 -8.67361738e-19 7.199440316e-08)
(1.806665204e-06 3.903127821e-18 7.199406328e-08)
(1.806558139e-06 7.806255642e-18 7.199375005e-08)
(1.806464296e-06 1.127570259e-17 7.199347549e-08)
(1.806387281e-06 1.431146868e-17 7.199325018e-08)
(1.806330054e-06 1.604619215e-17 7.199308275e-08)
(1.806294814e-06 1.745565498e-17 7.199297964e-08)
(1.651786697e-06 6.096253239e-17 6.497896257e-08)
(1.651799146e-06 6.049848122e-17 6.497900076e-08)
(1.651836015e-06 5.919743862e-17 6.497911387e-08)
(1.651895887e-06 5.724587471e-17 6.497929757e-08)
(1.651976461e-06 5.421010862e-17 6.497954478e-08)
(1.652074641e-06 5.074066167e-17 6.497984601e-08)
(1.652186654e-06 4.683753385e-17 6.498018968e-08)
(1.652308193e-06 4.250072516e-17 6.498056258e-08)
(1.652434591e-06 3.816391647e-17 6.498095038e-08)
(1.652560989e-06 3.382710778e-17 6.498133819e-08)
(1.652682529e-06 2.949029909e-17 6.49817111e-08)
(1.652794542e-06 2.558717127e-17 6.498205477e-08)
(1.652892722e-06 2.211772432e-17 6.498235601e-08)
(1.652973296e-06 1.908195824e-17 6.498260322e-08)
(1.653033168e-06 1.713039433e-17 6.498278692e-08)
(1.653070036e-06 1.582935172e-17 6.498290005e-08)
(1.653082486e-06 1.545254821e-17 6.498293825e-08)
(1.653070036e-06 1.582935172e-17 6.498290005e-08)
(1.653033168e-06 1.713039433e-17 6.498278694e-08)
(1.652973296e-06 1.908195824e-17 6.498260325e-08)
(1.652892722e-06 2.211772432e-17 6.498235604e-08)
(1.652794542e-06 2.558717127e-17 6.498205481e-08)
(1.652682529e-06 2.949029909e-17 6.498171114e-08)
(1.652560989e-06 3.382710778e-17 6.498133824e-08)
(1.652434591e-06 3.816391647e-17 6.498095043e-08)
(1.652308193e-06 4.250072516e-17 6.498056262e-08)
(1.652186654e-06 4.683753385e-17 6.498018972e-08)
(1.652074641e-06 5.074066167e-17 6.497984604e-08)
(1.651976461e-06 5.421010862e-17 6.497954481e-08)
(1.651895887e-06 5.724587471e-17 6.497929759e-08)
(1.651836015e-06 5.919743862e-17 6.497911389e-08)
(1.651799146e-06 6.049848122e-17 6.497900077e-08)
(1.486250325e-06 1.191523452e-16 5.76571814e-08)
(1.486263299e-06 1.187201379e-16 5.765722317e-08)
(1.48630172e-06 1.173106751e-16 5.765734685e-08)
(1.486364114e-06 1.153591112e-16 5.765754772e-08)
(1.486448081e-06 1.123233451e-16 5.765781804e-08)
(1.486550396e-06 1.088538981e-16 5.765814744e-08)
(1.486667126e-06 1.049507703e-16 5.765852324e-08)
(1.486793785e-06 1.006139616e-16 5.765893101e-08)
(1.486925506e-06 9.627715292e-17 5.765935507e-08)
(1.487057228e-06 9.194034423e-17 5.765977914e-08)
(1.487183886e-06 8.760353554e-17 5.766018691e-08)
(1.487300616e-06 8.370040772e-17 5.766056272e-08)
(1.487402931e-06 8.023096076e-17 5.766089212e-08)
(1.487486899e-06 7.719519468e-17 5.766116245e-08)
(1.487549292e-06 7.524363077e-17 5.766136332e-08)
(1.487587713e-06 7.405100838e-17 5.766148702e-08)
(1.487600687e-06 7.364236385e-17 5.766152879e-08)
(1.487587713e-06 7.405100838e-17 5.766148703e-08)
(1.487549292e-06 7.524363077e-17 5.766136334e-08)
(1.487486899e-06 7.719519468e-17 5.766116247e-08)
(1.487402931e-06 8.023096076e-17 5.766089215e-08)
(1.487300616e-06 8.370040772e-17 5.766056275e-08)
(1.487183886e-06 8.760353554e-17 5.766018695e-08)
(1.487057228e-06 9.194034423e-17 5.765977918e-08)
(1.486925506e-06 9.627715292e-17 5.765935512e-08)
(1.486793785e-06 1.006139616e-16 5.765893105e-08)
(1.486667126e-06 1.049507703e-16 5.765852328e-08)
(1.486550396e-06 1.088538981e-16 5.765814748e-08)
(1.486448081e-06 1.123233451e-16 5.765781808e-08)
(1.486364114e-06 1.153591112e-16 5.765754775e-08)
(1.48630172e-06 1.173106751e-16 5.765734687e-08)
(1.486263299e-06 1.187201379e-16 5.765722317e-08)
(1.309384948e-06 1.943979848e-16 5.004190155e-08)
(1.309398411e-06 1.939637687e-16 5.004194699e-08)
(1.309438279e-06 1.927711463e-16 5.004208157e-08)
(1.309503023e-06 1.903859015e-16 5.004230011e-08)
(1.309590154e-06 1.873501354e-16 5.004259422e-08)
(1.309696324e-06 1.838806885e-16 5.004295261e-08)
(1.309817452e-06 1.799775606e-16 5.004336148e-08)
(1.309948883e-06 1.760744328e-16 5.004380514e-08)
(1.310085567e-06 1.717376241e-16 5.004426652e-08)
(1.310222251e-06 1.674008154e-16 5.004472791e-08)
(1.310353681e-06 1.626303259e-16 5.004517157e-08)
(1.31047481e-06 1.587271981e-16 5.004558045e-08)
(1.310580979e-06 1.552577511e-16 5.004593883e-08)
(1.31066811e-06 1.52221985e-16 5.004623295e-08)
(1.310732854e-06 1.50704102e-16 5.004645151e-08)
(1.310772723e-06 1.492946392e-16 5.004658609e-08)
(1.310786185e-06 1.488879264e-16 5.004663154e-08)
(1.310772723e-06 1.492946392e-16 5.00465861e-08)
(1.310732854e-06 1.50704102e-16 5.004645152e-08)
(1.31066811e-06 1.52221985e-16 5.004623298e-08)
(1.310580979e-06 1.552577511e-16 5.004593887e-08)
(1.31047481e-06 1.587271981e-16 5.004558048e-08)
(1.310353681e-06 1.626303259e-16 5.004517161e-08)
(1.310222251e-06 1.674008154e-16 5.004472795e-08)
(1.310085567e-06 1.717376241e-16 5.004426657e-08)
(1.309948883e-06 1.760744328e-16 5.004380518e-08)
(1.309817452e-06 1.799775606e-16 5.004336152e-08)
(1.309696324e-06 1.838806885e-16 5.004295264e-08)
(1.309590154e-06 1.873501354e-16 5.004259426e-08)
(1.309503023e-06 1.903859015e-16 5.004230014e-08)
(1.309438279e-06 1.927711463e-16 5.004208158e-08)
(1.309398411e-06 1.939637687e-16 5.0041947e-08)
(1.121056482e-06 2.882537677e-16 4.216057674e-08)
(1.121070385e-06 2.878556768e-16 4.216062611e-08)
(1.12111156e-06 2.866630544e-16 4.216077231e-08)
(1.121178424e-06 2.844946501e-16 4.216100975e-08)
(1.121268408e-06 2.81458884e-16 4.216132928e-08)
(1.121378055e-06 2.77989437e-16 4.216171863e-08)
(1.12150315e-06 2.740863092e-16 4.216216284e-08)
(1.121638885e-06 2.697495005e-16 4.216264484e-08)
(1.121780046e-06 2.654126918e-16 4.21631461e-08)
(1.121921206e-06 2.610758831e-16 4.216364736e-08)
(1.122056941e-06 2.567390744e-16 4.216412935e-08)
(1.122182036e-06 2.528359466e-16 4.216457357e-08)
(1.122291683e-06 2.493664997e-16 4.216496293e-08)
(1.122381668e-06 2.463307336e-16 4.216528246e-08)
(1.122448532e-06 2.445960101e-16 4.21655199e-08)
(1.122489707e-06 2.431865473e-16 4.216566612e-08)
(1.12250361e-06 2.427437124e-16 4.216571549e-08)
(1.122489707e-06 2.431865473e-16 4.216566613e-08)
(1.122448532e-06 2.445960101e-16 4.216551992e-08)
(1.122381668e-06 2.463307336e-16 4.216528249e-08)
(1.122291683e-06 2.493664997e-16 4.216496296e-08)
(1.122182036e-06 2.528359466e-16 4.216457361e-08)
(1.122056941e-06 2.567390744e-16 4.216412939e-08)
(1.121921206e-06 2.610758831e-16 4.21636474e-08)
(1.121780046e-06 2.654126918e-16 4.216314614e-08)
(1.121638885e-06 2.697495005e-16 4.216264488e-08)
(1.12150315e-06 2.740863092e-16 4.216216288e-08)
(1.121378055e-06 2.77989437e-16 4.216171867e-08)
(1.121268408e-06 2.81458884e-16 4.216132931e-08)
(1.121178424e-06 2.844946501e-16 4.216100977e-08)
(1.12111156e-06 2.866630544e-16 4.216077233e-08)
(1.121070385e-06 2.878556768e-16 4.216062612e-08)
(9.209654301e-07 4.016596818e-16 3.403906403e-08)
(9.209797205e-07 4.01263224e-16 3.403911732e-08)
(9.2102204e-07 4.000706016e-16 3.403927514e-08)
(9.210907641e-07 3.981190377e-16 3.403953143e-08)
(9.211832515e-07 3.950832717e-16 3.403987635e-08)
(9.21295948e-07 3.916138247e-16 3.404029663e-08)
(9.214245229e-07 3.877106969e-16 3.404077613e-08)
(9.215640331e-07 3.833738882e-16 3.404129641e-08)
(9.217091197e-07 3.790370795e-16 3.404183748e-08)
(9.218542063e-07 3.747002708e-16 3.404237856e-08)
(9.219937165e-07 3.703634621e-16 3.404289885e-08)
(9.221222914e-07 3.664603343e-16 3.404337835e-08)
(9.222349879e-07 3.629908873e-16 3.404379864e-08)
(9.223274753e-07 3.599551213e-16 3.404414356e-08)
(9.223961994e-07 3.580035574e-16 3.404439986e-08)
(9.224385189e-07 3.565940945e-16 3.404455769e-08)
(9.224528092e-07 3.561495497e-16 3.404461098e-08)
(9.224385189e-07 3.565940945e-16 3.40445577e-08)
(9.223961994e-07 3.580035574e-16 3.404439988e-08)
(9.223274753e-07 3.599551213e-16 3.404414358e-08)
(9.222349879e-07 3.629908873e-16 3.404379867e-08)
(9.221222914e-07 3.664603343e-16 3.404337839e-08)
(9.219937165e-07 3.703634621e-16 3.404289889e-08)
(9.218542063e-07 3.747002708e-16 3.404237861e-08)
(9.217091197e-07 3.790370795e-16 3.404183753e-08)
(9.215640331e-07 3.833738882e-16 3.404129645e-08)
(9.214245229e-07 3.877106969e-16 3.404077617e-08)
(9.21295948e-07 3.916138247e-16 3.404029667e-08)
(9.211832515e-07 3.950832717e-16 3.403987638e-08)
(9.210907641e-07 3.981190377e-16 3.403953146e-08)
(9.2102204e-07 4.000706016e-16 3.403927516e-08)
(9.209797205e-07 4.01263224e-16 3.403911733e-08)
(7.089883067e-07 5.344202598e-16 2.571743952e-08)
(7.09002911e-07 5.339695699e-16 2.571749717e-08)
(7.090461618e-07 5.325601071e-16 2.571766792e-08)
(7.09116398e-07 5.308253836e-16 2.57179452e-08)
(7.092109198e-07 5.277896176e-16 2.571831836e-08)
(7.093260961e-07 5.243201706e-16 2.571877305e-08)
(7.094574994e-07 5.204170428e-16 2.571929182e-08)
(7.096000791e-07 5.160802341e-16 2.57198547e-08)
(7.097483579e-07 5.117434254e-16 2.572044009e-08)
(7.098966366e-07 5.074066167e-16 2.572102547e-08)
(7.100392163e-07 5.03069808e-16 2.572158836e-08)
(7.101706196e-07 4.991666802e-16 2.572210713e-08)
(7.10285796e-07 4.956972333e-16 2.572256183e-08)
(7.103803177e-07 4.926614672e-16 2.5722935e-08)
(7.104505539e-07 4.904930628e-16 2.572321229e-08)
(7.104938047e-07 4.893004404e-16 2.572338304e-08)
(7.10508409e-07 4.88910131e-16 2.57234407e-08)
(7.104938047e-07 4.893004404e-16 2.572338305e-08)
(7.104505539e-07 4.904930628e-16 2.57232123e-08)
(7.103803177e-07 4.926614672e-16 2.572293502e-08)
(7.10285796e-07 4.956972333e-16 2.572256187e-08)
(7.101706196e-07 4.991666802e-16 2.572210717e-08)
(7.100392163e-07 5.03069808e-16 2.57215884e-08)
(7.098966366e-07 5.074066167e-16 2.572102552e-08)
(7.097483579e-07 5.117434254e-16 2.572044013e-08)
(7.096000791e-07 5.160802341e-16 2.571985475e-08)
(7.094574994e-07 5.204170428e-16 2.571929186e-08)
(7.093260961e-07 5.243201706e-16 2.571877309e-08)
(7.092109198e-07 5.277896176e-16 2.571831839e-08)
(7.09116398e-07 5.308253836e-16 2.571794522e-08)
(7.090461618e-07 5.325601071e-16 2.571766793e-08)
(7.09002911e-07 5.339695699e-16 2.571749718e-08)
(4.848148407e-07 6.849911038e-16 1.723573079e-08)
(4.8482968e-07 6.845652517e-16 1.723579247e-08)
(4.848736261e-07 6.832642091e-16 1.723597515e-08)
(4.849449922e-07 6.813126452e-16 1.72362718e-08)
(4.85041034e-07 6.782768791e-16 1.723667103e-08)
(4.851580622e-07 6.748074322e-16 1.72371575e-08)
(4.852915785e-07 6.709043043e-16 1.723771251e-08)
(4.85436451e-07 6.661338148e-16 1.723831472e-08)
(4.855871141e-07 6.617970061e-16 1.723894101e-08)
(4.857377771e-07 6.574601974e-16 1.72395673e-08)
(4.858826497e-07 6.535570696e-16 1.724016951e-08)
(4.86016166e-07 6.496539418e-16 1.724072453e-08)
(4.861331941e-07 6.461844948e-16 1.7241211e-08)
(4.86229236e-07 6.431487287e-16 1.724161024e-08)
(4.86300602e-07 6.411971648e-16 1.72419069e-08)
(4.863445482e-07 6.398961222e-16 1.724208958e-08)
(4.863593874e-07 6.394809787e-16 1.724215127e-08)
(4.863445482e-07 6.398961222e-16 1.724208959e-08)
(4.86300602e-07 6.411971648e-16 1.724190692e-08)
(4.86229236e-07 6.431487287e-16 1.724161026e-08)
(4.861331941e-07 6.461844948e-16 1.724121103e-08)
(4.86016166e-07 6.496539418e-16 1.724072456e-08)
(4.858826497e-07 6.535570696e-16 1.724016956e-08)
(4.857377771e-07 6.574601974e-16 1.723956734e-08)
(4.855871141e-07 6.617970061e-16 1.723894106e-08)
(4.85436451e-07 6.661338148e-16 1.723831477e-08)
(4.852915785e-07 6.709043043e-16 1.723771255e-08)
(4.851580622e-07 6.748074322e-16 1.723715754e-08)
(4.85041034e-07 6.782768791e-16 1.723667106e-08)
(4.849449922e-07 6.813126452e-16 1.723627183e-08)
(4.848736261e-07 6.832642091e-16 1.723597517e-08)
(4.8482968e-07 6.845652517e-16 1.723579248e-08)
(2.483315535e-07 8.497564863e-16 8.645283851e-09)
(2.48346542e-07 8.493639819e-16 8.645350573e-09)
(2.4839093e-07 8.480629393e-16 8.645548179e-09)
(2.484630133e-07 8.461113754e-16 8.645869081e-09)
(2.485600206e-07 8.430756093e-16 8.646300943e-09)
(2.486782251e-07 8.396061624e-16 8.646827175e-09)
(2.488130839e-07 8.357030346e-16 8.647427548e-09)
(2.489594126e-07 8.30932545e-16 8.648078986e-09)
(2.4911159e-07 8.265957363e-16 8.648756463e-09)
(2.492637674e-07 8.222589276e-16 8.64943394e-09)
(2.494100961e-07 8.183557998e-16 8.650085381e-09)
(2.495449549e-07 8.14452672e-16 8.650685758e-09)
(2.496631595e-07 8.10983225e-16 8.651211995e-09)
(2.497601668e-07 8.079474589e-16 8.651643864e-09)
(2.4983225e-07 8.05995895e-16 8.651964774e-09)
(2.49876638e-07 8.046948524e-16 8.652162388e-09)
(2.498916265e-07 8.042465247e-16 8.65222912e-09)
(2.49876638e-07 8.046948524e-16 8.652162398e-09)
(2.4983225e-07 8.05995895e-16 8.651964792e-09)
(2.497601668e-07 8.079474589e-16 8.65164389e-09)
(2.496631595e-07 8.10983225e-16 8.651212028e-09)
(2.495449549e-07 8.14452672e-16 8.650685796e-09)
(2.494100961e-07 8.183557998e-16 8.650085423e-09)
(2.492637674e-07 8.222589276e-16 8.649433985e-09)
(2.4911159e-07 8.265957363e-16 8.648756508e-09)
(2.489594126e-07 8.30932545e-16 8.648079031e-09)
(2.488130839e-07 8.357030346e-16 8.64742759e-09)
(2.486782251e-07 8.396061624e-16 8.646827213e-09)
(2.485600206e-07 8.430756093e-16 8.646300976e-09)
(2.484630133e-07 8.461113754e-16 8.645869107e-09)
(2.4839093e-07 8.480629393e-16 8.645548196e-09)
(2.48346542e-07 8.493639819e-16 8.645350582e-09)
(-7.825033954e-10 2.275489963e-17 -3.666206227e-12)
(-7.67467867e-10 2.233456475e-17 -3.595764311e-12)
(-7.229394861e-10 2.103352215e-17 -3.387142997e-12)
(-6.5062844e-10 1.908195824e-17 -3.048352803e-12)
(-5.533142833e-10 1.604619215e-17 -2.592418034e-12)
(-4.347353588e-10 1.25767452e-17 -2.036852891e-12)
(-2.994502424e-10 8.67361738e-18 -1.40301399e-12)
(-1.526587745e-10 4.33680869e-18 -7.15263352e-13)
(0 0 -2.275472846e-17)
(1.526587745e-10 -4.33680869e-18 7.152186829e-13)
(2.994502424e-10 -8.67361738e-18 1.402971923e-12)
(4.347353588e-10 -1.25767452e-17 2.036815161e-12)
(5.533142833e-10 -1.604619215e-17 2.592385508e-12)
(6.5062844e-10 -1.908195824e-17 3.048327649e-12)
(7.229394861e-10 -2.103352215e-17 3.387125649e-12)
(7.67467867e-10 -2.233456475e-17 3.595755638e-12)
(7.825033954e-10 -2.275489963e-17 3.666206227e-12)
(7.67467867e-10 -2.233456475e-17 3.595764311e-12)
(7.229394861e-10 -2.103352215e-17 3.387142997e-12)
(6.5062844e-10 -1.908195824e-17 3.048352803e-12)
(5.533142833e-10 -1.604619215e-17 2.592418034e-12)
(4.347353588e-10 -1.25767452e-17 2.036852891e-12)
(2.994502424e-10 -8.67361738e-18 1.40301399e-12)
(1.526587745e-10 -4.33680869e-18 7.15263352e-13)
(0 0 2.275507704e-17)
(-1.526587745e-10 4.33680869e-18 -7.152186829e-13)
(-2.994502424e-10 8.67361738e-18 -1.402971923e-12)
(-4.347353588e-10 1.25767452e-17 -2.036815161e-12)
(-5.533142833e-10 1.604619215e-17 -2.592385508e-12)
(-6.5062844e-10 1.908195824e-17 -3.048327649e-12)
(-7.229394861e-10 2.103352215e-17 -3.387125649e-12)
(-7.67467867e-10 2.233456475e-17 -3.595755638e-12)
)
;

boundaryField
{
    left
    {
        type            calculated;
    }
    right
    {
        type            calculated;
    }
    beam
    {
        type            empty;
    }
}


// ************************************************************************* //
