/*--------------------------------*- C++ -*----------------------------------*\
| =========                 |                                                 |
| \\      /  F ield         | OpenFOAM: The Open Source CFD Toolbox           |
|  \\    /   O peration     | Version:  2312                                  |
|   \\  /    A nd           | Website:  www.openfoam.com                      |
|    \\/     M anipulation  |                                                 |
\*---------------------------------------------------------------------------*/
FoamFile
{
    version     2.0;
    format      ascii;
    arch        "LSB;label=32;scalar=64";
    class       pointVectorField;
    location    "0.05/beam";
    object      pointW;
}
// * * * * * * * * * * * * * * * * * * * * * * * * * * * * * * * * * * * * * //

dimensions      [0 1 0 0 0 0 0];

internalField   nonuniform List<vector> 
1952
(
(1.579326471e-08 2.212674972e-17 -3.635105238e-12)
(1.548979713e-08 2.168404345e-17 -3.565260934e-12)
(1.45910814e-08 2.038300084e-17 -3.358409904e-12)
(1.313162581e-08 1.82145965e-17 -3.022493714e-12)
(1.116753592e-08 1.561251128e-17 -2.570426077e-12)
(8.774264073e-09 1.214306433e-17 -2.019574178e-12)
(6.04380602e-09 8.67361738e-18 -1.391111618e-12)
(3.081111958e-09 4.33680869e-18 -7.091953977e-13)
(-3.241016293e-18 0 -2.212676253e-17)
(-3.081111964e-09 -4.33680869e-18 7.091519212e-13)
(-6.043806026e-09 -8.67361738e-18 1.391070852e-12)
(-8.774264078e-09 -1.214306433e-17 2.019537315e-12)
(-1.116753593e-08 -1.561251128e-17 2.570394852e-12)
(-1.313162581e-08 -1.82145965e-17 3.022468994e-12)
(-1.45910814e-08 -2.038300084e-17 3.358392991e-12)
(-1.548979713e-08 -2.168404345e-17 3.56525226e-12)
(-1.579326471e-08 -2.212674972e-17 3.635105238e-12)
(-1.548979713e-08 -2.168404345e-17 3.565260934e-12)
(-1.45910814e-08 -2.038300084e-17 3.358409904e-12)
(-1.313162581e-08 -1.82145965e-17 3.022493714e-12)
(-1.116753592e-08 -1.561251128e-17 2.570426077e-12)
(-8.774264073e-09 -1.214306433e-17 2.019574178e-12)
(-6.04380602e-09 -8.67361738e-18 1.391111618e-12)
(-3.081111958e-09 -4.33680869e-18 7.091953977e-13)
(3.241014795e-18 0 2.212676253e-17)
(3.081111964e-09 4.33680869e-18 -7.091519212e-13)
(6.043806026e-09 8.67361738e-18 -1.391070852e-12)
(8.774264078e-09 1.214306433e-17 -2.019537315e-12)
(1.116753593e-08 1.561251128e-17 -2.570394852e-12)
(1.313162581e-08 1.82145965e-17 -3.022468994e-12)
(1.45910814e-08 2.038300084e-17 -3.358392991e-12)
(1.548979713e-08 2.168404345e-17 -3.56525226e-12)
(6.615984477e-07 9.860139679e-16 1.65633047e-07)
(6.613271065e-07 9.855397748e-16 1.656331133e-07)
(6.605235326e-07 9.842387322e-16 1.656333095e-07)
(6.592185811e-07 9.818534874e-16 1.656336281e-07)
(6.57462418e-07 9.792514022e-16 1.656340569e-07)
(6.553225079e-07 9.757819552e-16 1.656345793e-07)
(6.528811076e-07 9.723125083e-16 1.656351754e-07)
(6.502320567e-07 9.679756996e-16 1.656358222e-07)
(6.474771242e-07 9.636388909e-16 1.656364948e-07)
(6.447221916e-07 9.593020822e-16 1.656371675e-07)
(6.420731408e-07 9.549652735e-16 1.656378143e-07)
(6.396317404e-07 9.514958266e-16 1.656384103e-07)
(6.374918304e-07 9.480263796e-16 1.656389328e-07)
(6.357356673e-07 9.454242944e-16 1.656393616e-07)
(6.344307158e-07 9.434727305e-16 1.656396802e-07)
(6.336271419e-07 9.421716879e-16 1.656398764e-07)
(6.333558006e-07 9.41760307e-16 1.656399427e-07)
(6.336271419e-07 9.421716879e-16 1.656398764e-07)
(6.344307158e-07 9.434727305e-16 1.656396802e-07)
(6.357356673e-07 9.454242944e-16 1.656393616e-07)
(6.374918304e-07 9.480263796e-16 1.656389328e-07)
(6.396317405e-07 9.514958266e-16 1.656384104e-07)
(6.420731408e-07 9.549652735e-16 1.656378143e-07)
(6.447221916e-07 9.593020822e-16 1.656371675e-07)
(6.474771242e-07 9.636388909e-16 1.656364949e-07)
(6.502320567e-07 9.679756996e-16 1.656358222e-07)
(6.528811076e-07 9.723125083e-16 1.656351755e-07)
(6.553225079e-07 9.757819552e-16 1.656345794e-07)
(6.57462418e-07 9.792514022e-16 1.656340569e-07)
(6.592185811e-07 9.818534874e-16 1.656336281e-07)
(6.605235326e-07 9.842387322e-16 1.656333095e-07)
(6.613271065e-07 9.855397748e-16 1.656331133e-07)
(1.304073852e-06 9.489388604e-16 2.943080542e-07)
(1.30389871e-06 9.484600605e-16 2.943081157e-07)
(1.303380028e-06 9.471590179e-16 2.943082978e-07)
(1.302537724e-06 9.449906135e-16 2.943085935e-07)
(1.301404176e-06 9.423885283e-16 2.943089914e-07)
(1.300022933e-06 9.389190814e-16 2.943094763e-07)
(1.298447087e-06 9.354496344e-16 2.943100296e-07)
(1.296737209e-06 9.306791449e-16 2.943106299e-07)
(1.294958988e-06 9.263423362e-16 2.943112541e-07)
(1.293180767e-06 9.220055275e-16 2.943118784e-07)
(1.291470889e-06 9.181023997e-16 2.943124787e-07)
(1.289895043e-06 9.146329527e-16 2.943130319e-07)
(1.288513799e-06 9.111635058e-16 2.943135168e-07)
(1.287380252e-06 9.085614205e-16 2.943139148e-07)
(1.286537948e-06 9.063930162e-16 2.943142105e-07)
(1.286019266e-06 9.050919736e-16 2.943143926e-07)
(1.285844124e-06 9.046850385e-16 2.943144541e-07)
(1.286019266e-06 9.050919736e-16 2.943143926e-07)
(1.286537948e-06 9.063930162e-16 2.943142105e-07)
(1.287380252e-06 9.085614205e-16 2.943139148e-07)
(1.288513799e-06 9.111635058e-16 2.943135169e-07)
(1.289895043e-06 9.146329527e-16 2.94313032e-07)
(1.291470889e-06 9.181023997e-16 2.943124787e-07)
(1.293180767e-06 9.220055275e-16 2.943118784e-07)
(1.294958988e-06 9.263423362e-16 2.943112542e-07)
(1.296737209e-06 9.306791449e-16 2.943106299e-07)
(1.298447087e-06 9.354496344e-16 2.943100296e-07)
(1.300022933e-06 9.389190814e-16 2.943094764e-07)
(1.301404177e-06 9.423885283e-16 2.943089915e-07)
(1.302537724e-06 9.449906135e-16 2.943085935e-07)
(1.303380028e-06 9.471590179e-16 2.943082978e-07)
(1.30389871e-06 9.484600605e-16 2.943081157e-07)
(1.943252634e-06 9.099234138e-16 3.492824676e-07)
(1.943237169e-06 9.094287823e-16 3.492825252e-07)
(1.943191371e-06 9.083445801e-16 3.49282696e-07)
(1.943116996e-06 9.059593353e-16 3.492829732e-07)
(1.943016906e-06 9.033572501e-16 3.492833464e-07)
(1.942894944e-06 8.998878032e-16 3.492838011e-07)
(1.942755799e-06 8.964183562e-16 3.492843199e-07)
(1.94260482e-06 8.916478667e-16 3.492848828e-07)
(1.942447806e-06 8.87311058e-16 3.492854682e-07)
(1.942290791e-06 8.829742493e-16 3.492860535e-07)
(1.942139812e-06 8.790711215e-16 3.492866164e-07)
(1.942000667e-06 8.756016745e-16 3.492871352e-07)
(1.941878705e-06 8.721322275e-16 3.492875899e-07)
(1.941778615e-06 8.695301423e-16 3.492879631e-07)
(1.941704241e-06 8.675785784e-16 3.492882404e-07)
(1.941658442e-06 8.660606954e-16 3.492884111e-07)
(1.941642977e-06 8.656695916e-16 3.492884688e-07)
(1.941658442e-06 8.660606954e-16 3.492884111e-07)
(1.941704241e-06 8.675785784e-16 3.492882404e-07)
(1.941778615e-06 8.695301423e-16 3.492879631e-07)
(1.941878705e-06 8.721322275e-16 3.492875899e-07)
(1.942000667e-06 8.756016745e-16 3.492871352e-07)
(1.942139812e-06 8.790711215e-16 3.492866165e-07)
(1.942290791e-06 8.829742493e-16 3.492860536e-07)
(1.942447806e-06 8.87311058e-16 3.492854682e-07)
(1.94260482e-06 8.916478667e-16 3.492848828e-07)
(1.942755799e-06 8.964183562e-16 3.492843199e-07)
(1.942894944e-06 8.998878032e-16 3.492838011e-07)
(1.943016906e-06 9.033572501e-16 3.492833464e-07)
(1.943116996e-06 9.059593353e-16 3.492829733e-07)
(1.943191371e-06 9.083445801e-16 3.49282696e-07)
(1.943237169e-06 9.094287823e-16 3.492825252e-07)
(2.579199766e-06 8.679771231e-16 2.943384339e-07)
(2.579406242e-06 8.674701582e-16 2.943384869e-07)
(2.580017718e-06 8.662775358e-16 2.943386439e-07)
(2.581010715e-06 8.643259719e-16 2.943388988e-07)
(2.58234706e-06 8.617238867e-16 2.94339242e-07)
(2.583975414e-06 8.582544397e-16 2.943396601e-07)
(2.585833187e-06 8.547849928e-16 2.943401371e-07)
(2.58784897e-06 8.500145032e-16 2.943406547e-07)
(2.589945324e-06 8.456776945e-16 2.94341193e-07)
(2.592041677e-06 8.413408858e-16 2.943417312e-07)
(2.594057461e-06 8.37437758e-16 2.943422488e-07)
(2.595915233e-06 8.339683111e-16 2.943427258e-07)
(2.597543588e-06 8.304988641e-16 2.94343144e-07)
(2.598879933e-06 8.278967789e-16 2.943434871e-07)
(2.59987293e-06 8.255115341e-16 2.943437421e-07)
(2.600484405e-06 8.241020713e-16 2.943438991e-07)
(2.600690881e-06 8.23723301e-16 2.943439521e-07)
(2.600484405e-06 8.241020713e-16 2.943438991e-07)
(2.59987293e-06 8.255115341e-16 2.943437421e-07)
(2.598879933e-06 8.278967789e-16 2.943434871e-07)
(2.597543588e-06 8.304988641e-16 2.94343144e-07)
(2.595915233e-06 8.339683111e-16 2.943427259e-07)
(2.594057461e-06 8.37437758e-16 2.943422489e-07)
(2.592041677e-06 8.413408858e-16 2.943417313e-07)
(2.589945324e-06 8.456776945e-16 2.94341193e-07)
(2.58784897e-06 8.500145032e-16 2.943406547e-07)
(2.585833187e-06 8.547849928e-16 2.943401371e-07)
(2.583975414e-06 8.582544397e-16 2.943396601e-07)
(2.58234706e-06 8.617238867e-16 2.94339242e-07)
(2.581010715e-06 8.643259719e-16 2.943388989e-07)
(2.580017718e-06 8.662775358e-16 2.943386439e-07)
(2.579406242e-06 8.674701582e-16 2.943384869e-07)
(3.212028699e-06 8.221007108e-16 9.422624137e-08)
(3.21251723e-06 8.217168265e-16 9.422628918e-08)
(3.213964011e-06 8.203073637e-16 9.42264308e-08)
(3.216313488e-06 8.183557998e-16 9.422666077e-08)
(3.219475341e-06 8.157537146e-16 9.422697026e-08)
(3.223328105e-06 8.122842676e-16 9.422734739e-08)
(3.227723682e-06 8.088148207e-16 9.422777765e-08)
(3.232493119e-06 8.040443311e-16 9.42282445e-08)
(3.23745319e-06 7.997075224e-16 9.422873001e-08)
(3.24241326e-06 7.953707137e-16 9.422921553e-08)
(3.247182697e-06 7.914675859e-16 9.422968239e-08)
(3.251578274e-06 7.87998139e-16 9.423011265e-08)
(3.255431038e-06 7.84528692e-16 9.423048978e-08)
(3.258592891e-06 7.819266068e-16 9.423079928e-08)
(3.260942368e-06 7.79541362e-16 9.423102926e-08)
(3.262389149e-06 7.783487396e-16 9.423117088e-08)
(3.262877681e-06 7.778469676e-16 9.42312187e-08)
(3.262389149e-06 7.783487396e-16 9.423117089e-08)
(3.260942368e-06 7.79541362e-16 9.423102928e-08)
(3.258592891e-06 7.819266068e-16 9.42307993e-08)
(3.255431038e-06 7.84528692e-16 9.423048981e-08)
(3.251578274e-06 7.87998139e-16 9.423011268e-08)
(3.247182697e-06 7.914675859e-16 9.422968243e-08)
(3.24241326e-06 7.953707137e-16 9.422921557e-08)
(3.23745319e-06 7.997075224e-16 9.422873006e-08)
(3.232493119e-06 8.040443311e-16 9.422824454e-08)
(3.227723682e-06 8.088148207e-16 9.422777769e-08)
(3.223328105e-06 8.122842676e-16 9.422734743e-08)
(3.219475341e-06 8.157537146e-16 9.42269703e-08)
(3.216313488e-06 8.183557998e-16 9.42266608e-08)
(3.213964011e-06 8.203073637e-16 9.422643081e-08)
(3.21251723e-06 8.217168265e-16 9.422628919e-08)
(3.841922548e-06 7.712965621e-16 -2.846788516e-07)
(3.842749756e-06 7.708677446e-16 -2.846788106e-07)
(3.84519952e-06 7.69566702e-16 -2.846786892e-07)
(3.849177778e-06 7.676151381e-16 -2.84678492e-07)
(3.854531593e-06 7.650130529e-16 -2.846782267e-07)
(3.861055293e-06 7.61543606e-16 -2.846779034e-07)
(3.868498113e-06 7.58074159e-16 -2.846775346e-07)
(3.876573974e-06 7.537373503e-16 -2.846771344e-07)
(3.884972624e-06 7.494005416e-16 -2.846767182e-07)
(3.893371274e-06 7.450637329e-16 -2.84676302e-07)
(3.901447134e-06 7.407269242e-16 -2.846759018e-07)
(3.908889954e-06 7.372574773e-16 -2.846755329e-07)
(3.915413655e-06 7.337880303e-16 -2.846752096e-07)
(3.92076747e-06 7.311859451e-16 -2.846749443e-07)
(3.924745728e-06 7.288007003e-16 -2.846747472e-07)
(3.927195492e-06 7.274996577e-16 -2.846746258e-07)
(3.928022699e-06 7.270428151e-16 -2.846745848e-07)
(3.927195492e-06 7.274996577e-16 -2.846746258e-07)
(3.924745728e-06 7.288007003e-16 -2.846747472e-07)
(3.92076747e-06 7.311859451e-16 -2.846749443e-07)
(3.915413655e-06 7.337880303e-16 -2.846752096e-07)
(3.908889954e-06 7.372574773e-16 -2.846755329e-07)
(3.901447134e-06 7.407269242e-16 -2.846759017e-07)
(3.893371274e-06 7.450637329e-16 -2.846763019e-07)
(3.884972624e-06 7.494005416e-16 -2.846767181e-07)
(3.876573974e-06 7.537373503e-16 -2.846771344e-07)
(3.868498113e-06 7.58074159e-16 -2.846775346e-07)
(3.861055293e-06 7.61543606e-16 -2.846779034e-07)
(3.854531593e-06 7.650130529e-16 -2.846782267e-07)
(3.849177778e-06 7.676151381e-16 -2.84678492e-07)
(3.84519952e-06 7.69566702e-16 -2.846786892e-07)
(3.842749756e-06 7.708677446e-16 -2.846788106e-07)
(4.469162009e-06 7.145872783e-16 -8.734471241e-07)
(4.470379135e-06 7.140555508e-16 -8.73447092e-07)
(4.473983641e-06 7.129713486e-16 -8.734469969e-07)
(4.479837124e-06 7.108029443e-16 -8.734468423e-07)
(4.487714558e-06 7.082008591e-16 -8.734466344e-07)
(4.497313326e-06 7.047314121e-16 -8.73446381e-07)
(4.508264456e-06 7.012619652e-16 -8.734460919e-07)
(4.520147023e-06 6.964914756e-16 -8.734457782e-07)
(4.532504531e-06 6.921546669e-16 -8.734454519e-07)
(4.54486204e-06 6.878178582e-16 -8.734451257e-07)
(4.556744606e-06 6.839147304e-16 -8.73444812e-07)
(4.567695737e-06 6.804452835e-16 -8.734445229e-07)
(4.577294504e-06 6.769758365e-16 -8.734442695e-07)
(4.585171939e-06 6.743737513e-16 -8.734440615e-07)
(4.591025421e-06 6.722053469e-16 -8.734439069e-07)
(4.594629928e-06 6.706874639e-16 -8.734438118e-07)
(4.595847054e-06 6.703336033e-16 -8.734437796e-07)
(4.594629928e-06 6.706874639e-16 -8.734438118e-07)
(4.591025421e-06 6.722053469e-16 -8.734439069e-07)
(4.585171939e-06 6.743737513e-16 -8.734440615e-07)
(4.577294504e-06 6.769758365e-16 -8.734442694e-07)
(4.567695737e-06 6.804452835e-16 -8.734445228e-07)
(4.556744606e-06 6.839147304e-16 -8.734448119e-07)
(4.54486204e-06 6.878178582e-16 -8.734451256e-07)
(4.532504531e-06 6.921546669e-16 -8.734454519e-07)
(4.520147023e-06 6.964914756e-16 -8.734457781e-07)
(4.508264456e-06 7.012619652e-16 -8.734460918e-07)
(4.497313326e-06 7.047314121e-16 -8.734463809e-07)
(4.487714558e-06 7.082008591e-16 -8.734466343e-07)
(4.479837124e-06 7.108029443e-16 -8.734468423e-07)
(4.473983641e-06 7.129713486e-16 -8.734469968e-07)
(4.470379135e-06 7.140555508e-16 -8.73447092e-07)
(5.094158544e-06 6.510318102e-16 -1.699326691e-06)
(5.095808937e-06 6.506297237e-16 -1.69932667e-06)
(5.100696558e-06 6.492202609e-16 -1.699326609e-06)
(5.108633733e-06 6.470518565e-16 -1.699326511e-06)
(5.119315337e-06 6.444497713e-16 -1.699326378e-06)
(5.132331026e-06 6.409803244e-16 -1.699326217e-06)
(5.147180484e-06 6.375108774e-16 -1.699326033e-06)
(5.163292946e-06 6.331740687e-16 -1.699325833e-06)
(5.180049419e-06 6.2883726e-16 -1.699325625e-06)
(5.196805891e-06 6.245004514e-16 -1.699325417e-06)
(5.212918353e-06 6.201636427e-16 -1.699325217e-06)
(5.227767812e-06 6.166941957e-16 -1.699325033e-06)
(5.2407835e-06 6.132247488e-16 -1.699324871e-06)
(5.251465104e-06 6.106226635e-16 -1.699324739e-06)
(5.25940228e-06 6.084542592e-16 -1.69932464e-06)
(5.2642899e-06 6.072616368e-16 -1.69932458e-06)
(5.265940293e-06 6.067781218e-16 -1.699324559e-06)
(5.2642899e-06 6.072616368e-16 -1.69932458e-06)
(5.25940228e-06 6.084542592e-16 -1.69932464e-06)
(5.251465104e-06 6.106226635e-16 -1.699324739e-06)
(5.2407835e-06 6.132247488e-16 -1.699324871e-06)
(5.227767812e-06 6.166941957e-16 -1.699325033e-06)
(5.212918353e-06 6.201636427e-16 -1.699325217e-06)
(5.196805891e-06 6.245004514e-16 -1.699325417e-06)
(5.180049419e-06 6.2883726e-16 -1.699325625e-06)
(5.163292946e-06 6.331740687e-16 -1.699325833e-06)
(5.147180484e-06 6.375108774e-16 -1.699326033e-06)
(5.132331026e-06 6.409803244e-16 -1.699326217e-06)
(5.119315337e-06 6.444497713e-16 -1.699326378e-06)
(5.108633733e-06 6.470518565e-16 -1.699326511e-06)
(5.100696558e-06 6.492202609e-16 -1.699326609e-06)
(5.095808937e-06 6.506297237e-16 -1.69932667e-06)
(5.717487355e-06 5.797684925e-16 -2.784109907e-06)
(5.719603314e-06 5.79397641e-16 -2.784109901e-06)
(5.725869701e-06 5.778797579e-16 -2.784109884e-06)
(5.736045905e-06 5.75928194e-16 -2.784109857e-06)
(5.749740723e-06 5.733261088e-16 -2.78410982e-06)
(5.766428056e-06 5.698566619e-16 -2.784109775e-06)
(5.785466455e-06 5.663872149e-16 -2.784109724e-06)
(5.806124143e-06 5.620504062e-16 -2.784109668e-06)
(5.827607512e-06 5.577135975e-16 -2.784109611e-06)
(5.849090881e-06 5.533767888e-16 -2.784109553e-06)
(5.869748569e-06 5.490399801e-16 -2.784109497e-06)
(5.888786967e-06 5.455705332e-16 -2.784109446e-06)
(5.905474301e-06 5.421010862e-16 -2.784109401e-06)
(5.919169119e-06 5.39499001e-16 -2.784109365e-06)
(5.929345322e-06 5.371137562e-16 -2.784109337e-06)
(5.93561171e-06 5.360295541e-16 -2.78410932e-06)
(5.937727669e-06 5.355148646e-16 -2.784109315e-06)
(5.93561171e-06 5.360295541e-16 -2.78410932e-06)
(5.929345322e-06 5.371137562e-16 -2.784109337e-06)
(5.919169119e-06 5.39499001e-16 -2.784109365e-06)
(5.905474301e-06 5.421010862e-16 -2.784109401e-06)
(5.888786967e-06 5.455705332e-16 -2.784109446e-06)
(5.869748569e-06 5.490399801e-16 -2.784109497e-06)
(5.849090881e-06 5.533767888e-16 -2.784109553e-06)
(5.827607512e-06 5.577135975e-16 -2.784109611e-06)
(5.806124143e-06 5.620504062e-16 -2.784109668e-06)
(5.785466455e-06 5.663872149e-16 -2.784109724e-06)
(5.766428056e-06 5.698566619e-16 -2.784109775e-06)
(5.749740723e-06 5.733261088e-16 -2.78410982e-06)
(5.736045905e-06 5.75928194e-16 -2.784109857e-06)
(5.725869701e-06 5.778797579e-16 -2.784109884e-06)
(5.719603314e-06 5.79397641e-16 -2.784109901e-06)
(6.339924556e-06 5.000501752e-16 -4.142112806e-06)
(6.342523468e-06 4.996003611e-16 -4.142112818e-06)
(6.350220115e-06 4.982993185e-16 -4.142112855e-06)
(6.362718967e-06 4.961309141e-16 -4.142112914e-06)
(6.379539533e-06 4.935288289e-16 -4.142112994e-06)
(6.400035635e-06 4.90059382e-16 -4.142113092e-06)
(6.423419417e-06 4.86589935e-16 -4.142113203e-06)
(6.44879208e-06 4.822531263e-16 -4.142113324e-06)
(6.475178879e-06 4.779163176e-16 -4.142113449e-06)
(6.501565679e-06 4.735795089e-16 -4.142113575e-06)
(6.526938342e-06 4.692427003e-16 -4.142113696e-06)
(6.550322124e-06 4.657732533e-16 -4.142113807e-06)
(6.570818226e-06 4.623038063e-16 -4.142113905e-06)
(6.587638791e-06 4.597017211e-16 -4.142113985e-06)
(6.600137643e-06 4.575333168e-16 -4.142114044e-06)
(6.607834291e-06 4.562322742e-16 -4.142114081e-06)
(6.610433202e-06 4.557965227e-16 -4.142114093e-06)
(6.607834291e-06 4.562322742e-16 -4.142114081e-06)
(6.600137643e-06 4.575333168e-16 -4.142114044e-06)
(6.587638791e-06 4.597017211e-16 -4.142113985e-06)
(6.570818226e-06 4.623038063e-16 -4.142113905e-06)
(6.550322124e-06 4.657732533e-16 -4.142113807e-06)
(6.526938342e-06 4.692427003e-16 -4.142113696e-06)
(6.501565679e-06 4.735795089e-16 -4.142113575e-06)
(6.475178879e-06 4.779163176e-16 -4.142113449e-06)
(6.44879208e-06 4.822531263e-16 -4.142113324e-06)
(6.423419417e-06 4.86589935e-16 -4.142113203e-06)
(6.400035635e-06 4.90059382e-16 -4.142113092e-06)
(6.379539533e-06 4.935288289e-16 -4.142112994e-06)
(6.362718967e-06 4.961309141e-16 -4.142112914e-06)
(6.350220115e-06 4.982993185e-16 -4.142112855e-06)
(6.342523468e-06 4.996003611e-16 -4.142112818e-06)
(6.962484582e-06 4.113013267e-16 -5.777743928e-06)
(6.965564345e-06 4.109126234e-16 -5.777743961e-06)
(6.974685028e-06 4.093947403e-16 -5.77774406e-06)
(6.989496422e-06 4.07226336e-16 -5.777744219e-06)
(7.009429135e-06 4.046242508e-16 -5.777744434e-06)
(7.033717432e-06 4.011548038e-16 -5.777744696e-06)
(7.061427689e-06 3.976853569e-16 -5.777744995e-06)
(7.09149481e-06 3.93782229e-16 -5.777745319e-06)
(7.122763704e-06 3.894454204e-16 -5.777745656e-06)
(7.154032598e-06 3.851086117e-16 -5.777745993e-06)
(7.184099719e-06 3.803381221e-16 -5.777746318e-06)
(7.211809976e-06 3.768686752e-16 -5.777746616e-06)
(7.236098274e-06 3.733992282e-16 -5.777746878e-06)
(7.256030986e-06 3.70797143e-16 -5.777747093e-06)
(7.27084238e-06 3.686287386e-16 -5.777747253e-06)
(7.279963063e-06 3.675445365e-16 -5.777747351e-06)
(7.283042826e-06 3.670476468e-16 -5.777747384e-06)
(7.279963063e-06 3.675445365e-16 -5.777747351e-06)
(7.27084238e-06 3.686287386e-16 -5.777747253e-06)
(7.256030986e-06 3.70797143e-16 -5.777747093e-06)
(7.236098274e-06 3.733992282e-16 -5.777746878e-06)
(7.211809976e-06 3.768686752e-16 -5.777746616e-06)
(7.184099719e-06 3.803381221e-16 -5.777746317e-06)
(7.154032598e-06 3.851086117e-16 -5.777745993e-06)
(7.122763704e-06 3.894454204e-16 -5.777745656e-06)
(7.09149481e-06 3.93782229e-16 -5.777745319e-06)
(7.061427689e-06 3.976853569e-16 -5.777744995e-06)
(7.033717432e-06 4.011548038e-16 -5.777744696e-06)
(7.009429135e-06 4.046242508e-16 -5.777744434e-06)
(6.989496422e-06 4.07226336e-16 -5.777744219e-06)
(6.974685028e-06 4.093947403e-16 -5.77774406e-06)
(6.965564345e-06 4.109126234e-16 -5.777743961e-06)
(7.586452426e-06 3.131942694e-16 -7.682691088e-06)
(7.589986261e-06 3.127923268e-16 -7.682691144e-06)
(7.600451671e-06 3.113828639e-16 -7.682691309e-06)
(7.617446814e-06 3.096481405e-16 -7.682691577e-06)
(7.640318347e-06 3.070460552e-16 -7.682691937e-06)
(7.66818764e-06 3.035766083e-16 -7.682692376e-06)
(7.699983417e-06 3.001071613e-16 -7.682692877e-06)
(7.734483547e-06 2.957703527e-16 -7.68269342e-06)
(7.770362636e-06 2.91433544e-16 -7.682693985e-06)
(7.806241724e-06 2.870967353e-16 -7.68269455e-06)
(7.840741854e-06 2.827599266e-16 -7.682695094e-06)
(7.872537631e-06 2.792904796e-16 -7.682695595e-06)
(7.900406924e-06 2.758210327e-16 -7.682696034e-06)
(7.923278457e-06 2.732189475e-16 -7.682696394e-06)
(7.9402736e-06 2.706168623e-16 -7.682696662e-06)
(7.95073901e-06 2.694242399e-16 -7.682696826e-06)
(7.954272845e-06 2.689405649e-16 -7.682696882e-06)
(7.95073901e-06 2.694242399e-16 -7.682696826e-06)
(7.9402736e-06 2.706168623e-16 -7.682696662e-06)
(7.923278457e-06 2.732189475e-16 -7.682696394e-06)
(7.900406924e-06 2.758210327e-16 -7.682696034e-06)
(7.872537631e-06 2.792904796e-16 -7.682695595e-06)
(7.840741854e-06 2.827599266e-16 -7.682695094e-06)
(7.806241724e-06 2.870967353e-16 -7.68269455e-06)
(7.770362636e-06 2.91433544e-16 -7.682693985e-06)
(7.734483547e-06 2.957703527e-16 -7.68269342e-06)
(7.699983417e-06 3.001071613e-16 -7.682692877e-06)
(7.66818764e-06 3.035766083e-16 -7.682692376e-06)
(7.640318347e-06 3.070460552e-16 -7.682691937e-06)
(7.617446814e-06 3.096481405e-16 -7.682691576e-06)
(7.600451671e-06 3.113828639e-16 -7.682691309e-06)
(7.589986261e-06 3.127923268e-16 -7.682691144e-06)
(8.213414848e-06 2.057122738e-16 -9.832761447e-06)
(8.217345515e-06 2.053478915e-16 -9.832761525e-06)
(8.228986139e-06 2.040468489e-16 -9.832761755e-06)
(8.24788975e-06 2.016616041e-16 -9.832762129e-06)
(8.273329642e-06 1.990595189e-16 -9.832762632e-06)
(8.304328517e-06 1.955900719e-16 -9.832763244e-06)
(8.3396948e-06 1.92120625e-16 -9.832763943e-06)
(8.378069122e-06 1.882174971e-16 -9.832764702e-06)
(8.417977252e-06 1.838806885e-16 -9.832765491e-06)
(8.457885383e-06 1.795438798e-16 -9.83276628e-06)
(8.496259704e-06 1.747733902e-16 -9.832767038e-06)
(8.531625987e-06 1.713039433e-16 -9.832767737e-06)
(8.562624862e-06 1.678344963e-16 -9.83276835e-06)
(8.588064754e-06 1.652324111e-16 -9.832768853e-06)
(8.606968366e-06 1.632808472e-16 -9.832769226e-06)
(8.618608989e-06 1.619798046e-16 -9.832769457e-06)
(8.622539656e-06 1.614585562e-16 -9.832769534e-06)
(8.618608989e-06 1.619798046e-16 -9.832769457e-06)
(8.606968366e-06 1.632808472e-16 -9.832769226e-06)
(8.588064754e-06 1.652324111e-16 -9.832768853e-06)
(8.562624862e-06 1.678344963e-16 -9.83276835e-06)
(8.531625987e-06 1.713039433e-16 -9.832767737e-06)
(8.496259704e-06 1.747733902e-16 -9.832767038e-06)
(8.457885383e-06 1.795438798e-16 -9.83276628e-06)
(8.417977252e-06 1.838806885e-16 -9.832765491e-06)
(8.378069122e-06 1.882174971e-16 -9.832764702e-06)
(8.3396948e-06 1.92120625e-16 -9.832763943e-06)
(8.304328517e-06 1.955900719e-16 -9.832763244e-06)
(8.273329642e-06 1.990595189e-16 -9.832762632e-06)
(8.24788975e-06 2.016616041e-16 -9.832762129e-06)
(8.228986139e-06 2.040468489e-16 -9.832761755e-06)
(8.217345515e-06 2.053478915e-16 -9.832761525e-06)
(8.845277901e-06 8.923460593e-17 -1.218445709e-05)
(8.849511593e-06 8.879615793e-17 -1.218445719e-05)
(8.862049623e-06 8.760353554e-17 -1.218445748e-05)
(8.882410563e-06 8.543513119e-17 -1.218445794e-05)
(8.909811683e-06 8.283304598e-17 -1.218445856e-05)
(8.943200343e-06 7.936359903e-17 -1.218445932e-05)
(8.981293105e-06 7.589415207e-17 -1.218446019e-05)
(9.022625803e-06 7.112366252e-17 -1.218446113e-05)
(9.065610556e-06 6.678685383e-17 -1.218446211e-05)
(9.108595308e-06 6.245004514e-17 -1.218446309e-05)
(9.149928007e-06 5.854691731e-17 -1.218446403e-05)
(9.188020769e-06 5.507747036e-17 -1.21844649e-05)
(9.221409428e-06 5.160802341e-17 -1.218446566e-05)
(9.248810548e-06 4.90059382e-17 -1.218446628e-05)
(9.269171489e-06 4.683753385e-17 -1.218446675e-05)
(9.281709519e-06 4.542807103e-17 -1.218446703e-05)
(9.28594321e-06 4.498089962e-17 -1.218446713e-05)
(9.281709519e-06 4.542807103e-17 -1.218446703e-05)
(9.269171489e-06 4.683753385e-17 -1.218446675e-05)
(9.248810548e-06 4.90059382e-17 -1.218446628e-05)
(9.221409428e-06 5.160802341e-17 -1.218446566e-05)
(9.188020769e-06 5.507747036e-17 -1.21844649e-05)
(9.149928007e-06 5.854691731e-17 -1.218446403e-05)
(9.108595308e-06 6.245004514e-17 -1.218446309e-05)
(9.065610556e-06 6.678685383e-17 -1.218446211e-05)
(9.022625803e-06 7.112366252e-17 -1.218446113e-05)
(8.981293105e-06 7.589415207e-17 -1.218446019e-05)
(8.943200343e-06 7.936359903e-17 -1.218445932e-05)
(8.909811683e-06 8.283304598e-17 -1.218445856e-05)
(8.882410563e-06 8.543513119e-17 -1.218445794e-05)
(8.862049623e-06 8.760353554e-17 -1.218445748e-05)
(8.849511593e-06 8.879615793e-17 -1.218445719e-05)
(9.484279057e-06 -3.536929098e-17 -1.467139162e-05)
(9.488679068e-06 -3.577867169e-17 -1.467139173e-05)
(9.501709651e-06 -3.70797143e-17 -1.467139205e-05)
(9.522870465e-06 -3.946495908e-17 -1.467139257e-05)
(9.55134803e-06 -4.206704429e-17 -1.467139327e-05)
(9.586048354e-06 -4.553649124e-17 -1.467139412e-05)
(9.625637579e-06 -4.90059382e-17 -1.467139509e-05)
(9.668594021e-06 -5.377642776e-17 -1.467139615e-05)
(9.713267418e-06 -5.811323645e-17 -1.467139725e-05)
(9.757940814e-06 -6.245004514e-17 -1.467139835e-05)
(9.800897256e-06 -6.635317296e-17 -1.46713994e-05)
(9.840486482e-06 -6.982261991e-17 -1.467140038e-05)
(9.875186805e-06 -7.329206686e-17 -1.467140123e-05)
(9.90366437e-06 -7.589415207e-17 -1.467140193e-05)
(9.924825185e-06 -7.784571598e-17 -1.467140245e-05)
(9.937855768e-06 -7.914675859e-17 -1.467140277e-05)
(9.942255779e-06 -7.962286454e-17 -1.467140288e-05)
(9.937855768e-06 -7.914675859e-17 -1.467140277e-05)
(9.924825185e-06 -7.784571598e-17 -1.467140245e-05)
(9.90366437e-06 -7.589415207e-17 -1.467140193e-05)
(9.875186805e-06 -7.329206686e-17 -1.467140123e-05)
(9.840486482e-06 -6.982261991e-17 -1.467140038e-05)
(9.800897256e-06 -6.635317296e-17 -1.46713994e-05)
(9.757940814e-06 -6.245004514e-17 -1.467139835e-05)
(9.713267418e-06 -5.811323645e-17 -1.467139725e-05)
(9.668594021e-06 -5.377642776e-17 -1.467139615e-05)
(9.625637579e-06 -4.90059382e-17 -1.467139509e-05)
(9.586048354e-06 -4.553649124e-17 -1.467139412e-05)
(9.55134803e-06 -4.206704429e-17 -1.467139327e-05)
(9.522870465e-06 -3.946495908e-17 -1.467139257e-05)
(9.501709651e-06 -3.70797143e-17 -1.467139205e-05)
(9.488679068e-06 -3.577867169e-17 -1.467139173e-05)
(1.013297842e-05 -1.666302502e-16 -1.72006918e-05)
(1.013735899e-05 -1.670755548e-16 -1.720069191e-05)
(1.015033198e-05 -1.682681772e-16 -1.720069224e-05)
(1.017139928e-05 -1.708702624e-16 -1.720069276e-05)
(1.019975099e-05 -1.734723476e-16 -1.720069347e-05)
(1.023429797e-05 -1.769417945e-16 -1.720069433e-05)
(1.027371223e-05 -1.804112415e-16 -1.720069532e-05)
(1.031647884e-05 -1.847480502e-16 -1.720069638e-05)
(1.036095481e-05 -1.890848589e-16 -1.720069749e-05)
(1.040543078e-05 -1.934216676e-16 -1.72006986e-05)
(1.044819738e-05 -1.977584763e-16 -1.720069967e-05)
(1.048761165e-05 -2.012279232e-16 -1.720070066e-05)
(1.052215862e-05 -2.046973702e-16 -1.720070152e-05)
(1.055051033e-05 -2.072994554e-16 -1.720070223e-05)
(1.057157763e-05 -2.090341789e-16 -1.720070275e-05)
(1.058455062e-05 -2.104436417e-16 -1.720070308e-05)
(1.058893119e-05 -2.108837089e-16 -1.720070319e-05)
(1.058455062e-05 -2.104436417e-16 -1.720070308e-05)
(1.057157763e-05 -2.090341789e-16 -1.720070275e-05)
(1.055051033e-05 -2.072994554e-16 -1.720070223e-05)
(1.052215862e-05 -2.046973702e-16 -1.720070152e-05)
(1.048761165e-05 -2.012279232e-16 -1.720070066e-05)
(1.044819738e-05 -1.977584763e-16 -1.720069967e-05)
(1.040543078e-05 -1.934216676e-16 -1.72006986e-05)
(1.036095481e-05 -1.890848589e-16 -1.720069749e-05)
(1.031647884e-05 -1.847480502e-16 -1.720069638e-05)
(1.027371223e-05 -1.804112415e-16 -1.720069532e-05)
(1.023429797e-05 -1.769417945e-16 -1.720069433e-05)
(1.019975099e-05 -1.734723476e-16 -1.720069347e-05)
(1.017139928e-05 -1.708702624e-16 -1.720069276e-05)
(1.015033198e-05 -1.682681772e-16 -1.720069224e-05)
(1.013735899e-05 -1.670755548e-16 -1.720069191e-05)
(1.079423475e-05 -3.023583661e-16 -1.96495806e-05)
(1.079835535e-05 -3.028176668e-16 -1.96495807e-05)
(1.081055844e-05 -3.042271296e-16 -1.964958098e-05)
(1.083037547e-05 -3.061786935e-16 -1.964958145e-05)
(1.085704462e-05 -3.087807787e-16 -1.964958208e-05)
(1.088954135e-05 -3.122502257e-16 -1.964958285e-05)
(1.092661652e-05 -3.157196726e-16 -1.964958372e-05)
(1.096684508e-05 -3.200564813e-16 -1.964958467e-05)
(1.100868156e-05 -3.2439329e-16 -1.964958565e-05)
(1.105051804e-05 -3.287300987e-16 -1.964958664e-05)
(1.10907466e-05 -3.330669074e-16 -1.964958759e-05)
(1.112782177e-05 -3.365363543e-16 -1.964958846e-05)
(1.116031851e-05 -3.400058013e-16 -1.964958923e-05)
(1.118698765e-05 -3.426078865e-16 -1.964958986e-05)
(1.120680468e-05 -3.449931313e-16 -1.964959032e-05)
(1.121900777e-05 -3.461857537e-16 -1.964959061e-05)
(1.122312837e-05 -3.46611625e-16 -1.964959071e-05)
(1.121900777e-05 -3.461857537e-16 -1.964959061e-05)
(1.120680468e-05 -3.449931313e-16 -1.964959032e-05)
(1.118698765e-05 -3.426078865e-16 -1.964958986e-05)
(1.116031851e-05 -3.400058013e-16 -1.964958923e-05)
(1.112782177e-05 -3.365363543e-16 -1.964958846e-05)
(1.10907466e-05 -3.330669074e-16 -1.964958759e-05)
(1.105051804e-05 -3.287300987e-16 -1.964958664e-05)
(1.100868156e-05 -3.2439329e-16 -1.964958565e-05)
(1.096684508e-05 -3.200564813e-16 -1.964958467e-05)
(1.092661652e-05 -3.157196726e-16 -1.964958372e-05)
(1.088954135e-05 -3.122502257e-16 -1.964958285e-05)
(1.085704462e-05 -3.087807787e-16 -1.964958208e-05)
(1.083037547e-05 -3.061786935e-16 -1.964958145e-05)
(1.081055844e-05 -3.042271296e-16 -1.964958098e-05)
(1.079835535e-05 -3.028176668e-16 -1.96495807e-05)
(1.147115481e-05 -4.395114552e-16 -2.186236651e-05)
(1.14747154e-05 -4.399692416e-16 -2.186236658e-05)
(1.148526004e-05 -4.412702842e-16 -2.186236679e-05)
(1.150238386e-05 -4.432218481e-16 -2.186236713e-05)
(1.152542856e-05 -4.458239333e-16 -2.186236759e-05)
(1.155350885e-05 -4.492933803e-16 -2.186236815e-05)
(1.158554536e-05 -4.527628272e-16 -2.186236879e-05)
(1.16203067e-05 -4.570996359e-16 -2.186236949e-05)
(1.165645744e-05 -4.614364446e-16 -2.186237021e-05)
(1.169260817e-05 -4.657732533e-16 -2.186237093e-05)
(1.172736951e-05 -4.70110062e-16 -2.186237162e-05)
(1.175940602e-05 -4.735795089e-16 -2.186237226e-05)
(1.178748632e-05 -4.770489559e-16 -2.186237282e-05)
(1.181053102e-05 -4.796510411e-16 -2.186237328e-05)
(1.182765483e-05 -4.820362859e-16 -2.186237363e-05)
(1.183819948e-05 -4.833373285e-16 -2.186237384e-05)
(1.184176007e-05 -4.83764408e-16 -2.186237391e-05)
(1.183819948e-05 -4.833373285e-16 -2.186237384e-05)
(1.182765483e-05 -4.820362859e-16 -2.186237363e-05)
(1.181053102e-05 -4.796510411e-16 -2.186237328e-05)
(1.178748632e-05 -4.770489559e-16 -2.186237282e-05)
(1.175940602e-05 -4.735795089e-16 -2.186237226e-05)
(1.172736951e-05 -4.70110062e-16 -2.186237162e-05)
(1.169260817e-05 -4.657732533e-16 -2.186237093e-05)
(1.165645744e-05 -4.614364446e-16 -2.186237021e-05)
(1.16203067e-05 -4.570996359e-16 -2.186236949e-05)
(1.158554536e-05 -4.527628272e-16 -2.186236879e-05)
(1.155350885e-05 -4.492933803e-16 -2.186236815e-05)
(1.152542856e-05 -4.458239333e-16 -2.186236759e-05)
(1.150238386e-05 -4.432218481e-16 -2.186236713e-05)
(1.148526004e-05 -4.412702842e-16 -2.186236679e-05)
(1.14747154e-05 -4.399692416e-16 -2.186236658e-05)
(1.21670166e-05 -5.740527054e-16 -2.364812098e-05)
(1.216965433e-05 -5.745187312e-16 -2.364812102e-05)
(1.217746593e-05 -5.757113536e-16 -2.364812113e-05)
(1.219015146e-05 -5.780965984e-16 -2.36481213e-05)
(1.220722325e-05 -5.806986836e-16 -2.364812153e-05)
(1.222802547e-05 -5.841681305e-16 -2.364812181e-05)
(1.225175851e-05 -5.876375775e-16 -2.364812213e-05)
(1.227751012e-05 -5.915407053e-16 -2.364812248e-05)
(1.230429102e-05 -5.95877514e-16 -2.364812284e-05)
(1.233107192e-05 -6.002143227e-16 -2.36481232e-05)
(1.235682354e-05 -6.049848122e-16 -2.364812355e-05)
(1.238055657e-05 -6.084542592e-16 -2.364812387e-05)
(1.24013588e-05 -6.119237062e-16 -2.364812416e-05)
(1.241843059e-05 -6.145257914e-16 -2.364812439e-05)
(1.243111611e-05 -6.164773553e-16 -2.364812456e-05)
(1.243892772e-05 -6.178868181e-16 -2.364812466e-05)
(1.244156544e-05 -6.183052312e-16 -2.36481247e-05)
(1.243892772e-05 -6.178868181e-16 -2.364812466e-05)
(1.243111611e-05 -6.164773553e-16 -2.364812456e-05)
(1.241843059e-05 -6.145257914e-16 -2.364812439e-05)
(1.24013588e-05 -6.119237062e-16 -2.364812416e-05)
(1.238055657e-05 -6.084542592e-16 -2.364812387e-05)
(1.235682354e-05 -6.049848122e-16 -2.364812355e-05)
(1.233107192e-05 -6.002143227e-16 -2.36481232e-05)
(1.230429102e-05 -5.95877514e-16 -2.364812284e-05)
(1.227751012e-05 -5.915407053e-16 -2.364812248e-05)
(1.225175851e-05 -5.876375775e-16 -2.364812213e-05)
(1.222802547e-05 -5.841681305e-16 -2.364812181e-05)
(1.220722325e-05 -5.806986836e-16 -2.364812153e-05)
(1.219015146e-05 -5.780965984e-16 -2.36481213e-05)
(1.217746593e-05 -5.757113536e-16 -2.364812113e-05)
(1.216965433e-05 -5.745187312e-16 -2.364812102e-05)
(1.288515845e-05 -7.008080965e-16 -2.477936359e-05)
(1.288644638e-05 -7.012619652e-16 -2.477936359e-05)
(1.28902606e-05 -7.025630078e-16 -2.47793636e-05)
(1.289645463e-05 -7.047314121e-16 -2.477936362e-05)
(1.290479037e-05 -7.073334973e-16 -2.477936363e-05)
(1.291494759e-05 -7.108029443e-16 -2.477936366e-05)
(1.292653585e-05 -7.142723912e-16 -2.477936368e-05)
(1.293910974e-05 -7.190428808e-16 -2.477936371e-05)
(1.29521862e-05 -7.233796895e-16 -2.477936374e-05)
(1.296526266e-05 -7.277164982e-16 -2.477936377e-05)
(1.297783655e-05 -7.31619626e-16 -2.47793638e-05)
(1.298942481e-05 -7.350890729e-16 -2.477936382e-05)
(1.299958203e-05 -7.385585199e-16 -2.477936385e-05)
(1.300791777e-05 -7.411606051e-16 -2.477936387e-05)
(1.30141118e-05 -7.433290095e-16 -2.477936388e-05)
(1.301792602e-05 -7.446300521e-16 -2.477936389e-05)
(1.301921395e-05 -7.450600738e-16 -2.477936389e-05)
(1.301792602e-05 -7.446300521e-16 -2.477936389e-05)
(1.30141118e-05 -7.433290095e-16 -2.477936388e-05)
(1.300791777e-05 -7.411606051e-16 -2.477936387e-05)
(1.299958203e-05 -7.385585199e-16 -2.477936385e-05)
(1.298942481e-05 -7.350890729e-16 -2.477936382e-05)
(1.297783655e-05 -7.31619626e-16 -2.47793638e-05)
(1.296526266e-05 -7.277164982e-16 -2.477936377e-05)
(1.29521862e-05 -7.233796895e-16 -2.477936374e-05)
(1.293910974e-05 -7.190428808e-16 -2.477936371e-05)
(1.292653585e-05 -7.142723912e-16 -2.477936368e-05)
(1.291494759e-05 -7.108029443e-16 -2.477936366e-05)
(1.290479037e-05 -7.073334973e-16 -2.477936363e-05)
(1.289645463e-05 -7.047314121e-16 -2.477936362e-05)
(1.28902606e-05 -7.025630078e-16 -2.47793636e-05)
(1.288644638e-05 -7.012619652e-16 -2.477936359e-05)
(1.362883506e-05 -8.133278375e-16 -2.499210831e-05)
(1.362828362e-05 -8.138021507e-16 -2.499210831e-05)
(1.362665055e-05 -8.151031933e-16 -2.499210829e-05)
(1.362399854e-05 -8.174884381e-16 -2.499210827e-05)
(1.362042955e-05 -8.200905233e-16 -2.499210824e-05)
(1.361608069e-05 -8.235599702e-16 -2.499210821e-05)
(1.361111912e-05 -8.270294172e-16 -2.499210817e-05)
(1.360573555e-05 -8.30932545e-16 -2.499210812e-05)
(1.36001368e-05 -8.352693537e-16 -2.499210808e-05)
(1.359453805e-05 -8.396061624e-16 -2.499210803e-05)
(1.358915448e-05 -8.443766519e-16 -2.499210799e-05)
(1.358419291e-05 -8.478460989e-16 -2.499210795e-05)
(1.357984405e-05 -8.513155458e-16 -2.499210792e-05)
(1.357627506e-05 -8.53917631e-16 -2.499210789e-05)
(1.357362305e-05 -8.55869195e-16 -2.499210787e-05)
(1.357198998e-05 -8.571702376e-16 -2.499210785e-05)
(1.357143854e-05 -8.575791695e-16 -2.499210785e-05)
(1.357198998e-05 -8.571702376e-16 -2.499210785e-05)
(1.357362305e-05 -8.55869195e-16 -2.499210787e-05)
(1.357627506e-05 -8.53917631e-16 -2.499210789e-05)
(1.357984405e-05 -8.513155458e-16 -2.499210792e-05)
(1.358419291e-05 -8.478460989e-16 -2.499210795e-05)
(1.358915448e-05 -8.443766519e-16 -2.499210799e-05)
(1.359453805e-05 -8.396061624e-16 -2.499210803e-05)
(1.36001368e-05 -8.352693537e-16 -2.499210808e-05)
(1.360573555e-05 -8.30932545e-16 -2.499210812e-05)
(1.361111912e-05 -8.270294172e-16 -2.499210817e-05)
(1.361608069e-05 -8.235599702e-16 -2.499210821e-05)
(1.362042955e-05 -8.200905233e-16 -2.499210824e-05)
(1.362399854e-05 -8.174884381e-16 -2.499210827e-05)
(1.362665055e-05 -8.151031933e-16 -2.499210829e-05)
(1.362828362e-05 -8.138021507e-16 -2.499210831e-05)
(1.440103447e-05 -9.037612084e-16 -2.398764943e-05)
(1.43980962e-05 -9.042246119e-16 -2.398764948e-05)
(1.438939457e-05 -9.055256545e-16 -2.398764963e-05)
(1.437526367e-05 -9.076940588e-16 -2.398764988e-05)
(1.435624676e-05 -9.10296144e-16 -2.398765021e-05)
(1.433307438e-05 -9.13765591e-16 -2.398765061e-05)
(1.430663726e-05 -9.172350379e-16 -2.398765107e-05)
(1.427795156e-05 -9.211381657e-16 -2.398765157e-05)
(1.42481193e-05 -9.254749744e-16 -2.398765209e-05)
(1.421828704e-05 -9.298117831e-16 -2.398765261e-05)
(1.418960134e-05 -9.345822727e-16 -2.398765311e-05)
(1.416316422e-05 -9.380517196e-16 -2.398765357e-05)
(1.413999184e-05 -9.415211666e-16 -2.398765397e-05)
(1.412097493e-05 -9.441232518e-16 -2.39876543e-05)
(1.410684404e-05 -9.462916561e-16 -2.398765455e-05)
(1.40981424e-05 -9.475926988e-16 -2.39876547e-05)
(1.409520414e-05 -9.480118594e-16 -2.398765475e-05)
(1.40981424e-05 -9.475926988e-16 -2.39876547e-05)
(1.410684404e-05 -9.462916561e-16 -2.398765455e-05)
(1.412097493e-05 -9.441232518e-16 -2.39876543e-05)
(1.413999184e-05 -9.415211666e-16 -2.398765397e-05)
(1.416316422e-05 -9.380517196e-16 -2.398765357e-05)
(1.418960134e-05 -9.345822727e-16 -2.398765311e-05)
(1.421828704e-05 -9.298117831e-16 -2.398765261e-05)
(1.42481193e-05 -9.254749744e-16 -2.398765209e-05)
(1.427795156e-05 -9.211381657e-16 -2.398765157e-05)
(1.430663726e-05 -9.172350379e-16 -2.398765107e-05)
(1.433307438e-05 -9.13765591e-16 -2.398765061e-05)
(1.435624676e-05 -9.10296144e-16 -2.398765021e-05)
(1.437526367e-05 -9.076940588e-16 -2.398764988e-05)
(1.438939457e-05 -9.055256545e-16 -2.398764963e-05)
(1.43980962e-05 -9.042246119e-16 -2.398764948e-05)
(1.52041636e-05 -9.627696851e-16 -2.143689291e-05)
(1.519824244e-05 -9.6320521e-16 -2.143689313e-05)
(1.518070699e-05 -9.645062526e-16 -2.14368938e-05)
(1.515223056e-05 -9.66674657e-16 -2.143689487e-05)
(1.511390787e-05 -9.692767422e-16 -2.143689632e-05)
(1.506721111e-05 -9.727461892e-16 -2.143689809e-05)
(1.501393529e-05 -9.762156361e-16 -2.143690011e-05)
(1.495612816e-05 -9.801187639e-16 -2.14369023e-05)
(1.489601049e-05 -9.844555726e-16 -2.143690458e-05)
(1.483589282e-05 -9.887923813e-16 -2.143690685e-05)
(1.477808568e-05 -9.935628709e-16 -2.143690904e-05)
(1.472480986e-05 -9.970323178e-16 -2.143691106e-05)
(1.467811311e-05 -1.000501765e-15 -2.143691283e-05)
(1.463979041e-05 -1.00310385e-15 -2.143691428e-05)
(1.461131398e-05 -1.005272254e-15 -2.143691536e-05)
(1.459377853e-05 -1.006573297e-15 -2.143691602e-05)
(1.458785737e-05 -1.007019732e-15 -2.143691624e-05)
(1.459377853e-05 -1.006573297e-15 -2.143691602e-05)
(1.461131398e-05 -1.005272254e-15 -2.143691536e-05)
(1.463979041e-05 -1.00310385e-15 -2.143691428e-05)
(1.467811311e-05 -1.000501765e-15 -2.143691283e-05)
(1.472480986e-05 -9.970323178e-16 -2.143691106e-05)
(1.477808568e-05 -9.935628709e-16 -2.143690904e-05)
(1.483589282e-05 -9.887923813e-16 -2.143690685e-05)
(1.489601049e-05 -9.844555726e-16 -2.143690458e-05)
(1.495612816e-05 -9.801187639e-16 -2.14369023e-05)
(1.501393529e-05 -9.762156361e-16 -2.143690011e-05)
(1.506721111e-05 -9.727461892e-16 -2.143689809e-05)
(1.511390787e-05 -9.692767422e-16 -2.143689632e-05)
(1.515223056e-05 -9.66674657e-16 -2.143689487e-05)
(1.518070699e-05 -9.645062526e-16 -2.14368938e-05)
(1.519824244e-05 -9.6320521e-16 -2.143689313e-05)
(1.604024741e-05 -9.795092953e-16 -1.698489358e-05)
(1.603071092e-05 -9.800103437e-16 -1.698489417e-05)
(1.600246871e-05 -9.812029661e-16 -1.698489591e-05)
(1.595660519e-05 -9.835882109e-16 -1.698489875e-05)
(1.589488351e-05 -9.861902961e-16 -1.698490256e-05)
(1.581967475e-05 -9.89659743e-16 -1.69849072e-05)
(1.573386988e-05 -9.9312919e-16 -1.69849125e-05)
(1.564076697e-05 -9.974659987e-16 -1.698491825e-05)
(1.554394278e-05 -1.001802807e-15 -1.698492422e-05)
(1.544711858e-05 -1.006139616e-15 -1.69849302e-05)
(1.535401568e-05 -1.010476425e-15 -1.698493595e-05)
(1.526821081e-05 -1.013945872e-15 -1.698494125e-05)
(1.519300205e-05 -1.017415319e-15 -1.698494589e-05)
(1.513128036e-05 -1.020017404e-15 -1.69849497e-05)
(1.508541685e-05 -1.021968968e-15 -1.698495253e-05)
(1.505717464e-05 -1.023378431e-15 -1.698495428e-05)
(1.504763814e-05 -1.023758991e-15 -1.698495487e-05)
(1.505717464e-05 -1.023378431e-15 -1.698495428e-05)
(1.508541685e-05 -1.021968968e-15 -1.698495253e-05)
(1.513128036e-05 -1.020017404e-15 -1.69849497e-05)
(1.519300205e-05 -1.017415319e-15 -1.698494589e-05)
(1.526821081e-05 -1.013945872e-15 -1.698494125e-05)
(1.535401568e-05 -1.010476425e-15 -1.698493595e-05)
(1.544711858e-05 -1.006139616e-15 -1.69849302e-05)
(1.554394278e-05 -1.001802807e-15 -1.698492422e-05)
(1.564076697e-05 -9.974659987e-16 -1.698491825e-05)
(1.573386988e-05 -9.9312919e-16 -1.69849125e-05)
(1.581967475e-05 -9.89659743e-16 -1.69849072e-05)
(1.589488351e-05 -9.861902961e-16 -1.698490256e-05)
(1.595660519e-05 -9.835882109e-16 -1.698489875e-05)
(1.600246871e-05 -9.812029661e-16 -1.698489591e-05)
(1.603071092e-05 -9.800103437e-16 -1.698489417e-05)
(1.69096108e-05 -9.416235233e-16 -1.026519181e-05)
(1.689581209e-05 -9.420632677e-16 -1.026519305e-05)
(1.685494735e-05 -9.434727305e-16 -1.026519671e-05)
(1.678858569e-05 -9.454242944e-16 -1.026520266e-05)
(1.669927823e-05 -9.480263796e-16 -1.026521066e-05)
(1.65904558e-05 -9.514958266e-16 -1.026522041e-05)
(1.646630147e-05 -9.549652735e-16 -1.026523154e-05)
(1.633158733e-05 -9.593020822e-16 -1.026524362e-05)
(1.619148871e-05 -9.636388909e-16 -1.026525617e-05)
(1.605139009e-05 -9.679756996e-16 -1.026526873e-05)
(1.591667596e-05 -9.723125083e-16 -1.02652808e-05)
(1.579252162e-05 -9.757819552e-16 -1.026529193e-05)
(1.56836992e-05 -9.792514022e-16 -1.026530168e-05)
(1.559439174e-05 -9.818534874e-16 -1.026530968e-05)
(1.552803007e-05 -9.842387322e-16 -1.026531563e-05)
(1.548716534e-05 -9.854313546e-16 -1.026531929e-05)
(1.547336662e-05 -9.858733698e-16 -1.026532053e-05)
(1.548716534e-05 -9.854313546e-16 -1.026531929e-05)
(1.552803007e-05 -9.842387322e-16 -1.026531563e-05)
(1.559439174e-05 -9.818534874e-16 -1.026530968e-05)
(1.56836992e-05 -9.792514022e-16 -1.026530168e-05)
(1.579252162e-05 -9.757819552e-16 -1.026529193e-05)
(1.591667596e-05 -9.723125083e-16 -1.02652808e-05)
(1.605139009e-05 -9.679756996e-16 -1.026526873e-05)
(1.619148871e-05 -9.636388909e-16 -1.026525617e-05)
(1.633158733e-05 -9.593020822e-16 -1.026524362e-05)
(1.646630147e-05 -9.549652735e-16 -1.026523154e-05)
(1.65904558e-05 -9.514958266e-16 -1.026522041e-05)
(1.669927823e-05 -9.480263796e-16 -1.026521066e-05)
(1.678858569e-05 -9.454242944e-16 -1.026520266e-05)
(1.685494735e-05 -9.434727305e-16 -1.026519671e-05)
(1.689581209e-05 -9.420632677e-16 -1.026519305e-05)
(1.781197617e-05 -8.353742179e-16 -9.041196604e-07)
(1.779327561e-05 -8.358114548e-16 -9.041219341e-07)
(1.773789412e-05 -8.370040772e-16 -9.041286677e-07)
(1.76479582e-05 -8.396061624e-16 -9.041396027e-07)
(1.752692524e-05 -8.422082476e-16 -9.041543186e-07)
(1.737944484e-05 -8.456776945e-16 -9.041722501e-07)
(1.721118603e-05 -8.491471415e-16 -9.04192708e-07)
(1.702861616e-05 -8.534839502e-16 -9.042149059e-07)
(1.683874904e-05 -8.578207589e-16 -9.042379911e-07)
(1.664888191e-05 -8.621575676e-16 -9.042610762e-07)
(1.646631205e-05 -8.664943763e-16 -9.042832741e-07)
(1.629805324e-05 -8.699638232e-16 -9.04303732e-07)
(1.615057283e-05 -8.734332702e-16 -9.043216636e-07)
(1.602953987e-05 -8.760353554e-16 -9.043363795e-07)
(1.593960395e-05 -8.777700788e-16 -9.043473144e-07)
(1.588422246e-05 -8.791795417e-16 -9.04354048e-07)
(1.58655219e-05 -8.796250392e-16 -9.043563217e-07)
(1.588422246e-05 -8.791795417e-16 -9.04354048e-07)
(1.593960395e-05 -8.777700788e-16 -9.043473144e-07)
(1.602953987e-05 -8.760353554e-16 -9.043363794e-07)
(1.615057283e-05 -8.734332702e-16 -9.043216635e-07)
(1.629805324e-05 -8.699638232e-16 -9.04303732e-07)
(1.646631205e-05 -8.664943763e-16 -9.042832741e-07)
(1.664888191e-05 -8.621575676e-16 -9.042610762e-07)
(1.683874904e-05 -8.578207589e-16 -9.04237991e-07)
(1.702861616e-05 -8.534839502e-16 -9.042149059e-07)
(1.721118603e-05 -8.491471415e-16 -9.04192708e-07)
(1.737944484e-05 -8.456776945e-16 -9.041722501e-07)
(1.752692524e-05 -8.422082476e-16 -9.041543185e-07)
(1.76479582e-05 -8.396061624e-16 -9.041396026e-07)
(1.773789412e-05 -8.370040772e-16 -9.041286677e-07)
(1.779327561e-05 -8.358114548e-16 -9.041219341e-07)
(1.87445468e-05 -6.45974049e-16 1.145010195e-05)
(1.872034802e-05 -6.464013352e-16 1.145009815e-05)
(1.864868363e-05 -6.477023778e-16 1.145008687e-05)
(1.853230535e-05 -6.500876226e-16 1.145006855e-05)
(1.837568708e-05 -6.526897078e-16 1.14500439e-05)
(1.818484546e-05 -6.561591548e-16 1.145001386e-05)
(1.796711631e-05 -6.596286017e-16 1.144997959e-05)
(1.773086846e-05 -6.635317296e-16 1.144994241e-05)
(1.748517785e-05 -6.678685383e-16 1.144990374e-05)
(1.723948725e-05 -6.722053469e-16 1.144986507e-05)
(1.70032394e-05 -6.769758365e-16 1.144982789e-05)
(1.678551025e-05 -6.804452835e-16 1.144979362e-05)
(1.659466863e-05 -6.839147304e-16 1.144976358e-05)
(1.643805036e-05 -6.865168156e-16 1.144973893e-05)
(1.632167207e-05 -6.884683795e-16 1.144972061e-05)
(1.625000768e-05 -6.897694221e-16 1.144970933e-05)
(1.622580891e-05 -6.902270494e-16 1.144970553e-05)
(1.625000768e-05 -6.897694221e-16 1.144970933e-05)
(1.632167207e-05 -6.884683795e-16 1.144972061e-05)
(1.643805036e-05 -6.865168156e-16 1.144973893e-05)
(1.659466863e-05 -6.839147304e-16 1.144976358e-05)
(1.678551025e-05 -6.804452835e-16 1.144979362e-05)
(1.70032394e-05 -6.769758365e-16 1.144982789e-05)
(1.723948725e-05 -6.722053469e-16 1.144986507e-05)
(1.748517785e-05 -6.678685383e-16 1.144990374e-05)
(1.773086846e-05 -6.635317296e-16 1.144994241e-05)
(1.796711631e-05 -6.596286017e-16 1.144997959e-05)
(1.818484546e-05 -6.561591548e-16 1.145001386e-05)
(1.837568708e-05 -6.526897078e-16 1.14500439e-05)
(1.853230535e-05 -6.500876226e-16 1.145006855e-05)
(1.864868363e-05 -6.477023778e-16 1.145008687e-05)
(1.872034802e-05 -6.464013352e-16 1.145009815e-05)
(1.970327882e-05 -3.577710898e-16 2.712442423e-05)
(1.967306276e-05 -3.582203978e-16 2.712441829e-05)
(1.958357824e-05 -3.595214404e-16 2.71244007e-05)
(1.943826123e-05 -3.616898447e-16 2.712437214e-05)
(1.924269814e-05 -3.6429193e-16 2.71243337e-05)
(1.900440168e-05 -3.677613769e-16 2.712428686e-05)
(1.873253182e-05 -3.712308239e-16 2.712423342e-05)
(1.843753838e-05 -3.755676325e-16 2.712417544e-05)
(1.813075415e-05 -3.799044412e-16 2.712411514e-05)
(1.782396992e-05 -3.842412499e-16 2.712405484e-05)
(1.752897648e-05 -3.885780586e-16 2.712399686e-05)
(1.725710662e-05 -3.920475056e-16 2.712394342e-05)
(1.701881017e-05 -3.955169525e-16 2.712389658e-05)
(1.682324707e-05 -3.981190377e-16 2.712385815e-05)
(1.667793006e-05 -4.002874421e-16 2.712382958e-05)
(1.658844555e-05 -4.015884847e-16 2.712381199e-05)
(1.655822949e-05 -4.020278803e-16 2.712380605e-05)
(1.658844555e-05 -4.015884847e-16 2.712381199e-05)
(1.667793006e-05 -4.002874421e-16 2.712382958e-05)
(1.682324707e-05 -3.981190377e-16 2.712385815e-05)
(1.701881017e-05 -3.955169525e-16 2.712389658e-05)
(1.725710662e-05 -3.920475056e-16 2.712394342e-05)
(1.752897648e-05 -3.885780586e-16 2.712399686e-05)
(1.782396992e-05 -3.842412499e-16 2.712405484e-05)
(1.813075415e-05 -3.799044412e-16 2.712411514e-05)
(1.843753838e-05 -3.755676325e-16 2.712417544e-05)
(1.873253182e-05 -3.712308239e-16 2.712423342e-05)
(1.900440168e-05 -3.677613769e-16 2.712428686e-05)
(1.924269814e-05 -3.6429193e-16 2.71243337e-05)
(1.943826123e-05 -3.616898447e-16 2.712437214e-05)
(1.958357824e-05 -3.595214404e-16 2.71244007e-05)
(1.967306276e-05 -3.582203978e-16 2.712441829e-05)
(2.068085202e-05 4.481913255e-17 4.637389839e-05)
(2.064422776e-05 4.434386885e-17 4.637388967e-05)
(2.053576546e-05 4.315124646e-17 4.637386382e-05)
(2.035962975e-05 4.076600169e-17 4.637382186e-05)
(2.012259182e-05 3.816391647e-17 4.637376538e-05)
(1.983375767e-05 3.469446952e-17 4.637369657e-05)
(1.95042299e-05 3.122502257e-17 4.637361806e-05)
(1.914667452e-05 2.688821388e-17 4.637353287e-05)
(1.877482778e-05 2.255140519e-17 4.637344428e-05)
(1.840298103e-05 1.82145965e-17 4.637335569e-05)
(1.804542566e-05 1.387778781e-17 4.63732705e-05)
(1.771589789e-05 1.040834086e-17 4.637319199e-05)
(1.742706374e-05 6.938893904e-18 4.637312317e-05)
(1.71900258e-05 4.33680869e-18 4.63730667e-05)
(1.70138901e-05 2.385244779e-18 4.637302473e-05)
(1.690542779e-05 9.757819552e-19 4.637299889e-05)
(1.686880354e-05 5.565751956e-19 4.637299017e-05)
(1.690542779e-05 9.757819552e-19 4.637299889e-05)
(1.70138901e-05 2.385244779e-18 4.637302473e-05)
(1.71900258e-05 4.33680869e-18 4.63730667e-05)
(1.742706374e-05 6.938893904e-18 4.637312317e-05)
(1.771589789e-05 1.040834086e-17 4.637319199e-05)
(1.804542566e-05 1.387778781e-17 4.63732705e-05)
(1.840298103e-05 1.82145965e-17 4.637335569e-05)
(1.877482778e-05 2.255140519e-17 4.637344428e-05)
(1.914667452e-05 2.688821388e-17 4.637353287e-05)
(1.95042299e-05 3.122502257e-17 4.637361806e-05)
(1.983375767e-05 3.469446952e-17 4.637369657e-05)
(2.012259182e-05 3.816391647e-17 4.637376538e-05)
(2.035962975e-05 4.076600169e-17 4.637382186e-05)
(2.053576546e-05 4.315124646e-17 4.637386382e-05)
(2.064422776e-05 4.434386885e-17 4.637388967e-05)
(2.166807192e-05 5.776755373e-16 6.938207381e-05)
(2.16248236e-05 5.772292366e-16 6.938206164e-05)
(2.149674421e-05 5.75928194e-16 6.938202561e-05)
(2.128875166e-05 5.737597897e-16 6.938196709e-05)
(2.100884175e-05 5.711577045e-16 6.938188834e-05)
(2.06677675e-05 5.676882575e-16 6.938179238e-05)
(2.027863956e-05 5.642188106e-16 6.93816829e-05)
(1.985641478e-05 5.603156827e-16 6.938156411e-05)
(1.941731382e-05 5.559788741e-16 6.938144057e-05)
(1.897821286e-05 5.516420654e-16 6.938131703e-05)
(1.855598809e-05 5.468715758e-16 6.938119824e-05)
(1.816686015e-05 5.434021288e-16 6.938108876e-05)
(1.782578589e-05 5.399326819e-16 6.93809928e-05)
(1.754587599e-05 5.373305967e-16 6.938091405e-05)
(1.733788343e-05 5.351621923e-16 6.938085553e-05)
(1.720980404e-05 5.338611497e-16 6.93808195e-05)
(1.716655573e-05 5.33404912e-16 6.938080733e-05)
(1.720980404e-05 5.338611497e-16 6.93808195e-05)
(1.733788343e-05 5.351621923e-16 6.938085553e-05)
(1.754587599e-05 5.373305967e-16 6.938091405e-05)
(1.782578589e-05 5.399326819e-16 6.93809928e-05)
(1.816686015e-05 5.434021288e-16 6.938108876e-05)
(1.855598809e-05 5.468715758e-16 6.938119824e-05)
(1.897821286e-05 5.516420654e-16 6.938131703e-05)
(1.941731382e-05 5.559788741e-16 6.938144057e-05)
(1.985641478e-05 5.603156827e-16 6.938156411e-05)
(2.027863956e-05 5.642188106e-16 6.93816829e-05)
(2.06677675e-05 5.676882575e-16 6.938179238e-05)
(2.100884175e-05 5.711577045e-16 6.938188834e-05)
(2.128875166e-05 5.737597897e-16 6.938196709e-05)
(2.149674421e-05 5.75928194e-16 6.938202561e-05)
(2.16248236e-05 5.772292366e-16 6.938206164e-05)
(2.265183444e-05 1.254644065e-15 9.61939719e-05)
(2.260198575e-05 1.254205073e-15 9.619395573e-05)
(2.245435943e-05 1.252904031e-15 9.619390786e-05)
(2.221462395e-05 1.250735626e-15 9.619383012e-05)
(2.18919954e-05 1.248133541e-15 9.61937255e-05)
(2.149886786e-05 1.244664094e-15 9.619359801e-05)
(2.105035289e-05 1.241194647e-15 9.619345257e-05)
(2.056368998e-05 1.236857838e-15 9.619329475e-05)
(2.005757532e-05 1.23252103e-15 9.619313063e-05)
(1.955146067e-05 1.228184221e-15 9.619296651e-05)
(1.906479776e-05 1.223847412e-15 9.619280869e-05)
(1.861628279e-05 1.220377965e-15 9.619266325e-05)
(1.822315525e-05 1.216908518e-15 9.619253576e-05)
(1.79005267e-05 1.214306433e-15 9.619243114e-05)
(1.766079122e-05 1.212138029e-15 9.61923534e-05)
(1.75131649e-05 1.210836986e-15 9.619230553e-05)
(1.746331621e-05 1.210363329e-15 9.619228936e-05)
(1.75131649e-05 1.210836986e-15 9.619230553e-05)
(1.766079122e-05 1.212138029e-15 9.61923534e-05)
(1.79005267e-05 1.214306433e-15 9.619243114e-05)
(1.822315525e-05 1.216908518e-15 9.619253576e-05)
(1.861628279e-05 1.220377965e-15 9.619266325e-05)
(1.906479776e-05 1.223847412e-15 9.619280869e-05)
(1.955146067e-05 1.228184221e-15 9.619296651e-05)
(2.005757532e-05 1.23252103e-15 9.619313063e-05)
(2.056368998e-05 1.236857838e-15 9.619329475e-05)
(2.105035289e-05 1.241194647e-15 9.619345257e-05)
(2.149886786e-05 1.244664094e-15 9.619359801e-05)
(2.18919954e-05 1.248133541e-15 9.61937255e-05)
(2.221462395e-05 1.250735626e-15 9.619383012e-05)
(2.245435943e-05 1.252904031e-15 9.619390786e-05)
(2.260198575e-05 1.254205073e-15 9.619395573e-05)
(2.361668693e-05 2.086111566e-15 0.0001267223948)
(2.356055917e-05 2.085571299e-15 0.0001267223743)
(2.339433744e-05 2.084270256e-15 0.0001267223136)
(2.312440424e-05 2.082101852e-15 0.000126722215)
(2.276113653e-05 2.079499767e-15 0.0001267220824)
(2.231848959e-05 2.07603032e-15 0.0001267219208)
(2.181347847e-05 2.072560873e-15 0.0001267217364)
(2.126551421e-05 2.068657745e-15 0.0001267215363)
(2.069564799e-05 2.064320936e-15 0.0001267213282)
(2.012578178e-05 2.059984128e-15 0.0001267211202)
(1.957781751e-05 2.055213638e-15 0.0001267209201)
(1.907280639e-05 2.051744191e-15 0.0001267207357)
(1.863015945e-05 2.048274744e-15 0.0001267205741)
(1.826689175e-05 2.045672659e-15 0.0001267204414)
(1.799695854e-05 2.043504255e-15 0.0001267203429)
(1.783073682e-05 2.042203212e-15 0.0001267202822)
(1.777460906e-05 2.041818866e-15 0.0001267202617)
(1.783073682e-05 2.042203212e-15 0.0001267202822)
(1.799695854e-05 2.043504255e-15 0.0001267203429)
(1.826689175e-05 2.045672659e-15 0.0001267204414)
(1.863015945e-05 2.048274744e-15 0.0001267205741)
(1.907280639e-05 2.051744191e-15 0.0001267207357)
(1.957781751e-05 2.055213638e-15 0.0001267209201)
(2.012578178e-05 2.059984128e-15 0.0001267211202)
(2.069564799e-05 2.064320936e-15 0.0001267213282)
(2.126551421e-05 2.068657745e-15 0.0001267215363)
(2.181347847e-05 2.072560873e-15 0.0001267217364)
(2.231848959e-05 2.07603032e-15 0.0001267219208)
(2.276113653e-05 2.079499767e-15 0.0001267220824)
(2.312440424e-05 2.082101852e-15 0.000126722215)
(2.339433744e-05 2.084270256e-15 0.0001267223136)
(2.356055916e-05 2.085571299e-15 0.0001267223743)
(2.454294008e-05 3.077450278e-15 0.0001606616326)
(2.448122579e-05 3.077074186e-15 0.0001606616078)
(2.429845964e-05 3.075664723e-15 0.0001606615344)
(2.400165936e-05 3.073496319e-15 0.0001606614153)
(2.360223479e-05 3.070894233e-15 0.0001606612549)
(2.311553018e-05 3.067424786e-15 0.0001606610595)
(2.256025415e-05 3.063955339e-15 0.0001606608366)
(2.195774974e-05 3.05918485e-15 0.0001606605947)
(2.133116343e-05 3.054848041e-15 0.0001606603432)
(2.070457712e-05 3.050511233e-15 0.0001606600916)
(2.010207271e-05 3.046608105e-15 0.0001606598497)
(1.954679667e-05 3.043138658e-15 0.0001606596268)
(1.906009207e-05 3.039669211e-15 0.0001606594314)
(1.866066749e-05 3.037067126e-15 0.0001606592711)
(1.836386721e-05 3.034898721e-15 0.0001606591519)
(1.818110106e-05 3.033706099e-15 0.0001606590785)
(1.811938677e-05 3.033144849e-15 0.0001606590538)
(1.818110106e-05 3.033706099e-15 0.0001606590785)
(1.836386721e-05 3.034898721e-15 0.0001606591519)
(1.866066749e-05 3.037067126e-15 0.0001606592711)
(1.906009207e-05 3.039669211e-15 0.0001606594314)
(1.954679667e-05 3.043138658e-15 0.0001606596268)
(2.010207271e-05 3.046608105e-15 0.0001606598497)
(2.070457712e-05 3.050511233e-15 0.0001606600916)
(2.133116343e-05 3.054848041e-15 0.0001606603432)
(2.195774974e-05 3.05918485e-15 0.0001606605947)
(2.256025415e-05 3.063955339e-15 0.0001606608366)
(2.311553018e-05 3.067424786e-15 0.0001606610595)
(2.360223479e-05 3.070894233e-15 0.0001606612549)
(2.400165936e-05 3.073496319e-15 0.0001606614153)
(2.429845964e-05 3.075664723e-15 0.0001606615344)
(2.448122579e-05 3.077074186e-15 0.0001606616078)
(2.540837205e-05 4.229367745e-15 0.0001975024932)
(2.534219976e-05 4.228930574e-15 0.0001975024647)
(2.514623131e-05 4.227737951e-15 0.0001975023804)
(2.482799134e-05 4.225352707e-15 0.0001975022434)
(2.439971391e-05 4.222750621e-15 0.000197502059)
(2.387785168e-05 4.219281174e-15 0.0001975018344)
(2.328246469e-05 4.215811727e-15 0.0001975015781)
(2.263643774e-05 4.211041238e-15 0.0001975013)
(2.19645893e-05 4.206704429e-15 0.0001975010108)
(2.129274086e-05 4.202367621e-15 0.0001975007216)
(2.06467139e-05 4.198464493e-15 0.0001975004435)
(2.005132691e-05 4.194995046e-15 0.0001975001872)
(1.952946469e-05 4.191525599e-15 0.0001974999626)
(1.910118725e-05 4.188923514e-15 0.0001974997782)
(1.878294729e-05 4.18697195e-15 0.0001974996413)
(1.858697883e-05 4.185562487e-15 0.0001974995569)
(1.852080655e-05 4.185050521e-15 0.0001974995284)
(1.858697883e-05 4.185562487e-15 0.0001974995569)
(1.878294729e-05 4.18697195e-15 0.0001974996413)
(1.910118725e-05 4.188923514e-15 0.0001974997782)
(1.952946469e-05 4.191525599e-15 0.0001974999626)
(2.005132691e-05 4.194995046e-15 0.0001975001872)
(2.06467139e-05 4.198464493e-15 0.0001975004435)
(2.129274086e-05 4.202367621e-15 0.0001975007216)
(2.19645893e-05 4.206704429e-15 0.0001975010108)
(2.263643774e-05 4.211041238e-15 0.0001975013)
(2.328246469e-05 4.215811727e-15 0.0001975015781)
(2.387785168e-05 4.219281174e-15 0.0001975018344)
(2.439971391e-05 4.222750621e-15 0.000197502059)
(2.482799134e-05 4.225352707e-15 0.0001975022434)
(2.514623131e-05 4.227737951e-15 0.0001975023804)
(2.534219976e-05 4.228930574e-15 0.0001975024647)
(2.618666633e-05 5.533539065e-15 0.0002364314289)
(2.611767477e-05 5.533117367e-15 0.000236431398)
(2.591335706e-05 5.531599484e-15 0.0002364313063)
(2.558155845e-05 5.52943108e-15 0.0002364311574)
(2.513503422e-05 5.526828994e-15 0.000236430957)
(2.4590938e-05 5.523359548e-15 0.0002364307128)
(2.397018449e-05 5.519890101e-15 0.0002364304342)
(2.32966335e-05 5.515553292e-15 0.0002364301319)
(2.259616089e-05 5.511216483e-15 0.0002364298176)
(2.189568829e-05 5.506879674e-15 0.0002364295032)
(2.12221373e-05 5.502542866e-15 0.0002364292009)
(2.060138379e-05 5.499073419e-15 0.0002364289223)
(2.005728757e-05 5.495603972e-15 0.0002364286782)
(1.961076334e-05 5.493001887e-15 0.0002364284778)
(1.927896473e-05 5.490833482e-15 0.0002364283289)
(1.907464702e-05 5.48974928e-15 0.0002364282372)
(1.900565546e-05 5.489213472e-15 0.0002364282062)
(1.907464702e-05 5.48974928e-15 0.0002364282372)
(1.927896473e-05 5.490833482e-15 0.0002364283289)
(1.961076334e-05 5.493001887e-15 0.0002364284778)
(2.005728757e-05 5.495603972e-15 0.0002364286782)
(2.060138379e-05 5.499073419e-15 0.0002364289223)
(2.12221373e-05 5.502542866e-15 0.0002364292009)
(2.189568829e-05 5.506879674e-15 0.0002364295032)
(2.259616089e-05 5.511216483e-15 0.0002364298176)
(2.32966335e-05 5.515553292e-15 0.0002364301319)
(2.397018449e-05 5.519890101e-15 0.0002364304342)
(2.4590938e-05 5.523359548e-15 0.0002364307128)
(2.513503422e-05 5.526828994e-15 0.000236430957)
(2.558155845e-05 5.52943108e-15 0.0002364311574)
(2.591335706e-05 5.531599484e-15 0.0002364313063)
(2.611767477e-05 5.533117367e-15 0.000236431398)
(2.684915967e-05 6.972470014e-15 0.0002763566802)
(2.677956133e-05 6.97196207e-15 0.0002763566487)
(2.657344668e-05 6.970769448e-15 0.0002763565554)
(2.623872995e-05 6.968817884e-15 0.0002763564038)
(2.57882786e-05 6.966215799e-15 0.0002763561999)
(2.523939713e-05 6.962746352e-15 0.0002763559514)
(2.461318419e-05 6.959276905e-15 0.0002763556679)
(2.393370941e-05 6.954506415e-15 0.0002763553603)
(2.322707625e-05 6.950169607e-15 0.0002763550404)
(2.252044309e-05 6.945832798e-15 0.0002763547205)
(2.184096831e-05 6.94192967e-15 0.0002763544129)
(2.121475536e-05 6.938460223e-15 0.0002763541294)
(2.06658739e-05 6.934990776e-15 0.0002763538809)
(2.021542255e-05 6.932388691e-15 0.0002763536769)
(1.988070582e-05 6.930003446e-15 0.0002763535254)
(1.967459116e-05 6.928593983e-15 0.0002763534321)
(1.960499283e-05 6.92814268e-15 0.0002763534006)
(1.967459116e-05 6.928593983e-15 0.0002763534321)
(1.988070582e-05 6.930003446e-15 0.0002763535254)
(2.021542255e-05 6.932388691e-15 0.0002763536769)
(2.06658739e-05 6.934990776e-15 0.0002763538809)
(2.121475536e-05 6.938460223e-15 0.0002763541294)
(2.184096831e-05 6.94192967e-15 0.0002763544129)
(2.252044309e-05 6.945832798e-15 0.0002763547205)
(2.322707625e-05 6.950169607e-15 0.0002763550404)
(2.393370941e-05 6.954506415e-15 0.0002763553603)
(2.461318419e-05 6.959276905e-15 0.0002763556679)
(2.523939713e-05 6.962746352e-15 0.0002763559514)
(2.57882786e-05 6.966215799e-15 0.0002763561999)
(2.623872995e-05 6.968817884e-15 0.0002763564038)
(2.657344668e-05 6.970769448e-15 0.0002763565554)
(2.677956133e-05 6.97196207e-15 0.0002763566487)
(2.736377645e-05 8.514785853e-15 0.0003158027976)
(2.729641952e-05 8.514348081e-15 0.0003158027681)
(2.709694273e-05 8.513155458e-15 0.0003158026807)
(2.677300548e-05 8.510987054e-15 0.0003158025388)
(2.633706081e-05 8.508384969e-15 0.0003158023478)
(2.580585594e-05 8.504915522e-15 0.0003158021151)
(2.519981003e-05 8.501446075e-15 0.0003158018495)
(2.454221757e-05 8.496675585e-15 0.0003158015614)
(2.385834136e-05 8.492338777e-15 0.0003158012618)
(2.317446515e-05 8.488001968e-15 0.0003158009622)
(2.25168727e-05 8.48409884e-15 0.0003158006741)
(2.191082679e-05 8.480629393e-15 0.0003158004086)
(2.137962192e-05 8.477159946e-15 0.0003158001758)
(2.094367724e-05 8.474557861e-15 0.0003157999848)
(2.061973999e-05 8.472389457e-15 0.0003157998429)
(2.04202632e-05 8.470979994e-15 0.0003157997555)
(2.035290627e-05 8.470467066e-15 0.000315799726)
(2.04202632e-05 8.470979994e-15 0.0003157997555)
(2.061973999e-05 8.472389457e-15 0.0003157998429)
(2.094367724e-05 8.474557861e-15 0.0003157999848)
(2.137962192e-05 8.477159946e-15 0.0003158001758)
(2.191082679e-05 8.480629393e-15 0.0003158004086)
(2.25168727e-05 8.48409884e-15 0.0003158006741)
(2.317446515e-05 8.488001968e-15 0.0003158009622)
(2.385834136e-05 8.492338777e-15 0.0003158012618)
(2.454221757e-05 8.496675585e-15 0.0003158015614)
(2.519981003e-05 8.501446075e-15 0.0003158018495)
(2.580585594e-05 8.504915522e-15 0.0003158021151)
(2.633706081e-05 8.508384969e-15 0.0003158023478)
(2.677300548e-05 8.510987054e-15 0.0003158025388)
(2.709694273e-05 8.513155458e-15 0.0003158026807)
(2.729641952e-05 8.514348081e-15 0.0003158027681)
(2.769660139e-05 1.011529889e-14 0.0003529488382)
(2.763502106e-05 1.011484733e-14 0.0003529488136)
(2.745265165e-05 1.011343786e-14 0.0003529487405)
(2.715649565e-05 1.011126946e-14 0.0003529486219)
(2.675793812e-05 1.010866738e-14 0.0003529484623)
(2.627229003e-05 1.010519793e-14 0.0003529482678)
(2.571821936e-05 1.010172848e-14 0.0003529480458)
(2.511702283e-05 1.009782535e-14 0.0003529478051)
(2.449179668e-05 1.009348854e-14 0.0003529475546)
(2.386657053e-05 1.008915174e-14 0.0003529473042)
(2.3265374e-05 1.008438125e-14 0.0003529470634)
(2.271130333e-05 1.00809118e-14 0.0003529468415)
(2.222565524e-05 1.007744235e-14 0.000352946647)
(2.182709771e-05 1.007484027e-14 0.0003529464874)
(2.153094171e-05 1.007267186e-14 0.0003529463688)
(2.13485723e-05 1.007147924e-14 0.0003529462957)
(2.128699198e-05 1.007100248e-14 0.0003529462711)
(2.13485723e-05 1.007147924e-14 0.0003529462957)
(2.153094171e-05 1.007267186e-14 0.0003529463688)
(2.182709771e-05 1.007484027e-14 0.0003529464874)
(2.222565524e-05 1.007744235e-14 0.000352946647)
(2.271130333e-05 1.00809118e-14 0.0003529468415)
(2.3265374e-05 1.008438125e-14 0.0003529470634)
(2.386657053e-05 1.008915174e-14 0.0003529473042)
(2.449179668e-05 1.009348854e-14 0.0003529475546)
(2.511702283e-05 1.009782535e-14 0.0003529478051)
(2.571821936e-05 1.010172848e-14 0.0003529480458)
(2.627229003e-05 1.010519793e-14 0.0003529482678)
(2.675793812e-05 1.010866738e-14 0.0003529484623)
(2.715649565e-05 1.011126946e-14 0.0003529486219)
(2.745265165e-05 1.011343786e-14 0.0003529487405)
(2.763502106e-05 1.011484733e-14 0.0003529488136)
(2.781144467e-05 1.170977179e-14 0.0003855345433)
(2.77598959e-05 1.170938346e-14 0.000385534526)
(2.760723483e-05 1.170786558e-14 0.0003855344749)
(2.735932324e-05 1.170591402e-14 0.0003855343918)
(2.702569154e-05 1.170331193e-14 0.0003855342799)
(2.66191565e-05 1.169984248e-14 0.0003855341436)
(2.615534506e-05 1.169637304e-14 0.0003855339882)
(2.565208466e-05 1.169203623e-14 0.0003855338195)
(2.512870911e-05 1.168769942e-14 0.000385533644)
(2.460533356e-05 1.168336261e-14 0.0003855334686)
(2.410207316e-05 1.16790258e-14 0.0003855332999)
(2.363826171e-05 1.167555636e-14 0.0003855331444)
(2.323172667e-05 1.167208691e-14 0.0003855330081)
(2.289809497e-05 1.166948482e-14 0.0003855328963)
(2.265018338e-05 1.166709958e-14 0.0003855328132)
(2.249752231e-05 1.166601538e-14 0.000385532762)
(2.244597355e-05 1.166551403e-14 0.0003855327447)
(2.249752231e-05 1.166601538e-14 0.000385532762)
(2.265018338e-05 1.166709958e-14 0.0003855328132)
(2.289809497e-05 1.166948482e-14 0.0003855328963)
(2.323172667e-05 1.167208691e-14 0.0003855330081)
(2.363826171e-05 1.167555636e-14 0.0003855331444)
(2.410207316e-05 1.16790258e-14 0.0003855332999)
(2.460533356e-05 1.168336261e-14 0.0003855334686)
(2.512870911e-05 1.168769942e-14 0.000385533644)
(2.565208466e-05 1.169203623e-14 0.0003855338195)
(2.615534506e-05 1.169637304e-14 0.0003855339882)
(2.66191565e-05 1.169984248e-14 0.0003855341436)
(2.702569154e-05 1.170331193e-14 0.0003855342799)
(2.735932324e-05 1.170591402e-14 0.0003855343918)
(2.760723483e-05 1.170786558e-14 0.0003855344749)
(2.77598959e-05 1.170938346e-14 0.000385534526)
(2.767089665e-05 1.321529705e-14 0.0004109086745)
(2.763437963e-05 1.32149066e-14 0.0004109086659)
(2.75262349e-05 1.321360556e-14 0.0004109086402)
(2.735061493e-05 1.321165399e-14 0.0004109085985)
(2.711427105e-05 1.320905191e-14 0.0004109085424)
(2.682628261e-05 1.320558246e-14 0.0004109084741)
(2.649771972e-05 1.320211301e-14 0.0004109083961)
(2.614121127e-05 1.319777621e-14 0.0004109083115)
(2.577045331e-05 1.31934394e-14 0.0004109082235)
(2.539969534e-05 1.318910259e-14 0.0004109081355)
(2.50431869e-05 1.318476578e-14 0.0004109080509)
(2.4714624e-05 1.318129633e-14 0.0004109079729)
(2.442663557e-05 1.317782689e-14 0.0004109079045)
(2.419029168e-05 1.31752248e-14 0.0004109078484)
(2.401467171e-05 1.317283956e-14 0.0004109078068)
(2.390652698e-05 1.317153851e-14 0.0004109077811)
(2.387000996e-05 1.317109418e-14 0.0004109077724)
(2.390652698e-05 1.317153851e-14 0.0004109077811)
(2.401467171e-05 1.317283956e-14 0.0004109078068)
(2.419029168e-05 1.31752248e-14 0.0004109078484)
(2.442663557e-05 1.317782689e-14 0.0004109079045)
(2.4714624e-05 1.318129633e-14 0.0004109079729)
(2.50431869e-05 1.318476578e-14 0.0004109080509)
(2.539969534e-05 1.318910259e-14 0.0004109081355)
(2.577045331e-05 1.31934394e-14 0.0004109082235)
(2.614121127e-05 1.319777621e-14 0.0004109083115)
(2.649771972e-05 1.320211301e-14 0.0004109083961)
(2.682628261e-05 1.320558246e-14 0.0004109084741)
(2.711427105e-05 1.320905191e-14 0.0004109085424)
(2.735061493e-05 1.321165399e-14 0.0004109085985)
(2.75262349e-05 1.321360556e-14 0.0004109086402)
(2.763437963e-05 1.32149066e-14 0.0004109086659)
(2.723662274e-05 1.452532885e-14 0.0004259698047)
(2.722086694e-05 1.452494808e-14 0.0004259698031)
(2.71742063e-05 1.452375546e-14 0.0004259697983)
(2.709843248e-05 1.452137022e-14 0.0004259697906)
(2.699645844e-05 1.451876813e-14 0.0004259697802)
(2.687220159e-05 1.451529869e-14 0.0004259697676)
(2.673043829e-05 1.451139556e-14 0.0004259697531)
(2.657661748e-05 1.450749243e-14 0.0004259697374)
(2.64166485e-05 1.450315562e-14 0.0004259697211)
(2.625667952e-05 1.449881881e-14 0.0004259697048)
(2.610285871e-05 1.449491568e-14 0.0004259696892)
(2.596109541e-05 1.449101256e-14 0.0004259696747)
(2.583683856e-05 1.448754311e-14 0.0004259696621)
(2.573486452e-05 1.448494102e-14 0.0004259696517)
(2.56590907e-05 1.448298946e-14 0.000425969644)
(2.561243006e-05 1.448158e-14 0.0004259696392)
(2.559667426e-05 1.448119262e-14 0.0004259696376)
(2.561243006e-05 1.448158e-14 0.0004259696392)
(2.56590907e-05 1.448298946e-14 0.000425969644)
(2.573486452e-05 1.448494102e-14 0.0004259696517)
(2.583683856e-05 1.448754311e-14 0.0004259696621)
(2.596109541e-05 1.449101256e-14 0.0004259696747)
(2.610285871e-05 1.449491568e-14 0.0004259696892)
(2.625667952e-05 1.449881881e-14 0.0004259697048)
(2.64166485e-05 1.450315562e-14 0.0004259697211)
(2.657661748e-05 1.450749243e-14 0.0004259697374)
(2.673043829e-05 1.451139556e-14 0.0004259697531)
(2.687220159e-05 1.451529869e-14 0.0004259697676)
(2.699645844e-05 1.451876813e-14 0.0004259697802)
(2.709843248e-05 1.452137022e-14 0.0004259697906)
(2.71742063e-05 1.452375546e-14 0.0004259697983)
(2.722086694e-05 1.452494808e-14 0.0004259698031)
(2.646948761e-05 1.551044605e-14 0.0004272183353)
(2.648093667e-05 1.550994576e-14 0.0004272183345)
(2.651484295e-05 1.550886156e-14 0.000427218332)
(2.656990452e-05 1.550669315e-14 0.0004272183279)
(2.664400467e-05 1.550409107e-14 0.0004272183225)
(2.673429677e-05 1.550062162e-14 0.0004272183159)
(2.683731006e-05 1.549671849e-14 0.0004272183083)
(2.694908502e-05 1.549281536e-14 0.0004272183001)
(2.706532759e-05 1.548847856e-14 0.0004272182915)
(2.718157016e-05 1.548414175e-14 0.000427218283)
(2.729334512e-05 1.548023862e-14 0.0004272182748)
(2.739635841e-05 1.547633549e-14 0.0004272182672)
(2.748665051e-05 1.547286604e-14 0.0004272182606)
(2.756075066e-05 1.547026396e-14 0.0004272182551)
(2.761581223e-05 1.546809555e-14 0.0004272182511)
(2.76497185e-05 1.546679451e-14 0.0004272182486)
(2.766116757e-05 1.546637693e-14 0.0004272182477)
(2.76497185e-05 1.546679451e-14 0.0004272182486)
(2.761581223e-05 1.546809555e-14 0.0004272182511)
(2.756075066e-05 1.547026396e-14 0.0004272182551)
(2.748665051e-05 1.547286604e-14 0.0004272182606)
(2.739635841e-05 1.547633549e-14 0.0004272182672)
(2.729334512e-05 1.548023862e-14 0.0004272182748)
(2.718157016e-05 1.548414175e-14 0.000427218283)
(2.706532759e-05 1.548847856e-14 0.0004272182915)
(2.694908502e-05 1.549281536e-14 0.0004272183001)
(2.683731006e-05 1.549671849e-14 0.0004272183083)
(2.673429677e-05 1.550062162e-14 0.0004272183159)
(2.664400467e-05 1.550409107e-14 0.0004272183225)
(2.656990452e-05 1.550669315e-14 0.0004272183279)
(2.651484295e-05 1.550886156e-14 0.000427218332)
(2.648093667e-05 1.550994576e-14 0.0004272183345)
(2.533071745e-05 1.601491676e-14 0.0004107611115)
(2.537644487e-05 1.601453345e-14 0.000410761098)
(2.551186609e-05 1.601323241e-14 0.0004107610577)
(2.573178129e-05 1.6011064e-14 0.0004107609924)
(2.602773632e-05 1.600846192e-14 0.0004107609044)
(2.63883618e-05 1.600499247e-14 0.0004107607972)
(2.679979552e-05 1.600108934e-14 0.000410760675)
(2.724622326e-05 1.59976199e-14 0.0004107605423)
(2.771049458e-05 1.599328309e-14 0.0004107604043)
(2.817476589e-05 1.598894628e-14 0.0004107602664)
(2.862119364e-05 1.598460947e-14 0.0004107601337)
(2.903262735e-05 1.598070634e-14 0.0004107600114)
(2.939325283e-05 1.597723689e-14 0.0004107599042)
(2.968920786e-05 1.597463481e-14 0.0004107598163)
(2.990912307e-05 1.597246641e-14 0.0004107597509)
(3.004454428e-05 1.59713822e-14 0.0004107597107)
(3.00902717e-05 1.597089435e-14 0.0004107596971)
(3.004454428e-05 1.59713822e-14 0.0004107597107)
(2.990912307e-05 1.597246641e-14 0.0004107597509)
(2.968920786e-05 1.597463481e-14 0.0004107598163)
(2.939325283e-05 1.597723689e-14 0.0004107599042)
(2.903262735e-05 1.598070634e-14 0.0004107600114)
(2.862119364e-05 1.598460947e-14 0.0004107601337)
(2.817476589e-05 1.598894628e-14 0.0004107602664)
(2.771049458e-05 1.599328309e-14 0.0004107604043)
(2.724622326e-05 1.59976199e-14 0.0004107605423)
(2.679979552e-05 1.600108934e-14 0.000410760675)
(2.63883618e-05 1.600499247e-14 0.0004107607972)
(2.602773632e-05 1.600846192e-14 0.0004107609044)
(2.573178129e-05 1.6011064e-14 0.0004107609924)
(2.551186609e-05 1.601323241e-14 0.0004107610577)
(2.537644487e-05 1.601453345e-14 0.000410761098)
(2.378074512e-05 1.58578088e-14 0.0003723544686)
(2.38683848e-05 1.585732413e-14 0.0003723544186)
(2.412792872e-05 1.585602309e-14 0.0003723542707)
(2.454941107e-05 1.585407153e-14 0.0003723540305)
(2.511662889e-05 1.585146944e-14 0.0003723537072)
(2.580779198e-05 1.5848e-14 0.0003723533133)
(2.65963325e-05 1.584409687e-14 0.0003723528638)
(2.745194145e-05 1.583976006e-14 0.0003723523762)
(2.834174879e-05 1.583542325e-14 0.000372351869)
(2.923155614e-05 1.583108644e-14 0.0003723513619)
(3.008716508e-05 1.582761699e-14 0.0003723508742)
(3.087570561e-05 1.582371387e-14 0.0003723504248)
(3.15668687e-05 1.582024442e-14 0.0003723500309)
(3.213408652e-05 1.581764233e-14 0.0003723497076)
(3.255556887e-05 1.581525709e-14 0.0003723494674)
(3.281511278e-05 1.581417289e-14 0.0003723493194)
(3.290275247e-05 1.581377952e-14 0.0003723492695)
(3.281511278e-05 1.581417289e-14 0.0003723493194)
(3.255556887e-05 1.581525709e-14 0.0003723494674)
(3.213408652e-05 1.581764233e-14 0.0003723497076)
(3.15668687e-05 1.582024442e-14 0.0003723500309)
(3.087570561e-05 1.582371387e-14 0.0003723504248)
(3.008716508e-05 1.582761699e-14 0.0003723508742)
(2.923155614e-05 1.583108644e-14 0.0003723513619)
(2.834174879e-05 1.583542325e-14 0.000372351869)
(2.745194145e-05 1.583976006e-14 0.0003723523762)
(2.65963325e-05 1.584409687e-14 0.0003723528638)
(2.580779198e-05 1.5848e-14 0.0003723533133)
(2.511662889e-05 1.585146944e-14 0.0003723537072)
(2.454941107e-05 1.585407153e-14 0.0003723540305)
(2.412792872e-05 1.585602309e-14 0.0003723542707)
(2.38683848e-05 1.585732413e-14 0.0003723544186)
(2.17815486e-05 1.483287781e-14 0.0003075066342)
(2.191912531e-05 1.483253624e-14 0.0003075065111)
(2.232655713e-05 1.483101836e-14 0.0003075061465)
(2.298819979e-05 1.482884995e-14 0.0003075055545)
(2.387861787e-05 1.482624787e-14 0.0003075047577)
(2.496360514e-05 1.482277842e-14 0.0003075037868)
(2.620145541e-05 1.481887529e-14 0.0003075026791)
(2.754458964e-05 1.481540585e-14 0.0003075014772)
(2.89414085e-05 1.481106904e-14 0.0003075002272)
(3.033822736e-05 1.480673223e-14 0.0003074989773)
(3.168136159e-05 1.480239542e-14 0.0003074977754)
(3.291921187e-05 1.479849229e-14 0.0003074966677)
(3.400419914e-05 1.479502285e-14 0.0003074956968)
(3.489461722e-05 1.479242076e-14 0.0003074949)
(3.555625987e-05 1.479025236e-14 0.0003074943079)
(3.59636917e-05 1.478916815e-14 0.0003074939433)
(3.61012684e-05 1.478873993e-14 0.0003074938202)
(3.59636917e-05 1.478916815e-14 0.0003074939433)
(3.555625987e-05 1.479025236e-14 0.0003074943079)
(3.489461722e-05 1.479242076e-14 0.0003074949)
(3.400419914e-05 1.479502285e-14 0.0003074956968)
(3.291921187e-05 1.479849229e-14 0.0003074966677)
(3.168136159e-05 1.480239542e-14 0.0003074977754)
(3.033822736e-05 1.480673223e-14 0.0003074989773)
(2.89414085e-05 1.481106904e-14 0.0003075002272)
(2.754458964e-05 1.481540585e-14 0.0003075014772)
(2.620145541e-05 1.481887529e-14 0.0003075026791)
(2.496360514e-05 1.482277842e-14 0.0003075037868)
(2.387861787e-05 1.482624787e-14 0.0003075047577)
(2.298819979e-05 1.482884995e-14 0.0003075055545)
(2.232655713e-05 1.483101836e-14 0.0003075061465)
(2.191912531e-05 1.483253624e-14 0.0003075065111)
(1.929411887e-05 1.270980876e-14 0.0002114916058)
(1.948991457e-05 1.270934313e-14 0.0002114913564)
(2.006976127e-05 1.270836734e-14 0.0002114906179)
(2.101139442e-05 1.27059821e-14 0.0002114894187)
(2.227861497e-05 1.270294633e-14 0.0002114878047)
(2.38227415e-05 1.269947689e-14 0.0002114858381)
(2.558441881e-05 1.269600744e-14 0.0002114835944)
(2.749593358e-05 1.269210431e-14 0.0002114811599)
(2.948385096e-05 1.26877675e-14 0.000211478628)
(3.147176834e-05 1.268343069e-14 0.0002114760962)
(3.338328311e-05 1.267866021e-14 0.0002114736616)
(3.514496042e-05 1.267519076e-14 0.0002114714179)
(3.668908695e-05 1.267172131e-14 0.0002114694513)
(3.795630751e-05 1.266868555e-14 0.0002114678374)
(3.889794065e-05 1.266716766e-14 0.0002114666381)
(3.947778735e-05 1.26657582e-14 0.0002114658996)
(3.967358306e-05 1.266539572e-14 0.0002114656502)
(3.947778735e-05 1.26657582e-14 0.0002114658996)
(3.889794065e-05 1.266716766e-14 0.0002114666381)
(3.795630751e-05 1.266868555e-14 0.0002114678374)
(3.668908695e-05 1.267172131e-14 0.0002114694513)
(3.514496042e-05 1.267519076e-14 0.0002114714179)
(3.338328311e-05 1.267866021e-14 0.0002114736616)
(3.147176834e-05 1.268343069e-14 0.0002114760962)
(2.948385096e-05 1.26877675e-14 0.000211478628)
(2.749593358e-05 1.269210431e-14 0.0002114811599)
(2.558441881e-05 1.269600744e-14 0.0002114835944)
(2.38227415e-05 1.269947689e-14 0.0002114858381)
(2.227861497e-05 1.270294633e-14 0.0002114878047)
(2.101139442e-05 1.27059821e-14 0.0002114894187)
(2.006976127e-05 1.270836734e-14 0.0002114906179)
(1.948991457e-05 1.270934313e-14 0.0002114913564)
(1.628263821e-05 9.239688605e-15 7.958544195e-05)
(1.654492679e-05 9.239245653e-15 7.958499443e-05)
(1.732169139e-05 9.238053031e-15 7.958366912e-05)
(1.858310632e-05 9.235667786e-15 7.958151691e-05)
(2.028067925e-05 9.233065701e-15 7.957862052e-05)
(2.234919635e-05 9.229596254e-15 7.957509123e-05)
(2.470914521e-05 9.225693126e-15 7.95710647e-05)
(2.726981684e-05 9.221789998e-15 7.95666957e-05)
(2.993283767e-05 9.21745319e-15 7.956215207e-05)
(3.25958585e-05 9.213116381e-15 7.955760845e-05)
(3.515653013e-05 9.208345891e-15 7.955323945e-05)
(3.751647898e-05 9.204442764e-15 7.954921292e-05)
(3.958499609e-05 9.200973317e-15 7.954568363e-05)
(4.128256902e-05 9.198371231e-15 7.954278724e-05)
(4.254398395e-05 9.196419667e-15 7.954063503e-05)
(4.332074855e-05 9.195227045e-15 7.953930971e-05)
(4.358303713e-05 9.194752676e-15 7.95388622e-05)
(4.332074855e-05 9.195227045e-15 7.953930971e-05)
(4.254398395e-05 9.196419667e-15 7.954063503e-05)
(4.128256902e-05 9.198371231e-15 7.954278724e-05)
(3.958499609e-05 9.200973317e-15 7.954568363e-05)
(3.751647899e-05 9.204442764e-15 7.954921292e-05)
(3.515653013e-05 9.208345891e-15 7.955323945e-05)
(3.25958585e-05 9.213116381e-15 7.955760845e-05)
(2.993283767e-05 9.21745319e-15 7.956215207e-05)
(2.726981684e-05 9.221789998e-15 7.95666957e-05)
(2.470914521e-05 9.225693126e-15 7.95710647e-05)
(2.234919635e-05 9.229596254e-15 7.957509123e-05)
(2.028067925e-05 9.233065701e-15 7.957862052e-05)
(1.858310632e-05 9.235667786e-15 7.958151691e-05)
(1.732169139e-05 9.238053031e-15 7.958366912e-05)
(1.654492679e-05 9.239245653e-15 7.958499443e-05)
(1.271088738e-05 4.155891399e-15 -9.297705796e-05)
(1.304773301e-05 4.155421666e-15 -9.297779607e-05)
(1.404529744e-05 4.154229044e-15 -9.297998196e-05)
(1.566527686e-05 4.15206064e-15 -9.29835317e-05)
(1.784539472e-05 4.149024874e-15 -9.298830884e-05)
(2.050189977e-05 4.145555427e-15 -9.299412985e-05)
(2.353267774e-05 4.141652299e-15 -9.300077097e-05)
(2.682123509e-05 4.13731549e-15 -9.300797695e-05)
(3.024123499e-05 4.132978682e-15 -9.301547095e-05)
(3.366123488e-05 4.128641873e-15 -9.302296495e-05)
(3.694979223e-05 4.124305064e-15 -9.303017093e-05)
(3.998057021e-05 4.120401936e-15 -9.303681205e-05)
(4.263707526e-05 4.116932489e-15 -9.304263306e-05)
(4.481719311e-05 4.113896723e-15 -9.30474102e-05)
(4.643717253e-05 4.111728319e-15 -9.305095994e-05)
(4.743473696e-05 4.110535697e-15 -9.305314583e-05)
(4.777158259e-05 4.1100884e-15 -9.305388394e-05)
(4.743473696e-05 4.110535697e-15 -9.305314583e-05)
(4.643717253e-05 4.111728319e-15 -9.305095994e-05)
(4.481719311e-05 4.113896723e-15 -9.30474102e-05)
(4.263707526e-05 4.116932489e-15 -9.304263306e-05)
(3.998057021e-05 4.120401936e-15 -9.303681205e-05)
(3.694979224e-05 4.124305064e-15 -9.303017093e-05)
(3.366123489e-05 4.128641873e-15 -9.302296495e-05)
(3.024123499e-05 4.132978682e-15 -9.301547095e-05)
(2.682123509e-05 4.13731549e-15 -9.300797695e-05)
(2.353267774e-05 4.141652299e-15 -9.300077097e-05)
(2.050189977e-05 4.145555427e-15 -9.299412985e-05)
(1.784539472e-05 4.149024874e-15 -9.298830884e-05)
(1.566527687e-05 4.15206064e-15 -9.29835317e-05)
(1.404529744e-05 4.154229044e-15 -9.297998196e-05)
(1.304773301e-05 4.155421666e-15 -9.297779607e-05)
(8.549365773e-06 -2.812252009e-15 -0.0003105975365)
(8.968261047e-06 -2.812745696e-15 -0.000310598678)
(1.020881455e-05 -2.814155159e-15 -0.0003106020585)
(1.222339234e-05 -2.816323563e-15 -0.0003106075483)
(1.493454839e-05 -2.819359329e-15 -0.0003106149362)
(1.823813115e-05 -2.822828776e-15 -0.0003106239385)
(2.200715309e-05 -2.826731904e-15 -0.0003106342091)
(2.609674492e-05 -2.831068713e-15 -0.0003106453533)
(3.034979638e-05 -2.835405521e-15 -0.0003106569428)
(3.460284784e-05 -2.83974233e-15 -0.0003106685324)
(3.869243966e-05 -2.844946501e-15 -0.0003106796766)
(4.246146161e-05 -2.848849628e-15 -0.0003106899472)
(4.576504436e-05 -2.852319075e-15 -0.0003106989495)
(4.847620041e-05 -2.855354841e-15 -0.0003107063374)
(5.049077821e-05 -2.857523246e-15 -0.0003107118271)
(5.173133171e-05 -2.858932709e-15 -0.0003107152077)
(5.215022698e-05 -2.859371421e-15 -0.0003107163491)
(5.173133171e-05 -2.858932709e-15 -0.0003107152077)
(5.049077821e-05 -2.857523246e-15 -0.0003107118271)
(4.847620041e-05 -2.855354841e-15 -0.0003107063374)
(4.576504436e-05 -2.852319075e-15 -0.0003106989495)
(4.246146161e-05 -2.848849628e-15 -0.0003106899472)
(3.869243966e-05 -2.844946501e-15 -0.0003106796766)
(3.460284784e-05 -2.83974233e-15 -0.0003106685324)
(3.034979638e-05 -2.835405521e-15 -0.0003106569428)
(2.609674492e-05 -2.831068713e-15 -0.0003106453533)
(2.200715309e-05 -2.826731904e-15 -0.0003106342091)
(1.823813115e-05 -2.822828776e-15 -0.0003106239385)
(1.493454839e-05 -2.819359329e-15 -0.0003106149362)
(1.222339234e-05 -2.816323563e-15 -0.0003106075483)
(1.020881455e-05 -2.814155159e-15 -0.0003106020585)
(8.968261047e-06 -2.812745696e-15 -0.000310598678)
(3.771397903e-06 -1.19397651e-14 -0.0005774492102)
(4.278998073e-06 -1.194021011e-14 -0.0005774508863)
(5.782250097e-06 -1.194161957e-14 -0.0005774558502)
(8.223433115e-06 -1.194400481e-14 -0.0005774639112)
(1.150870119e-05 -1.194704058e-14 -0.0005774747594)
(1.551184773e-05 -1.195094371e-14 -0.0005774879781)
(2.007899446e-05 -1.195484683e-14 -0.0005775030592)
(2.503459466e-05 -1.195918364e-14 -0.000577519423)
(3.018826856e-05 -1.196438781e-14 -0.0005775364409)
(3.534194246e-05 -1.196959198e-14 -0.0005775534587)
(4.029754267e-05 -1.197392879e-14 -0.0005775698225)
(4.486468939e-05 -1.197783192e-14 -0.0005775849036)
(4.886783593e-05 -1.198173505e-14 -0.0005775981223)
(5.215310401e-05 -1.198477081e-14 -0.0005776089706)
(5.459428703e-05 -1.198672238e-14 -0.0005776170315)
(5.609753905e-05 -1.198834868e-14 -0.0005776219954)
(5.660513922e-05 -1.198875695e-14 -0.0005776236715)
(5.609753905e-05 -1.198834868e-14 -0.0005776219954)
(5.459428703e-05 -1.198672238e-14 -0.0005776170315)
(5.215310401e-05 -1.198477081e-14 -0.0005776089706)
(4.886783593e-05 -1.198173505e-14 -0.0005775981223)
(4.486468939e-05 -1.197783192e-14 -0.0005775849036)
(4.029754267e-05 -1.197392879e-14 -0.0005775698225)
(3.534194246e-05 -1.196959198e-14 -0.0005775534587)
(3.018826856e-05 -1.196438781e-14 -0.0005775364409)
(2.503459466e-05 -1.195918364e-14 -0.000577519423)
(2.007899446e-05 -1.195484683e-14 -0.0005775030592)
(1.551184773e-05 -1.195094371e-14 -0.0005774879781)
(1.150870119e-05 -1.194704058e-14 -0.0005774747594)
(8.223433116e-06 -1.194400481e-14 -0.0005774639112)
(5.782250098e-06 -1.194161957e-14 -0.0005774558502)
(4.278998073e-06 -1.194021011e-14 -0.0005774508863)
(-1.635399152e-06 -2.348144598e-14 -0.0008968745479)
(-1.033724038e-06 -2.348186749e-14 -0.000896876903)
(7.481298456e-07 -2.348338538e-14 -0.0008968838773)
(3.64174407e-06 -2.348598746e-14 -0.0008968952032)
(7.535879974e-06 -2.348902323e-14 -0.0008969104453)
(1.228094074e-05 -2.349292635e-14 -0.0008969290179)
(1.769452941e-05 -2.349726316e-14 -0.0008969502072)
(2.356856472e-05 -2.350203365e-14 -0.0008969731988)
(2.967738327e-05 -2.350723782e-14 -0.0008969971093)
(3.578620182e-05 -2.351244199e-14 -0.0008970210198)
(4.166023713e-05 -2.351721248e-14 -0.0008970440114)
(4.707382581e-05 -2.352154929e-14 -0.0008970652007)
(5.181888657e-05 -2.352545242e-14 -0.0008970837734)
(5.571302248e-05 -2.352848819e-14 -0.0008970990154)
(5.86066367e-05 -2.353109027e-14 -0.0008971103413)
(6.038849059e-05 -2.353239131e-14 -0.0008971173156)
(6.09901657e-05 -2.353295886e-14 -0.0008971196707)
(6.038849059e-05 -2.353239131e-14 -0.0008971173156)
(5.86066367e-05 -2.353109027e-14 -0.0008971103413)
(5.571302248e-05 -2.352848819e-14 -0.0008970990154)
(5.181888658e-05 -2.352545242e-14 -0.0008970837734)
(4.707382581e-05 -2.352154929e-14 -0.0008970652007)
(4.166023714e-05 -2.351721248e-14 -0.0008970440114)
(3.578620183e-05 -2.351244199e-14 -0.0008970210198)
(2.967738328e-05 -2.350723782e-14 -0.0008969971093)
(2.356856472e-05 -2.350203365e-14 -0.0008969731988)
(1.769452941e-05 -2.349726316e-14 -0.0008969502072)
(1.228094074e-05 -2.349292635e-14 -0.0008969290179)
(7.535879976e-06 -2.348902323e-14 -0.0008969104453)
(3.641744071e-06 -2.348598746e-14 -0.0008968952032)
(7.481298465e-07 -2.348338538e-14 -0.0008968838773)
(-1.033724037e-06 -2.348186749e-14 -0.000896876903)
(-7.67234368e-06 -3.76745649e-14 -0.001271649818)
(-6.972827665e-06 -3.767504971e-14 -0.001271653001)
(-4.901219085e-06 -3.767667602e-14 -0.001271662428)
(-1.537062176e-06 -3.767949494e-14 -0.001271677737)
(2.990315418e-06 -3.768253071e-14 -0.00127169834)
(8.506990318e-06 -3.768686752e-14 -0.001271723444)
(1.480090524e-05 -3.769163801e-14 -0.001271752085)
(2.163014194e-05 -3.769640849e-14 -0.001271783162)
(2.873234097e-05 -3.770161267e-14 -0.001271815482)
(3.583454e-05 -3.770681684e-14 -0.001271847801)
(4.26637767e-05 -3.771245469e-14 -0.001271878879)
(4.895769162e-05 -3.771722518e-14 -0.00127190752)
(5.447436652e-05 -3.772156199e-14 -0.001271932624)
(5.900174412e-05 -3.772459775e-14 -0.001271953227)
(6.236590103e-05 -3.772741668e-14 -0.001271968536)
(6.443750961e-05 -3.772882614e-14 -0.001271977963)
(6.513702562e-05 -3.772931212e-14 -0.001271981146)
(6.443750961e-05 -3.772882614e-14 -0.001271977963)
(6.236590103e-05 -3.772741668e-14 -0.001271968536)
(5.900174412e-05 -3.772459775e-14 -0.001271953227)
(5.447436652e-05 -3.772156199e-14 -0.001271932624)
(4.895769162e-05 -3.771722518e-14 -0.00127190752)
(4.266377671e-05 -3.771245469e-14 -0.001271878879)
(3.583454e-05 -3.770681684e-14 -0.001271847801)
(2.873234097e-05 -3.770161267e-14 -0.001271815482)
(2.163014194e-05 -3.769640849e-14 -0.001271783162)
(1.480090524e-05 -3.769163801e-14 -0.001271752085)
(8.506990321e-06 -3.768686752e-14 -0.001271723444)
(2.99031542e-06 -3.768253071e-14 -0.00127169834)
(-1.537062175e-06 -3.767949494e-14 -0.001271677737)
(-4.901219083e-06 -3.767667602e-14 -0.001271662428)
(-6.972827664e-06 -3.767504971e-14 -0.001271653001)
(-1.431267685e-05 -5.470095071e-14 -0.001703166232)
(-1.351367054e-05 -5.470146905e-14 -0.001703170385)
(-1.114742262e-05 -5.470320377e-14 -0.001703182685)
(-7.30479068e-06 -5.470623954e-14 -0.001703202658)
(-2.133496289e-06 -5.470970899e-14 -0.001703229538)
(4.167800517e-06 -5.471404579e-14 -0.001703262292)
(1.135688211e-05 -5.471924996e-14 -0.00170329966)
(1.915742287e-05 -5.472445413e-14 -0.001703340206)
(2.726974866e-05 -5.473052567e-14 -0.001703382373)
(3.538207444e-05 -5.47365972e-14 -0.00170342454)
(4.318261521e-05 -5.474180137e-14 -0.001703465086)
(5.03716968e-05 -5.474700554e-14 -0.001703502454)
(5.66729936e-05 -5.475134235e-14 -0.001703535208)
(6.184428799e-05 -5.47548118e-14 -0.001703562088)
(6.568691993e-05 -5.475741388e-14 -0.001703582061)
(6.805316786e-05 -5.47591486e-14 -0.001703594361)
(6.885217417e-05 -5.475965647e-14 -0.001703598514)
(6.805316786e-05 -5.47591486e-14 -0.001703594361)
(6.568691994e-05 -5.475741388e-14 -0.001703582061)
(6.1844288e-05 -5.47548118e-14 -0.001703562088)
(5.66729936e-05 -5.475134235e-14 -0.001703535208)
(5.03716968e-05 -5.474700554e-14 -0.001703502454)
(4.318261521e-05 -5.474180137e-14 -0.001703465086)
(3.538207445e-05 -5.47365972e-14 -0.00170342454)
(2.726974866e-05 -5.473052567e-14 -0.001703382373)
(1.915742287e-05 -5.472445413e-14 -0.001703340206)
(1.135688211e-05 -5.471924996e-14 -0.00170329966)
(4.167800519e-06 -5.471404579e-14 -0.001703262292)
(-2.133496286e-06 -5.470970899e-14 -0.001703229538)
(-7.304790679e-06 -5.470623954e-14 -0.001703202658)
(-1.114742262e-05 -5.470320377e-14 -0.001703182685)
(-1.351367054e-05 -5.470146905e-14 -0.001703170385)
(-2.150347213e-05 -7.469351506e-14 -0.002191858142)
(-2.060579983e-05 -7.469415711e-14 -0.002191863384)
(-1.794735373e-05 -7.469589183e-14 -0.002191878909)
(-1.363021106e-05 -7.46989276e-14 -0.00219190412)
(-7.820334895e-06 -7.470283073e-14 -0.002191938049)
(-7.409169909e-07 -7.470760122e-14 -0.002191979391)
(7.335914571e-06 -7.471323907e-14 -0.002192026558)
(1.609971187e-05 -7.471887692e-14 -0.002192077737)
(2.521379524e-05 -7.472494845e-14 -0.002192130962)
(3.432787861e-05 -7.473101998e-14 -0.002192184186)
(4.309167591e-05 -7.47375252e-14 -0.002192235365)
(5.116850747e-05 -7.474316305e-14 -0.002192282532)
(5.824792538e-05 -7.474793354e-14 -0.002192323875)
(6.405780154e-05 -7.475183667e-14 -0.002192357803)
(6.837494422e-05 -7.475443875e-14 -0.002192383014)
(7.103339032e-05 -7.475617347e-14 -0.002192398539)
(7.193106261e-05 -7.475684393e-14 -0.002192403781)
(7.103339032e-05 -7.475617347e-14 -0.002192398539)
(6.837494422e-05 -7.475443875e-14 -0.002192383014)
(6.405780154e-05 -7.475183667e-14 -0.002192357803)
(5.824792538e-05 -7.474793354e-14 -0.002192323875)
(5.116850748e-05 -7.474316305e-14 -0.002192282532)
(4.309167592e-05 -7.47375252e-14 -0.002192235365)
(3.432787862e-05 -7.473101998e-14 -0.002192184186)
(2.521379525e-05 -7.472494845e-14 -0.002192130962)
(1.609971187e-05 -7.471887692e-14 -0.002192077737)
(7.335914575e-06 -7.471323907e-14 -0.002192026558)
(-7.409169878e-07 -7.470760122e-14 -0.002191979391)
(-7.820334892e-06 -7.470283073e-14 -0.002191938049)
(-1.363021106e-05 -7.46989276e-14 -0.00219190412)
(-1.794735373e-05 -7.469589183e-14 -0.002191878909)
(-2.060579983e-05 -7.469415711e-14 -0.002191863384)
(-2.914297567e-05 -9.768332785e-14 -0.002736162262)
(-2.815048427e-05 -9.768401366e-14 -0.00273616867)
(-2.521123248e-05 -9.768574838e-14 -0.002736187648)
(-2.043807971e-05 -9.768921783e-14 -0.002736218467)
(-1.401451937e-05 -9.769355463e-14 -0.002736259942)
(-6.187318444e-06 -9.769875881e-14 -0.00273631048)
(2.742650706e-06 -9.770483034e-14 -0.002736368138)
(1.243214824e-05 -9.771090187e-14 -0.002736430701)
(2.250893178e-05 -9.771784076e-14 -0.002736495763)
(3.258571532e-05 -9.772477966e-14 -0.002736560826)
(4.227521285e-05 -9.773085119e-14 -0.002736623389)
(5.1205182e-05 -9.773692272e-14 -0.002736681047)
(5.903238293e-05 -9.774212689e-14 -0.002736731585)
(6.545594327e-05 -9.77464637e-14 -0.00273677306)
(7.022909604e-05 -9.774906579e-14 -0.002736803879)
(7.316834783e-05 -9.775123419e-14 -0.002736822857)
(7.416083924e-05 -9.775178345e-14 -0.002736829265)
(7.316834784e-05 -9.775123419e-14 -0.002736822857)
(7.022909604e-05 -9.774906579e-14 -0.002736803879)
(6.545594327e-05 -9.77464637e-14 -0.00273677306)
(5.903238293e-05 -9.774212689e-14 -0.002736731585)
(5.120518201e-05 -9.773692272e-14 -0.002736681047)
(4.227521286e-05 -9.773085119e-14 -0.002736623389)
(3.258571532e-05 -9.772477966e-14 -0.002736560826)
(2.250893178e-05 -9.771784076e-14 -0.002736495763)
(1.243214825e-05 -9.771090187e-14 -0.002736430701)
(2.74265071e-06 -9.770483034e-14 -0.002736368138)
(-6.187318441e-06 -9.769875881e-14 -0.00273631048)
(-1.401451937e-05 -9.769355463e-14 -0.002736259942)
(-2.043807971e-05 -9.768921783e-14 -0.002736218467)
(-2.521123248e-05 -9.768574838e-14 -0.002736187648)
(-2.815048427e-05 -9.768401366e-14 -0.00273616867)
(-3.708158445e-05 -1.236112721e-13 -0.003333131044)
(-3.600152637e-05 -1.236119497e-13 -0.003333138633)
(-3.280294687e-05 -1.236140097e-13 -0.003333161108)
(-2.760866286e-05 -1.236172623e-13 -0.003333197605)
(-2.061835721e-05 -1.236220327e-13 -0.003333246722)
(-1.210056894e-05 -1.236276706e-13 -0.003333306572)
(-2.382716146e-06 -1.236337421e-13 -0.003333374854)
(8.161677586e-06 -1.236415484e-13 -0.003333448943)
(1.912752724e-05 -1.236484873e-13 -0.003333525994)
(3.009337689e-05 -1.236554262e-13 -0.003333603045)
(4.063777062e-05 -1.236623651e-13 -0.003333677134)
(5.035562342e-05 -1.236684366e-13 -0.003333745416)
(5.887341168e-05 -1.236740745e-13 -0.003333805266)
(6.586371734e-05 -1.236788449e-13 -0.003333854383)
(7.105800135e-05 -1.236820975e-13 -0.00333389088)
(7.425658085e-05 -1.236843744e-13 -0.003333913355)
(7.533663893e-05 -1.236850853e-13 -0.003333920944)
(7.425658085e-05 -1.236843744e-13 -0.003333913355)
(7.105800135e-05 -1.236820975e-13 -0.00333389088)
(6.586371734e-05 -1.236788449e-13 -0.003333854383)
(5.887341169e-05 -1.236740745e-13 -0.003333805266)
(5.035562343e-05 -1.236684366e-13 -0.003333745416)
(4.063777063e-05 -1.236623651e-13 -0.003333677134)
(3.00933769e-05 -1.236554262e-13 -0.003333603045)
(1.912752724e-05 -1.236484873e-13 -0.003333525994)
(8.161677591e-06 -1.236415484e-13 -0.003333448943)
(-2.382716142e-06 -1.236337421e-13 -0.003333374854)
(-1.210056894e-05 -1.236276706e-13 -0.003333306572)
(-2.06183572e-05 -1.236220327e-13 -0.003333246722)
(-2.760866286e-05 -1.236172623e-13 -0.003333197605)
(-3.280294687e-05 -1.236140097e-13 -0.003333161108)
(-3.600152637e-05 -1.236119497e-13 -0.003333138633)
(-4.509566603e-05 -1.522597505e-13 -0.003977181042)
(-4.393925701e-05 -1.522605826e-13 -0.003977189741)
(-4.051456508e-05 -1.522629679e-13 -0.003977215506)
(-3.495308927e-05 -1.522662205e-13 -0.003977257346)
(-2.746862833e-05 -1.522714246e-13 -0.003977313653)
(-1.834870473e-05 -1.522770625e-13 -0.003977382264)
(-7.943882206e-06 -1.522840014e-13 -0.003977460542)
(3.34591068e-06 -1.52291374e-13 -0.003977545477)
(1.508695284e-05 -1.522991802e-13 -0.003977633808)
(2.6827995e-05 -1.523069865e-13 -0.003977722138)
(3.811778789e-05 -1.52314359e-13 -0.003977807073)
(4.852261041e-05 -1.523212979e-13 -0.003977885351)
(5.764253402e-05 -1.523269358e-13 -0.003977953962)
(6.512699496e-05 -1.5233214e-13 -0.003978010269)
(7.068847077e-05 -1.523358262e-13 -0.003978052109)
(7.41131627e-05 -1.523379946e-13 -0.003978077874)
(7.526957172e-05 -1.523387465e-13 -0.003978086574)
(7.41131627e-05 -1.523379946e-13 -0.003978077874)
(7.068847077e-05 -1.523358262e-13 -0.003978052109)
(6.512699496e-05 -1.5233214e-13 -0.003978010269)
(5.764253402e-05 -1.523269358e-13 -0.003977953962)
(4.852261042e-05 -1.523212979e-13 -0.003977885351)
(3.811778789e-05 -1.52314359e-13 -0.003977807073)
(2.682799501e-05 -1.523069865e-13 -0.003977722138)
(1.508695285e-05 -1.522991802e-13 -0.003977633808)
(3.345910685e-06 -1.52291374e-13 -0.003977545477)
(-7.943882201e-06 -1.522840014e-13 -0.003977460542)
(-1.834870472e-05 -1.522770625e-13 -0.003977382264)
(-2.746862833e-05 -1.522714246e-13 -0.003977313653)
(-3.495308927e-05 -1.522662205e-13 -0.003977257346)
(-4.051456508e-05 -1.522629679e-13 -0.003977215506)
(-4.393925701e-05 -1.522605826e-13 -0.003977189741)
(-5.288971174e-05 -1.832701672e-13 -0.004660888166)
(-5.167253944e-05 -1.832709332e-13 -0.004660897805)
(-4.806789776e-05 -1.832733184e-13 -0.004660926348)
(-4.221419531e-05 -1.832774384e-13 -0.004660972701)
(-3.433646486e-05 -1.832826425e-13 -0.004661035081)
(-2.473733669e-05 -1.832891477e-13 -0.004661111093)
(-1.378579484e-05 -1.832960866e-13 -0.004661197813)
(-1.902782041e-06 -1.833038929e-13 -0.004661291909)
(1.045519084e-05 -1.833116992e-13 -0.004661389767)
(2.281316372e-05 -1.833195054e-13 -0.004661487624)
(3.469617652e-05 -1.83328179e-13 -0.00466158172)
(4.564771837e-05 -1.833351179e-13 -0.004661668441)
(5.524684654e-05 -1.833416231e-13 -0.004661744452)
(6.312457699e-05 -1.833468273e-13 -0.004661806832)
(6.897827944e-05 -1.833505136e-13 -0.004661853185)
(7.258292112e-05 -1.833528988e-13 -0.004661881729)
(7.380009343e-05 -1.833536461e-13 -0.004661891367)
(7.258292112e-05 -1.833528988e-13 -0.004661881729)
(6.897827944e-05 -1.833505136e-13 -0.004661853185)
(6.3124577e-05 -1.833468273e-13 -0.004661806832)
(5.524684655e-05 -1.833416231e-13 -0.004661744452)
(4.564771837e-05 -1.833351179e-13 -0.004661668441)
(3.469617653e-05 -1.83328179e-13 -0.00466158172)
(2.281316373e-05 -1.833195054e-13 -0.004661487624)
(1.045519085e-05 -1.833116992e-13 -0.004661389767)
(-1.902782035e-06 -1.833038929e-13 -0.004661291909)
(-1.378579484e-05 -1.832960866e-13 -0.004661197813)
(-2.473733668e-05 -1.832891477e-13 -0.004661111093)
(-3.433646486e-05 -1.832826425e-13 -0.004661035081)
(-4.221419531e-05 -1.832774384e-13 -0.004660972701)
(-4.806789775e-05 -1.832733184e-13 -0.004660926348)
(-5.167253944e-05 -1.832709332e-13 -0.004660897805)
(-6.007219194e-05 -2.160605197e-13 -0.005373554436)
(-5.881476599e-05 -2.160613268e-13 -0.005373564722)
(-5.509091361e-05 -2.160637121e-13 -0.005373595185)
(-4.904362077e-05 -2.160680489e-13 -0.005373644655)
(-4.090536241e-05 -2.16073253e-13 -0.005373711229)
(-3.098877722e-05 -2.160801919e-13 -0.005373792352)
(-1.967505209e-05 -2.160875645e-13 -0.005373884903)
(-7.399050907e-06 -2.160953708e-13 -0.005373985327)
(5.367617968e-06 -2.161040444e-13 -0.005374089764)
(1.813428684e-05 -2.16112718e-13 -0.005374194202)
(3.041028802e-05 -2.161205243e-13 -0.005374294625)
(4.172401316e-05 -2.161278968e-13 -0.005374387177)
(5.164059835e-05 -2.161348357e-13 -0.005374468299)
(5.977885671e-05 -2.161400399e-13 -0.005374534874)
(6.582614955e-05 -2.16143943e-13 -0.005374584343)
(6.955000193e-05 -2.161463283e-13 -0.005374614806)
(7.080742788e-05 -2.161471519e-13 -0.005374625093)
(6.955000193e-05 -2.161463283e-13 -0.005374614806)
(6.582614955e-05 -2.16143943e-13 -0.005374584343)
(5.977885672e-05 -2.161400399e-13 -0.005374534874)
(5.164059836e-05 -2.161348357e-13 -0.005374468299)
(4.172401316e-05 -2.161278968e-13 -0.005374387177)
(3.041028803e-05 -2.161205243e-13 -0.005374294625)
(1.813428685e-05 -2.16112718e-13 -0.005374194202)
(5.367617974e-06 -2.161040444e-13 -0.005374089764)
(-7.399050901e-06 -2.160953708e-13 -0.005373985327)
(-1.967505208e-05 -2.160875645e-13 -0.005373884903)
(-3.098877722e-05 -2.160801919e-13 -0.005373792352)
(-4.090536241e-05 -2.16073253e-13 -0.005373711229)
(-4.904362077e-05 -2.160680489e-13 -0.005373644655)
(-5.50909136e-05 -2.160637121e-13 -0.005373595185)
(-5.881476599e-05 -2.160613268e-13 -0.005373564722)
(-6.61631839e-05 -2.508475665e-13 -0.006102142782)
(-6.489139455e-05 -2.508483872e-13 -0.006102153305)
(-6.112500509e-05 -2.508509893e-13 -0.006102184468)
(-5.500863484e-05 -2.508548924e-13 -0.006102235074)
(-4.677741423e-05 -2.508600966e-13 -0.006102303179)
(-3.67475532e-05 -2.508670355e-13 -0.006102386165)
(-2.530459289e-05 -2.508744081e-13 -0.006102480843)
(-1.288836457e-05 -2.50882648e-13 -0.006102583574)
(2.413626632e-08 -2.508913216e-13 -0.006102690411)
(1.293663711e-05 -2.508999952e-13 -0.006102797248)
(2.535286542e-05 -2.509082352e-13 -0.006102899979)
(3.679582573e-05 -2.509156077e-13 -0.006102994658)
(4.682568677e-05 -2.509225466e-13 -0.006103077644)
(5.505690737e-05 -2.509277508e-13 -0.006103145748)
(6.117327763e-05 -2.509320876e-13 -0.006103196355)
(6.493966708e-05 -2.509344729e-13 -0.006103227518)
(6.621145644e-05 -2.509353548e-13 -0.00610323804)
(6.493966708e-05 -2.509344729e-13 -0.006103227518)
(6.117327763e-05 -2.509320876e-13 -0.006103196355)
(5.505690737e-05 -2.509277508e-13 -0.006103145748)
(4.682568677e-05 -2.509225466e-13 -0.006103077644)
(3.679582574e-05 -2.509156077e-13 -0.006102994658)
(2.535286542e-05 -2.509082352e-13 -0.006102899979)
(1.293663711e-05 -2.508999952e-13 -0.006102797248)
(2.413627254e-08 -2.508913216e-13 -0.006102690411)
(-1.288836457e-05 -2.50882648e-13 -0.006102583574)
(-2.530459288e-05 -2.508744081e-13 -0.006102480843)
(-3.67475532e-05 -2.508670355e-13 -0.006102386165)
(-4.677741423e-05 -2.508600966e-13 -0.006102303179)
(-5.500863483e-05 -2.508548924e-13 -0.006102235074)
(-6.112500509e-05 -2.508509893e-13 -0.006102184468)
(-6.489139454e-05 -2.508483872e-13 -0.006102153305)
)
;

boundaryField
{
    left
    {
        type            calculated;
    }
    right
    {
        type            calculated;
    }
    beam
    {
        type            empty;
    }
}


// ************************************************************************* //
