/*--------------------------------*- C++ -*----------------------------------*\
| =========                 |                                                 |
| \\      /  F ield         | OpenFOAM: The Open Source CFD Toolbox           |
|  \\    /   O peration     | Version:  2312                                  |
|   \\  /    A nd           | Website:  www.openfoam.com                      |
|    \\/     M anipulation  |                                                 |
\*---------------------------------------------------------------------------*/
FoamFile
{
    version     2.0;
    format      ascii;
    arch        "LSB;label=32;scalar=64";
    class       pointVectorField;
    location    "0.11/beam";
    object      pointW;
}
// * * * * * * * * * * * * * * * * * * * * * * * * * * * * * * * * * * * * * //

dimensions      [0 1 0 0 0 0 0];

internalField   nonuniform List<vector> 
1952
(
(5.412645032e-06 6.266227923e-17 3.658426171e-09)
(5.308641058e-06 6.147426318e-17 3.5881295e-09)
(5.000634492e-06 5.789639601e-17 3.379946747e-09)
(4.500451965e-06 5.204170428e-17 3.041871574e-09)
(3.827321897e-06 4.423544864e-17 2.58690054e-09)
(3.007103201e-06 3.469446952e-17 2.032511776e-09)
(2.071324533e-06 2.385244779e-17 1.400015616e-09)
(1.055954273e-06 1.214306433e-17 7.137232151e-10)
(2.241324076e-16 0 -6.235904928e-17)
(-1.055954272e-06 -1.214306433e-17 -7.137233375e-10)
(-2.071324532e-06 -2.385244779e-17 -1.400015731e-09)
(-3.0071032e-06 -3.469446952e-17 -2.03251188e-09)
(-3.827321897e-06 -4.423544864e-17 -2.586900628e-09)
(-4.500451965e-06 -5.204170428e-17 -3.041871643e-09)
(-5.000634492e-06 -5.789639601e-17 -3.379946795e-09)
(-5.308641058e-06 -6.147426318e-17 -3.588129524e-09)
(-5.412645032e-06 -6.266227923e-17 -3.658426171e-09)
(-5.308641058e-06 -6.147426318e-17 -3.5881295e-09)
(-5.000634492e-06 -5.789639601e-17 -3.379946747e-09)
(-4.500451965e-06 -5.204170428e-17 -3.041871574e-09)
(-3.827321897e-06 -4.423544864e-17 -2.58690054e-09)
(-3.007103201e-06 -3.469446952e-17 -2.032511776e-09)
(-2.071324533e-06 -2.385244779e-17 -1.400015616e-09)
(-1.055954273e-06 -1.214306433e-17 -7.137232151e-10)
(-2.24132921e-16 0 6.235904894e-17)
(1.055954272e-06 1.214306433e-17 7.137233375e-10)
(2.071324532e-06 2.385244779e-17 1.400015731e-09)
(3.0071032e-06 3.469446952e-17 2.03251188e-09)
(3.827321897e-06 4.423544864e-17 2.586900628e-09)
(4.500451965e-06 5.204170428e-17 3.041871643e-09)
(5.000634492e-06 5.789639601e-17 3.379946795e-09)
(5.308641058e-06 6.147426318e-17 3.588129524e-09)
(1.978035084e-05 3.537748873e-15 5.984065512e-05)
(1.967667481e-05 3.536559066e-15 5.984058526e-05)
(1.936963944e-05 3.532981199e-15 5.984037838e-05)
(1.887103407e-05 3.527126508e-15 5.984004242e-05)
(1.820002649e-05 3.519320252e-15 5.983959029e-05)
(1.738239407e-05 3.509779273e-15 5.983903937e-05)
(1.644956606e-05 3.498937251e-15 5.983841082e-05)
(1.543739742e-05 3.486794187e-15 5.983772882e-05)
(1.438477274e-05 3.474651122e-15 5.983701956e-05)
(1.333214806e-05 3.462508058e-15 5.98363103e-05)
(1.231997943e-05 3.451232355e-15 5.983562829e-05)
(1.138715142e-05 3.440390334e-15 5.983499975e-05)
(1.0569519e-05 3.430849355e-15 5.983444883e-05)
(9.898511417e-06 3.423043099e-15 5.98339967e-05)
(9.399906045e-06 3.417188407e-15 5.983366074e-05)
(9.092870673e-06 3.41361054e-15 5.983345385e-05)
(8.98919464e-06 3.412425989e-15 5.9833384e-05)
(9.092870673e-06 3.41361054e-15 5.983345385e-05)
(9.399906045e-06 3.417188407e-15 5.983366074e-05)
(9.898511417e-06 3.423043099e-15 5.98339967e-05)
(1.0569519e-05 3.430849355e-15 5.983444883e-05)
(1.138715142e-05 3.440390334e-15 5.983499975e-05)
(1.231997942e-05 3.451232355e-15 5.983562829e-05)
(1.333214806e-05 3.462508058e-15 5.98363103e-05)
(1.438477274e-05 3.474651122e-15 5.983701956e-05)
(1.543739742e-05 3.486794187e-15 5.983772882e-05)
(1.644956606e-05 3.498937251e-15 5.983841083e-05)
(1.738239407e-05 3.509779273e-15 5.983903937e-05)
(1.820002649e-05 3.519320252e-15 5.983959029e-05)
(1.887103407e-05 3.527126508e-15 5.984004242e-05)
(1.936963944e-05 3.532981199e-15 5.984037838e-05)
(1.967667481e-05 3.536559066e-15 5.984058526e-05)
(3.411271794e-05 5.989439382e-15 0.0001192902086)
(3.401005881e-05 5.988157019e-15 0.0001192901401)
(3.370603498e-05 5.984795992e-15 0.0001192899372)
(3.321232016e-05 5.97872446e-15 0.0001192896078)
(3.254789413e-05 5.970918204e-15 0.0001192891645)
(3.173828144e-05 5.961377225e-15 0.0001192886243)
(3.081460304e-05 5.950535203e-15 0.000119288008)
(2.981236222e-05 5.93882582e-15 0.0001192873393)
(2.877006217e-05 5.926682756e-15 0.0001192866438)
(2.772776212e-05 5.914539691e-15 0.0001192859483)
(2.672552131e-05 5.902830308e-15 0.0001192852796)
(2.580184291e-05 5.891988286e-15 0.0001192846633)
(2.499223021e-05 5.882447307e-15 0.0001192841231)
(2.432780419e-05 5.874641051e-15 0.0001192836798)
(2.383408937e-05 5.8690032e-15 0.0001192833504)
(2.353006554e-05 5.865208492e-15 0.0001192831475)
(2.342740641e-05 5.86412198e-15 0.000119283079)
(2.353006554e-05 5.865208492e-15 0.0001192831475)
(2.383408937e-05 5.8690032e-15 0.0001192833504)
(2.432780418e-05 5.874641051e-15 0.0001192836798)
(2.499223021e-05 5.882447307e-15 0.0001192841231)
(2.580184291e-05 5.891988286e-15 0.0001192846633)
(2.672552131e-05 5.902830308e-15 0.0001192852796)
(2.772776212e-05 5.914539691e-15 0.0001192859483)
(2.877006217e-05 5.926682756e-15 0.0001192866438)
(2.981236222e-05 5.93882582e-15 0.0001192873393)
(3.081460304e-05 5.950535203e-15 0.000119288008)
(3.173828144e-05 5.961377225e-15 0.0001192886243)
(3.254789413e-05 5.970918204e-15 0.0001192891645)
(3.321232016e-05 5.97872446e-15 0.0001192896078)
(3.370603498e-05 5.984795992e-15 0.0001192899372)
(3.401005881e-05 5.988157019e-15 0.0001192901401)
(4.840515975e-05 8.391838072e-15 0.0001779269266)
(4.830430526e-05 8.390640613e-15 0.0001779268605)
(4.800562586e-05 8.387171166e-15 0.0001779266647)
(4.752059004e-05 8.381316474e-15 0.0001779263468)
(4.686784394e-05 8.373510219e-15 0.0001779259189)
(4.60724634e-05 8.363969239e-15 0.0001779253975)
(4.516502232e-05 8.353127218e-15 0.0001779248027)
(4.418039986e-05 8.341417834e-15 0.0001779241572)
(4.315642238e-05 8.32927477e-15 0.000177923486)
(4.213244489e-05 8.317131706e-15 0.0001779228147)
(4.114782244e-05 8.305422322e-15 0.0001779221693)
(4.024038135e-05 8.2945803e-15 0.0001779215744)
(3.944500081e-05 8.285039321e-15 0.0001779210531)
(3.879225471e-05 8.277233066e-15 0.0001779206252)
(3.830721889e-05 8.271378374e-15 0.0001779203072)
(3.800853949e-05 8.267692087e-15 0.0001779201114)
(3.7907685e-05 8.266530497e-15 0.0001779200453)
(3.800853949e-05 8.267692087e-15 0.0001779201114)
(3.830721889e-05 8.271378374e-15 0.0001779203072)
(3.879225471e-05 8.277233066e-15 0.0001779206252)
(3.944500081e-05 8.285039321e-15 0.0001779210531)
(4.024038135e-05 8.2945803e-15 0.0001779215744)
(4.114782244e-05 8.305422322e-15 0.0001779221693)
(4.213244489e-05 8.317131706e-15 0.0001779228147)
(4.315642238e-05 8.32927477e-15 0.000177923486)
(4.418039986e-05 8.341417834e-15 0.0001779241572)
(4.516502232e-05 8.353127218e-15 0.0001779248027)
(4.60724634e-05 8.363969239e-15 0.0001779253975)
(4.686784394e-05 8.373510219e-15 0.0001779259189)
(4.752059004e-05 8.381316474e-15 0.0001779263468)
(4.800562586e-05 8.387171166e-15 0.0001779266647)
(4.830430526e-05 8.390640613e-15 0.0001779268605)
(6.264981916e-05 1.071416037e-14 0.0002352499812)
(6.255172008e-05 1.071300167e-14 0.0002352499187)
(6.22612008e-05 1.070953222e-14 0.0002352497334)
(6.178941647e-05 1.070367753e-14 0.0002352494326)
(6.115450382e-05 1.069587127e-14 0.0002352490278)
(6.038085359e-05 1.068633029e-14 0.0002352485345)
(5.949820439e-05 1.067548827e-14 0.0002352479717)
(5.854048247e-05 1.066334521e-14 0.000235247361)
(5.754448071e-05 1.065120214e-14 0.0002352467259)
(5.654847896e-05 1.063905908e-14 0.0002352460909)
(5.559075703e-05 1.062778338e-14 0.0002352454802)
(5.470810783e-05 1.061694135e-14 0.0002352449174)
(5.393445761e-05 1.060740037e-14 0.0002352444241)
(5.329954496e-05 1.059959412e-14 0.0002352440193)
(5.282776063e-05 1.059373943e-14 0.0002352437184)
(5.253724135e-05 1.059005314e-14 0.0002352435332)
(5.243914227e-05 1.058886733e-14 0.0002352434706)
(5.253724135e-05 1.059005314e-14 0.0002352435332)
(5.282776063e-05 1.059373943e-14 0.0002352437184)
(5.329954496e-05 1.059959412e-14 0.0002352440193)
(5.393445761e-05 1.060740037e-14 0.0002352444241)
(5.470810783e-05 1.061694135e-14 0.0002352449174)
(5.559075703e-05 1.062778338e-14 0.0002352454802)
(5.654847896e-05 1.063905908e-14 0.0002352460909)
(5.754448071e-05 1.065120214e-14 0.0002352467259)
(5.854048247e-05 1.066334521e-14 0.000235247361)
(5.949820439e-05 1.067548827e-14 0.0002352479717)
(6.038085359e-05 1.068633029e-14 0.0002352485345)
(6.115450382e-05 1.069587127e-14 0.0002352490278)
(6.178941647e-05 1.070367753e-14 0.0002352494326)
(6.22612008e-05 1.070953222e-14 0.0002352497334)
(6.255172008e-05 1.071300167e-14 0.0002352499187)
(7.683571694e-05 1.291854392e-14 0.0002906467899)
(7.674154887e-05 1.291740152e-14 0.0002906467323)
(7.646267123e-05 1.291371524e-14 0.0002906465616)
(7.600979218e-05 1.290807738e-14 0.0002906462844)
(7.540032164e-05 1.290027113e-14 0.0002906459114)
(7.465767301e-05 1.289073015e-14 0.0002906454568)
(7.381039319e-05 1.287988813e-14 0.0002906449382)
(7.289104895e-05 1.286817874e-14 0.0002906443755)
(7.193495883e-05 1.285603568e-14 0.0002906437903)
(7.09788687e-05 1.284389262e-14 0.0002906432051)
(7.005952446e-05 1.283218323e-14 0.0002906426424)
(6.921224464e-05 1.282134121e-14 0.0002906421238)
(6.846959601e-05 1.281180023e-14 0.0002906416693)
(6.786012548e-05 1.280399398e-14 0.0002906412962)
(6.740724642e-05 1.279792244e-14 0.000290641019)
(6.712836878e-05 1.2794453e-14 0.0002906408483)
(6.703420071e-05 1.279327065e-14 0.0002906407907)
(6.712836878e-05 1.2794453e-14 0.0002906408483)
(6.740724642e-05 1.279792244e-14 0.000290641019)
(6.786012548e-05 1.280399398e-14 0.0002906412962)
(6.846959601e-05 1.281180023e-14 0.0002906416693)
(6.921224464e-05 1.282134121e-14 0.0002906421238)
(7.005952446e-05 1.283218323e-14 0.0002906426424)
(7.09788687e-05 1.284389262e-14 0.0002906432051)
(7.193495883e-05 1.285603568e-14 0.0002906437903)
(7.289104895e-05 1.286817874e-14 0.0002906443755)
(7.381039319e-05 1.287988813e-14 0.0002906449382)
(7.465767301e-05 1.289073015e-14 0.0002906454568)
(7.540032164e-05 1.290027113e-14 0.0002906459114)
(7.600979218e-05 1.290807738e-14 0.0002906462844)
(7.646267123e-05 1.291371524e-14 0.0002906465616)
(7.674154887e-05 1.291740152e-14 0.0002906467323)
(9.094893414e-05 1.49581597e-14 0.0003433584242)
(9.086015578e-05 1.495700265e-14 0.0003433583729)
(9.059723969e-05 1.49535332e-14 0.0003433582212)
(9.017028115e-05 1.494767851e-14 0.0003433579749)
(8.959569365e-05 1.493987226e-14 0.0003433576433)
(8.88955505e-05 1.493033128e-14 0.0003433572393)
(8.809676472e-05 1.491948926e-14 0.0003433567784)
(8.723003912e-05 1.490734619e-14 0.0003433562783)
(8.632867079e-05 1.489520313e-14 0.0003433557582)
(8.542730246e-05 1.488306006e-14 0.0003433552381)
(8.456057686e-05 1.487178436e-14 0.0003433547379)
(8.376179108e-05 1.486094234e-14 0.000343354277)
(8.306164792e-05 1.485140136e-14 0.000343353873)
(8.248706042e-05 1.48435951e-14 0.0003433535415)
(8.206010188e-05 1.483774041e-14 0.0003433532951)
(8.17971858e-05 1.483405412e-14 0.0003433531434)
(8.170840744e-05 1.483291144e-14 0.0003433530922)
(8.17971858e-05 1.483405412e-14 0.0003433531434)
(8.206010188e-05 1.483774041e-14 0.0003433532951)
(8.248706042e-05 1.48435951e-14 0.0003433535415)
(8.306164792e-05 1.485140136e-14 0.000343353873)
(8.376179108e-05 1.486094234e-14 0.000343354277)
(8.456057686e-05 1.487178436e-14 0.0003433547379)
(8.542730246e-05 1.488306006e-14 0.0003433552381)
(8.632867079e-05 1.489520313e-14 0.0003433557582)
(8.723003912e-05 1.490734619e-14 0.0003433562783)
(8.809676472e-05 1.491948926e-14 0.0003433567784)
(8.88955505e-05 1.493033128e-14 0.0003433572393)
(8.959569365e-05 1.493987226e-14 0.0003433576433)
(9.017028115e-05 1.494767851e-14 0.0003433579749)
(9.059723969e-05 1.49535332e-14 0.0003433582212)
(9.086015578e-05 1.495700265e-14 0.0003433583729)
(0.0001049728254 1.677572691e-14 0.0003924474132)
(0.000104891232 1.677445075e-14 0.0003924473699)
(0.0001046495942 1.677108973e-14 0.0003924472418)
(0.0001042571902 1.676523503e-14 0.0003924470337)
(0.000103729105 1.675742878e-14 0.0003924467536)
(0.0001030856257 1.67478878e-14 0.0003924464124)
(0.000102351487 1.673704578e-14 0.0003924460231)
(0.0001015549071 1.672533639e-14 0.0003924456007)
(0.000100726488 1.671319333e-14 0.0003924451614)
(9.989806902e-05 1.670105026e-14 0.0003924447221)
(9.910148904e-05 1.668934088e-14 0.0003924442997)
(9.836735039e-05 1.667849886e-14 0.0003924439104)
(9.772387105e-05 1.666895788e-14 0.0003924435692)
(9.719578592e-05 1.666115163e-14 0.0003924432891)
(9.680338188e-05 1.665529693e-14 0.0003924430811)
(9.656174405e-05 1.665171907e-14 0.0003924429529)
(9.648015068e-05 1.665050843e-14 0.0003924429097)
(9.656174405e-05 1.665171907e-14 0.0003924429529)
(9.680338188e-05 1.665529693e-14 0.0003924430811)
(9.719578592e-05 1.666115163e-14 0.0003924432891)
(9.772387105e-05 1.666895788e-14 0.0003924435692)
(9.836735039e-05 1.667849886e-14 0.0003924439104)
(9.910148904e-05 1.668934088e-14 0.0003924442997)
(9.989806902e-05 1.670105026e-14 0.0003924447221)
(0.000100726488 1.671319333e-14 0.0003924451614)
(0.0001015549071 1.672533639e-14 0.0003924456007)
(0.000102351487 1.673704578e-14 0.0003924460231)
(0.0001030856257 1.67478878e-14 0.0003924464124)
(0.000103729105 1.675742878e-14 0.0003924467536)
(0.0001042571902 1.676523503e-14 0.0003924470337)
(0.0001046495942 1.677108973e-14 0.0003924472418)
(0.000104891232 1.677445075e-14 0.0003924473699)
(0.0001188882545 1.830252379e-14 0.0004367686898)
(0.0001188160254 1.830133267e-14 0.0004367686559)
(0.0001186021196 1.829786322e-14 0.0004367685555)
(0.0001182547505 1.829179169e-14 0.0004367683925)
(0.0001177872721 1.828398544e-14 0.0004367681731)
(0.0001172176429 1.827444446e-14 0.0004367679057)
(0.000116567759 1.826360244e-14 0.0004367676007)
(0.0001158626001 1.825189305e-14 0.0004367672698)
(0.0001151292561 1.823974999e-14 0.0004367669256)
(0.0001143959122 1.822760692e-14 0.0004367665814)
(0.0001136907532 1.821589754e-14 0.0004367662504)
(0.0001130408694 1.820505552e-14 0.0004367659454)
(0.0001124712401 1.819551454e-14 0.000436765678)
(0.0001120037617 1.818770828e-14 0.0004367654586)
(0.0001116563927 1.818207043e-14 0.0004367652956)
(0.0001114424869 1.817860099e-14 0.0004367651952)
(0.0001113702577 1.817733773e-14 0.0004367651613)
(0.0001114424869 1.817860099e-14 0.0004367651952)
(0.0001116563927 1.818207043e-14 0.0004367652956)
(0.0001120037617 1.818770828e-14 0.0004367654586)
(0.0001124712401 1.819551454e-14 0.000436765678)
(0.0001130408694 1.820505552e-14 0.0004367659454)
(0.0001136907532 1.821589754e-14 0.0004367662504)
(0.0001143959122 1.822760692e-14 0.0004367665814)
(0.0001151292561 1.823974999e-14 0.0004367669256)
(0.0001158626001 1.825189305e-14 0.0004367672698)
(0.000116567759 1.826360244e-14 0.0004367676007)
(0.0001172176429 1.827444446e-14 0.0004367679057)
(0.0001177872721 1.828398544e-14 0.0004367681731)
(0.0001182547505 1.829179169e-14 0.0004367683925)
(0.0001186021196 1.829786322e-14 0.0004367685555)
(0.0001188160254 1.830133267e-14 0.0004367686559)
(0.0001326738371 1.94580305e-14 0.0004749444654)
(0.0001326135752 1.945687535e-14 0.0004749444418)
(0.0001324351103 1.945318906e-14 0.000474944372)
(0.0001321452949 1.944755121e-14 0.0004749442585)
(0.0001317552704 1.943974495e-14 0.0004749441058)
(0.00013128002 1.943020397e-14 0.0004749439198)
(0.0001307378118 1.941936195e-14 0.0004749437076)
(0.0001301494868 1.940808625e-14 0.0004749434773)
(0.0001295376466 1.939594318e-14 0.0004749432378)
(0.0001289258064 1.938380012e-14 0.0004749429983)
(0.0001283374814 1.937165706e-14 0.000474942768)
(0.0001277952733 1.936081503e-14 0.0004749425557)
(0.0001273200228 1.935127406e-14 0.0004749423697)
(0.0001269299983 1.93434678e-14 0.000474942217)
(0.000126640183 1.933739627e-14 0.0004749421036)
(0.000126461718 1.933414366e-14 0.0004749420337)
(0.0001264014561 1.933287566e-14 0.0004749420101)
(0.000126461718 1.933414366e-14 0.0004749420337)
(0.000126640183 1.933739627e-14 0.0004749421036)
(0.0001269299983 1.93434678e-14 0.000474942217)
(0.0001273200228 1.935127406e-14 0.0004749423697)
(0.0001277952733 1.936081503e-14 0.0004749425557)
(0.0001283374814 1.937165706e-14 0.000474942768)
(0.0001289258064 1.938380012e-14 0.0004749429983)
(0.0001295376466 1.939594318e-14 0.0004749432378)
(0.0001301494868 1.940808625e-14 0.0004749434773)
(0.0001307378118 1.941936195e-14 0.0004749437076)
(0.00013128002 1.943020397e-14 0.0004749439198)
(0.0001317552704 1.943974495e-14 0.0004749441058)
(0.0001321452949 1.944755121e-14 0.0004749442585)
(0.0001324351103 1.945318906e-14 0.000474944372)
(0.0001326135752 1.945687535e-14 0.0004749444418)
(0.0001463061811 2.015023371e-14 0.0005053438858)
(0.0001462609441 2.014903001e-14 0.0005053438725)
(0.0001461269751 2.014556057e-14 0.0005053438332)
(0.0001459094183 2.013970588e-14 0.0005053437693)
(0.0001456166372 2.013189962e-14 0.0005053436834)
(0.0001452598791 2.012235864e-14 0.0005053435787)
(0.0001448528577 2.011151662e-14 0.0005053434592)
(0.0001444112175 2.009937355e-14 0.0005053433295)
(0.0001439519252 2.008723049e-14 0.0005053431947)
(0.0001434926328 2.007508743e-14 0.0005053430598)
(0.0001430509926 2.006381172e-14 0.0005053429302)
(0.0001426439712 2.00529697e-14 0.0005053428107)
(0.0001422872131 2.004342872e-14 0.0005053427059)
(0.000141994432 2.003562247e-14 0.00050534262)
(0.0001417768752 2.002976777e-14 0.0005053425561)
(0.0001416429062 2.002629833e-14 0.0005053425168)
(0.0001415976692 2.002510171e-14 0.0005053425035)
(0.0001416429062 2.002629833e-14 0.0005053425168)
(0.0001417768752 2.002976777e-14 0.0005053425561)
(0.000141994432 2.003562247e-14 0.00050534262)
(0.0001422872131 2.004342872e-14 0.0005053427059)
(0.0001426439712 2.00529697e-14 0.0005053428107)
(0.0001430509926 2.006381172e-14 0.0005053429302)
(0.0001434926328 2.007508743e-14 0.0005053430598)
(0.0001439519252 2.008723049e-14 0.0005053431947)
(0.0001444112175 2.009937355e-14 0.0005053433295)
(0.0001448528577 2.011151662e-14 0.0005053434592)
(0.0001452598791 2.012235864e-14 0.0005053435787)
(0.0001456166372 2.013189962e-14 0.0005053436834)
(0.0001459094183 2.013970588e-14 0.0005053437693)
(0.0001461269751 2.014556057e-14 0.0005053438332)
(0.0001462609441 2.014903001e-14 0.0005053438725)
(0.0001597601071 2.027671578e-14 0.0005260683814)
(0.0001597334272 2.027555641e-14 0.0005260683768)
(0.0001596544151 2.027197854e-14 0.0005260683632)
(0.0001595261047 2.026590701e-14 0.000526068341)
(0.0001593534285 2.025810075e-14 0.0005260683113)
(0.00015914302 2.024855977e-14 0.000526068275)
(0.0001589029673 2.023771775e-14 0.0005260682336)
(0.0001586424972 2.022600837e-14 0.0005260681886)
(0.0001583716161 2.02138653e-14 0.0005260681419)
(0.0001581007351 2.020172224e-14 0.0005260680952)
(0.0001578402649 2.019001286e-14 0.0005260680502)
(0.0001576002122 2.017917083e-14 0.0005260680088)
(0.0001573898038 2.016962986e-14 0.0005260679725)
(0.0001572171275 2.01618236e-14 0.0005260679428)
(0.0001570888171 2.015618575e-14 0.0005260679206)
(0.000157009805 2.015282472e-14 0.000526067907)
(0.0001569831252 2.015158744e-14 0.0005260679024)
(0.000157009805 2.015282472e-14 0.000526067907)
(0.0001570888171 2.015618575e-14 0.0005260679206)
(0.0001572171275 2.01618236e-14 0.0005260679428)
(0.0001573898038 2.016962986e-14 0.0005260679725)
(0.0001576002122 2.017917083e-14 0.0005260680088)
(0.0001578402649 2.019001286e-14 0.0005260680502)
(0.0001581007351 2.020172224e-14 0.0005260680952)
(0.0001583716161 2.02138653e-14 0.0005260681419)
(0.0001586424972 2.022600837e-14 0.0005260681886)
(0.0001589029673 2.023771775e-14 0.0005260682336)
(0.00015914302 2.024855977e-14 0.000526068275)
(0.0001593534285 2.025810075e-14 0.0005260683113)
(0.0001595261047 2.026590701e-14 0.000526068341)
(0.0001596544151 2.027197854e-14 0.0005260683632)
(0.0001597334272 2.027555641e-14 0.0005260683768)
(0.0001730088251 1.972665882e-14 0.0005349435985)
(0.0001730047173 1.972554065e-14 0.0005349435984)
(0.0001729925522 1.972185436e-14 0.0005349435981)
(0.000172972797 1.971643335e-14 0.0005349435977)
(0.0001729462109 1.970862709e-14 0.0005349435972)
(0.0001729138154 1.969908611e-14 0.0005349435965)
(0.0001728768557 1.968824409e-14 0.0005349435958)
(0.0001728367525 1.967610103e-14 0.000534943595)
(0.0001727950463 1.966395796e-14 0.0005349435941)
(0.0001727533402 1.96518149e-14 0.0005349435932)
(0.0001727132369 1.96405392e-14 0.0005349435924)
(0.0001726762773 1.962969717e-14 0.0005349435917)
(0.0001726438818 1.962015619e-14 0.000534943591)
(0.0001726172957 1.961234994e-14 0.0005349435905)
(0.0001725975404 1.960606157e-14 0.0005349435901)
(0.0001725853753 1.960280896e-14 0.0005349435898)
(0.0001725812676 1.960149911e-14 0.0005349435897)
(0.0001725853753 1.960280896e-14 0.0005349435898)
(0.0001725975404 1.960606157e-14 0.0005349435901)
(0.0001726172957 1.961234994e-14 0.0005349435905)
(0.0001726438818 1.962015619e-14 0.000534943591)
(0.0001726762773 1.962969717e-14 0.0005349435917)
(0.0001727132369 1.96405392e-14 0.0005349435924)
(0.0001727533402 1.96518149e-14 0.0005349435932)
(0.0001727950463 1.966395796e-14 0.0005349435941)
(0.0001728367525 1.967610103e-14 0.000534943595)
(0.0001728768557 1.968824409e-14 0.0005349435958)
(0.0001729138154 1.969908611e-14 0.0005349435965)
(0.0001729462109 1.970862709e-14 0.0005349435972)
(0.000172972797 1.971643335e-14 0.0005349435977)
(0.0001729925522 1.972185436e-14 0.0005349435981)
(0.0001730047173 1.972554065e-14 0.0005349435984)
(0.0001860240563 1.838373119e-14 0.000529518784)
(0.0001860470124 1.838264783e-14 0.0005295187806)
(0.0001861149967 1.837896155e-14 0.0005295187705)
(0.0001862253987 1.83733237e-14 0.0005295187541)
(0.0001863739743 1.836551744e-14 0.0005295187321)
(0.0001865550158 1.835597646e-14 0.0005295187052)
(0.0001867615641 1.834513444e-14 0.0005295186746)
(0.0001869856801 1.833342506e-14 0.0005295186413)
(0.000187218754 1.832128199e-14 0.0005295186067)
(0.0001874518279 1.830913893e-14 0.0005295185722)
(0.0001876759439 1.829742954e-14 0.0005295185389)
(0.0001878824922 1.828658752e-14 0.0005295185083)
(0.0001880635337 1.827704654e-14 0.0005295184814)
(0.0001882121093 1.826924029e-14 0.0005295184594)
(0.0001883225113 1.826316876e-14 0.000529518443)
(0.0001883904956 1.825969931e-14 0.0005295184329)
(0.0001884134517 1.825848346e-14 0.0005295184295)
(0.0001883904956 1.825969931e-14 0.0005295184329)
(0.0001883225113 1.826316876e-14 0.000529518443)
(0.0001882121093 1.826924029e-14 0.0005295184594)
(0.0001880635337 1.827704654e-14 0.0005295184814)
(0.0001878824922 1.828658752e-14 0.0005295185083)
(0.0001876759439 1.829742954e-14 0.0005295185389)
(0.0001874518279 1.830913893e-14 0.0005295185722)
(0.000187218754 1.832128199e-14 0.0005295186067)
(0.0001869856801 1.833342506e-14 0.0005295186413)
(0.0001867615641 1.834513444e-14 0.0005295186746)
(0.0001865550158 1.835597646e-14 0.0005295187052)
(0.0001863739743 1.836551744e-14 0.0005295187321)
(0.0001862253987 1.83733237e-14 0.0005295187541)
(0.0001861149967 1.837896155e-14 0.0005295187705)
(0.0001860470124 1.838264783e-14 0.0005295187806)
(0.0001987760733 1.612990531e-14 0.0005070743865)
(0.0001988310413 1.612869994e-14 0.0005070743669)
(0.0001989938285 1.612512207e-14 0.0005070743088)
(0.0001992581844 1.611948422e-14 0.0005070742143)
(0.0001996139462 1.611167796e-14 0.0005070740872)
(0.0002000474471 1.610213698e-14 0.0005070739324)
(0.0002005420237 1.609129496e-14 0.0005070737557)
(0.0002010786658 1.60791519e-14 0.000507073564)
(0.0002016367574 1.606700883e-14 0.0005070733647)
(0.000202194849 1.605486577e-14 0.0005070731653)
(0.0002027314912 1.604359007e-14 0.0005070729736)
(0.0002032260677 1.603274805e-14 0.0005070727969)
(0.0002036595686 1.602320707e-14 0.0005070726421)
(0.0002040153305 1.601540081e-14 0.000507072515)
(0.0002042796863 1.600932928e-14 0.0005070724206)
(0.0002044424735 1.600575141e-14 0.0005070723624)
(0.0002044974416 1.600448487e-14 0.0005070723428)
(0.0002044424735 1.600575141e-14 0.0005070723624)
(0.0002042796863 1.600932928e-14 0.0005070724206)
(0.0002040153305 1.601540081e-14 0.000507072515)
(0.0002036595686 1.602320707e-14 0.0005070726421)
(0.0002032260677 1.603274805e-14 0.0005070727969)
(0.0002027314912 1.604359007e-14 0.0005070729736)
(0.000202194849 1.605486577e-14 0.0005070731653)
(0.0002016367574 1.606700883e-14 0.0005070733647)
(0.0002010786658 1.60791519e-14 0.000507073564)
(0.0002005420237 1.609129496e-14 0.0005070737557)
(0.0002000474471 1.610213698e-14 0.0005070739324)
(0.0001996139462 1.611167796e-14 0.0005070740872)
(0.0001992581844 1.611948422e-14 0.0005070742143)
(0.0001989938285 1.612512207e-14 0.0005070743088)
(0.0001988310413 1.612869994e-14 0.0005070743669)
(0.0002112336581 1.285023216e-14 0.0004646384954)
(0.000211326006 1.284909679e-14 0.0004646384399)
(0.0002115994931 1.28454105e-14 0.0004646382757)
(0.0002120436184 1.283955581e-14 0.0004646380089)
(0.0002126413083 1.283131587e-14 0.00046463765)
(0.0002133696022 1.282220857e-14 0.0004646372126)
(0.0002142005047 1.281093287e-14 0.0004646367136)
(0.0002151020788 1.279965717e-14 0.0004646361721)
(0.0002160396884 1.27875141e-14 0.0004646356091)
(0.0002169772981 1.277537104e-14 0.000464635046)
(0.0002178788722 1.276322797e-14 0.0004646345045)
(0.0002187097747 1.275195227e-14 0.0004646340055)
(0.0002194380686 1.274284497e-14 0.0004646335681)
(0.0002200357585 1.273460504e-14 0.0004646332092)
(0.0002204798838 1.272918403e-14 0.0004646329424)
(0.0002207533709 1.272571458e-14 0.0004646327782)
(0.0002208457188 1.272451977e-14 0.0004646327227)
(0.0002207533709 1.272571458e-14 0.0004646327782)
(0.0002204798838 1.272918403e-14 0.0004646329424)
(0.0002200357585 1.273460504e-14 0.0004646332092)
(0.0002194380686 1.274284497e-14 0.0004646335681)
(0.0002187097747 1.275195227e-14 0.0004646340055)
(0.0002178788722 1.276322797e-14 0.0004646345045)
(0.0002169772981 1.277537104e-14 0.000464635046)
(0.0002160396884 1.27875141e-14 0.0004646356091)
(0.0002151020788 1.279965717e-14 0.0004646361721)
(0.0002142005047 1.281093287e-14 0.0004646367136)
(0.0002133696022 1.282220857e-14 0.0004646372126)
(0.0002126413083 1.283131587e-14 0.00046463765)
(0.0002120436184 1.283955581e-14 0.0004646380089)
(0.0002115994931 1.28454105e-14 0.0004646382757)
(0.000211326006 1.284909679e-14 0.0004646384399)
(0.0002233639645 8.438528902e-15 0.0003990125147)
(0.0002234994273 8.437369726e-15 0.0003990123954)
(0.0002239005988 8.433791859e-15 0.0003990120419)
(0.000224552075 8.427720327e-15 0.0003990114679)
(0.0002254288115 8.419914072e-15 0.0003990106954)
(0.0002264971276 8.410373092e-15 0.0003990097541)
(0.0002277159578 8.399531071e-15 0.0003990086801)
(0.0002290384543 8.387388006e-15 0.0003990075148)
(0.0002304138106 8.375244942e-15 0.000399006303)
(0.0002317891668 8.363101878e-15 0.0003990050911)
(0.0002331116633 8.350958813e-15 0.0003990039259)
(0.0002343304935 8.340116792e-15 0.0003990028519)
(0.0002353988096 8.330575813e-15 0.0003990019106)
(0.0002362755461 8.322769557e-15 0.0003990011381)
(0.0002369270223 8.317131706e-15 0.0003990005641)
(0.0002373281938 8.313553838e-15 0.0003990002106)
(0.0002374636566 8.31236458e-15 0.0003990000913)
(0.0002373281938 8.313553838e-15 0.0003990002106)
(0.0002369270223 8.317131706e-15 0.0003990005641)
(0.0002362755461 8.322769557e-15 0.0003990011381)
(0.0002353988096 8.330575813e-15 0.0003990019106)
(0.0002343304935 8.340116792e-15 0.0003990028519)
(0.0002331116633 8.350958813e-15 0.0003990039259)
(0.0002317891668 8.363101878e-15 0.0003990050911)
(0.0002304138106 8.375244942e-15 0.000399006303)
(0.0002290384543 8.387388006e-15 0.0003990075148)
(0.0002277159578 8.399531071e-15 0.0003990086801)
(0.0002264971276 8.410373092e-15 0.0003990097541)
(0.0002254288115 8.419914072e-15 0.0003990106954)
(0.0002245520751 8.427720327e-15 0.0003990114679)
(0.0002239005988 8.433791859e-15 0.0003990120419)
(0.0002234994273 8.437369726e-15 0.0003990123954)
(0.0002351322997 2.803869003e-15 0.0003068061723)
(0.0002353169109 2.802662616e-15 0.0003068059506)
(0.0002358636347 2.798976328e-15 0.0003068052941)
(0.0002367514784 2.793338477e-15 0.0003068042279)
(0.0002379463108 2.785098541e-15 0.000306802793)
(0.0002394022314 2.775557562e-15 0.0003068010446)
(0.0002410632754 2.76471554e-15 0.0003067990499)
(0.0002428655977 2.752138795e-15 0.0003067968855)
(0.0002447399581 2.73999573e-15 0.0003067946346)
(0.0002466143186 2.727852666e-15 0.0003067923837)
(0.0002484166409 2.716143283e-15 0.0003067902193)
(0.0002500776849 2.705301261e-15 0.0003067882246)
(0.0002515336055 2.695760282e-15 0.0003067864762)
(0.0002527284379 2.687520345e-15 0.0003067850413)
(0.0002536162816 2.681882494e-15 0.0003067839751)
(0.0002541630054 2.678196206e-15 0.0003067833186)
(0.0002543476166 2.677047603e-15 0.0003067830969)
(0.0002541630054 2.678196206e-15 0.0003067833186)
(0.0002536162816 2.681882494e-15 0.0003067839751)
(0.0002527284379 2.687520345e-15 0.0003067850413)
(0.0002515336055 2.695760282e-15 0.0003067864762)
(0.0002500776849 2.705301261e-15 0.0003067882246)
(0.0002484166409 2.716143283e-15 0.0003067902193)
(0.0002466143186 2.727852666e-15 0.0003067923837)
(0.0002447399581 2.73999573e-15 0.0003067946346)
(0.0002428655977 2.752138795e-15 0.0003067968855)
(0.0002410632754 2.76471554e-15 0.0003067990499)
(0.0002394022314 2.775557562e-15 0.0003068010446)
(0.0002379463108 2.785098541e-15 0.000306802793)
(0.0002367514784 2.793338477e-15 0.0003068042279)
(0.0002358636347 2.798976328e-15 0.0003068052941)
(0.0002353169109 2.802662616e-15 0.0003068059506)
(0.0002465018404 -4.122209784e-15 0.0001844816196)
(0.0002467418475 -4.123437702e-15 0.0001844812448)
(0.0002474526257 -4.12712399e-15 0.0001844801351)
(0.0002486068831 -4.132978682e-15 0.000184478333)
(0.0002501602468 -4.140784937e-15 0.0001844759077)
(0.0002520530428 -4.150325916e-15 0.0001844729526)
(0.0002542125134 -4.161601619e-15 0.000184469581)
(0.0002565556553 -4.173744683e-15 0.0001844659227)
(0.0002589924518 -4.185887748e-15 0.0001844621182)
(0.0002614292484 -4.198030812e-15 0.0001844583136)
(0.0002637723903 -4.210173876e-15 0.0001844546553)
(0.0002659318609 -4.221449579e-15 0.0001844512838)
(0.0002678246569 -4.230990558e-15 0.0001844483286)
(0.0002693780206 -4.238796814e-15 0.0001844459034)
(0.000270532278 -4.245085186e-15 0.0001844441012)
(0.0002712430562 -4.248771474e-15 0.0001844429915)
(0.0002714830633 -4.249940867e-15 0.0001844426168)
(0.0002712430562 -4.248771474e-15 0.0001844429915)
(0.000270532278 -4.245085186e-15 0.0001844441012)
(0.0002693780206 -4.238796814e-15 0.0001844459034)
(0.0002678246569 -4.230990558e-15 0.0001844483286)
(0.0002659318609 -4.221449579e-15 0.0001844512838)
(0.0002637723903 -4.210173876e-15 0.0001844546553)
(0.0002614292484 -4.198030812e-15 0.0001844583136)
(0.0002589924518 -4.185887748e-15 0.0001844621182)
(0.0002565556553 -4.173744683e-15 0.0001844659227)
(0.0002542125134 -4.161601619e-15 0.000184469581)
(0.0002520530428 -4.150325916e-15 0.0001844729526)
(0.0002501602468 -4.140784937e-15 0.0001844759077)
(0.0002486068831 -4.132978682e-15 0.000184478333)
(0.0002474526257 -4.12712399e-15 0.0001844801351)
(0.0002467418475 -4.123437702e-15 0.0001844812448)
(0.0002574333202 -1.237798665e-14 2.840596626e-05)
(0.0002577350868 -1.237920357e-14 2.840537387e-05)
(0.0002586287652 -1.238288985e-14 2.840361952e-05)
(0.0002600800404 -1.23885277e-14 2.840077057e-05)
(0.0002620331213 -1.239676764e-14 2.839693654e-05)
(0.0002644129787 -1.240630862e-14 2.839226471e-05)
(0.0002671281323 -1.241758432e-14 2.838693468e-05)
(0.0002700742202 -1.242929371e-14 2.838115131e-05)
(0.0002731380622 -1.244230413e-14 2.837513678e-05)
(0.0002762019042 -1.245531456e-14 2.836912224e-05)
(0.0002791479921 -1.246702394e-14 2.836333887e-05)
(0.0002818631457 -1.247829964e-14 2.835800884e-05)
(0.000284243003 -1.248784062e-14 2.835333701e-05)
(0.000286196084 -1.249608056e-14 2.834950298e-05)
(0.0002876473592 -1.250215209e-14 2.834665403e-05)
(0.0002885410376 -1.250562154e-14 2.834489968e-05)
(0.0002888428042 -1.250692624e-14 2.834430729e-05)
(0.0002885410376 -1.250562154e-14 2.834489968e-05)
(0.0002876473592 -1.250215209e-14 2.834665403e-05)
(0.000286196084 -1.249608056e-14 2.834950298e-05)
(0.0002842430031 -1.248784062e-14 2.835333702e-05)
(0.0002818631457 -1.247829964e-14 2.835800884e-05)
(0.0002791479921 -1.246702394e-14 2.836333887e-05)
(0.0002762019042 -1.245531456e-14 2.836912224e-05)
(0.0002731380622 -1.244230413e-14 2.837513678e-05)
(0.0002700742202 -1.242929371e-14 2.838115131e-05)
(0.0002671281323 -1.241758432e-14 2.838693468e-05)
(0.0002644129787 -1.240630862e-14 2.839226471e-05)
(0.0002620331214 -1.239676764e-14 2.839693654e-05)
(0.0002600800404 -1.23885277e-14 2.840077057e-05)
(0.0002586287652 -1.238288985e-14 2.840361952e-05)
(0.0002577350868 -1.237920357e-14 2.840537387e-05)
(0.0002678847325 -2.196365542e-14 -0.0001650888417)
(0.0002682546285 -2.196496023e-14 -0.0001650897318)
(0.0002693500711 -2.196875494e-14 -0.0001650923678)
(0.0002711289983 -2.197460963e-14 -0.0001650966484)
(0.0002735230232 -2.198284957e-14 -0.0001651024091)
(0.0002764401771 -2.199239055e-14 -0.0001651094286)
(0.0002797683264 -2.200366625e-14 -0.0001651174371)
(0.0002833795478 -2.2016243e-14 -0.0001651261267)
(0.0002871351084 -2.202925342e-14 -0.0001651351637)
(0.0002908906691 -2.204226385e-14 -0.0001651442007)
(0.0002945018904 -2.205397323e-14 -0.0001651528903)
(0.0002978300398 -2.206524893e-14 -0.0001651608988)
(0.0003007471936 -2.207478991e-14 -0.0001651679183)
(0.0003031412185 -2.208302985e-14 -0.000165173679)
(0.0003049201457 -2.208931822e-14 -0.0001651779597)
(0.0003060155884 -2.209289609e-14 -0.0001651805956)
(0.0003063854843 -2.209414288e-14 -0.0001651814857)
(0.0003060155884 -2.209289609e-14 -0.0001651805956)
(0.0003049201457 -2.208931822e-14 -0.0001651779597)
(0.0003031412185 -2.208302985e-14 -0.000165173679)
(0.0003007471936 -2.207478991e-14 -0.0001651679183)
(0.0002978300398 -2.206524893e-14 -0.0001651608988)
(0.0002945018904 -2.205397323e-14 -0.0001651528903)
(0.0002908906691 -2.204226385e-14 -0.0001651442007)
(0.0002871351084 -2.202925342e-14 -0.0001651351637)
(0.0002833795478 -2.2016243e-14 -0.0001651261267)
(0.0002797683264 -2.200366625e-14 -0.0001651174371)
(0.0002764401771 -2.199239055e-14 -0.0001651094286)
(0.0002735230232 -2.198284957e-14 -0.0001651024091)
(0.0002711289983 -2.197460963e-14 -0.0001650966484)
(0.0002693500711 -2.196875494e-14 -0.0001650923678)
(0.0002682546285 -2.196496023e-14 -0.0001650897318)
(0.0002778111072 -3.283347534e-14 -0.0003996403316)
(0.0002782553903 -3.283473753e-14 -0.0003996416157)
(0.0002795711295 -3.283853224e-14 -0.0003996454185)
(0.000281707804 -3.284482061e-14 -0.0003996515939)
(0.000284583274 -3.285306055e-14 -0.0003996599047)
(0.0002880870756 -3.286303521e-14 -0.0003996700314)
(0.0002920845251 -3.287474459e-14 -0.0003996815849)
(0.0002964219732 -3.288688766e-14 -0.0003996941211)
(0.0003009327876 -3.289989808e-14 -0.0003997071583)
(0.000305443602 -3.291290851e-14 -0.0003997201956)
(0.0003097810501 -3.292505157e-14 -0.0003997327318)
(0.0003137784996 -3.293676096e-14 -0.0003997442853)
(0.0003172823012 -3.294673562e-14 -0.000399754412)
(0.0003201577712 -3.295497555e-14 -0.0003997627228)
(0.0003222944457 -3.296083025e-14 -0.0003997688982)
(0.0003236101849 -3.296462495e-14 -0.000399772701)
(0.000324054468 -3.296587963e-14 -0.0003997739851)
(0.0003236101849 -3.296462495e-14 -0.000399772701)
(0.0003222944457 -3.296083025e-14 -0.0003997688982)
(0.0003201577712 -3.295497555e-14 -0.0003997627228)
(0.0003172823012 -3.294673562e-14 -0.000399754412)
(0.0003137784996 -3.293676096e-14 -0.0003997442853)
(0.0003097810501 -3.292505157e-14 -0.0003997327318)
(0.000305443602 -3.291290851e-14 -0.0003997201956)
(0.0003009327876 -3.289989808e-14 -0.0003997071583)
(0.0002964219732 -3.288688766e-14 -0.0003996941211)
(0.0002920845251 -3.287474459e-14 -0.0003996815849)
(0.0002880870756 -3.286303521e-14 -0.0003996700314)
(0.000284583274 -3.285306055e-14 -0.0003996599047)
(0.000281707804 -3.284482061e-14 -0.0003996515939)
(0.0002795711295 -3.283853224e-14 -0.0003996454185)
(0.0002782553903 -3.283473753e-14 -0.0003996416157)
(0.0002871644241 -4.488834583e-14 -0.0006787859174)
(0.0002876891167 -4.488965623e-14 -0.0006787877084)
(0.0002892429878 -4.489355936e-14 -0.0006787930122)
(0.0002917663729 -4.489984773e-14 -0.0006788016254)
(0.0002951622659 -4.490808767e-14 -0.0006788132167)
(0.0002993002105 -4.491849601e-14 -0.0006788273409)
(0.0003040211469 -4.493020539e-14 -0.000678843455)
(0.0003091436172 -4.494234845e-14 -0.0006788609397)
(0.000314470831 -4.495535888e-14 -0.0006788791232)
(0.0003197980447 -4.496836931e-14 -0.0006788973068)
(0.000324920515 -4.498137973e-14 -0.0006789147915)
(0.0003296414514 -4.499308912e-14 -0.0006789309056)
(0.0003337793961 -4.500349746e-14 -0.0006789450297)
(0.0003371752891 -4.501173739e-14 -0.0006789566211)
(0.0003396986741 -4.501802577e-14 -0.0006789652342)
(0.0003412525452 -4.502171205e-14 -0.0006789705381)
(0.0003417772378 -4.502304896e-14 -0.000678972329)
(0.0003412525452 -4.502171205e-14 -0.0006789705381)
(0.0003396986741 -4.501802577e-14 -0.0006789652342)
(0.0003371752891 -4.501173739e-14 -0.0006789566211)
(0.0003337793961 -4.500349746e-14 -0.0006789450297)
(0.0003296414514 -4.499308912e-14 -0.0006789309056)
(0.000324920515 -4.498137973e-14 -0.0006789147915)
(0.0003197980447 -4.496836931e-14 -0.0006788973068)
(0.000314470831 -4.495535888e-14 -0.0006788791232)
(0.0003091436172 -4.494234845e-14 -0.0006788609397)
(0.0003040211469 -4.493020539e-14 -0.000678843455)
(0.0002993002105 -4.491849601e-14 -0.0006788273409)
(0.0002951622659 -4.490808767e-14 -0.0006788132167)
(0.0002917663729 -4.489984773e-14 -0.0006788016254)
(0.0002892429878 -4.489355936e-14 -0.0006787930122)
(0.0002876891167 -4.488965623e-14 -0.0006787877084)
(0.0002958927406 -5.796775754e-14 -0.001005852038)
(0.0002965034963 -5.796903756e-14 -0.001005854465)
(0.0002983122424 -5.797294068e-14 -0.001005861651)
(0.0003012495279 -5.797922906e-14 -0.001005873322)
(0.0003052024351 -5.798790267e-14 -0.001005889028)
(0.0003100191096 -5.799831101e-14 -0.001005908165)
(0.0003155144016 -5.80100204e-14 -0.001005929999)
(0.0003214770895 -5.802303082e-14 -0.00100595369)
(0.000327678104 -5.803604125e-14 -0.001005978328)
(0.0003338791184 -5.804905168e-14 -0.001006002966)
(0.0003398418063 -5.806292946e-14 -0.001006026658)
(0.0003453370983 -5.807463885e-14 -0.001006048492)
(0.0003501537728 -5.808504719e-14 -0.001006067629)
(0.00035410668 -5.809372081e-14 -0.001006083335)
(0.0003570439655 -5.810000918e-14 -0.001006095006)
(0.0003588527116 -5.810369547e-14 -0.001006102192)
(0.0003594634673 -5.810513212e-14 -0.001006104619)
(0.0003588527116 -5.810369547e-14 -0.001006102192)
(0.0003570439655 -5.810000918e-14 -0.001006095006)
(0.00035410668 -5.809372081e-14 -0.001006083335)
(0.0003501537728 -5.808504719e-14 -0.001006067629)
(0.0003453370983 -5.807463885e-14 -0.001006048492)
(0.0003398418063 -5.806292946e-14 -0.001006026658)
(0.0003338791184 -5.804905168e-14 -0.001006002966)
(0.000327678104 -5.803604125e-14 -0.001005978328)
(0.0003214770895 -5.802303082e-14 -0.00100595369)
(0.0003155144016 -5.80100204e-14 -0.001005929999)
(0.0003100191096 -5.799831101e-14 -0.001005908165)
(0.0003052024351 -5.798790267e-14 -0.001005889028)
(0.0003012495279 -5.797922906e-14 -0.001005873322)
(0.0002983122424 -5.797294068e-14 -0.001005861651)
(0.0002965034963 -5.796903756e-14 -0.001005854465)
(0.0003039453026 -7.185223667e-14 -0.001384083187)
(0.0003046473264 -7.185354742e-14 -0.001384086393)
(0.0003067263618 -7.185766739e-14 -0.001384095888)
(0.0003101025793 -7.186395576e-14 -0.001384111307)
(0.0003146461877 -7.187306306e-14 -0.001384132058)
(0.00032018264 -7.18834714e-14 -0.001384157343)
(0.0003264991188 -7.189561446e-14 -0.00138418619)
(0.0003333528385 -7.190862489e-14 -0.001384217491)
(0.0003404804992 -7.192250268e-14 -0.001384250043)
(0.0003476081598 -7.193638046e-14 -0.001384282595)
(0.0003544618795 -7.194939089e-14 -0.001384313896)
(0.0003607783583 -7.196153395e-14 -0.001384342743)
(0.0003663148106 -7.197194229e-14 -0.001384368028)
(0.000370858419 -7.198104959e-14 -0.001384388779)
(0.0003742346365 -7.198733797e-14 -0.001384404198)
(0.0003763136719 -7.199124109e-14 -0.001384413693)
(0.0003770156957 -7.199262038e-14 -0.001384416899)
(0.0003763136719 -7.199124109e-14 -0.001384413693)
(0.0003742346365 -7.198733797e-14 -0.001384404198)
(0.000370858419 -7.198104959e-14 -0.001384388779)
(0.0003663148106 -7.197194229e-14 -0.001384368028)
(0.0003607783583 -7.196153395e-14 -0.001384342743)
(0.0003544618795 -7.194939089e-14 -0.001384313896)
(0.0003476081598 -7.193638046e-14 -0.001384282595)
(0.0003404804992 -7.192250268e-14 -0.001384250043)
(0.0003333528385 -7.190862489e-14 -0.001384217491)
(0.0003264991188 -7.189561446e-14 -0.00138418619)
(0.00032018264 -7.18834714e-14 -0.001384157343)
(0.0003146461877 -7.187306306e-14 -0.001384132058)
(0.0003101025793 -7.186395576e-14 -0.001384111307)
(0.0003067263618 -7.185766739e-14 -0.001384095888)
(0.0003046473264 -7.185354742e-14 -0.001384086393)
(0.0003112628516 -8.624316671e-14 -0.001816125348)
(0.000312060718 -8.624448811e-14 -0.001816129489)
(0.0003144235904 -8.62487165e-14 -0.001816141754)
(0.0003182607407 -8.625478803e-14 -0.00181616167)
(0.000323424658 -8.626389533e-14 -0.001816188474)
(0.0003297169658 -8.627473735e-14 -0.001816221134)
(0.0003368957919 -8.62873141e-14 -0.001816258396)
(0.0003446852049 -8.630075821e-14 -0.001816298827)
(0.0003527859581 -8.631463599e-14 -0.001816340874)
(0.0003608867114 -8.632851378e-14 -0.001816382922)
(0.0003686761244 -8.634195789e-14 -0.001816423353)
(0.0003758549504 -8.635453463e-14 -0.001816460615)
(0.0003821472582 -8.636537666e-14 -0.001816493275)
(0.0003873111756 -8.637448395e-14 -0.001816520079)
(0.0003911483258 -8.638142285e-14 -0.001816539995)
(0.0003935111982 -8.63854344e-14 -0.00181655226)
(0.0003943090647 -8.638682979e-14 -0.001816556401)
(0.0003935111982 -8.63854344e-14 -0.00181655226)
(0.0003911483258 -8.638142285e-14 -0.001816539995)
(0.0003873111756 -8.637448395e-14 -0.001816520079)
(0.0003821472582 -8.636537666e-14 -0.001816493275)
(0.0003758549505 -8.635453463e-14 -0.001816460615)
(0.0003686761244 -8.634195789e-14 -0.001816423353)
(0.0003608867114 -8.632851378e-14 -0.001816382922)
(0.0003527859581 -8.631463599e-14 -0.001816340874)
(0.0003446852049 -8.630075821e-14 -0.001816298827)
(0.0003368957919 -8.62873141e-14 -0.001816258396)
(0.0003297169658 -8.627473735e-14 -0.001816221134)
(0.000323424658 -8.626389533e-14 -0.001816188474)
(0.0003182607407 -8.625478803e-14 -0.00181616167)
(0.0003144235904 -8.62487165e-14 -0.001816141754)
(0.000312060718 -8.624448811e-14 -0.001816129489)
(0.0003177918791 -1.007852372e-13 -0.002304624467)
(0.0003186895201 -1.00786675e-13 -0.002304629709)
(0.0003213478735 -1.007909034e-13 -0.002304645233)
(0.0003256648657 -1.007978423e-13 -0.002304670443)
(0.0003314745393 -1.008069496e-13 -0.002304704369)
(0.0003385537103 -1.008182253e-13 -0.002304745709)
(0.0003466302603 -1.00830802e-13 -0.002304792873)
(0.000355393752 -1.008438125e-13 -0.002304844049)
(0.0003645075176 -1.008585576e-13 -0.00230489727)
(0.0003736212832 -1.008733028e-13 -0.002304950492)
(0.0003823847749 -1.008871806e-13 -0.002305001667)
(0.0003904613249 -1.008997573e-13 -0.002305048832)
(0.000397540496 -1.00911033e-13 -0.002305090171)
(0.0004033501696 -1.009201403e-13 -0.002305124098)
(0.0004076671617 -1.009266455e-13 -0.002305149308)
(0.0004103255151 -1.009308739e-13 -0.002305164831)
(0.0004112231561 -1.009323539e-13 -0.002305170073)
(0.0004103255151 -1.009308739e-13 -0.002305164831)
(0.0004076671617 -1.009266455e-13 -0.002305149308)
(0.0004033501696 -1.009201403e-13 -0.002305124098)
(0.000397540496 -1.00911033e-13 -0.002305090171)
(0.0003904613249 -1.008997573e-13 -0.002305048832)
(0.0003823847749 -1.008871806e-13 -0.002305001667)
(0.0003736212832 -1.008733028e-13 -0.002304950492)
(0.0003645075176 -1.008585576e-13 -0.00230489727)
(0.000355393752 -1.008438125e-13 -0.002304844049)
(0.0003466302603 -1.00830802e-13 -0.002304792873)
(0.0003385537103 -1.008182253e-13 -0.002304745709)
(0.0003314745393 -1.008069496e-13 -0.002304704369)
(0.0003256648657 -1.007978423e-13 -0.002304670443)
(0.0003213478735 -1.007909034e-13 -0.002304645233)
(0.0003186895201 -1.00786675e-13 -0.002304629709)
(0.0003234725934 -1.150428428e-13 -0.002851391793)
(0.0003244731308 -1.150442588e-13 -0.002851398306)
(0.0003274362109 -1.150485957e-13 -0.002851417593)
(0.0003322480592 -1.150559682e-13 -0.002851448914)
(0.0003387236948 -1.150650755e-13 -0.002851491064)
(0.0003466143502 -1.150767849e-13 -0.002851542426)
(0.0003556167139 -1.150897953e-13 -0.002851601023)
(0.0003653847634 -1.151032394e-13 -0.002851664604)
(0.0003755432385 -1.151179846e-13 -0.002851730727)
(0.0003857017137 -1.151327297e-13 -0.002851796849)
(0.0003954697632 -1.151470412e-13 -0.002851860431)
(0.0004044721268 -1.151600516e-13 -0.002851919028)
(0.0004123627822 -1.15171761e-13 -0.002851970389)
(0.0004188384178 -1.151808683e-13 -0.00285201254)
(0.0004236502662 -1.151878072e-13 -0.00285204386)
(0.0004266133462 -1.151919272e-13 -0.002852063147)
(0.0004276138837 -1.151934586e-13 -0.00285206966)
(0.0004266133462 -1.151919272e-13 -0.002852063147)
(0.0004236502662 -1.151878072e-13 -0.00285204386)
(0.0004188384178 -1.151808683e-13 -0.00285201254)
(0.0004123627822 -1.15171761e-13 -0.002851970389)
(0.0004044721269 -1.151600516e-13 -0.002851919028)
(0.0003954697632 -1.151470412e-13 -0.002851860431)
(0.0003857017137 -1.151327297e-13 -0.002851796849)
(0.0003755432385 -1.151179846e-13 -0.002851730727)
(0.0003653847634 -1.151032394e-13 -0.002851664604)
(0.0003556167139 -1.150897953e-13 -0.002851601023)
(0.0003466143502 -1.150767849e-13 -0.002851542426)
(0.0003387236948 -1.150650755e-13 -0.002851491064)
(0.0003322480592 -1.150559682e-13 -0.002851448914)
(0.0003274362109 -1.150485957e-13 -0.002851417593)
(0.0003244731308 -1.150442588e-13 -0.002851398306)
(0.0003282518977 -1.285309877e-13 -0.003458250074)
(0.0003293576781 -1.285323844e-13 -0.003458258029)
(0.0003326324338 -1.28536938e-13 -0.003458281587)
(0.000337950423 -1.285438769e-13 -0.003458319844)
(0.0003451072073 -1.285534179e-13 -0.003458371329)
(0.0003538278521 -1.285651273e-13 -0.003458434064)
(0.0003637771418 -1.285785714e-13 -0.003458505637)
(0.000374572657 -1.285933166e-13 -0.003458583298)
(0.0003857996654 -1.286080617e-13 -0.003458664064)
(0.0003970266737 -1.286228068e-13 -0.003458744829)
(0.000407822189 -1.28637552e-13 -0.00345882249)
(0.0004177714786 -1.286509961e-13 -0.003458894064)
(0.0004264921235 -1.286627055e-13 -0.003458956799)
(0.0004336489077 -1.286722465e-13 -0.003459008284)
(0.0004389668969 -1.286791854e-13 -0.00345904654)
(0.0004422416527 -1.286835222e-13 -0.003459070099)
(0.000443347433 -1.286849968e-13 -0.003459078053)
(0.0004422416527 -1.286835222e-13 -0.003459070099)
(0.0004389668969 -1.286791854e-13 -0.00345904654)
(0.0004336489077 -1.286722465e-13 -0.003459008284)
(0.0004264921235 -1.286627055e-13 -0.003458956799)
(0.0004177714786 -1.286509961e-13 -0.003458894064)
(0.000407822189 -1.28637552e-13 -0.00345882249)
(0.0003970266737 -1.286228068e-13 -0.003458744829)
(0.0003857996654 -1.286080617e-13 -0.003458664064)
(0.000374572657 -1.285933166e-13 -0.003458583298)
(0.0003637771418 -1.285785714e-13 -0.003458505637)
(0.0003538278521 -1.285651273e-13 -0.003458434064)
(0.0003451072073 -1.285534179e-13 -0.003458371329)
(0.000337950423 -1.285438769e-13 -0.003458319844)
(0.0003326324338 -1.28536938e-13 -0.003458281587)
(0.0003293576781 -1.285323844e-13 -0.003458258029)
(0.0003320745857 -1.406990233e-13 -0.004126017641)
(0.0003332870538 -1.407004938e-13 -0.004126027205)
(0.000336877764 -1.40704939e-13 -0.004126055528)
(0.0003427088425 -1.407120948e-13 -0.004126101524)
(0.0003505561264 -1.407220694e-13 -0.004126163423)
(0.000360118155 -1.407337788e-13 -0.004126238849)
(0.0003710273703 -1.407476566e-13 -0.0041263249)
(0.0003828644566 -1.407624017e-13 -0.004126418271)
(0.0003951746673 -1.407780142e-13 -0.004126515374)
(0.000407484878 -1.407936268e-13 -0.004126612477)
(0.0004193219642 -1.408075045e-13 -0.004126705848)
(0.0004302311796 -1.408213823e-13 -0.0041267919)
(0.0004397932082 -1.408330917e-13 -0.004126867325)
(0.0004476404921 -1.408430664e-13 -0.004126929225)
(0.0004534715706 -1.408502221e-13 -0.00412697522)
(0.0004570622807 -1.408546673e-13 -0.004127003544)
(0.0004582747488 -1.408561471e-13 -0.004127013108)
(0.0004570622807 -1.408546673e-13 -0.004127003544)
(0.0004534715706 -1.408502221e-13 -0.00412697522)
(0.0004476404921 -1.408430664e-13 -0.004126929225)
(0.0004397932082 -1.408330917e-13 -0.004126867325)
(0.0004302311796 -1.408213823e-13 -0.0041267919)
(0.0004193219642 -1.408075045e-13 -0.004126705848)
(0.000407484878 -1.407936268e-13 -0.004126612477)
(0.0003951746673 -1.407780142e-13 -0.004126515374)
(0.0003828644566 -1.407624017e-13 -0.004126418271)
(0.0003710273703 -1.407476566e-13 -0.0041263249)
(0.000360118155 -1.407337788e-13 -0.004126238849)
(0.0003505561264 -1.407220694e-13 -0.004126163423)
(0.0003427088425 -1.407120948e-13 -0.004126101524)
(0.000336877764 -1.40704939e-13 -0.004126055528)
(0.0003332870538 -1.407004938e-13 -0.004126027205)
(0.0003348932229 -1.509663233e-13 -0.004855595332)
(0.0003362130117 -1.509677799e-13 -0.004855606664)
(0.0003401215509 -1.509725504e-13 -0.004855640224)
(0.000346468763 -1.50979923e-13 -0.004855694723)
(0.0003550106434 -1.509898977e-13 -0.004855768066)
(0.0003654190479 -1.510020407e-13 -0.004855857436)
(0.0003772938843 -1.510159185e-13 -0.004855959397)
(0.0003901787215 -1.5103023e-13 -0.00485607003)
(0.0004035785613 -1.510458425e-13 -0.004856185085)
(0.0004169784011 -1.51061455e-13 -0.00485630014)
(0.0004298632383 -1.510766338e-13 -0.004856410773)
(0.0004417380747 -1.510905116e-13 -0.004856512734)
(0.0004521464792 -1.511026547e-13 -0.004856602104)
(0.0004606883596 -1.511126294e-13 -0.004856675447)
(0.0004670355717 -1.511200019e-13 -0.004856729946)
(0.0004709441109 -1.511245556e-13 -0.004856763506)
(0.0004722638996 -1.51126105e-13 -0.004856774838)
(0.0004709441109 -1.511245556e-13 -0.004856763506)
(0.0004670355717 -1.511200019e-13 -0.004856729946)
(0.0004606883596 -1.511126294e-13 -0.004856675447)
(0.0004521464792 -1.511026547e-13 -0.004856602104)
(0.0004417380747 -1.510905116e-13 -0.004856512734)
(0.0004298632383 -1.510766338e-13 -0.004856410773)
(0.0004169784011 -1.51061455e-13 -0.00485630014)
(0.0004035785613 -1.510458425e-13 -0.004856185085)
(0.0003901787215 -1.5103023e-13 -0.00485607003)
(0.0003772938843 -1.510159185e-13 -0.004855959397)
(0.0003654190479 -1.510020407e-13 -0.004855857436)
(0.0003550106434 -1.509898977e-13 -0.004855768066)
(0.000346468763 -1.50979923e-13 -0.004855694723)
(0.0003401215509 -1.509725504e-13 -0.004855640224)
(0.0003362130117 -1.509677799e-13 -0.004855606664)
(0.0003366625045 -1.587180477e-13 -0.005646763608)
(0.0003380893606 -1.587196086e-13 -0.005646776853)
(0.0003423149784 -1.587241623e-13 -0.00564681608)
(0.0003491771054 -1.587315349e-13 -0.005646879781)
(0.0003584119422 -1.587415095e-13 -0.005646965507)
(0.0003696647241 -1.587536526e-13 -0.005647069967)
(0.0003825029016 -1.587679641e-13 -0.005647189143)
(0.0003964330157 -1.587835766e-13 -0.005647318456)
(0.0004109199118 -1.587991891e-13 -0.005647452938)
(0.000425406808 -1.588148016e-13 -0.005647587419)
(0.0004393369221 -1.588295467e-13 -0.005647716732)
(0.0004521750996 -1.588438582e-13 -0.005647835908)
(0.0004634278814 -1.588560013e-13 -0.005647940368)
(0.0004726627183 -1.588659759e-13 -0.005648026095)
(0.0004795248453 -1.588737822e-13 -0.005648089796)
(0.000483750463 -1.588783358e-13 -0.005648129022)
(0.0004851773191 -1.58879852e-13 -0.005648142267)
(0.000483750463 -1.588783358e-13 -0.005648129022)
(0.0004795248453 -1.588737822e-13 -0.005648089796)
(0.0004726627183 -1.588659759e-13 -0.005648026095)
(0.0004634278814 -1.588560013e-13 -0.005647940368)
(0.0004521750996 -1.588438582e-13 -0.005647835908)
(0.0004393369221 -1.588295467e-13 -0.005647716732)
(0.000425406808 -1.588148016e-13 -0.005647587419)
(0.0004109199118 -1.587991891e-13 -0.005647452938)
(0.0003964330157 -1.587835766e-13 -0.005647318456)
(0.0003825029016 -1.587679641e-13 -0.005647189143)
(0.0003696647241 -1.587536526e-13 -0.005647069967)
(0.0003584119422 -1.587415095e-13 -0.005646965507)
(0.0003491771054 -1.587315349e-13 -0.005646879781)
(0.0003423149784 -1.587241623e-13 -0.00564681608)
(0.0003380893606 -1.587196086e-13 -0.005646776853)
(0.0003373451487 -1.633439329e-13 -0.006499521345)
(0.0003388780784 -1.63345574e-13 -0.006499536634)
(0.000343417832 -1.633502361e-13 -0.00649958191)
(0.0003507900951 -1.633576087e-13 -0.006499655435)
(0.0003607114571 -1.633675834e-13 -0.006499754383)
(0.0003728007798 -1.633801601e-13 -0.006499874952)
(0.0003865933578 -1.633940379e-13 -0.006500012508)
(0.0004015590478 -1.634100841e-13 -0.006500161764)
(0.0004171229115 -1.634256966e-13 -0.006500316986)
(0.0004326867751 -1.634413091e-13 -0.006500472208)
(0.0004476524652 -1.634564879e-13 -0.006500621464)
(0.0004614450431 -1.634703657e-13 -0.00650075902)
(0.0004735343658 -1.634829425e-13 -0.006500879589)
(0.0004834557278 -1.634929171e-13 -0.006500978537)
(0.0004908279909 -1.635007234e-13 -0.006501052062)
(0.0004953677445 -1.635053854e-13 -0.006501097338)
(0.0004969006742 -1.635069637e-13 -0.006501112627)
(0.0004953677445 -1.635053854e-13 -0.006501097338)
(0.0004908279909 -1.635007234e-13 -0.006501052062)
(0.0004834557278 -1.634929171e-13 -0.006500978537)
(0.0004735343658 -1.634829425e-13 -0.006500879589)
(0.0004614450431 -1.634703657e-13 -0.00650075902)
(0.0004476524652 -1.634564879e-13 -0.006500621464)
(0.0004326867751 -1.634413091e-13 -0.006500472208)
(0.0004171229115 -1.634256966e-13 -0.006500316986)
(0.0004015590478 -1.634100841e-13 -0.006500161764)
(0.0003865933578 -1.633940379e-13 -0.006500012508)
(0.0003728007798 -1.633801601e-13 -0.006499874952)
(0.0003607114571 -1.633675834e-13 -0.006499754383)
(0.0003507900951 -1.633576087e-13 -0.006499655435)
(0.000343417832 -1.633502361e-13 -0.00649958191)
(0.0003388780784 -1.63345574e-13 -0.006499536634)
(0.0003369092102 -1.642467898e-13 -0.007412692795)
(0.0003385464598 -1.642482808e-13 -0.007412710235)
(0.0003433951556 -1.642531597e-13 -0.007412761884)
(0.0003512691205 -1.642605323e-13 -0.007412845758)
(0.0003618656573 -1.642709406e-13 -0.007412958633)
(0.0003747776902 -1.642830837e-13 -0.007413096173)
(0.0003895088893 -1.642973951e-13 -0.00741325309)
(0.0004054930339 -1.643130076e-13 -0.007413423354)
(0.0004221160594 -1.643286202e-13 -0.007413600424)
(0.0004387390849 -1.643442327e-13 -0.007413777493)
(0.0004547232295 -1.643598452e-13 -0.007413947758)
(0.0004694544286 -1.643741566e-13 -0.007414104675)
(0.0004823664615 -1.643862997e-13 -0.007414242215)
(0.0004929629983 -1.643967081e-13 -0.00741435509)
(0.0005008369633 -1.644040806e-13 -0.007414438964)
(0.000505685659 -1.644085259e-13 -0.007414490613)
(0.0005073229086 -1.644101147e-13 -0.007414508053)
(0.000505685659 -1.644085259e-13 -0.007414490613)
(0.0005008369633 -1.644040806e-13 -0.007414438964)
(0.0004929629983 -1.643967081e-13 -0.00741435509)
(0.0004823664615 -1.643862997e-13 -0.007414242215)
(0.0004694544286 -1.643741566e-13 -0.007414104675)
(0.0004547232295 -1.643598452e-13 -0.007413947758)
(0.0004387390849 -1.643442327e-13 -0.007413777493)
(0.0004221160594 -1.643286202e-13 -0.007413600424)
(0.0004054930339 -1.643130076e-13 -0.007413423354)
(0.0003895088893 -1.642973951e-13 -0.00741325309)
(0.0003747776902 -1.642830837e-13 -0.007413096173)
(0.0003618656573 -1.642709406e-13 -0.007412958633)
(0.0003512691205 -1.642605323e-13 -0.007412845758)
(0.0003433951556 -1.642531597e-13 -0.007412761884)
(0.0003385464598 -1.642482808e-13 -0.007412710235)
(0.0003353291272 -1.608742059e-13 -0.008385518463)
(0.0003370683796 -1.608758699e-13 -0.008385538144)
(0.0003422191557 -1.608804236e-13 -0.008385596429)
(0.0003505836793 -1.608877961e-13 -0.008385691081)
(0.0003618403946 -1.608977708e-13 -0.00838581846)
(0.0003755568646 -1.609103475e-13 -0.008385973674)
(0.0003912058374 -1.609242253e-13 -0.008386150756)
(0.0004081858157 -1.609398378e-13 -0.008386342899)
(0.0004258444782 -1.609554504e-13 -0.008386542722)
(0.0004435031407 -1.609710629e-13 -0.008386742545)
(0.000460483119 -1.609866754e-13 -0.008386934688)
(0.0004761320918 -1.610005532e-13 -0.00838711177)
(0.0004898485618 -1.610131299e-13 -0.008387266984)
(0.0005011052771 -1.610231046e-13 -0.008387394363)
(0.0005094698007 -1.610304771e-13 -0.008387489015)
(0.0005146205767 -1.610352476e-13 -0.008387547301)
(0.0005163598292 -1.610367918e-13 -0.008387566982)
(0.0005146205767 -1.610352476e-13 -0.008387547301)
(0.0005094698007 -1.610304771e-13 -0.008387489015)
(0.0005011052771 -1.610231046e-13 -0.008387394363)
(0.0004898485618 -1.610131299e-13 -0.008387266984)
(0.0004761320918 -1.610005532e-13 -0.00838711177)
(0.000460483119 -1.609866754e-13 -0.008386934688)
(0.0004435031407 -1.609710629e-13 -0.008386742545)
(0.0004258444782 -1.609554504e-13 -0.008386542722)
(0.0004081858157 -1.609398378e-13 -0.008386342899)
(0.0003912058374 -1.609242253e-13 -0.008386150756)
(0.0003755568646 -1.609103475e-13 -0.008385973674)
(0.0003618403946 -1.608977708e-13 -0.00838581846)
(0.0003505836793 -1.608877961e-13 -0.008385691081)
(0.0003422191557 -1.608804236e-13 -0.008385596429)
(0.0003370683796 -1.608758699e-13 -0.008385538144)
(0.0003325857532 -1.527433393e-13 -0.009416072013)
(0.0003344241609 -1.527448957e-13 -0.009416094003)
(0.000339868584 -1.527495578e-13 -0.009416159124)
(0.0003487099712 -1.527571472e-13 -0.009416264878)
(0.0003606084348 -1.527671219e-13 -0.009416407197)
(0.0003751068842 -1.527792649e-13 -0.009416580616)
(0.0003916480089 -1.527931427e-13 -0.009416778467)
(0.0004095960201 -1.528083216e-13 -0.009416993146)
(0.0004282614074 -1.528239341e-13 -0.009417216406)
(0.0004469267947 -1.528395466e-13 -0.009417439665)
(0.000464874806 -1.528547254e-13 -0.009417654345)
(0.0004814159306 -1.528686032e-13 -0.009417852196)
(0.0004959143801 -1.528807463e-13 -0.009418025614)
(0.0005078128436 -1.528907209e-13 -0.009418167934)
(0.0005166542308 -1.528978767e-13 -0.009418273687)
(0.0005220986539 -1.529025387e-13 -0.009418338809)
(0.0005239370616 -1.529040941e-13 -0.009418360798)
(0.0005220986539 -1.529025387e-13 -0.009418338809)
(0.0005166542308 -1.528978767e-13 -0.009418273687)
(0.0005078128436 -1.528907209e-13 -0.009418167934)
(0.0004959143801 -1.528807463e-13 -0.009418025614)
(0.0004814159306 -1.528686032e-13 -0.009417852196)
(0.000464874806 -1.528547254e-13 -0.009417654345)
(0.0004469267947 -1.528395466e-13 -0.009417439665)
(0.0004282614074 -1.528239341e-13 -0.009417216406)
(0.0004095960201 -1.528083216e-13 -0.009416993146)
(0.0003916480089 -1.527931427e-13 -0.009416778467)
(0.0003751068842 -1.527792649e-13 -0.009416580616)
(0.0003606084348 -1.527671219e-13 -0.009416407197)
(0.0003487099712 -1.527571472e-13 -0.009416264878)
(0.000339868584 -1.527495578e-13 -0.009416159124)
(0.0003344241609 -1.527448957e-13 -0.009416094003)
(0.0003286619012 -1.394577345e-13 -0.01050309461)
(0.0003305963245 -1.394591907e-13 -0.01050311896)
(0.0003363250966 -1.394637444e-13 -0.01050319106)
(0.000345628248 -1.394709001e-13 -0.01050330815)
(0.0003581481394 -1.394804411e-13 -0.01050346573)
(0.0003734038077 -1.394925842e-13 -0.01050365774)
(0.0003908088352 -1.395060283e-13 -0.0105038768)
(0.0004096942276 -1.395212071e-13 -0.01050411449)
(0.0004293344628 -1.395368196e-13 -0.01050436168)
(0.000448974698 -1.395524321e-13 -0.01050460888)
(0.0004678600903 -1.395667436e-13 -0.01050484657)
(0.0004852651178 -1.395801877e-13 -0.01050506563)
(0.0005005207861 -1.395923308e-13 -0.01050525764)
(0.0005130406776 -1.396018717e-13 -0.01050541521)
(0.000522343829 -1.396094611e-13 -0.0105055323)
(0.0005280726011 -1.396140148e-13 -0.01050560441)
(0.0005300070244 -1.39615548e-13 -0.01050562875)
(0.0005280726011 -1.396140148e-13 -0.01050560441)
(0.000522343829 -1.396094611e-13 -0.0105055323)
(0.0005130406776 -1.396018717e-13 -0.01050541521)
(0.0005005207861 -1.395923308e-13 -0.01050525764)
(0.0004852651178 -1.395801877e-13 -0.01050506563)
(0.0004678600903 -1.395667436e-13 -0.01050484657)
(0.000448974698 -1.395524321e-13 -0.01050460888)
(0.0004293344628 -1.395368196e-13 -0.01050436168)
(0.0004096942276 -1.395212071e-13 -0.01050411449)
(0.0003908088352 -1.395060283e-13 -0.0105038768)
(0.0003734038077 -1.394925842e-13 -0.01050365774)
(0.0003581481394 -1.394804411e-13 -0.01050346573)
(0.000345628248 -1.394709001e-13 -0.01050330815)
(0.0003363250966 -1.394637444e-13 -0.01050319106)
(0.0003305963245 -1.394591907e-13 -0.01050311896)
(0.0003235449705 -1.207421974e-13 -0.01164422576)
(0.0003255720572 -1.207435844e-13 -0.01164425249)
(0.0003315752513 -1.207480296e-13 -0.01164433167)
(0.0003413240459 -1.207554022e-13 -0.01164446025)
(0.0003544436702 -1.207649432e-13 -0.01164463328)
(0.0003704301216 -1.207762189e-13 -0.01164484413)
(0.0003886688916 -1.20789663e-13 -0.01164508469)
(0.0004084589395 -1.208044081e-13 -0.0116453457)
(0.0004290399891 -1.208191533e-13 -0.01164561715)
(0.0004496210386 -1.208338984e-13 -0.01164588859)
(0.0004694110865 -1.208486436e-13 -0.01164614961)
(0.0004876498566 -1.208620877e-13 -0.01164639016)
(0.000503636308 -1.208733634e-13 -0.01164660101)
(0.0005167559322 -1.208829044e-13 -0.01164677405)
(0.0005265047269 -1.20890277e-13 -0.01164690263)
(0.0005325079209 -1.208945053e-13 -0.0116469818)
(0.0005345350077 -1.208959813e-13 -0.01164700854)
(0.0005325079209 -1.208945053e-13 -0.0116469818)
(0.0005265047269 -1.20890277e-13 -0.01164690263)
(0.0005167559322 -1.208829044e-13 -0.01164677405)
(0.000503636308 -1.208733634e-13 -0.01164660101)
(0.0004876498566 -1.208620877e-13 -0.01164639016)
(0.0004694110865 -1.208486436e-13 -0.01164614961)
(0.0004496210386 -1.208338984e-13 -0.01164588859)
(0.0004290399891 -1.208191533e-13 -0.01164561715)
(0.0004084589395 -1.208044081e-13 -0.0116453457)
(0.0003886688916 -1.20789663e-13 -0.01164508469)
(0.0003704301216 -1.207762189e-13 -0.01164484413)
(0.0003544436702 -1.207649432e-13 -0.01164463328)
(0.0003413240459 -1.207554022e-13 -0.01164446025)
(0.0003315752513 -1.207480296e-13 -0.01164433167)
(0.0003255720572 -1.207435844e-13 -0.01164425249)
(0.0003172166975 -9.643136073e-14 -0.01283806616)
(0.0003193331533 -9.643273593e-14 -0.01283809531)
(0.0003256010128 -9.643696432e-14 -0.01283818162)
(0.0003357796068 -9.644368637e-14 -0.01283832179)
(0.0003494776417 -9.645322735e-14 -0.01283851042)
(0.0003661688948 -9.646450305e-14 -0.01283874028)
(0.0003852117655 -9.64770798e-14 -0.01283900251)
(0.0004058743059 -9.649139127e-14 -0.01283928705)
(0.0004273627212 -9.650613642e-14 -0.01283958297)
(0.0004488511365 -9.652088157e-14 -0.01283987888)
(0.000469513677 -9.653432567e-14 -0.01284016342)
(0.0004885565476 -9.654690242e-14 -0.01284042566)
(0.0005052478007 -9.655817812e-14 -0.01284065551)
(0.0005189458356 -9.65677191e-14 -0.01284084415)
(0.0005291244296 -9.657444115e-14 -0.01284098432)
(0.0005353922891 -9.657866954e-14 -0.01284107063)
(0.000537508745 -9.658007586e-14 -0.01284109977)
(0.0005353922891 -9.657866954e-14 -0.01284107063)
(0.0005291244296 -9.657444115e-14 -0.01284098432)
(0.0005189458356 -9.65677191e-14 -0.01284084415)
(0.0005052478007 -9.655817812e-14 -0.01284065551)
(0.0004885565476 -9.654690242e-14 -0.01284042566)
(0.0004695136769 -9.653432567e-14 -0.01284016342)
(0.0004488511365 -9.652088157e-14 -0.01283987888)
(0.0004273627212 -9.650613642e-14 -0.01283958297)
(0.0004058743059 -9.649139127e-14 -0.01283928705)
(0.0003852117655 -9.64770798e-14 -0.01283900251)
(0.0003661688948 -9.646450305e-14 -0.01283874028)
(0.0003494776417 -9.645322735e-14 -0.01283851042)
(0.0003357796068 -9.644368637e-14 -0.01283832179)
(0.0003256010128 -9.643696432e-14 -0.01283818162)
(0.0003193331533 -9.643273593e-14 -0.01283809531)
(0.0003096586227 -6.650686654e-14 -0.01408222836)
(0.0003118613262 -6.650821387e-14 -0.01408225993)
(0.0003183846073 -6.651233384e-14 -0.01408235342)
(0.0003289779893 -6.651883905e-14 -0.01408250525)
(0.0003432342329 -6.652794635e-14 -0.01408270957)
(0.0003606056713 -6.653878837e-14 -0.01408295855)
(0.0003804245581 -6.655093143e-14 -0.0140832426)
(0.0004019291178 -6.656394186e-14 -0.01408355081)
(0.0004242932077 -6.657781965e-14 -0.01408387133)
(0.0004466572975 -6.659169743e-14 -0.01408419186)
(0.0004681618573 -6.660557522e-14 -0.01408450007)
(0.0004879807441 -6.661771829e-14 -0.01408478412)
(0.0005053521825 -6.662856031e-14 -0.01408503309)
(0.0005196084261 -6.663766761e-14 -0.01408523742)
(0.0005302018081 -6.664417282e-14 -0.01408538924)
(0.0005367250892 -6.664807595e-14 -0.01408548274)
(0.0005389277927 -6.664954215e-14 -0.01408551431)
(0.0005367250892 -6.664807595e-14 -0.01408548274)
(0.0005302018081 -6.664417282e-14 -0.01408538924)
(0.0005196084261 -6.663766761e-14 -0.01408523742)
(0.0005053521825 -6.662856031e-14 -0.01408503309)
(0.0004879807441 -6.661771829e-14 -0.01408478412)
(0.0004681618573 -6.660557522e-14 -0.01408450007)
(0.0004466572975 -6.659169743e-14 -0.01408419186)
(0.0004242932077 -6.657781965e-14 -0.01408387133)
(0.0004019291178 -6.656394186e-14 -0.01408355081)
(0.0003804245581 -6.655093143e-14 -0.0140832426)
(0.0003606056713 -6.653878837e-14 -0.01408295855)
(0.0003432342329 -6.652794635e-14 -0.01408270957)
(0.0003289779893 -6.651883905e-14 -0.01408250525)
(0.0003183846073 -6.651233384e-14 -0.01408235342)
(0.0003118613262 -6.650821387e-14 -0.01408225993)
(0.000300836389 -3.104357851e-14 -0.01537560678)
(0.0003031226754 -3.104482817e-14 -0.01537564079)
(0.0003098934861 -3.104894813e-14 -0.01537574152)
(0.00032088884 -3.105501967e-14 -0.01537590509)
(0.0003356860449 -3.10632596e-14 -0.01537612522)
(0.0003537166525 -3.107366794e-14 -0.01537639345)
(0.0003742875783 -3.108537733e-14 -0.01537669947)
(0.0003966081409 -3.109838775e-14 -0.01537703152)
(0.0004198208489 -3.111139818e-14 -0.01537737684)
(0.0004430335569 -3.112440861e-14 -0.01537772216)
(0.0004653541195 -3.113741903e-14 -0.0153780542)
(0.0004859250453 -3.114912842e-14 -0.01537836022)
(0.0005039556529 -3.115953676e-14 -0.01537862845)
(0.0005187528578 -3.116777669e-14 -0.01537884858)
(0.0005297482117 -3.117428191e-14 -0.01537901215)
(0.0005365190224 -3.117796819e-14 -0.01537911288)
(0.0005388053088 -3.117930712e-14 -0.01537914689)
(0.0005365190224 -3.117796819e-14 -0.01537911288)
(0.0005297482117 -3.117428191e-14 -0.01537901215)
(0.0005187528578 -3.116777669e-14 -0.01537884858)
(0.0005039556529 -3.115953676e-14 -0.01537862845)
(0.0004859250453 -3.114912842e-14 -0.01537836022)
(0.0004653541195 -3.113741903e-14 -0.0153780542)
(0.0004430335569 -3.112440861e-14 -0.01537772216)
(0.0004198208489 -3.111139818e-14 -0.01537737684)
(0.0003966081409 -3.109838775e-14 -0.01537703152)
(0.0003742875783 -3.108537733e-14 -0.01537669947)
(0.0003537166525 -3.107366794e-14 -0.01537639345)
(0.0003356860449 -3.10632596e-14 -0.01537612522)
(0.00032088884 -3.105501967e-14 -0.01537590509)
(0.0003098934861 -3.104894813e-14 -0.01537574152)
(0.0003031226754 -3.104482817e-14 -0.01537564079)
(0.000290709139 9.762210721e-15 -0.01671624795)
(0.0002930769226 9.761072159e-15 -0.01671628443)
(0.0003000890864 9.757385872e-15 -0.01671639246)
(0.0003114763821 9.75174802e-15 -0.0167165679)
(0.0003268010499 9.743508084e-15 -0.01671680401)
(0.0003454743786 9.733967105e-15 -0.01671709171)
(0.000366778578 9.722691402e-15 -0.01671741994)
(0.000389894782 9.710114657e-15 -0.01671777609)
(0.0004139349329 9.697971592e-15 -0.01671814647)
(0.0004379750839 9.685828528e-15 -0.01671851685)
(0.0004610912878 9.674119145e-15 -0.016718873)
(0.0004823954873 9.662843442e-15 -0.01671920123)
(0.000501068816 9.653302463e-15 -0.01671948893)
(0.0005163934838 9.645062526e-15 -0.01671972504)
(0.0005277807794 9.638990994e-15 -0.01671990048)
(0.0005347929432 9.635521547e-15 -0.01672000852)
(0.0005371607269 9.634285688e-15 -0.016720045)
(0.0005347929432 9.635521547e-15 -0.01672000852)
(0.0005277807794 9.638990994e-15 -0.01671990048)
(0.0005163934838 9.645062526e-15 -0.01671972504)
(0.000501068816 9.653302463e-15 -0.01671948893)
(0.0004823954873 9.662843442e-15 -0.01671920123)
(0.0004610912878 9.674119145e-15 -0.016718873)
(0.0004379750839 9.685828528e-15 -0.01671851685)
(0.0004139349329 9.697971592e-15 -0.01671814647)
(0.000389894782 9.710114657e-15 -0.01671777609)
(0.000366778578 9.722691402e-15 -0.01671741994)
(0.0003454743786 9.733967105e-15 -0.01671709171)
(0.0003268010498 9.743508084e-15 -0.01671680401)
(0.000311476382 9.75174802e-15 -0.0167165679)
(0.0003000890864 9.757385872e-15 -0.01671639246)
(0.0002930769226 9.761072159e-15 -0.01671628443)
(0.0002792097627 5.570063835e-14 -0.0181037944)
(0.0002816577908 5.569936873e-14 -0.0181038334)
(0.0002889075978 5.569611612e-14 -0.01810394888)
(0.0003006808102 5.569069511e-14 -0.01810413642)
(0.000316524833 5.568332254e-14 -0.0181043888)
(0.0003358310032 5.567421524e-14 -0.01810469634)
(0.0003578572046 5.566424058e-14 -0.0181050472)
(0.0003817568196 5.565253119e-14 -0.0181054279)
(0.0004066116943 5.564125549e-14 -0.01810582382)
(0.0004314665689 5.562997979e-14 -0.01810621974)
(0.0004553661839 5.561827041e-14 -0.01810660044)
(0.0004773923854 5.560829575e-14 -0.01810695131)
(0.0004966985556 5.559918845e-14 -0.01810725884)
(0.0005125425783 5.559181587e-14 -0.01810751122)
(0.0005243157908 5.558596118e-14 -0.01810769876)
(0.0005315655977 5.558249173e-14 -0.01810781425)
(0.0005340136258 5.558136396e-14 -0.01810785324)
(0.0005315655977 5.558249173e-14 -0.01810781425)
(0.0005243157907 5.558596118e-14 -0.01810769876)
(0.0005125425783 5.559181587e-14 -0.01810751122)
(0.0004966985555 5.559918845e-14 -0.01810725884)
(0.0004773923853 5.560829575e-14 -0.01810695131)
(0.0004553661839 5.561827041e-14 -0.01810660044)
(0.0004314665689 5.562997979e-14 -0.01810621974)
(0.0004066116942 5.564125549e-14 -0.01810582382)
(0.0003817568196 5.565253119e-14 -0.0181054279)
(0.0003578572046 5.566424058e-14 -0.0181050472)
(0.0003358310031 5.567421524e-14 -0.01810469634)
(0.0003165248329 5.568332254e-14 -0.0181043888)
(0.0003006808102 5.569069511e-14 -0.01810413642)
(0.0002889075977 5.569611612e-14 -0.01810394888)
(0.0002816577908 5.569936873e-14 -0.0181038334)
(0.0002662608367 1.06538322e-13 -0.01953715379)
(0.000268788751 1.065372833e-13 -0.01953719537)
(0.0002762751398 1.065341391e-13 -0.01953731852)
(0.0002884325459 1.06528935e-13 -0.0195375185)
(0.0003047936043 1.065219961e-13 -0.01953778763)
(0.00032472979 1.065137561e-13 -0.01953811557)
(0.0003474747693 1.065042152e-13 -0.01953848971)
(0.0003721542971 1.064938068e-13 -0.01953889567)
(0.0003978202573 1.064833985e-13 -0.01953931786)
(0.0004234862176 1.064729901e-13 -0.01953974005)
(0.0004481657453 1.064625818e-13 -0.01954014601)
(0.0004709107246 1.064530408e-13 -0.01954052015)
(0.0004908469103 1.064448009e-13 -0.01954084809)
(0.0005072079688 1.06437862e-13 -0.01954111722)
(0.0005193653748 1.064326578e-13 -0.0195413172)
(0.0005268517637 1.064297305e-13 -0.01954144035)
(0.0005293796779 1.06428577e-13 -0.01954148193)
(0.0005268517636 1.064297305e-13 -0.01954144035)
(0.0005193653748 1.064326578e-13 -0.0195413172)
(0.0005072079688 1.06437862e-13 -0.01954111722)
(0.0004908469103 1.064448009e-13 -0.01954084809)
(0.0004709107246 1.064530408e-13 -0.01954052015)
(0.0004481657453 1.064625818e-13 -0.01954014601)
(0.0004234862176 1.064729901e-13 -0.01953974005)
(0.0003978202573 1.064833985e-13 -0.01953931786)
(0.0003721542971 1.064938068e-13 -0.01953889567)
(0.0003474747693 1.065042152e-13 -0.01953848971)
(0.00032472979 1.065137561e-13 -0.01953811557)
(0.0003047936043 1.065219961e-13 -0.01953778763)
(0.0002884325459 1.06528935e-13 -0.0195375185)
(0.0002762751398 1.065341391e-13 -0.01953731852)
(0.000268788751 1.065372833e-13 -0.01953719537)
(0.0002517536819 1.621835883e-13 -0.02101706133)
(0.0002543621508 1.621825504e-13 -0.02101710561)
(0.0002620871013 1.621797314e-13 -0.02101723673)
(0.000274631916 1.62174961e-13 -0.02101744967)
(0.0002915143369 1.621688894e-13 -0.02101773623)
(0.0003120858102 1.621615169e-13 -0.0210180854)
(0.0003355555824 1.621528432e-13 -0.02101848378)
(0.0003610215494 1.621437359e-13 -0.02101891603)
(0.0003875053826 1.62134195e-13 -0.02101936556)
(0.0004139892158 1.62124654e-13 -0.0210198151)
(0.0004394551828 1.621146793e-13 -0.02102024735)
(0.000462924955 1.621060057e-13 -0.02102064572)
(0.0004834964283 1.620986331e-13 -0.0210209949)
(0.0005003788492 1.620925616e-13 -0.02102128146)
(0.0005129236639 1.620882248e-13 -0.02102149439)
(0.0005206486144 1.62085189e-13 -0.02102162552)
(0.0005232570833 1.620843494e-13 -0.02102166979)
(0.0005206486144 1.62085189e-13 -0.02102162552)
(0.0005129236639 1.620882248e-13 -0.02102149439)
(0.0005003788492 1.620925616e-13 -0.02102128146)
(0.0004834964283 1.620986331e-13 -0.0210209949)
(0.000462924955 1.621060057e-13 -0.02102064572)
(0.0004394551828 1.621146793e-13 -0.02102024735)
(0.0004139892158 1.62124654e-13 -0.0210198151)
(0.0003875053826 1.62134195e-13 -0.02101936556)
(0.0003610215494 1.621437359e-13 -0.02101891603)
(0.0003355555824 1.621528432e-13 -0.02101848378)
(0.0003120858102 1.621615169e-13 -0.0210180854)
(0.0002915143369 1.621688894e-13 -0.02101773623)
(0.000274631916 1.62174961e-13 -0.02101744967)
(0.0002620871013 1.621797314e-13 -0.02101723673)
(0.0002543621508 1.621825504e-13 -0.02101710561)
(0.0002355753341 2.226935083e-13 -0.0225434919)
(0.000238265928 2.226926326e-13 -0.02254353901)
(0.0002462340907 2.226901389e-13 -0.02254367852)
(0.0002591738661 2.226860189e-13 -0.02254390508)
(0.0002765878128 2.226803811e-13 -0.02254420997)
(0.0002978069579 2.226738759e-13 -0.02254458149)
(0.0003220156519 2.226665033e-13 -0.02254500535)
(0.0003482833889 2.22658697e-13 -0.02254546526)
(0.0003756010386 2.226500234e-13 -0.02254594355)
(0.0004029186882 2.226413498e-13 -0.02254642184)
(0.0004291864252 2.226326762e-13 -0.02254688175)
(0.0004533951192 2.226253036e-13 -0.02254730561)
(0.0004746142643 2.226187984e-13 -0.02254767713)
(0.000492028211 2.226131605e-13 -0.02254798202)
(0.0005049679864 2.226090406e-13 -0.02254820858)
(0.0005129361491 2.226067638e-13 -0.02254834809)
(0.000515626743 2.226059041e-13 -0.0225483952)
(0.0005129361491 2.226067638e-13 -0.02254834809)
(0.0005049679864 2.226090406e-13 -0.02254820858)
(0.000492028211 2.226131605e-13 -0.02254798202)
(0.0004746142643 2.226187984e-13 -0.02254767713)
(0.0004533951192 2.226253036e-13 -0.02254730561)
(0.0004291864252 2.226326762e-13 -0.02254688175)
(0.0004029186882 2.226413498e-13 -0.02254642184)
(0.0003756010385 2.226500234e-13 -0.02254594355)
(0.0003482833889 2.22658697e-13 -0.02254546526)
(0.0003220156519 2.226665033e-13 -0.02254500535)
(0.0002978069579 2.226738759e-13 -0.02254458149)
(0.0002765878127 2.226803811e-13 -0.02254420997)
(0.0002591738661 2.226860189e-13 -0.02254390508)
(0.0002462340907 2.226901389e-13 -0.02254367852)
(0.000238265928 2.226926326e-13 -0.02254353901)
(0.0002175903985 2.88484106e-13 -0.02411826087)
(0.0002203654585 2.884833214e-13 -0.02411831099)
(0.0002285837667 2.884812614e-13 -0.0241184594)
(0.0002419297619 2.884780088e-13 -0.02411870041)
(0.0002598903866 2.884732384e-13 -0.02411902475)
(0.0002817756669 2.884676005e-13 -0.02411941997)
(0.0003067443472 2.884610953e-13 -0.02411987087)
(0.0003338367103 2.88453289e-13 -0.02412036011)
(0.0003620119461 2.884463501e-13 -0.02412086892)
(0.0003901871819 2.884394112e-13 -0.02412137772)
(0.000417279545 2.884324724e-13 -0.02412186697)
(0.0004422482253 2.884259671e-13 -0.02412231787)
(0.0004641335056 2.884203293e-13 -0.02412271309)
(0.0004820941303 2.884155588e-13 -0.02412303743)
(0.0004954401255 2.884123062e-13 -0.02412327844)
(0.0005036584337 2.884102462e-13 -0.02412342685)
(0.0005064334937 2.884094889e-13 -0.02412347697)
(0.0005036584337 2.884102462e-13 -0.02412342685)
(0.0004954401255 2.884123062e-13 -0.02412327844)
(0.0004820941303 2.884155588e-13 -0.02412303743)
(0.0004641335056 2.884203293e-13 -0.02412271309)
(0.0004422482253 2.884259671e-13 -0.02412231787)
(0.000417279545 2.884324724e-13 -0.02412186697)
(0.0003901871819 2.884394112e-13 -0.02412137772)
(0.0003620119461 2.884463501e-13 -0.02412086892)
(0.0003338367103 2.88453289e-13 -0.02412036011)
(0.0003067443472 2.884610953e-13 -0.02411987087)
(0.0002817756669 2.884676005e-13 -0.02411941997)
(0.0002598903866 2.884732384e-13 -0.02411902475)
(0.0002419297619 2.884780088e-13 -0.02411870041)
(0.0002285837667 2.884812614e-13 -0.0241184594)
(0.0002203654585 2.884833214e-13 -0.02411831099)
(0.0001976843726 3.60332202e-13 -0.02574209278)
(0.0002005465432 3.603315563e-13 -0.02574214609)
(0.0002090228285 3.603300384e-13 -0.02574230397)
(0.0002227877618 3.603272195e-13 -0.02574256035)
(0.0002413121802 3.603233163e-13 -0.02574290539)
(0.0002638844513 3.603185458e-13 -0.02574332581)
(0.000289636912 3.603133417e-13 -0.02574380548)
(0.000317579719 3.603081375e-13 -0.02574432593)
(0.0003466393907 3.60302066e-13 -0.02574486719)
(0.0003756990625 3.602959944e-13 -0.02574540845)
(0.0004036418695 3.602907903e-13 -0.02574592891)
(0.0004293943302 3.602855861e-13 -0.02574640857)
(0.0004519666013 3.602808156e-13 -0.025746829)
(0.0004704910197 3.602769125e-13 -0.02574717403)
(0.0004842559529 3.602745272e-13 -0.02574743042)
(0.0004927322383 3.602727925e-13 -0.02574758829)
(0.0004955944089 3.602721895e-13 -0.0257476416)
(0.0004927322382 3.602727925e-13 -0.02574758829)
(0.0004842559529 3.602745272e-13 -0.02574743042)
(0.0004704910197 3.602769125e-13 -0.02574717403)
(0.0004519666013 3.602808156e-13 -0.025746829)
(0.0004293943302 3.602855861e-13 -0.02574640857)
(0.0004036418695 3.602907903e-13 -0.02574592891)
(0.0003756990625 3.602959944e-13 -0.02574540845)
(0.0003466393907 3.60302066e-13 -0.02574486719)
(0.000317579719 3.603081375e-13 -0.02574432593)
(0.000289636912 3.603133417e-13 -0.02574380548)
(0.0002638844513 3.603185458e-13 -0.02574332581)
(0.0002413121802 3.603233163e-13 -0.02574290539)
(0.0002227877618 3.603272195e-13 -0.02574256035)
(0.0002090228285 3.603300384e-13 -0.02574230397)
(0.0002005465432 3.603315563e-13 -0.02574214609)
(0.0001757510919 4.395976781e-13 -0.02741718335)
(0.0001787027998 4.395973602e-13 -0.02741724005)
(0.0001874442486 4.395960592e-13 -0.02741740797)
(0.0002016397901 4.395941076e-13 -0.02741768065)
(0.0002207437077 4.395910719e-13 -0.02741804761)
(0.0002440221069 4.395880361e-13 -0.02741849477)
(0.0002705801816 4.39584133e-13 -0.02741900492)
(0.0002993971231 4.395797962e-13 -0.02741955846)
(0.0003293658682 4.395754594e-13 -0.02742013413)
(0.0003593346133 4.395711226e-13 -0.0274207098)
(0.0003881515548 4.395676531e-13 -0.02742126334)
(0.0004147096295 4.3956375e-13 -0.02742177349)
(0.0004379880286 4.395607142e-13 -0.02742222064)
(0.0004570919463 4.395576784e-13 -0.02742258761)
(0.0004712874877 4.395557269e-13 -0.02742286029)
(0.0004800289366 4.395546427e-13 -0.0274230282)
(0.0004829806445 4.395541902e-13 -0.0274230849)
(0.0004800289366 4.395546427e-13 -0.0274230282)
(0.0004712874877 4.395557269e-13 -0.02742286029)
(0.0004570919463 4.395576784e-13 -0.02742258761)
(0.0004379880286 4.395607142e-13 -0.02742222064)
(0.0004147096295 4.3956375e-13 -0.02742177349)
(0.0003881515548 4.395676531e-13 -0.02742126334)
(0.0003593346133 4.395711226e-13 -0.0274207098)
(0.0003293658682 4.395754594e-13 -0.02742013413)
(0.0002993971231 4.395797962e-13 -0.02741955846)
(0.0002705801815 4.39584133e-13 -0.02741900492)
(0.0002440221069 4.395880361e-13 -0.02741849477)
(0.0002207437077 4.395910719e-13 -0.02741804761)
(0.0002016397901 4.395941076e-13 -0.02741768065)
(0.0001874442486 4.395960592e-13 -0.02741740797)
(0.0001787027998 4.395973602e-13 -0.02741724005)
(0.0001517543585 5.281703348e-13 -0.02914386283)
(0.0001547969402 5.281700641e-13 -0.02914392308)
(0.0001638075103 5.28169522e-13 -0.02914410149)
(0.0001784400873 5.28168221e-13 -0.02914439123)
(0.0001981321536 5.281664862e-13 -0.02914478115)
(0.0002221272205 5.281647515e-13 -0.02914525627)
(0.0002495029336 5.281625831e-13 -0.02914579833)
(0.0002792070569 5.281608484e-13 -0.02914638649)
(0.0003100984441 5.281582463e-13 -0.02914699816)
(0.0003409898314 5.281556442e-13 -0.02914760984)
(0.0003706939546 5.281530421e-13 -0.029148198)
(0.0003980696677 5.281508737e-13 -0.02914874006)
(0.0004220647346 5.28149139e-13 -0.02914921518)
(0.0004417568009 5.281474043e-13 -0.0291496051)
(0.0004563893779 5.281465369e-13 -0.02914989484)
(0.0004653999481 5.28145778e-13 -0.02915007325)
(0.0004684425297 5.281455459e-13 -0.0291501335)
(0.0004653999481 5.28145778e-13 -0.02915007325)
(0.0004563893779 5.281465369e-13 -0.02914989484)
(0.0004417568009 5.281474043e-13 -0.0291496051)
(0.0004220647346 5.28149139e-13 -0.02914921518)
(0.0003980696677 5.281508737e-13 -0.02914874006)
(0.0003706939546 5.281530421e-13 -0.029148198)
(0.0003409898313 5.281556442e-13 -0.02914760984)
(0.0003100984441 5.281582463e-13 -0.02914699816)
(0.0002792070569 5.281608484e-13 -0.02914638649)
(0.0002495029336 5.281625831e-13 -0.02914579833)
(0.0002221272205 5.281647515e-13 -0.02914525627)
(0.0001981321536 5.281664862e-13 -0.02914478115)
(0.0001784400873 5.28168221e-13 -0.02914439123)
(0.0001638075103 5.28169522e-13 -0.02914410149)
(0.0001547969401 5.281700641e-13 -0.02914392308)
(0.0001257167132 6.286543481e-13 -0.03092312928)
(0.000128849571 6.286542467e-13 -0.03092319315)
(0.000138127493 6.286542467e-13 -0.03092338232)
(0.0001531942318 6.286542467e-13 -0.03092368951)
(0.0001734705796 6.28653813e-13 -0.03092410292)
(0.0001981776019 6.286533794e-13 -0.03092460666)
(0.0002263655772 6.286533794e-13 -0.03092518138)
(0.0002569510488 6.28652512e-13 -0.03092580498)
(0.0002887590115 6.28652512e-13 -0.03092645351)
(0.0003205669743 6.28652512e-13 -0.03092710203)
(0.0003511524458 6.286516446e-13 -0.03092772563)
(0.0003793404212 6.286516446e-13 -0.03092830035)
(0.0004040474435 6.286512109e-13 -0.03092880409)
(0.0004243237913 6.286507773e-13 -0.0309292175)
(0.0004393905301 6.286507773e-13 -0.03092952469)
(0.0004486684521 6.286505604e-13 -0.03092971386)
(0.0004518013098 6.286505597e-13 -0.03092977773)
(0.0004486684521 6.286505604e-13 -0.03092971386)
(0.0004393905301 6.286507773e-13 -0.03092952469)
(0.0004243237913 6.286507773e-13 -0.0309292175)
(0.0004040474435 6.286512109e-13 -0.03092880409)
(0.0003793404212 6.286516446e-13 -0.03092830035)
(0.0003511524458 6.286516446e-13 -0.03092772563)
(0.0003205669742 6.28652512e-13 -0.03092710203)
(0.0002887590115 6.28652512e-13 -0.03092645351)
(0.0002569510488 6.28652512e-13 -0.03092580498)
(0.0002263655772 6.286533794e-13 -0.03092518138)
(0.0001981776019 6.286533794e-13 -0.03092460666)
(0.0001734705796 6.28653813e-13 -0.03092410292)
(0.0001531942318 6.286542467e-13 -0.03092368951)
(0.000138127493 6.286542467e-13 -0.03092338232)
(0.000128849571 6.286542467e-13 -0.03092319315)
(9.778926857e-05 7.441868651e-13 -0.03275299368)
(0.0001010088593 7.441871555e-13 -0.03275306115)
(0.00011054364 7.441876976e-13 -0.03275326093)
(0.0001260275006 7.441881313e-13 -0.03275358538)
(0.0001468651979 7.441894323e-13 -0.03275402201)
(0.0001722562326 7.44191167e-13 -0.03275455404)
(0.0002012245904 7.441924681e-13 -0.03275516104)
(0.0002326568189 7.441946365e-13 -0.03275581966)
(0.0002653453832 7.441963712e-13 -0.0327565046)
(0.0002980339475 7.441981059e-13 -0.03275718955)
(0.0003294661761 7.442002743e-13 -0.03275784817)
(0.0003584345339 7.442015754e-13 -0.03275845517)
(0.0003838255686 7.442033101e-13 -0.0327589872)
(0.0004046632659 7.442046111e-13 -0.03275942383)
(0.0004201471265 7.442054785e-13 -0.03275974827)
(0.0004296819072 7.442060206e-13 -0.03275994806)
(0.0004329014979 7.442061736e-13 -0.03276001552)
(0.0004296819071 7.442060206e-13 -0.03275994806)
(0.0004201471264 7.442054785e-13 -0.03275974827)
(0.0004046632659 7.442046111e-13 -0.03275942383)
(0.0003838255686 7.442033101e-13 -0.0327589872)
(0.0003584345338 7.442015754e-13 -0.03275845517)
(0.0003294661761 7.442002743e-13 -0.03275784817)
(0.0002980339475 7.441981059e-13 -0.03275718955)
(0.0002653453832 7.441963712e-13 -0.0327565046)
(0.0002326568189 7.441946365e-13 -0.03275581966)
(0.0002012245904 7.441924681e-13 -0.03275516104)
(0.0001722562326 7.44191167e-13 -0.03275455404)
(0.0001468651979 7.441894323e-13 -0.03275402201)
(0.0001260275006 7.441881313e-13 -0.03275358538)
(0.00011054364 7.441876976e-13 -0.03275326093)
(0.0001010088593 7.441871555e-13 -0.03275306115)
(6.82215209e-05 8.785336594e-13 -0.03463121168)
(7.152069714e-05 8.785341161e-13 -0.03463128252)
(8.129116938e-05 8.785353087e-13 -0.03463149231)
(9.715777757e-05 8.785372603e-13 -0.034631833)
(0.0001185105647 8.785398624e-13 -0.03463229149)
(0.0001445292439 8.785433318e-13 -0.03463285017)
(0.0001742136744 8.78547235e-13 -0.03463348756)
(0.0002064228804 8.785507044e-13 -0.03463417916)
(0.0002399194778 8.785550412e-13 -0.0346348984)
(0.0002734160751 8.78559378e-13 -0.03463561764)
(0.0003056252811 8.785637148e-13 -0.03463630924)
(0.0003353097116 8.78567618e-13 -0.03463694663)
(0.0003613283908 8.785710874e-13 -0.03463750531)
(0.0003826811779 8.785736895e-13 -0.0346379638)
(0.0003985477861 8.785756411e-13 -0.03463830449)
(0.0004083182584 8.785770505e-13 -0.03463851428)
(0.0004116174346 8.78577452e-13 -0.03463858512)
(0.0004083182584 8.785770505e-13 -0.03463851428)
(0.0003985477861 8.785756411e-13 -0.03463830449)
(0.0003826811779 8.785736895e-13 -0.0346379638)
(0.0003613283908 8.785710874e-13 -0.03463750531)
(0.0003353097116 8.78567618e-13 -0.03463694663)
(0.0003056252811 8.785637148e-13 -0.03463630924)
(0.0002734160751 8.78559378e-13 -0.03463561764)
(0.0002399194777 8.785550412e-13 -0.0346348984)
(0.0002064228804 8.785507044e-13 -0.03463417916)
(0.0001742136744 8.78547235e-13 -0.03463348756)
(0.0001445292438 8.785433318e-13 -0.03463285017)
(0.0001185105647 8.785398624e-13 -0.03463229149)
(9.715777756e-05 8.785372603e-13 -0.034631833)
(8.129116937e-05 8.785353087e-13 -0.03463149231)
(7.152069714e-05 8.785341161e-13 -0.03463128252)
(3.740856852e-05 1.035698742e-12 -0.03655168407)
(4.07762158e-05 1.035699413e-12 -0.03655175788)
(5.074946423e-05 1.035701256e-12 -0.03655197647)
(6.694536769e-05 1.035704508e-12 -0.03655233146)
(8.874131016e-05 1.035708411e-12 -0.03655280919)
(0.0001152999804 1.035713616e-12 -0.03655339131)
(0.000145600481 1.035719687e-12 -0.03655405544)
(0.0001784781563 1.035726192e-12 -0.03655477606)
(0.0002126699413 1.035733131e-12 -0.03655552548)
(0.0002468617264 1.03574007e-12 -0.0365562749)
(0.0002797394016 1.035745708e-12 -0.03655699552)
(0.0003100399022 1.035751779e-12 -0.03655765965)
(0.0003365985725 1.035756984e-12 -0.03655824177)
(0.0003583945149 1.035760887e-12 -0.0365587195)
(0.0003745904184 1.035764139e-12 -0.03655907448)
(0.0003845636668 1.035766416e-12 -0.03655929308)
(0.0003879313141 1.035766985e-12 -0.03655936689)
(0.0003845636668 1.035766416e-12 -0.03655929308)
(0.0003745904184 1.035764139e-12 -0.03655907448)
(0.0003583945149 1.035760887e-12 -0.0365587195)
(0.0003365985725 1.035756984e-12 -0.03655824177)
(0.0003100399022 1.035751779e-12 -0.03655765965)
(0.0002797394016 1.035745708e-12 -0.03655699552)
(0.0002468617263 1.03574007e-12 -0.0365562749)
(0.0002126699413 1.035733131e-12 -0.03655552548)
(0.0001784781563 1.035726192e-12 -0.03655477606)
(0.000145600481 1.035719687e-12 -0.03655405544)
(0.0001152999804 1.035713616e-12 -0.03655339131)
(8.874131014e-05 1.035708411e-12 -0.03655280919)
(6.694536767e-05 1.035704508e-12 -0.03655233146)
(5.074946421e-05 1.035701256e-12 -0.03655197647)
(4.07762158e-05 1.035699413e-12 -0.03655175788)
(5.805504504e-06 1.219896353e-12 -0.03850788268)
(9.227040825e-06 1.219897122e-12 -0.03850795888)
(1.935988101e-05 1.219899832e-12 -0.03850818453)
(3.581495107e-05 1.219903952e-12 -0.03850855097)
(5.795967188e-05 1.21990959e-12 -0.03850904412)
(8.494333359e-05 1.219916529e-12 -0.03850964502)
(0.0001157287023 1.219924335e-12 -0.03851033059)
(0.0001491324856 1.219933009e-12 -0.03851107447)
(0.0001838714071 1.219941682e-12 -0.03851184808)
(0.0002186103285 1.219950356e-12 -0.03851262169)
(0.0002520141118 1.21995903e-12 -0.03851336557)
(0.0002827994805 1.219966836e-12 -0.03851405114)
(0.0003097831422 1.219973775e-12 -0.03851465204)
(0.000331927863 1.219979413e-12 -0.03851514519)
(0.0003483829331 1.219983533e-12 -0.03851551163)
(0.0003585157733 1.219986026e-12 -0.03851573728)
(0.0003619373096 1.219986947e-12 -0.03851581348)
(0.0003585157733 1.219986026e-12 -0.03851573728)
(0.0003483829331 1.219983533e-12 -0.03851551163)
(0.000331927863 1.219979413e-12 -0.03851514519)
(0.0003097831422 1.219973775e-12 -0.03851465204)
(0.0002827994805 1.219966836e-12 -0.03851405114)
(0.0002520141118 1.21995903e-12 -0.03851336557)
(0.0002186103285 1.219950356e-12 -0.03851262169)
(0.000183871407 1.219941682e-12 -0.03851184808)
(0.0001491324856 1.219933009e-12 -0.03851107447)
(0.0001157287023 1.219924335e-12 -0.03851033059)
(8.494333356e-05 1.219916529e-12 -0.03850964502)
(5.795967185e-05 1.21990959e-12 -0.03850904412)
(3.581495105e-05 1.219903952e-12 -0.03850855097)
(1.9359881e-05 1.219899832e-12 -0.03850818453)
(9.227040818e-06 1.219897122e-12 -0.03850795888)
(-2.60848832e-05 1.434870185e-12 -0.04048990258)
(-2.262620635e-05 1.434871211e-12 -0.04048998043)
(-1.238337489e-05 1.434874355e-12 -0.04049021101)
(4.250313787e-06 1.434879125e-12 -0.04049058546)
(2.663541397e-05 1.434886064e-12 -0.04049108937)
(5.391198143e-05 1.434894304e-12 -0.0404917034)
(8.503152316e-05 1.434903411e-12 -0.04049240394)
(0.0001187979022 1.43491382e-12 -0.04049316407)
(0.0001539139122 1.434924228e-12 -0.04049395457)
(0.0001890299221 1.434934636e-12 -0.04049474508)
(0.0002227963011 1.434945045e-12 -0.0404955052)
(0.0002539158429 1.434954152e-12 -0.04049620574)
(0.0002811924103 1.434962392e-12 -0.04049681977)
(0.0003035775105 1.434969331e-12 -0.04049732368)
(0.0003202111992 1.434974535e-12 -0.04049769813)
(0.0003304540306 1.434977679e-12 -0.04049792871)
(0.0003339127075 1.434978681e-12 -0.04049800657)
(0.0003304540306 1.434977679e-12 -0.04049792871)
(0.0003202111992 1.434974535e-12 -0.04049769813)
(0.0003035775105 1.434969331e-12 -0.04049732368)
(0.0002811924103 1.434962392e-12 -0.04049681977)
(0.0002539158428 1.434954152e-12 -0.04049620574)
(0.0002227963011 1.434945045e-12 -0.0404955052)
(0.0001890299221 1.434934636e-12 -0.04049474508)
(0.0001539139121 1.434924228e-12 -0.04049395457)
(0.0001187979021 1.43491382e-12 -0.04049316407)
(8.503152312e-05 1.434903411e-12 -0.04049240394)
(5.391198139e-05 1.434894304e-12 -0.0404917034)
(2.663541395e-05 1.434886064e-12 -0.04049108937)
(4.250313764e-06 1.434879125e-12 -0.04049058546)
(-1.238337491e-05 1.434874355e-12 -0.04049021101)
(-2.262620635e-05 1.434871211e-12 -0.04048998043)
(-5.786466744e-05 1.683699134e-12 -0.04248902777)
(-5.438544937e-05 1.683700271e-12 -0.04248910656)
(-4.408178536e-05 1.683703741e-12 -0.04248933989)
(-2.734930858e-05 1.683709595e-12 -0.0424897188)
(-4.83126244e-06 1.683716968e-12 -0.04249022872)
(2.260730157e-05 1.683726075e-12 -0.04249085007)
(5.391166342e-05 1.683736484e-12 -0.04249155896)
(8.787858222e-05 1.683746892e-12 -0.04249232814)
(0.0001232031475 1.683759035e-12 -0.04249312807)
(0.0001585277128 1.683771178e-12 -0.04249392799)
(0.0001924946316 1.683782454e-12 -0.04249469718)
(0.0002237989934 1.683792862e-12 -0.04249540607)
(0.0002512375574 1.683801969e-12 -0.04249602741)
(0.0002737556036 1.683809342e-12 -0.04249653734)
(0.0002904880803 1.683814763e-12 -0.04249691624)
(0.0003007917443 1.683818232e-12 -0.04249714957)
(0.0003042709624 1.683819361e-12 -0.04249722836)
(0.0003007917443 1.683818232e-12 -0.04249714957)
(0.0002904880803 1.683814763e-12 -0.04249691624)
(0.0002737556035 1.683809342e-12 -0.04249653734)
(0.0002512375574 1.683801969e-12 -0.04249602741)
(0.0002237989934 1.683792862e-12 -0.04249540607)
(0.0001924946315 1.683782454e-12 -0.04249469718)
(0.0001585277127 1.683771178e-12 -0.04249392799)
(0.0001232031475 1.683759035e-12 -0.04249312807)
(8.787858218e-05 1.683746892e-12 -0.04249232814)
(5.391166338e-05 1.683736484e-12 -0.04249155896)
(2.260730153e-05 1.683726075e-12 -0.04249085007)
(-4.831262474e-06 1.683716968e-12 -0.04249022872)
(-2.73493086e-05 1.683709595e-12 -0.0424897188)
(-4.408178537e-05 1.683703741e-12 -0.04248933989)
(-5.438544938e-05 1.683700271e-12 -0.04248910656)
(-8.928377604e-05 1.967682242e-12 -0.04449563036)
(-8.579766968e-05 1.967683395e-12 -0.04449570946)
(-7.547360605e-05 1.967686864e-12 -0.04449594372)
(-5.870800163e-05 1.967692502e-12 -0.04449632413)
(-3.614537334e-05 1.967700308e-12 -0.04449683607)
(-8.652485348e-06 1.967709849e-12 -0.04449745988)
(2.271385416e-05 1.967721125e-12 -0.04449817158)
(5.674802206e-05 1.967733268e-12 -0.04449894382)
(9.214252435e-05 1.967745411e-12 -0.04449974692)
(0.0001275370266 1.967757554e-12 -0.04450055002)
(0.0001615711945 1.96776883e-12 -0.04450132225)
(0.000192937534 1.967780106e-12 -0.04450203395)
(0.000220430422 1.967789647e-12 -0.04450265776)
(0.0002429930503 1.967797453e-12 -0.04450316971)
(0.0002597586547 1.967803091e-12 -0.04450355012)
(0.0002700827183 1.967806777e-12 -0.04450378437)
(0.0002735688247 1.967808008e-12 -0.04450386347)
(0.0002700827183 1.967806777e-12 -0.04450378437)
(0.0002597586547 1.967803091e-12 -0.04450355012)
(0.0002429930503 1.967797453e-12 -0.04450316971)
(0.000220430422 1.967789647e-12 -0.04450265776)
(0.000192937534 1.967780106e-12 -0.04450203395)
(0.0001615711945 1.96776883e-12 -0.04450132225)
(0.0001275370266 1.967757554e-12 -0.04450055002)
(9.21425243e-05 1.967745411e-12 -0.04449974692)
(5.6748022e-05 1.967733268e-12 -0.04449894382)
(2.271385411e-05 1.967721125e-12 -0.04449817158)
(-8.652485394e-06 1.967709849e-12 -0.04449745988)
(-3.614537338e-05 1.967700308e-12 -0.04449683607)
(-5.870800166e-05 1.967692502e-12 -0.04449632413)
(-7.547360607e-05 1.967686864e-12 -0.04449594372)
(-8.579766969e-05 1.967683395e-12 -0.04449570946)
(-0.0001203556253 2.285782748e-12 -0.04650430621)
(-0.000116870826 2.285783975e-12 -0.04650438525)
(-0.0001065506333 2.285787662e-12 -0.04650461932)
(-8.979131507e-05 2.285793516e-12 -0.04650499945)
(-6.723714649e-05 2.285801323e-12 -0.04650551101)
(-3.975456677e-05 2.285810864e-12 -0.04650613435)
(-8.399987858e-06 2.285822139e-12 -0.04650684552)
(2.562141916e-05 2.285833849e-12 -0.04650761717)
(6.100265052e-05 2.285845992e-12 -0.04650841967)
(9.638388189e-05 2.285858135e-12 -0.04650922217)
(0.0001304052889 2.285870711e-12 -0.04650999382)
(0.0001617598678 2.285881987e-12 -0.04651070499)
(0.0001892424475 2.285891528e-12 -0.04651132833)
(0.0002117966161 2.285899334e-12 -0.04651183989)
(0.0002285559343 2.285905189e-12 -0.04651222002)
(0.000238876127 2.285908875e-12 -0.0465124541)
(0.0002423609263 2.285910143e-12 -0.04651253314)
(0.000238876127 2.285908875e-12 -0.0465124541)
(0.0002285559343 2.285905189e-12 -0.04651222002)
(0.0002117966161 2.285899334e-12 -0.04651183989)
(0.0001892424475 2.285891528e-12 -0.04651132833)
(0.0001617598677 2.285881987e-12 -0.04651070499)
(0.0001304052888 2.285870711e-12 -0.04650999382)
(9.638388183e-05 2.285858135e-12 -0.04650922217)
(6.100265046e-05 2.285845992e-12 -0.04650841967)
(2.56214191e-05 2.285833849e-12 -0.04650761717)
(-8.399987913e-06 2.285822139e-12 -0.04650684552)
(-3.975456682e-05 2.285810864e-12 -0.04650613435)
(-6.723714653e-05 2.285801323e-12 -0.04650551101)
(-8.97913151e-05 2.285793516e-12 -0.04650499945)
(-0.0001065506334 2.285787662e-12 -0.04650461932)
(-0.000116870826 2.285783975e-12 -0.04650438525)
(-0.0001512590094 2.632660929e-12 -0.04851121283)
(-0.0001477774611 2.6326621e-12 -0.04851129172)
(-0.0001374668963 2.632665787e-12 -0.04851152536)
(-0.0001207232131 2.632671858e-12 -0.04851190478)
(-9.81900857e-05 2.632679665e-12 -0.04851241538)
(-7.073314495e-05 2.632689639e-12 -0.04851303756)
(-3.940781726e-05 2.632700481e-12 -0.0485137474)
(-5.418149401e-06 2.632712624e-12 -0.04851451762)
(2.993007421e-05 2.632724767e-12 -0.04851531862)
(6.527829782e-05 2.63273691e-12 -0.04851611962)
(9.926796568e-05 2.632749921e-12 -0.04851688983)
(0.0001305932934 2.632760763e-12 -0.04851759967)
(0.0001580502341 2.632770738e-12 -0.04851822185)
(0.0001805833615 2.632778544e-12 -0.04851873246)
(0.0001973270447 2.632784615e-12 -0.04851911187)
(0.0002076376095 2.632788085e-12 -0.04851934551)
(0.0002111191577 2.632789366e-12 -0.04851942441)
(0.0002076376095 2.632788085e-12 -0.04851934551)
(0.0001973270447 2.632784615e-12 -0.04851911187)
(0.0001805833615 2.632778544e-12 -0.04851873246)
(0.0001580502341 2.632770738e-12 -0.04851822185)
(0.0001305932933 2.632760763e-12 -0.04851759967)
(9.926796562e-05 2.632749921e-12 -0.04851688983)
(6.527829775e-05 2.63273691e-12 -0.04851611962)
(2.993007414e-05 2.632724767e-12 -0.04851531862)
(-5.418149465e-06 2.632712624e-12 -0.04851451762)
(-3.940781732e-05 2.632700481e-12 -0.0485137474)
(-7.0733145e-05 2.632689639e-12 -0.04851303756)
(-9.819008575e-05 2.632679665e-12 -0.04851241538)
(-0.0001207232132 2.632671858e-12 -0.04851190478)
(-0.0001374668964 2.632665787e-12 -0.04851152536)
(-0.0001477774612 2.6326621e-12 -0.04851129172)
(-0.0001822072061 2.996072397e-12 -0.0505172381)
(-0.0001787270166 2.99607355e-12 -0.05051731693)
(-0.0001684204756 2.996077128e-12 -0.05051755039)
(-0.0001516833269 2.996082549e-12 -0.05051792951)
(-0.0001291589933 2.996090355e-12 -0.05051843971)
(-0.000101712768 2.996099462e-12 -0.05051906141)
(-7.039966548e-05 2.996110304e-12 -0.0505197707)
(-3.642326256e-05 2.99612158e-12 -0.05052054031)
(-1.088834081e-06 2.996133723e-12 -0.05052134068)
(3.424559439e-05 2.996145866e-12 -0.05052214106)
(6.822199731e-05 2.996157142e-12 -0.05052291067)
(9.953509985e-05 2.996167984e-12 -0.05052361995)
(0.0001269813251 2.996177091e-12 -0.05052424165)
(0.0001495056587 2.996184897e-12 -0.05052475186)
(0.0001662428074 2.996190318e-12 -0.05052513098)
(0.0001765493484 2.996193896e-12 -0.05052536443)
(0.0001800295379 2.99619511e-12 -0.05052544327)
(0.0001765493484 2.996193896e-12 -0.05052536443)
(0.0001662428074 2.996190318e-12 -0.05052513098)
(0.0001495056586 2.996184897e-12 -0.05052475186)
(0.0001269813251 2.996177091e-12 -0.05052424165)
(9.953509979e-05 2.996167984e-12 -0.05052361995)
(6.822199725e-05 2.996157142e-12 -0.05052291067)
(3.424559433e-05 2.996145866e-12 -0.05052214106)
(-1.088834148e-06 2.996133723e-12 -0.05052134068)
(-3.642326262e-05 2.99612158e-12 -0.05052054031)
(-7.039966554e-05 2.996110304e-12 -0.0505197707)
(-0.0001017127681 2.996099462e-12 -0.05051906141)
(-0.0001291589934 2.996090355e-12 -0.05051843971)
(-0.0001516833269 2.996082549e-12 -0.05051792951)
(-0.0001684204757 2.996077128e-12 -0.05051755039)
(-0.0001787270166 2.99607355e-12 -0.05051731693)
)
;

boundaryField
{
    left
    {
        type            calculated;
    }
    right
    {
        type            calculated;
    }
    beam
    {
        type            empty;
    }
}


// ************************************************************************* //
