/*--------------------------------*- C++ -*----------------------------------*\
| =========                 |                                                 |
| \\      /  F ield         | OpenFOAM: The Open Source CFD Toolbox           |
|  \\    /   O peration     | Version:  2312                                  |
|   \\  /    A nd           | Website:  www.openfoam.com                      |
|    \\/     M anipulation  |                                                 |
\*---------------------------------------------------------------------------*/
FoamFile
{
    version     2.0;
    format      ascii;
    arch        "LSB;label=32;scalar=64";
    class       pointVectorField;
    location    "0.07/beam";
    object      pointW;
}
// * * * * * * * * * * * * * * * * * * * * * * * * * * * * * * * * * * * * * //

dimensions      [0 1 0 0 0 0 0];

internalField   nonuniform List<vector> 
1952
(
(-3.442874454e-07 2.147127397e-17 1.115044689e-11)
(-3.376719621e-07 2.103352215e-17 1.093618685e-11)
(-3.18080285e-07 1.973247954e-17 1.030166664e-11)
(-2.862646822e-07 1.778091563e-17 9.27125e-12)
(-2.434482348e-07 1.517883041e-17 7.88454935e-12)
(-1.91275776e-07 1.214306433e-17 6.194835877e-12)
(-1.317527803e-07 8.239936511e-18 4.267061097e-12)
(-6.71671238e-08 4.33680869e-18 2.175322422e-12)
(-9.443315516e-18 0 -2.147046127e-17)
(6.716712378e-08 -4.33680869e-18 -2.175364489e-12)
(1.317527803e-07 -8.239936511e-18 -4.267100779e-12)
(1.91275776e-07 -1.214306433e-17 -6.194871439e-12)
(2.434482348e-07 -1.517883041e-17 -7.884579708e-12)
(2.862646822e-07 -1.778091563e-17 -9.271273853e-12)
(3.18080285e-07 -1.973247954e-17 -1.030168312e-11)
(3.376719621e-07 -2.103352215e-17 -1.093619553e-11)
(3.442874454e-07 -2.147127397e-17 -1.115044689e-11)
(3.376719621e-07 -2.103352215e-17 -1.093618685e-11)
(3.18080285e-07 -1.973247954e-17 -1.030166664e-11)
(2.862646822e-07 -1.778091563e-17 -9.27125e-12)
(2.434482348e-07 -1.517883041e-17 -7.88454935e-12)
(1.91275776e-07 -1.214306433e-17 -6.194835877e-12)
(1.317527803e-07 -8.239936511e-18 -4.267061097e-12)
(6.71671238e-08 -4.33680869e-18 -2.175322422e-12)
(9.443348175e-18 0 2.147046127e-17)
(-6.716712378e-08 4.33680869e-18 2.175364489e-12)
(-1.317527803e-07 8.239936511e-18 4.267100779e-12)
(-1.91275776e-07 1.214306433e-17 6.194871439e-12)
(-2.434482348e-07 1.517883041e-17 7.884579708e-12)
(-2.862646822e-07 1.778091563e-17 9.271273853e-12)
(-3.18080285e-07 1.973247954e-17 1.030168312e-11)
(-3.376719621e-07 2.103352215e-17 1.093619553e-11)
(3.934859041e-06 9.159170088e-16 -3.825838523e-06)
(3.941525801e-06 9.153918942e-16 -3.825838746e-06)
(3.961269334e-06 9.141992718e-16 -3.825839404e-06)
(3.993331541e-06 9.120308675e-16 -3.825840474e-06)
(4.03647986e-06 9.094287823e-16 -3.825841913e-06)
(4.08905671e-06 9.063930162e-16 -3.825843667e-06)
(4.149041071e-06 9.024898884e-16 -3.825845668e-06)
(4.214127334e-06 8.985867606e-16 -3.82584784e-06)
(4.281815073e-06 8.942499519e-16 -3.825850098e-06)
(4.349502812e-06 8.899131432e-16 -3.825852356e-06)
(4.414589075e-06 8.860100154e-16 -3.825854527e-06)
(4.474573436e-06 8.821068875e-16 -3.825856528e-06)
(4.527150285e-06 8.790711215e-16 -3.825858282e-06)
(4.570298605e-06 8.764690362e-16 -3.825859722e-06)
(4.602360812e-06 8.747343128e-16 -3.825860791e-06)
(4.622104345e-06 8.733248499e-16 -3.82586145e-06)
(4.628771105e-06 8.729742503e-16 -3.825861672e-06)
(4.622104345e-06 8.733248499e-16 -3.82586145e-06)
(4.602360812e-06 8.747343128e-16 -3.825860791e-06)
(4.570298605e-06 8.764690362e-16 -3.825859722e-06)
(4.527150285e-06 8.790711215e-16 -3.825858282e-06)
(4.474573436e-06 8.821068875e-16 -3.825856528e-06)
(4.414589075e-06 8.860100154e-16 -3.825854527e-06)
(4.349502812e-06 8.899131432e-16 -3.825852356e-06)
(4.281815073e-06 8.942499519e-16 -3.825850098e-06)
(4.214127334e-06 8.985867606e-16 -3.82584784e-06)
(4.149041071e-06 9.024898884e-16 -3.825845668e-06)
(4.08905671e-06 9.063930162e-16 -3.825843667e-06)
(4.03647986e-06 9.094287823e-16 -3.825841913e-06)
(3.993331541e-06 9.120308675e-16 -3.825840474e-06)
(3.961269334e-06 9.141992718e-16 -3.825839404e-06)
(3.941525801e-06 9.153918942e-16 -3.825838746e-06)
(8.208963438e-06 8.062168182e-16 -7.708967825e-06)
(8.215777723e-06 8.057790546e-16 -7.708968065e-06)
(8.235958151e-06 8.04478012e-16 -7.708968777e-06)
(8.268729847e-06 8.027432885e-16 -7.708969933e-06)
(8.312832975e-06 8.001412033e-16 -7.708971489e-06)
(8.366573272e-06 7.971054372e-16 -7.708973385e-06)
(8.427884997e-06 7.932023094e-16 -7.708975548e-06)
(8.494411522e-06 7.884318198e-16 -7.708977894e-06)
(8.56359709e-06 7.840950111e-16 -7.708980335e-06)
(8.632782657e-06 7.797582025e-16 -7.708982776e-06)
(8.699309182e-06 7.767224364e-16 -7.708985123e-06)
(8.760620907e-06 7.728193085e-16 -7.708987285e-06)
(8.814361204e-06 7.697835425e-16 -7.708989181e-06)
(8.858464332e-06 7.671814573e-16 -7.708990737e-06)
(8.891236028e-06 7.650130529e-16 -7.708991893e-06)
(8.911416456e-06 7.637120103e-16 -7.708992605e-06)
(8.918230741e-06 7.632737517e-16 -7.708992845e-06)
(8.911416456e-06 7.637120103e-16 -7.708992605e-06)
(8.891236028e-06 7.650130529e-16 -7.708991893e-06)
(8.858464332e-06 7.671814573e-16 -7.708990737e-06)
(8.814361204e-06 7.697835425e-16 -7.708989181e-06)
(8.760620907e-06 7.728193085e-16 -7.708987285e-06)
(8.699309182e-06 7.767224364e-16 -7.708985123e-06)
(8.632782657e-06 7.797582025e-16 -7.708982776e-06)
(8.56359709e-06 7.840950111e-16 -7.708980335e-06)
(8.494411522e-06 7.884318198e-16 -7.708977894e-06)
(8.427884997e-06 7.932023094e-16 -7.708975548e-06)
(8.366573272e-06 7.971054372e-16 -7.708973385e-06)
(8.312832975e-06 8.001412033e-16 -7.708971489e-06)
(8.268729847e-06 8.027432885e-16 -7.708969933e-06)
(8.235958151e-06 8.04478012e-16 -7.708968777e-06)
(8.215777723e-06 8.057790546e-16 -7.708968065e-06)
(1.247897136e-05 6.884120615e-16 -1.169941278e-05)
(1.248601058e-05 6.879262784e-16 -1.169941304e-05)
(1.250685714e-05 6.867336561e-16 -1.169941383e-05)
(1.254071058e-05 6.847820921e-16 -1.16994151e-05)
(1.25862695e-05 6.821800069e-16 -1.169941681e-05)
(1.264178369e-05 6.791442408e-16 -1.16994189e-05)
(1.270511923e-05 6.75241113e-16 -1.169942128e-05)
(1.277384171e-05 6.713379852e-16 -1.169942386e-05)
(1.2845311e-05 6.670011765e-16 -1.169942655e-05)
(1.291678029e-05 6.626643678e-16 -1.169942924e-05)
(1.298550276e-05 6.5876124e-16 -1.169943182e-05)
(1.304883831e-05 6.548581122e-16 -1.16994342e-05)
(1.31043525e-05 6.518223461e-16 -1.169943629e-05)
(1.314991141e-05 6.492202609e-16 -1.1699438e-05)
(1.318376486e-05 6.47268697e-16 -1.169943928e-05)
(1.320461142e-05 6.458592341e-16 -1.169944006e-05)
(1.321165063e-05 6.454687515e-16 -1.169944033e-05)
(1.320461142e-05 6.458592341e-16 -1.169944006e-05)
(1.318376486e-05 6.47268697e-16 -1.169943928e-05)
(1.314991141e-05 6.492202609e-16 -1.1699438e-05)
(1.31043525e-05 6.518223461e-16 -1.169943629e-05)
(1.304883831e-05 6.548581122e-16 -1.16994342e-05)
(1.298550276e-05 6.5876124e-16 -1.169943182e-05)
(1.291678029e-05 6.626643678e-16 -1.169942924e-05)
(1.2845311e-05 6.670011765e-16 -1.169942655e-05)
(1.277384171e-05 6.713379852e-16 -1.169942386e-05)
(1.270511923e-05 6.75241113e-16 -1.169942128e-05)
(1.264178369e-05 6.791442408e-16 -1.16994189e-05)
(1.25862695e-05 6.821800069e-16 -1.169941681e-05)
(1.254071058e-05 6.847820921e-16 -1.16994151e-05)
(1.250685714e-05 6.867336561e-16 -1.169941382e-05)
(1.248601058e-05 6.879262784e-16 -1.169941304e-05)
(1.674647225e-05 5.589393938e-16 -1.583279358e-05)
(1.67537826e-05 5.58472539e-16 -1.583279387e-05)
(1.677543212e-05 5.572799167e-16 -1.583279474e-05)
(1.681058952e-05 5.555451932e-16 -1.583279616e-05)
(1.685790326e-05 5.52943108e-16 -1.583279806e-05)
(1.691555573e-05 5.499073419e-16 -1.583280038e-05)
(1.698133082e-05 5.460042141e-16 -1.583280303e-05)
(1.705270033e-05 5.412337245e-16 -1.583280591e-05)
(1.712692245e-05 5.368969158e-16 -1.58328089e-05)
(1.720114458e-05 5.325601071e-16 -1.583281188e-05)
(1.727251409e-05 5.29524341e-16 -1.583281476e-05)
(1.733828917e-05 5.256212132e-16 -1.583281741e-05)
(1.739594164e-05 5.225854471e-16 -1.583281973e-05)
(1.744325538e-05 5.199833619e-16 -1.583282163e-05)
(1.747841278e-05 5.178149576e-16 -1.583282305e-05)
(1.75000623e-05 5.164054948e-16 -1.583282392e-05)
(1.750737265e-05 5.159957493e-16 -1.583282421e-05)
(1.75000623e-05 5.164054948e-16 -1.583282392e-05)
(1.747841278e-05 5.178149576e-16 -1.583282305e-05)
(1.744325538e-05 5.199833619e-16 -1.583282163e-05)
(1.739594164e-05 5.225854471e-16 -1.583281973e-05)
(1.733828917e-05 5.256212132e-16 -1.583281741e-05)
(1.727251409e-05 5.29524341e-16 -1.583281476e-05)
(1.720114458e-05 5.325601071e-16 -1.583281188e-05)
(1.712692245e-05 5.368969158e-16 -1.58328089e-05)
(1.705270033e-05 5.412337245e-16 -1.583280591e-05)
(1.698133082e-05 5.460042141e-16 -1.583280303e-05)
(1.691555573e-05 5.499073419e-16 -1.583280038e-05)
(1.685790326e-05 5.52943108e-16 -1.583279806e-05)
(1.681058952e-05 5.555451932e-16 -1.583279616e-05)
(1.677543212e-05 5.572799167e-16 -1.583279474e-05)
(1.67537826e-05 5.58472539e-16 -1.583279387e-05)
(2.101368222e-05 4.148427602e-16 -2.012329705e-05)
(2.10212667e-05 4.143820703e-16 -2.012329738e-05)
(2.104372806e-05 4.130810277e-16 -2.012329834e-05)
(2.108020384e-05 4.111294638e-16 -2.01232999e-05)
(2.112929181e-05 4.085273786e-16 -2.0123302e-05)
(2.11891062e-05 4.054916125e-16 -2.012330456e-05)
(2.12573478e-05 4.015884847e-16 -2.012330749e-05)
(2.133139361e-05 3.981190377e-16 -2.012331066e-05)
(2.140839901e-05 3.93782229e-16 -2.012331396e-05)
(2.148540441e-05 3.894454204e-16 -2.012331725e-05)
(2.155945022e-05 3.851086117e-16 -2.012332043e-05)
(2.162769182e-05 3.812054838e-16 -2.012332335e-05)
(2.168750622e-05 3.781697178e-16 -2.012332591e-05)
(2.173659418e-05 3.755676325e-16 -2.012332801e-05)
(2.177306996e-05 3.736160686e-16 -2.012332957e-05)
(2.179553132e-05 3.72315026e-16 -2.012333054e-05)
(2.18031158e-05 3.718987799e-16 -2.012333086e-05)
(2.179553132e-05 3.72315026e-16 -2.012333054e-05)
(2.177306996e-05 3.736160686e-16 -2.012332957e-05)
(2.173659418e-05 3.755676325e-16 -2.012332801e-05)
(2.168750622e-05 3.781697178e-16 -2.012332591e-05)
(2.162769182e-05 3.812054838e-16 -2.012332335e-05)
(2.155945022e-05 3.851086117e-16 -2.012332043e-05)
(2.148540441e-05 3.894454204e-16 -2.012331725e-05)
(2.140839901e-05 3.93782229e-16 -2.012331396e-05)
(2.133139361e-05 3.981190377e-16 -2.012331066e-05)
(2.12573478e-05 4.015884847e-16 -2.012330749e-05)
(2.11891062e-05 4.054916125e-16 -2.012330456e-05)
(2.112929181e-05 4.085273786e-16 -2.0123302e-05)
(2.108020384e-05 4.111294638e-16 -2.01232999e-05)
(2.104372806e-05 4.130810277e-16 -2.012329834e-05)
(2.10212667e-05 4.143820703e-16 -2.012329738e-05)
(2.528341565e-05 2.539941728e-16 -2.455692106e-05)
(2.529122261e-05 2.535948881e-16 -2.455692141e-05)
(2.531434284e-05 2.521854253e-16 -2.455692245e-05)
(2.535188857e-05 2.502338614e-16 -2.455692414e-05)
(2.540241646e-05 2.476317762e-16 -2.455692641e-05)
(2.546398541e-05 2.445960101e-16 -2.455692918e-05)
(2.553422876e-05 2.406928823e-16 -2.455693234e-05)
(2.561044659e-05 2.367897545e-16 -2.455693576e-05)
(2.568971081e-05 2.324529458e-16 -2.455693933e-05)
(2.576897504e-05 2.281161371e-16 -2.455694289e-05)
(2.584519286e-05 2.242130093e-16 -2.455694632e-05)
(2.591543622e-05 2.203098814e-16 -2.455694948e-05)
(2.597700517e-05 2.172741154e-16 -2.455695225e-05)
(2.602753305e-05 2.146720302e-16 -2.455695452e-05)
(2.606507879e-05 2.127204662e-16 -2.455695621e-05)
(2.608819902e-05 2.115278439e-16 -2.455695725e-05)
(2.609600598e-05 2.110497147e-16 -2.45569576e-05)
(2.608819902e-05 2.115278439e-16 -2.455695725e-05)
(2.606507879e-05 2.127204662e-16 -2.455695621e-05)
(2.602753305e-05 2.146720302e-16 -2.455695452e-05)
(2.597700517e-05 2.172741154e-16 -2.455695225e-05)
(2.591543622e-05 2.203098814e-16 -2.455694948e-05)
(2.584519286e-05 2.242130093e-16 -2.455694632e-05)
(2.576897504e-05 2.281161371e-16 -2.455694289e-05)
(2.568971081e-05 2.324529458e-16 -2.455693933e-05)
(2.561044659e-05 2.367897545e-16 -2.455693576e-05)
(2.553422876e-05 2.406928823e-16 -2.455693234e-05)
(2.546398541e-05 2.445960101e-16 -2.455692918e-05)
(2.540241646e-05 2.476317762e-16 -2.455692641e-05)
(2.535188857e-05 2.502338614e-16 -2.455692414e-05)
(2.531434284e-05 2.521854253e-16 -2.455692245e-05)
(2.529122261e-05 2.535948881e-16 -2.455692141e-05)
(2.955904553e-05 7.532951948e-17 -2.908510595e-05)
(2.9566958e-05 7.48099499e-17 -2.908510631e-05)
(2.959039069e-05 7.372574773e-17 -2.908510739e-05)
(2.962844385e-05 7.155734338e-17 -2.908510915e-05)
(2.967965461e-05 6.895525817e-17 -2.908511152e-05)
(2.974205566e-05 6.591949209e-17 -2.90851144e-05)
(2.981324834e-05 6.201636427e-17 -2.908511769e-05)
(2.989049624e-05 5.811323645e-17 -2.908512126e-05)
(2.997083171e-05 5.377642776e-17 -2.908512497e-05)
(3.005116717e-05 4.943961907e-17 -2.908512868e-05)
(3.012841507e-05 4.553649124e-17 -2.908513225e-05)
(3.019960775e-05 4.163336342e-17 -2.908513554e-05)
(3.02620088e-05 3.859759734e-17 -2.908513842e-05)
(3.031321956e-05 3.599551213e-17 -2.908514078e-05)
(3.035127272e-05 3.426078865e-17 -2.908514254e-05)
(3.037470541e-05 3.274290561e-17 -2.908514362e-05)
(3.038261788e-05 3.238463232e-17 -2.908514399e-05)
(3.037470541e-05 3.274290561e-17 -2.908514362e-05)
(3.035127272e-05 3.426078865e-17 -2.908514254e-05)
(3.031321956e-05 3.599551213e-17 -2.908514078e-05)
(3.02620088e-05 3.859759734e-17 -2.908513842e-05)
(3.019960775e-05 4.163336342e-17 -2.908513554e-05)
(3.012841507e-05 4.553649124e-17 -2.908513225e-05)
(3.005116717e-05 4.943961907e-17 -2.908512868e-05)
(2.997083171e-05 5.377642776e-17 -2.908512497e-05)
(2.989049624e-05 5.811323645e-17 -2.908512126e-05)
(2.981324834e-05 6.201636427e-17 -2.908511769e-05)
(2.974205566e-05 6.591949209e-17 -2.90851144e-05)
(2.967965461e-05 6.895525817e-17 -2.908511152e-05)
(2.962844385e-05 7.155734338e-17 -2.908510915e-05)
(2.959039069e-05 7.372574773e-17 -2.908510739e-05)
(2.9566958e-05 7.48099499e-17 -2.908510631e-05)
(3.384444864e-05 -1.209130407e-16 -3.361889842e-05)
(3.385227474e-05 -1.213222231e-16 -3.361889878e-05)
(3.387545165e-05 -1.225148455e-16 -3.361889985e-05)
(3.391308943e-05 -1.244664094e-16 -3.361890158e-05)
(3.396374119e-05 -1.270684946e-16 -3.361890391e-05)
(3.402546109e-05 -1.301042607e-16 -3.361890675e-05)
(3.409587666e-05 -1.340073885e-16 -3.361890999e-05)
(3.417228134e-05 -1.379105163e-16 -3.361891351e-05)
(3.42517399e-05 -1.42247325e-16 -3.361891717e-05)
(3.433119845e-05 -1.465841337e-16 -3.361892083e-05)
(3.440760314e-05 -1.504872615e-16 -3.361892434e-05)
(3.44780187e-05 -1.543903894e-16 -3.361892758e-05)
(3.45397386e-05 -1.574261554e-16 -3.361893043e-05)
(3.459039036e-05 -1.600282407e-16 -3.361893276e-05)
(3.462802815e-05 -1.619798046e-16 -3.361893449e-05)
(3.465120506e-05 -1.633892674e-16 -3.361893556e-05)
(3.465903116e-05 -1.638584235e-16 -3.361893592e-05)
(3.465120506e-05 -1.633892674e-16 -3.361893556e-05)
(3.462802815e-05 -1.619798046e-16 -3.361893449e-05)
(3.459039036e-05 -1.600282407e-16 -3.361893276e-05)
(3.45397386e-05 -1.574261554e-16 -3.361893043e-05)
(3.44780187e-05 -1.543903894e-16 -3.361892758e-05)
(3.440760314e-05 -1.504872615e-16 -3.361892434e-05)
(3.433119845e-05 -1.465841337e-16 -3.361892083e-05)
(3.42517399e-05 -1.42247325e-16 -3.361891717e-05)
(3.417228134e-05 -1.379105163e-16 -3.361891351e-05)
(3.409587666e-05 -1.340073885e-16 -3.361890999e-05)
(3.402546109e-05 -1.301042607e-16 -3.361890675e-05)
(3.396374119e-05 -1.270684946e-16 -3.361890391e-05)
(3.391308943e-05 -1.244664094e-16 -3.361890158e-05)
(3.387545165e-05 -1.225148455e-16 -3.361889985e-05)
(3.385227474e-05 -1.213222231e-16 -3.361889878e-05)
(3.814392747e-05 -3.329277018e-16 -3.802385533e-05)
(3.815139232e-05 -3.332837478e-16 -3.802385566e-05)
(3.817349938e-05 -3.348016309e-16 -3.802385663e-05)
(3.820939979e-05 -3.365363543e-16 -3.802385821e-05)
(3.825771346e-05 -3.391384396e-16 -3.802386033e-05)
(3.831658436e-05 -3.421742056e-16 -3.802386291e-05)
(3.838374953e-05 -3.460773335e-16 -3.802386586e-05)
(3.845662736e-05 -3.495467804e-16 -3.802386906e-05)
(3.85324181e-05 -3.538835891e-16 -3.802387239e-05)
(3.860820883e-05 -3.582203978e-16 -3.802387571e-05)
(3.868108666e-05 -3.625572065e-16 -3.802387891e-05)
(3.874825183e-05 -3.664603343e-16 -3.802388186e-05)
(3.880712273e-05 -3.694961004e-16 -3.802388445e-05)
(3.88554364e-05 -3.720981856e-16 -3.802388657e-05)
(3.889133682e-05 -3.742665899e-16 -3.802388814e-05)
(3.891344387e-05 -3.753507921e-16 -3.802388911e-05)
(3.892090872e-05 -3.758734305e-16 -3.802388944e-05)
(3.891344387e-05 -3.753507921e-16 -3.802388911e-05)
(3.889133682e-05 -3.742665899e-16 -3.802388814e-05)
(3.88554364e-05 -3.720981856e-16 -3.802388657e-05)
(3.880712273e-05 -3.694961004e-16 -3.802388445e-05)
(3.874825183e-05 -3.664603343e-16 -3.802388186e-05)
(3.868108666e-05 -3.625572065e-16 -3.802387891e-05)
(3.860820883e-05 -3.582203978e-16 -3.802387571e-05)
(3.85324181e-05 -3.538835891e-16 -3.802387239e-05)
(3.845662736e-05 -3.495467804e-16 -3.802386906e-05)
(3.838374953e-05 -3.460773335e-16 -3.802386586e-05)
(3.831658436e-05 -3.421742056e-16 -3.802386291e-05)
(3.825771346e-05 -3.391384396e-16 -3.802386033e-05)
(3.820939979e-05 -3.365363543e-16 -3.802385821e-05)
(3.817349938e-05 -3.348016309e-16 -3.802385663e-05)
(3.815139232e-05 -3.332837478e-16 -3.802385566e-05)
(4.246211061e-05 -5.570857528e-16 -4.211592471e-05)
(4.246885011e-05 -5.576051773e-16 -4.211592498e-05)
(4.248880907e-05 -5.587977997e-16 -4.211592576e-05)
(4.25212211e-05 -5.607493636e-16 -4.211592703e-05)
(4.256484021e-05 -5.633514488e-16 -4.211592874e-05)
(4.261799072e-05 -5.663872149e-16 -4.211593082e-05)
(4.267862957e-05 -5.702903427e-16 -4.211593319e-05)
(4.274442599e-05 -5.741934705e-16 -4.211593577e-05)
(4.281285226e-05 -5.785302792e-16 -4.211593845e-05)
(4.288127854e-05 -5.828670879e-16 -4.211594113e-05)
(4.294707495e-05 -5.867702157e-16 -4.21159437e-05)
(4.30077138e-05 -5.906733436e-16 -4.211594608e-05)
(4.306086431e-05 -5.937091097e-16 -4.211594816e-05)
(4.310448342e-05 -5.963111949e-16 -4.211594987e-05)
(4.313689546e-05 -5.982627588e-16 -4.211595114e-05)
(4.315685441e-05 -5.996722216e-16 -4.211595192e-05)
(4.316359391e-05 -6.000317754e-16 -4.211595218e-05)
(4.315685441e-05 -5.996722216e-16 -4.211595192e-05)
(4.313689546e-05 -5.982627588e-16 -4.211595114e-05)
(4.310448342e-05 -5.963111949e-16 -4.211594987e-05)
(4.306086431e-05 -5.937091097e-16 -4.211594816e-05)
(4.30077138e-05 -5.906733436e-16 -4.211594608e-05)
(4.294707495e-05 -5.867702157e-16 -4.21159437e-05)
(4.288127854e-05 -5.828670879e-16 -4.211594113e-05)
(4.281285226e-05 -5.785302792e-16 -4.211593845e-05)
(4.274442599e-05 -5.741934705e-16 -4.211593577e-05)
(4.267862957e-05 -5.702903427e-16 -4.211593319e-05)
(4.261799072e-05 -5.663872149e-16 -4.211593082e-05)
(4.256484021e-05 -5.633514488e-16 -4.211592874e-05)
(4.25212211e-05 -5.607493636e-16 -4.211592703e-05)
(4.248880907e-05 -5.587977997e-16 -4.211592576e-05)
(4.246885011e-05 -5.576051773e-16 -4.211592498e-05)
(4.680382555e-05 -7.876700061e-16 -4.56585578e-05)
(4.680938258e-05 -7.881065592e-16 -4.565855798e-05)
(4.682583968e-05 -7.89516022e-16 -4.565855849e-05)
(4.685256492e-05 -7.914675859e-16 -4.565855932e-05)
(4.688853092e-05 -7.940696711e-16 -4.565856043e-05)
(4.693235601e-05 -7.971054372e-16 -4.565856179e-05)
(4.698235558e-05 -8.01008565e-16 -4.565856334e-05)
(4.703660781e-05 -8.049116929e-16 -4.565856503e-05)
(4.709302848e-05 -8.092485015e-16 -4.565856678e-05)
(4.714944915e-05 -8.135853102e-16 -4.565856853e-05)
(4.720370138e-05 -8.174884381e-16 -4.565857021e-05)
(4.725370095e-05 -8.213915659e-16 -4.565857176e-05)
(4.729752604e-05 -8.24427332e-16 -4.565857312e-05)
(4.733349204e-05 -8.270294172e-16 -4.565857424e-05)
(4.736021728e-05 -8.289809811e-16 -4.565857506e-05)
(4.737667437e-05 -8.301736035e-16 -4.565857558e-05)
(4.73822314e-05 -8.306161329e-16 -4.565857575e-05)
(4.737667437e-05 -8.301736035e-16 -4.565857558e-05)
(4.736021728e-05 -8.289809811e-16 -4.565857506e-05)
(4.733349204e-05 -8.270294172e-16 -4.565857424e-05)
(4.729752604e-05 -8.24427332e-16 -4.565857312e-05)
(4.725370095e-05 -8.213915659e-16 -4.565857176e-05)
(4.720370138e-05 -8.174884381e-16 -4.565857021e-05)
(4.714944915e-05 -8.135853102e-16 -4.565856853e-05)
(4.709302848e-05 -8.092485015e-16 -4.565856678e-05)
(4.703660781e-05 -8.049116929e-16 -4.565856503e-05)
(4.698235558e-05 -8.01008565e-16 -4.565856334e-05)
(4.693235601e-05 -7.971054372e-16 -4.565856179e-05)
(4.688853092e-05 -7.940696711e-16 -4.565856043e-05)
(4.685256492e-05 -7.914675859e-16 -4.565855932e-05)
(4.682583968e-05 -7.89516022e-16 -4.565855849e-05)
(4.680938258e-05 -7.881065592e-16 -4.565855798e-05)
(5.117393715e-05 -1.016614251e-15 -4.836136902e-05)
(5.117776074e-05 -1.016981638e-15 -4.836136909e-05)
(5.118908426e-05 -1.018499521e-15 -4.83613693e-05)
(5.120747292e-05 -1.020017404e-15 -4.836136963e-05)
(5.12322198e-05 -1.022619489e-15 -4.836137008e-05)
(5.126237423e-05 -1.025655255e-15 -4.836137063e-05)
(5.12967771e-05 -1.029558383e-15 -4.836137126e-05)
(5.133410606e-05 -1.033895192e-15 -4.836137194e-05)
(5.137292705e-05 -1.038232e-15 -4.836137264e-05)
(5.141174804e-05 -1.042568809e-15 -4.836137335e-05)
(5.1449077e-05 -1.046038256e-15 -4.836137403e-05)
(5.148347987e-05 -1.049941384e-15 -4.836137465e-05)
(5.15136343e-05 -1.05297715e-15 -4.83613752e-05)
(5.153838118e-05 -1.055579235e-15 -4.836137565e-05)
(5.155676984e-05 -1.05796448e-15 -4.836137598e-05)
(5.156809336e-05 -1.059048682e-15 -4.836137619e-05)
(5.157191695e-05 -1.059560258e-15 -4.836137626e-05)
(5.156809336e-05 -1.059048682e-15 -4.836137619e-05)
(5.155676984e-05 -1.05796448e-15 -4.836137598e-05)
(5.153838118e-05 -1.055579235e-15 -4.836137565e-05)
(5.15136343e-05 -1.05297715e-15 -4.83613752e-05)
(5.148347987e-05 -1.049941384e-15 -4.836137465e-05)
(5.1449077e-05 -1.046038256e-15 -4.836137403e-05)
(5.141174804e-05 -1.042568809e-15 -4.836137335e-05)
(5.137292705e-05 -1.038232e-15 -4.836137264e-05)
(5.133410606e-05 -1.033895192e-15 -4.836137194e-05)
(5.12967771e-05 -1.029558383e-15 -4.836137126e-05)
(5.126237423e-05 -1.025655255e-15 -4.836137063e-05)
(5.12322198e-05 -1.022619489e-15 -4.836137008e-05)
(5.120747292e-05 -1.020017404e-15 -4.836136963e-05)
(5.118908426e-05 -1.018499521e-15 -4.83613693e-05)
(5.117776074e-05 -1.016981638e-15 -4.836136909e-05)
(5.557715599e-05 -1.233294262e-15 -4.988066721e-05)
(5.557860398e-05 -1.233713652e-15 -4.98806672e-05)
(5.558289219e-05 -1.234906274e-15 -4.988066717e-05)
(5.558985596e-05 -1.236857838e-15 -4.988066713e-05)
(5.559922758e-05 -1.239459924e-15 -4.988066707e-05)
(5.561064704e-05 -1.24249569e-15 -4.9880667e-05)
(5.562367538e-05 -1.246398817e-15 -4.988066691e-05)
(5.563781183e-05 -1.250735626e-15 -4.988066682e-05)
(5.565251331e-05 -1.255072435e-15 -4.988066673e-05)
(5.566721479e-05 -1.259409244e-15 -4.988066664e-05)
(5.568135124e-05 -1.262878691e-15 -4.988066655e-05)
(5.569437958e-05 -1.266781818e-15 -4.988066647e-05)
(5.570579904e-05 -1.269817584e-15 -4.988066639e-05)
(5.571517066e-05 -1.27241967e-15 -4.988066633e-05)
(5.572213443e-05 -1.274371234e-15 -4.988066629e-05)
(5.572642264e-05 -1.275780696e-15 -4.988066626e-05)
(5.572787063e-05 -1.276239938e-15 -4.988066625e-05)
(5.572642264e-05 -1.275780696e-15 -4.988066626e-05)
(5.572213443e-05 -1.274371234e-15 -4.988066629e-05)
(5.571517066e-05 -1.27241967e-15 -4.988066633e-05)
(5.570579904e-05 -1.269817584e-15 -4.988066639e-05)
(5.569437958e-05 -1.266781818e-15 -4.988066647e-05)
(5.568135124e-05 -1.262878691e-15 -4.988066655e-05)
(5.566721479e-05 -1.259409244e-15 -4.988066664e-05)
(5.565251331e-05 -1.255072435e-15 -4.988066673e-05)
(5.563781183e-05 -1.250735626e-15 -4.988066682e-05)
(5.562367538e-05 -1.246398817e-15 -4.988066691e-05)
(5.561064704e-05 -1.24249569e-15 -4.9880667e-05)
(5.559922758e-05 -1.239459924e-15 -4.988066707e-05)
(5.558985596e-05 -1.236857838e-15 -4.988066713e-05)
(5.558289219e-05 -1.234906274e-15 -4.988066717e-05)
(5.557860398e-05 -1.233713652e-15 -4.98806672e-05)
(6.001780569e-05 -1.42435501e-15 -4.982221279e-05)
(6.001615164e-05 -1.424858495e-15 -4.982221279e-05)
(6.00112532e-05 -1.425942697e-15 -4.982221278e-05)
(6.000329845e-05 -1.428111102e-15 -4.982221277e-05)
(5.99925932e-05 -1.430713187e-15 -4.982221275e-05)
(5.99795487e-05 -1.433748953e-15 -4.982221273e-05)
(5.996466637e-05 -1.437652081e-15 -4.982221271e-05)
(5.994851823e-05 -1.441555209e-15 -4.982221269e-05)
(5.993172466e-05 -1.445892017e-15 -4.982221266e-05)
(5.99149311e-05 -1.450228826e-15 -4.982221264e-05)
(5.989878296e-05 -1.454131954e-15 -4.982221262e-05)
(5.988390063e-05 -1.458035082e-15 -4.982221259e-05)
(5.987085613e-05 -1.461070848e-15 -4.982221257e-05)
(5.986015088e-05 -1.463672933e-15 -4.982221256e-05)
(5.985219613e-05 -1.465407656e-15 -4.982221255e-05)
(5.984729769e-05 -1.466925539e-15 -4.982221254e-05)
(5.984564364e-05 -1.467300236e-15 -4.982221254e-05)
(5.984729769e-05 -1.466925539e-15 -4.982221254e-05)
(5.985219613e-05 -1.465407656e-15 -4.982221255e-05)
(5.986015088e-05 -1.463672933e-15 -4.982221256e-05)
(5.987085613e-05 -1.461070848e-15 -4.982221257e-05)
(5.988390063e-05 -1.458035082e-15 -4.982221259e-05)
(5.989878296e-05 -1.454131954e-15 -4.982221262e-05)
(5.99149311e-05 -1.450228826e-15 -4.982221264e-05)
(5.993172466e-05 -1.445892017e-15 -4.982221266e-05)
(5.994851823e-05 -1.441555209e-15 -4.982221269e-05)
(5.996466637e-05 -1.437652081e-15 -4.982221271e-05)
(5.99795487e-05 -1.433748953e-15 -4.982221273e-05)
(5.99925932e-05 -1.430713187e-15 -4.982221275e-05)
(6.000329845e-05 -1.428111102e-15 -4.982221277e-05)
(6.00112532e-05 -1.425942697e-15 -4.982221278e-05)
(6.001615164e-05 -1.424858495e-15 -4.982221279e-05)
(6.44995618e-05 -1.573609742e-15 -4.774654441e-05)
(6.44940066e-05 -1.574044714e-15 -4.774654459e-05)
(6.447755491e-05 -1.575345757e-15 -4.774654514e-05)
(6.445083846e-05 -1.577731001e-15 -4.774654602e-05)
(6.441488429e-05 -1.580333087e-15 -4.77465472e-05)
(6.437107361e-05 -1.583368853e-15 -4.774654864e-05)
(6.432109048e-05 -1.587271981e-15 -4.774655029e-05)
(6.426685609e-05 -1.590741427e-15 -4.774655208e-05)
(6.421045397e-05 -1.595078236e-15 -4.774655393e-05)
(6.415405186e-05 -1.599415045e-15 -4.774655579e-05)
(6.409981747e-05 -1.603751854e-15 -4.774655758e-05)
(6.404983434e-05 -1.607654981e-15 -4.774655923e-05)
(6.400602366e-05 -1.610690747e-15 -4.774656067e-05)
(6.397006949e-05 -1.613292833e-15 -4.774656185e-05)
(6.394335304e-05 -1.614810716e-15 -4.774656273e-05)
(6.392690135e-05 -1.616111758e-15 -4.774656328e-05)
(6.392134615e-05 -1.616554524e-15 -4.774656346e-05)
(6.392690135e-05 -1.616111758e-15 -4.774656328e-05)
(6.394335304e-05 -1.614810716e-15 -4.774656273e-05)
(6.397006949e-05 -1.613292833e-15 -4.774656185e-05)
(6.400602366e-05 -1.610690747e-15 -4.774656067e-05)
(6.404983434e-05 -1.607654981e-15 -4.774655923e-05)
(6.409981747e-05 -1.603751854e-15 -4.774655758e-05)
(6.415405186e-05 -1.599415045e-15 -4.774655579e-05)
(6.421045397e-05 -1.595078236e-15 -4.774655393e-05)
(6.426685609e-05 -1.590741427e-15 -4.774655208e-05)
(6.432109048e-05 -1.587271981e-15 -4.774655029e-05)
(6.437107361e-05 -1.583368853e-15 -4.774654864e-05)
(6.441488429e-05 -1.580333087e-15 -4.77465472e-05)
(6.445083846e-05 -1.577731001e-15 -4.774654602e-05)
(6.447755491e-05 -1.575345757e-15 -4.774654514e-05)
(6.44940066e-05 -1.574044714e-15 -4.774654459e-05)
(6.902515373e-05 -1.662028984e-15 -4.317720082e-05)
(6.901484251e-05 -1.662407191e-15 -4.317720149e-05)
(6.898430593e-05 -1.663816654e-15 -4.31772035e-05)
(6.893471654e-05 -1.665768218e-15 -4.317720675e-05)
(6.886798067e-05 -1.668370303e-15 -4.317721112e-05)
(6.878666205e-05 -1.671406069e-15 -4.317721646e-05)
(6.869388652e-05 -1.675309197e-15 -4.317722254e-05)
(6.859322007e-05 -1.679212325e-15 -4.317722914e-05)
(6.848853002e-05 -1.683549133e-15 -4.317723601e-05)
(6.838383996e-05 -1.687885942e-15 -4.317724287e-05)
(6.828317351e-05 -1.69178907e-15 -4.317724947e-05)
(6.819039798e-05 -1.695692198e-15 -4.317725556e-05)
(6.810907937e-05 -1.698727964e-15 -4.317726089e-05)
(6.80423435e-05 -1.701330049e-15 -4.317726527e-05)
(6.79927541e-05 -1.703281613e-15 -4.317726852e-05)
(6.796221753e-05 -1.704474235e-15 -4.317727052e-05)
(6.79519063e-05 -1.70497384e-15 -4.31772712e-05)
(6.796221753e-05 -1.704474235e-15 -4.317727052e-05)
(6.79927541e-05 -1.703281613e-15 -4.317726852e-05)
(6.80423435e-05 -1.701330049e-15 -4.317726527e-05)
(6.810907937e-05 -1.698727964e-15 -4.317726089e-05)
(6.819039798e-05 -1.695692198e-15 -4.317725556e-05)
(6.828317351e-05 -1.69178907e-15 -4.317724947e-05)
(6.838383996e-05 -1.687885942e-15 -4.317724287e-05)
(6.848853002e-05 -1.683549133e-15 -4.317723601e-05)
(6.859322007e-05 -1.679212325e-15 -4.317722914e-05)
(6.869388652e-05 -1.675309197e-15 -4.317722254e-05)
(6.878666205e-05 -1.671406069e-15 -4.317721646e-05)
(6.886798067e-05 -1.668370303e-15 -4.317721112e-05)
(6.893471654e-05 -1.665768218e-15 -4.317720675e-05)
(6.898430593e-05 -1.663816654e-15 -4.31772035e-05)
(6.901484251e-05 -1.662407191e-15 -4.317720149e-05)
(7.359604583e-05 -1.667865712e-15 -3.561213428e-05)
(7.358009067e-05 -1.668261883e-15 -3.561213593e-05)
(7.353283965e-05 -1.669671346e-15 -3.561214079e-05)
(7.345610708e-05 -1.67183975e-15 -3.561214869e-05)
(7.335284278e-05 -1.674441835e-15 -3.561215932e-05)
(7.322701374e-05 -1.677477601e-15 -3.561217228e-05)
(7.308345674e-05 -1.681380729e-15 -3.561218706e-05)
(7.292768967e-05 -1.685283857e-15 -3.56122031e-05)
(7.276569664e-05 -1.689620666e-15 -3.561221978e-05)
(7.260370361e-05 -1.693957474e-15 -3.561223645e-05)
(7.244793653e-05 -1.697860602e-15 -3.561225249e-05)
(7.230437954e-05 -1.70176373e-15 -3.561226727e-05)
(7.21785505e-05 -1.704799496e-15 -3.561228023e-05)
(7.207528619e-05 -1.707401581e-15 -3.561229086e-05)
(7.199855362e-05 -1.709136305e-15 -3.561229876e-05)
(7.19513026e-05 -1.710328927e-15 -3.561230362e-05)
(7.193534744e-05 -1.710811607e-15 -3.561230527e-05)
(7.19513026e-05 -1.710328927e-15 -3.561230362e-05)
(7.199855362e-05 -1.709136305e-15 -3.561229876e-05)
(7.207528619e-05 -1.707401581e-15 -3.561229086e-05)
(7.21785505e-05 -1.704799496e-15 -3.561228023e-05)
(7.230437954e-05 -1.70176373e-15 -3.561226727e-05)
(7.244793653e-05 -1.697860602e-15 -3.561225249e-05)
(7.260370361e-05 -1.693957474e-15 -3.561223645e-05)
(7.276569664e-05 -1.689620666e-15 -3.561221978e-05)
(7.292768967e-05 -1.685283857e-15 -3.56122031e-05)
(7.308345674e-05 -1.681380729e-15 -3.561218706e-05)
(7.322701374e-05 -1.677477601e-15 -3.561217228e-05)
(7.335284278e-05 -1.674441835e-15 -3.561215932e-05)
(7.345610708e-05 -1.67183975e-15 -3.561214869e-05)
(7.353283965e-05 -1.669671346e-15 -3.561214079e-05)
(7.358009067e-05 -1.668261883e-15 -3.561213593e-05)
(7.821210013e-05 -1.566896512e-15 -2.453853308e-05)
(7.818960884e-05 -1.567322661e-15 -2.453853636e-05)
(7.812300115e-05 -1.568623703e-15 -2.453854607e-05)
(7.80148346e-05 -1.570358427e-15 -2.453856184e-05)
(7.786926744e-05 -1.572960512e-15 -2.453858307e-05)
(7.769189175e-05 -1.575996278e-15 -2.453860893e-05)
(7.748952574e-05 -1.579899406e-15 -2.453863844e-05)
(7.726994772e-05 -1.583802534e-15 -2.453867045e-05)
(7.704159323e-05 -1.588139342e-15 -2.453870375e-05)
(7.681323875e-05 -1.592476151e-15 -2.453873705e-05)
(7.659366073e-05 -1.596379279e-15 -2.453876906e-05)
(7.639129472e-05 -1.600282407e-15 -2.453879857e-05)
(7.621391903e-05 -1.603318173e-15 -2.453882443e-05)
(7.606835186e-05 -1.605920258e-15 -2.453884566e-05)
(7.596018532e-05 -1.608088662e-15 -2.453886143e-05)
(7.589357763e-05 -1.609389705e-15 -2.453887114e-05)
(7.587108634e-05 -1.609845125e-15 -2.453887442e-05)
(7.589357763e-05 -1.609389705e-15 -2.453887114e-05)
(7.596018532e-05 -1.608088662e-15 -2.453886143e-05)
(7.606835186e-05 -1.605920258e-15 -2.453884566e-05)
(7.621391903e-05 -1.603318173e-15 -2.453882443e-05)
(7.639129472e-05 -1.600282407e-15 -2.453879857e-05)
(7.659366073e-05 -1.596379279e-15 -2.453876906e-05)
(7.681323875e-05 -1.592476151e-15 -2.453873705e-05)
(7.704159323e-05 -1.588139342e-15 -2.453870375e-05)
(7.726994772e-05 -1.583802534e-15 -2.453867045e-05)
(7.748952574e-05 -1.579899406e-15 -2.453863844e-05)
(7.769189175e-05 -1.575996278e-15 -2.453860893e-05)
(7.786926744e-05 -1.572960512e-15 -2.453858307e-05)
(7.80148346e-05 -1.570358427e-15 -2.453856184e-05)
(7.812300115e-05 -1.568623703e-15 -2.453854607e-05)
(7.818960884e-05 -1.567322661e-15 -2.453853636e-05)
(8.287123878e-05 -1.332825186e-15 -9.451191747e-06)
(8.284134988e-05 -1.333243412e-15 -9.451197549e-06)
(8.275283424e-05 -1.334436034e-15 -9.451214732e-06)
(8.260909063e-05 -1.336604438e-15 -9.451242635e-06)
(8.241564495e-05 -1.339206523e-15 -9.451280186e-06)
(8.21799286e-05 -1.34224229e-15 -9.451325943e-06)
(8.191100236e-05 -1.346145417e-15 -9.451378146e-06)
(8.16192029e-05 -1.349614864e-15 -9.45143479e-06)
(8.131574032e-05 -1.353951673e-15 -9.451493697e-06)
(8.101227774e-05 -1.358288482e-15 -9.451552605e-06)
(8.072047828e-05 -1.36262529e-15 -9.451609248e-06)
(8.045155204e-05 -1.366528418e-15 -9.451661452e-06)
(8.021583569e-05 -1.369564184e-15 -9.451707208e-06)
(8.002239001e-05 -1.372166269e-15 -9.45174476e-06)
(7.98786464e-05 -1.374334674e-15 -9.451772663e-06)
(7.979013076e-05 -1.375310456e-15 -9.451789845e-06)
(7.976024186e-05 -1.375779083e-15 -9.451795647e-06)
(7.979013076e-05 -1.375310456e-15 -9.451789845e-06)
(7.98786464e-05 -1.374334674e-15 -9.451772663e-06)
(8.002239001e-05 -1.372166269e-15 -9.45174476e-06)
(8.021583569e-05 -1.369564184e-15 -9.451707208e-06)
(8.045155204e-05 -1.366528418e-15 -9.451661452e-06)
(8.072047828e-05 -1.36262529e-15 -9.451609248e-06)
(8.101227774e-05 -1.358288482e-15 -9.451552605e-06)
(8.131574032e-05 -1.353951673e-15 -9.451493697e-06)
(8.16192029e-05 -1.349614864e-15 -9.45143479e-06)
(8.191100236e-05 -1.346145417e-15 -9.451378146e-06)
(8.21799286e-05 -1.34224229e-15 -9.451325943e-06)
(8.241564495e-05 -1.339206523e-15 -9.451280186e-06)
(8.260909063e-05 -1.336604438e-15 -9.451242635e-06)
(8.275283424e-05 -1.334436034e-15 -9.451214732e-06)
(8.284134988e-05 -1.333243412e-15 -9.451197549e-06)
(8.756911871e-05 -9.379460057e-16 1.012555468e-05)
(8.753104257e-05 -9.383769803e-16 1.012554525e-05)
(8.741828054e-05 -9.395696027e-16 1.012551735e-05)
(8.723516238e-05 -9.415211666e-16 1.012547203e-05)
(8.698872765e-05 -9.441232518e-16 1.012541104e-05)
(8.668844338e-05 -9.471590179e-16 1.012533672e-05)
(8.63458523e-05 -9.510621457e-16 1.012525193e-05)
(8.597412252e-05 -9.549652735e-16 1.012515993e-05)
(8.558753483e-05 -9.593020822e-16 1.012506425e-05)
(8.520094714e-05 -9.636388909e-16 1.012496858e-05)
(8.482921736e-05 -9.675420187e-16 1.012487658e-05)
(8.448662628e-05 -9.714451465e-16 1.012479179e-05)
(8.418634201e-05 -9.744809126e-16 1.012471747e-05)
(8.393990728e-05 -9.770829978e-16 1.012465648e-05)
(8.375678912e-05 -9.794682426e-16 1.012461116e-05)
(8.364402709e-05 -9.804440246e-16 1.012458325e-05)
(8.360595095e-05 -9.809087617e-16 1.012457383e-05)
(8.364402709e-05 -9.804440246e-16 1.012458325e-05)
(8.375678912e-05 -9.794682426e-16 1.012461116e-05)
(8.393990728e-05 -9.770829978e-16 1.012465648e-05)
(8.418634201e-05 -9.744809126e-16 1.012471747e-05)
(8.448662628e-05 -9.714451465e-16 1.012479179e-05)
(8.482921736e-05 -9.675420187e-16 1.012487658e-05)
(8.520094714e-05 -9.636388909e-16 1.012496858e-05)
(8.558753483e-05 -9.593020822e-16 1.012506425e-05)
(8.597412252e-05 -9.549652735e-16 1.012515993e-05)
(8.63458523e-05 -9.510621457e-16 1.012525193e-05)
(8.668844338e-05 -9.471590179e-16 1.012533672e-05)
(8.698872765e-05 -9.441232518e-16 1.012541104e-05)
(8.723516237e-05 -9.415211666e-16 1.012547203e-05)
(8.741828054e-05 -9.395696027e-16 1.012551735e-05)
(8.753104257e-05 -9.383769803e-16 1.012554525e-05)
(9.229884295e-05 -3.540119067e-16 3.461246582e-05)
(9.225190873e-05 -3.545341104e-16 3.461245149e-05)
(9.211291357e-05 -3.556183126e-16 3.461240908e-05)
(9.188719452e-05 -3.577867169e-16 3.461234019e-05)
(9.158342886e-05 -3.603888021e-16 3.461224748e-05)
(9.121328602e-05 -3.634245682e-16 3.461213452e-05)
(9.079099404e-05 -3.67327696e-16 3.461200564e-05)
(9.03327845e-05 -3.712308239e-16 3.46118658e-05)
(8.985626047e-05 -3.755676325e-16 3.461172037e-05)
(8.937973645e-05 -3.799044412e-16 3.461157495e-05)
(8.892152691e-05 -3.838075691e-16 3.461143511e-05)
(8.849923493e-05 -3.877106969e-16 3.461130623e-05)
(8.812909209e-05 -3.90746463e-16 3.461119327e-05)
(8.782532643e-05 -3.933485482e-16 3.461110056e-05)
(8.759960738e-05 -3.955169525e-16 3.461103167e-05)
(8.746061222e-05 -3.966011547e-16 3.461098926e-05)
(8.7413678e-05 -3.96988124e-16 3.461097493e-05)
(8.746061222e-05 -3.966011547e-16 3.461098926e-05)
(8.759960738e-05 -3.955169525e-16 3.461103167e-05)
(8.782532643e-05 -3.933485482e-16 3.461110056e-05)
(8.812909209e-05 -3.90746463e-16 3.461119327e-05)
(8.849923493e-05 -3.877106969e-16 3.461130623e-05)
(8.892152691e-05 -3.838075691e-16 3.461143511e-05)
(8.937973645e-05 -3.799044412e-16 3.461157495e-05)
(8.985626047e-05 -3.755676325e-16 3.461172037e-05)
(9.03327845e-05 -3.712308239e-16 3.46118658e-05)
(9.079099404e-05 -3.67327696e-16 3.461200564e-05)
(9.121328602e-05 -3.634245682e-16 3.461213452e-05)
(9.158342886e-05 -3.603888021e-16 3.461224748e-05)
(9.188719452e-05 -3.577867169e-16 3.461234019e-05)
(9.211291357e-05 -3.556183126e-16 3.461240908e-05)
(9.225190873e-05 -3.545341104e-16 3.461245149e-05)
(9.705072651e-05 4.466786366e-16 6.434690969e-05)
(9.699443409e-05 4.46149194e-16 6.434688908e-05)
(9.682772474e-05 4.45173412e-16 6.434682804e-05)
(9.655699965e-05 4.427881672e-16 6.434672893e-05)
(9.619266626e-05 4.40186082e-16 6.434659554e-05)
(9.574872077e-05 4.371503159e-16 6.434643301e-05)
(9.524222814e-05 4.332471881e-16 6.434624757e-05)
(9.469265636e-05 4.293440603e-16 6.434604637e-05)
(9.412111838e-05 4.250072516e-16 6.434583712e-05)
(9.354958039e-05 4.206704429e-16 6.434562788e-05)
(9.300000861e-05 4.167673151e-16 6.434542667e-05)
(9.249351599e-05 4.128641873e-16 6.434524124e-05)
(9.204957049e-05 4.098284212e-16 6.434507871e-05)
(9.16852371e-05 4.07226336e-16 6.434494532e-05)
(9.141451201e-05 4.052747721e-16 6.43448462e-05)
(9.124780266e-05 4.040821497e-16 6.434478517e-05)
(9.119151024e-05 4.036834585e-16 6.434476456e-05)
(9.124780266e-05 4.040821497e-16 6.434478517e-05)
(9.141451201e-05 4.052747721e-16 6.43448462e-05)
(9.16852371e-05 4.07226336e-16 6.434494532e-05)
(9.204957049e-05 4.098284212e-16 6.434507871e-05)
(9.249351599e-05 4.128641873e-16 6.434524124e-05)
(9.300000861e-05 4.167673151e-16 6.434542667e-05)
(9.354958039e-05 4.206704429e-16 6.434562788e-05)
(9.412111838e-05 4.250072516e-16 6.434583712e-05)
(9.469265636e-05 4.293440603e-16 6.434604637e-05)
(9.524222814e-05 4.332471881e-16 6.434624757e-05)
(9.574872077e-05 4.371503159e-16 6.434643301e-05)
(9.619266626e-05 4.40186082e-16 6.434659554e-05)
(9.655699965e-05 4.427881672e-16 6.434672893e-05)
(9.682772474e-05 4.45173412e-16 6.434682804e-05)
(9.699443409e-05 4.46149194e-16 6.434688908e-05)
(0.0001018116008 1.489778168e-15 9.954743975e-05)
(0.000101745678 1.489476945e-15 9.954741148e-05)
(0.0001015504484 1.488175902e-15 9.954732777e-05)
(0.0001012334082 1.486224338e-15 9.954719182e-05)
(0.0001008067455 1.483622253e-15 9.954700887e-05)
(0.0001002868507 1.480586487e-15 9.954678595e-05)
(9.96937084e-05 1.476683359e-15 9.954653161e-05)
(9.905011705e-05 1.472780231e-15 9.954625565e-05)
(9.838080156e-05 1.468443422e-15 9.954596865e-05)
(9.771148608e-05 1.464106614e-15 9.954568165e-05)
(9.706789472e-05 1.460203486e-15 9.954540569e-05)
(9.647475242e-05 1.456300358e-15 9.954515135e-05)
(9.595485767e-05 1.453264592e-15 9.954492843e-05)
(9.55281949e-05 1.450662507e-15 9.954474548e-05)
(9.521115474e-05 1.448277262e-15 9.954460953e-05)
(9.501592511e-05 1.44719306e-15 9.954452582e-05)
(9.49500023e-05 1.446757979e-15 9.954449755e-05)
(9.501592511e-05 1.44719306e-15 9.954452582e-05)
(9.521115474e-05 1.448277262e-15 9.954460953e-05)
(9.55281949e-05 1.450662507e-15 9.954474548e-05)
(9.595485767e-05 1.453264592e-15 9.954492843e-05)
(9.647475241e-05 1.456300358e-15 9.954515135e-05)
(9.706789472e-05 1.460203486e-15 9.954540569e-05)
(9.771148608e-05 1.464106614e-15 9.954568165e-05)
(9.838080156e-05 1.468443422e-15 9.954596865e-05)
(9.905011705e-05 1.472780231e-15 9.954625565e-05)
(9.96937084e-05 1.476683359e-15 9.954653161e-05)
(0.0001002868507 1.480586487e-15 9.954678595e-05)
(0.0001008067455 1.483622253e-15 9.954700887e-05)
(0.0001012334082 1.486224338e-15 9.954719182e-05)
(0.0001015504484 1.488175902e-15 9.954732777e-05)
(0.000101745678 1.489476945e-15 9.954741148e-05)
(0.0001065674426 2.79792367e-15 0.0001403021476)
(0.0001064918996 2.797566866e-15 0.0001403021105)
(0.0001062681798 2.796374243e-15 0.0001403020005)
(0.0001059048734 2.794205839e-15 0.000140301822)
(0.000105415947 2.791603754e-15 0.0001403015817)
(0.0001048201832 2.788567988e-15 0.000140301289)
(0.0001041404826 2.78466486e-15 0.000140300955)
(0.0001034029709 2.780761732e-15 0.0001403005926)
(0.0001026359811 2.776424923e-15 0.0001403002157)
(0.0001018689913 2.772088115e-15 0.0001402998388)
(0.0001011314795 2.768184987e-15 0.0001402994764)
(0.000100451779 2.764281859e-15 0.0001402991424)
(9.985601512e-05 2.761246093e-15 0.0001402988496)
(9.936708873e-05 2.758644008e-15 0.0001402986094)
(9.900378237e-05 2.756475603e-15 0.0001402984308)
(9.878006255e-05 2.755282981e-15 0.0001402983209)
(9.870451952e-05 2.754872451e-15 0.0001402982838)
(9.878006255e-05 2.755282981e-15 0.0001402983209)
(9.900378237e-05 2.756475603e-15 0.0001402984308)
(9.936708873e-05 2.758644008e-15 0.0001402986094)
(9.985601512e-05 2.761246093e-15 0.0001402988496)
(0.000100451779 2.764281859e-15 0.0001402991424)
(0.0001011314795 2.768184987e-15 0.0001402994764)
(0.0001018689913 2.772088115e-15 0.0001402998388)
(0.0001026359811 2.776424923e-15 0.0001403002157)
(0.0001034029709 2.780761732e-15 0.0001403005926)
(0.0001041404826 2.78466486e-15 0.000140300955)
(0.0001048201832 2.788567988e-15 0.000140301289)
(0.000105415947 2.791603754e-15 0.0001403015817)
(0.0001059048734 2.794205839e-15 0.000140301822)
(0.0001062681798 2.796374243e-15 0.0001403020005)
(0.0001064918996 2.797566866e-15 0.0001403021105)
(0.0001112975177 4.387324461e-15 0.0001864860775)
(0.0001112127144 4.387007251e-15 0.0001864860307)
(0.0001109615704 4.385597788e-15 0.0001864858922)
(0.0001105537289 4.383646224e-15 0.0001864856672)
(0.0001100048685 4.381044139e-15 0.0001864853644)
(0.0001093360743 4.378008372e-15 0.0001864849955)
(0.0001085730541 4.374105245e-15 0.0001864845746)
(0.0001077451361 4.370635798e-15 0.0001864841178)
(0.0001068841265 4.366298989e-15 0.0001864836429)
(0.0001060231168 4.36196218e-15 0.0001864831679)
(0.0001051951988 4.357625372e-15 0.0001864827112)
(0.0001044321786 4.353722244e-15 0.0001864822902)
(0.0001037633844 4.350686478e-15 0.0001864819213)
(0.000103214524 4.348084393e-15 0.0001864816185)
(0.0001028066825 4.345699148e-15 0.0001864813935)
(0.0001025555385 4.344723366e-15 0.000186481255)
(0.0001024707352 4.344237127e-15 0.0001864812082)
(0.0001025555385 4.344723366e-15 0.000186481255)
(0.0001028066825 4.345699148e-15 0.0001864813935)
(0.000103214524 4.348084393e-15 0.0001864816185)
(0.0001037633844 4.350686478e-15 0.0001864819213)
(0.0001044321786 4.353722244e-15 0.0001864822902)
(0.0001051951988 4.357625372e-15 0.0001864827112)
(0.0001060231168 4.36196218e-15 0.0001864831679)
(0.0001068841265 4.366298989e-15 0.0001864836429)
(0.0001077451361 4.370635798e-15 0.0001864841178)
(0.0001085730541 4.374105245e-15 0.0001864845746)
(0.0001093360743 4.378008372e-15 0.0001864849955)
(0.0001100048685 4.381044139e-15 0.0001864853644)
(0.0001105537289 4.383646224e-15 0.0001864856672)
(0.0001109615704 4.385597788e-15 0.0001864858922)
(0.0001112127144 4.387007251e-15 0.0001864860307)
(0.0001159825935 6.267929479e-15 0.0002377974163)
(0.0001158892901 6.267555919e-15 0.0002377973597)
(0.0001156129734 6.266471717e-15 0.000237797192)
(0.0001151642531 6.264086472e-15 0.0002377969196)
(0.0001145603792 6.261484387e-15 0.0002377965531)
(0.0001138245502 6.25844862e-15 0.0002377961065)
(0.0001129850509 6.254545493e-15 0.0002377955969)
(0.0001120741489 6.250208684e-15 0.000237795044)
(0.0001111268384 6.245871875e-15 0.0002377944691)
(0.0001101795279 6.241535067e-15 0.0002377938941)
(0.0001092686259 6.23806562e-15 0.0002377933412)
(0.0001084291266 6.234162492e-15 0.0002377928317)
(0.0001076932976 6.231126726e-15 0.0002377923851)
(0.0001070894238 6.22852464e-15 0.0002377920185)
(0.0001066407034 6.226573077e-15 0.0002377917462)
(0.0001063643867 6.225272034e-15 0.0002377915785)
(0.0001062710834 6.224802988e-15 0.0002377915218)
(0.0001063643867 6.225272034e-15 0.0002377915785)
(0.0001066407034 6.226573077e-15 0.0002377917462)
(0.0001070894238 6.22852464e-15 0.0002377920185)
(0.0001076932976 6.231126726e-15 0.0002377923851)
(0.0001084291266 6.234162492e-15 0.0002377928317)
(0.0001092686259 6.23806562e-15 0.0002377933412)
(0.0001101795279 6.241535067e-15 0.0002377938941)
(0.0001111268384 6.245871875e-15 0.0002377944691)
(0.0001120741489 6.250208684e-15 0.000237795044)
(0.0001129850509 6.254545493e-15 0.0002377955969)
(0.0001138245502 6.25844862e-15 0.0002377961065)
(0.0001145603792 6.261484387e-15 0.0002377965531)
(0.0001151642531 6.264086472e-15 0.0002377969196)
(0.0001156129734 6.266471717e-15 0.000237797192)
(0.0001158892901 6.267555919e-15 0.0002377973597)
(0.000120596702 8.438189232e-15 0.0002936413672)
(0.0001204961232 8.437803407e-15 0.0002936413014)
(0.00012019826 8.436393945e-15 0.0002936411065)
(0.0001197145496 8.43422554e-15 0.00029364079)
(0.0001190635872 8.431623455e-15 0.0002936403641)
(0.0001182703802 8.428587689e-15 0.0002936398451)
(0.0001173654189 8.424684561e-15 0.000293639253)
(0.0001163834871 8.421215114e-15 0.0002936386105)
(0.0001153623079 8.416878305e-15 0.0002936379424)
(0.0001143411286 8.412541497e-15 0.0002936372742)
(0.0001133591968 8.408204688e-15 0.0002936366317)
(0.0001124542355 8.40430156e-15 0.0002936360396)
(0.0001116610285 8.401265794e-15 0.0002936355206)
(0.0001110100661 8.398663709e-15 0.0002936350947)
(0.0001105263557 8.396495305e-15 0.0002936347782)
(0.0001102284925 8.395519523e-15 0.0002936345833)
(0.0001101279137 8.395023955e-15 0.0002936345175)
(0.0001102284925 8.395519523e-15 0.0002936345833)
(0.0001105263557 8.396495305e-15 0.0002936347782)
(0.0001110100661 8.398663709e-15 0.0002936350947)
(0.0001116610285 8.401265794e-15 0.0002936355206)
(0.0001124542355 8.40430156e-15 0.0002936360396)
(0.0001133591968 8.408204688e-15 0.0002936366317)
(0.0001143411286 8.412541497e-15 0.0002936372742)
(0.0001153623078 8.416878305e-15 0.0002936379424)
(0.0001163834871 8.421215114e-15 0.0002936386105)
(0.0001173654189 8.424684561e-15 0.000293639253)
(0.0001182703802 8.428587689e-15 0.0002936398451)
(0.0001190635872 8.431623455e-15 0.0002936403641)
(0.0001197145496 8.43422554e-15 0.00029364079)
(0.00012019826 8.436393945e-15 0.0002936411065)
(0.0001204961232 8.437803407e-15 0.0002936413014)
(0.0001251159767 1.088592127e-14 0.0003531913106)
(0.0001250098547 1.088549823e-14 0.0003531912373)
(0.0001246955758 1.088430561e-14 0.0003531910204)
(0.0001241852073 1.088192036e-14 0.000353190668)
(0.0001234983693 1.087931828e-14 0.0003531901939)
(0.0001226614474 1.087628251e-14 0.0003531896161)
(0.0001217066121 1.087237939e-14 0.0003531889569)
(0.0001206705644 1.086890994e-14 0.0003531882417)
(0.0001195931062 1.086457313e-14 0.0003531874979)
(0.000118515648 1.086023632e-14 0.000353186754)
(0.0001174796003 1.085589951e-14 0.0003531860388)
(0.0001165247651 1.085199638e-14 0.0003531853796)
(0.0001156878431 1.084896062e-14 0.0003531848018)
(0.0001150010051 1.084635853e-14 0.0003531843277)
(0.0001144906366 1.084440697e-14 0.0003531839753)
(0.0001141763577 1.084321435e-14 0.0003531837584)
(0.0001140702357 1.084272236e-14 0.0003531836851)
(0.0001141763577 1.084321435e-14 0.0003531837584)
(0.0001144906366 1.084440697e-14 0.0003531839753)
(0.0001150010051 1.084635853e-14 0.0003531843277)
(0.0001156878431 1.084896062e-14 0.0003531848018)
(0.0001165247651 1.085199638e-14 0.0003531853796)
(0.0001174796003 1.085589951e-14 0.0003531860388)
(0.000118515648 1.086023632e-14 0.000353186754)
(0.0001195931062 1.086457313e-14 0.0003531874979)
(0.0001206705644 1.086890994e-14 0.0003531882417)
(0.0001217066121 1.087237939e-14 0.0003531889569)
(0.0001226614474 1.087628251e-14 0.0003531896161)
(0.0001234983693 1.087931828e-14 0.0003531901939)
(0.0001241852073 1.088192036e-14 0.000353190668)
(0.0001246955758 1.088430561e-14 0.0003531910204)
(0.0001250098547 1.088549823e-14 0.0003531912373)
(0.0001295107995 1.358176381e-14 0.000415261844)
(0.0001294014243 1.358125851e-14 0.0004152617662)
(0.0001290775108 1.358028273e-14 0.0004152615357)
(0.0001285514965 1.357768065e-14 0.0004152611614)
(0.0001278436028 1.357507856e-14 0.0004152606578)
(0.0001269810241 1.35720428e-14 0.000415260044)
(0.0001259969174 1.356813967e-14 0.0004152593438)
(0.0001249291086 1.356467022e-14 0.000415258584)
(0.0001238186199 1.356033341e-14 0.0004152577939)
(0.0001227081311 1.35559966e-14 0.0004152570038)
(0.0001216403223 1.355165979e-14 0.000415256244)
(0.0001206562156 1.354775667e-14 0.0004152555438)
(0.0001197936369 1.35447209e-14 0.00041525493)
(0.0001190857432 1.354211882e-14 0.0004152544263)
(0.0001185597289 1.354038409e-14 0.0004152540521)
(0.0001182358154 1.353897463e-14 0.0004152538216)
(0.0001181264402 1.353854246e-14 0.0004152537438)
(0.0001182358154 1.353897463e-14 0.0004152538216)
(0.0001185597289 1.354038409e-14 0.0004152540521)
(0.0001190857432 1.354211882e-14 0.0004152544263)
(0.0001197936369 1.35447209e-14 0.00041525493)
(0.0001206562156 1.354775667e-14 0.0004152555438)
(0.0001216403223 1.355165979e-14 0.000415256244)
(0.0001227081311 1.35559966e-14 0.0004152570038)
(0.0001238186198 1.356033341e-14 0.0004152577939)
(0.0001249291086 1.356467022e-14 0.000415258584)
(0.0001259969174 1.356813967e-14 0.0004152593438)
(0.0001269810241 1.35720428e-14 0.000415260044)
(0.0001278436028 1.357507856e-14 0.0004152606578)
(0.0001285514965 1.357768065e-14 0.0004152611614)
(0.0001290775108 1.358028273e-14 0.0004152615357)
(0.0001294014243 1.358125851e-14 0.0004152617662)
(0.0001337544257 1.64814706e-14 0.0004783922091)
(0.0001336446753 1.648117406e-14 0.0004783921307)
(0.0001333196506 1.647987302e-14 0.0004783918987)
(0.0001327918317 1.647770462e-14 0.0004783915218)
(0.0001320815096 1.647510253e-14 0.0004783910147)
(0.0001312159718 1.647206677e-14 0.0004783903967)
(0.000130228489 1.646816364e-14 0.0004783896917)
(0.0001291570171 1.646426051e-14 0.0004783889267)
(0.0001280427187 1.64599237e-14 0.0004783881311)
(0.0001269284204 1.645558689e-14 0.0004783873356)
(0.0001258569484 1.645168377e-14 0.0004783865706)
(0.0001248694657 1.644778064e-14 0.0004783858655)
(0.0001240039279 1.644474487e-14 0.0004783852476)
(0.0001232936057 1.644214279e-14 0.0004783847404)
(0.0001227657869 1.643997438e-14 0.0004783843636)
(0.0001224407622 1.643867334e-14 0.0004783841315)
(0.0001223310117 1.643824475e-14 0.0004783840532)
(0.0001224407622 1.643867334e-14 0.0004783841315)
(0.0001227657869 1.643997438e-14 0.0004783843636)
(0.0001232936057 1.644214279e-14 0.0004783847404)
(0.0001240039279 1.644474487e-14 0.0004783852476)
(0.0001248694657 1.644778064e-14 0.0004783858655)
(0.0001258569484 1.645168377e-14 0.0004783865706)
(0.0001269284204 1.645558689e-14 0.0004783873356)
(0.0001280427187 1.64599237e-14 0.0004783881311)
(0.0001291570171 1.646426051e-14 0.0004783889267)
(0.000130228489 1.646816364e-14 0.0004783896917)
(0.0001312159718 1.647206677e-14 0.0004783903967)
(0.0001320815096 1.647510253e-14 0.0004783910147)
(0.0001327918317 1.647770462e-14 0.0004783915218)
(0.0001333196506 1.647987302e-14 0.0004783918987)
(0.0001336446753 1.648117406e-14 0.0004783921307)
(0.0001378155041 1.951789715e-14 0.0005407189639)
(0.0001377088712 1.951737383e-14 0.00054071889)
(0.0001373930789 1.951628963e-14 0.0005407186709)
(0.000136880253 1.951433806e-14 0.0005407183152)
(0.0001361901077 1.951173598e-14 0.0005407178364)
(0.0001353491559 1.950870021e-14 0.0005407172531)
(0.0001343897229 1.950479708e-14 0.0005407165875)
(0.0001333486865 1.950002659e-14 0.0005407158654)
(0.0001322660402 1.949568978e-14 0.0005407151144)
(0.0001311833939 1.949135298e-14 0.0005407143633)
(0.0001301423574 1.948831721e-14 0.0005407136412)
(0.0001291829245 1.948441408e-14 0.0005407129756)
(0.0001283419726 1.948137832e-14 0.0005407123923)
(0.0001276518274 1.947877623e-14 0.0005407119136)
(0.0001271390014 1.947639099e-14 0.0005407115578)
(0.0001268232092 1.947508994e-14 0.0005407113388)
(0.0001267165762 1.947469177e-14 0.0005407112648)
(0.0001268232092 1.947508994e-14 0.0005407113388)
(0.0001271390014 1.947639099e-14 0.0005407115578)
(0.0001276518274 1.947877623e-14 0.0005407119136)
(0.0001283419726 1.948137832e-14 0.0005407123923)
(0.0001291829245 1.948441408e-14 0.0005407129757)
(0.0001301423574 1.948831721e-14 0.0005407136412)
(0.0001311833939 1.949135298e-14 0.0005407143633)
(0.0001322660402 1.949568978e-14 0.0005407151144)
(0.0001333486865 1.950002659e-14 0.0005407158654)
(0.0001343897229 1.950479708e-14 0.0005407165875)
(0.0001353491559 1.950870021e-14 0.0005407172531)
(0.0001361901077 1.951173598e-14 0.0005407178364)
(0.000136880253 1.951433806e-14 0.0005407183152)
(0.0001373930789 1.951628963e-14 0.0005407186709)
(0.0001377088712 1.951737383e-14 0.00054071889)
(0.0001416660299 2.260250304e-14 0.0006000761318)
(0.000141566638 2.260203743e-14 0.0006000760675)
(0.00014127229 2.260084481e-14 0.0006000758772)
(0.0001407942882 2.25986764e-14 0.0006000755682)
(0.0001401510082 2.259607432e-14 0.0006000751522)
(0.0001393671623 2.259303855e-14 0.0006000746454)
(0.000138472881 2.258913542e-14 0.0006000740672)
(0.0001375025375 2.25852323e-14 0.0006000734398)
(0.0001364934098 2.258089549e-14 0.0006000727873)
(0.000135484282 2.257655868e-14 0.0006000721348)
(0.0001345139386 2.257265555e-14 0.0006000715074)
(0.0001336196572 2.256875242e-14 0.0006000709292)
(0.0001328358113 2.256571666e-14 0.0006000704224)
(0.0001321925313 2.256311457e-14 0.0006000700065)
(0.0001317145295 2.256094617e-14 0.0006000696974)
(0.0001314201815 2.255975354e-14 0.0006000695071)
(0.0001313207896 2.255934837e-14 0.0006000694428)
(0.0001314201815 2.255975354e-14 0.0006000695071)
(0.0001317145295 2.256094617e-14 0.0006000696974)
(0.0001321925313 2.256311457e-14 0.0006000700065)
(0.0001328358113 2.256571666e-14 0.0006000704224)
(0.0001336196572 2.256875242e-14 0.0006000709292)
(0.0001345139386 2.257265555e-14 0.0006000715074)
(0.000135484282 2.257655868e-14 0.0006000721348)
(0.0001364934098 2.258089549e-14 0.0006000727873)
(0.0001375025375 2.25852323e-14 0.0006000734398)
(0.000138472881 2.258913542e-14 0.0006000740672)
(0.0001393671623 2.259303855e-14 0.0006000746454)
(0.0001401510082 2.259607432e-14 0.0006000751522)
(0.0001407942882 2.25986764e-14 0.0006000755682)
(0.00014127229 2.260084481e-14 0.0006000758772)
(0.000141566638 2.260203743e-14 0.0006000760675)
(0.0001452741209 2.561892277e-14 0.0006538796659)
(0.0001451867254 2.561861313e-14 0.0006538796162)
(0.0001449279043 2.561731209e-14 0.0006538794691)
(0.0001445075958 2.561492685e-14 0.0006538792301)
(0.0001439419578 2.561232476e-14 0.0006538789085)
(0.0001432527197 2.560928899e-14 0.0006538785167)
(0.0001424663753 2.560538587e-14 0.0006538780696)
(0.0001416131494 2.560191642e-14 0.0006538775845)
(0.0001407258203 2.559757961e-14 0.0006538770801)
(0.0001398384912 2.55932428e-14 0.0006538765756)
(0.0001389852652 2.558890599e-14 0.0006538760905)
(0.0001381989209 2.558500287e-14 0.0006538756434)
(0.0001375096828 2.55819671e-14 0.0006538752516)
(0.0001369440447 2.557936502e-14 0.00065387493)
(0.0001365237362 2.557741345e-14 0.0006538746911)
(0.0001362649152 2.557632925e-14 0.0006538745439)
(0.0001361775196 2.557585159e-14 0.0006538744942)
(0.0001362649152 2.557632925e-14 0.0006538745439)
(0.0001365237362 2.557741345e-14 0.0006538746911)
(0.0001369440447 2.557936502e-14 0.00065387493)
(0.0001375096828 2.55819671e-14 0.0006538752516)
(0.0001381989209 2.558500287e-14 0.0006538756434)
(0.0001389852652 2.558890599e-14 0.0006538760905)
(0.0001398384912 2.55932428e-14 0.0006538765756)
(0.0001407258203 2.559757961e-14 0.0006538770801)
(0.0001416131494 2.560191642e-14 0.0006538775845)
(0.0001424663753 2.560538587e-14 0.0006538780696)
(0.0001432527197 2.560928899e-14 0.0006538785167)
(0.0001439419578 2.561232476e-14 0.0006538789085)
(0.0001445075958 2.561492685e-14 0.0006538792301)
(0.0001449279043 2.561731209e-14 0.0006538794691)
(0.0001451867254 2.561861313e-14 0.0006538796162)
(0.000148610717 2.842711334e-14 0.0006992299453)
(0.0001485407123 2.842669676e-14 0.0006992299134)
(0.0001483333942 2.842561256e-14 0.000699229819)
(0.0001479967232 2.842344415e-14 0.0006992296657)
(0.0001475436419 2.842084207e-14 0.0006992294594)
(0.0001469915557 2.84178063e-14 0.0006992292079)
(0.0001463616865 2.841390317e-14 0.0006992289211)
(0.0001456782445 2.840956637e-14 0.0006992286099)
(0.0001449674856 2.840522956e-14 0.0006992282862)
(0.0001442567267 2.840089275e-14 0.0006992279625)
(0.0001435732847 2.83974233e-14 0.0006992276513)
(0.0001429434155 2.839352017e-14 0.0006992273645)
(0.0001423913293 2.839048441e-14 0.0006992271131)
(0.000141938248 2.838788232e-14 0.0006992269067)
(0.000141601577 2.838571392e-14 0.0006992267534)
(0.0001413942589 2.838462972e-14 0.000699226659)
(0.0001413242542 2.838415572e-14 0.0006992266271)
(0.0001413942589 2.838462972e-14 0.000699226659)
(0.000141601577 2.838571392e-14 0.0006992267534)
(0.000141938248 2.838788232e-14 0.0006992269067)
(0.0001423913293 2.839048441e-14 0.0006992271131)
(0.0001429434155 2.839352017e-14 0.0006992273645)
(0.0001435732847 2.83974233e-14 0.0006992276513)
(0.0001442567267 2.840089275e-14 0.0006992279625)
(0.0001449674856 2.840522956e-14 0.0006992282862)
(0.0001456782445 2.840956637e-14 0.0006992286099)
(0.0001463616865 2.841390317e-14 0.0006992289211)
(0.0001469915557 2.84178063e-14 0.0006992292079)
(0.0001475436419 2.842084207e-14 0.0006992294594)
(0.0001479967232 2.842344415e-14 0.0006992296657)
(0.0001483333942 2.842561256e-14 0.000699229819)
(0.0001485407123 2.842669676e-14 0.0006992299134)
(0.0001516424301 3.085618381e-14 0.0007328200911)
(0.0001515958327 3.085585173e-14 0.000732820077)
(0.0001514578348 3.085444227e-14 0.0007328200352)
(0.0001512337353 3.08524907e-14 0.0007328199672)
(0.0001509321491 3.084988862e-14 0.0007328198758)
(0.000150564662 3.084641917e-14 0.0007328197644)
(0.0001501453999 3.084294972e-14 0.0007328196374)
(0.000149690478 3.083904659e-14 0.0007328194995)
(0.000149217373 3.083470979e-14 0.0007328193561)
(0.000148744268 3.083037298e-14 0.0007328192127)
(0.0001482893461 3.082646985e-14 0.0007328190748)
(0.000147870084 3.08230004e-14 0.0007328189477)
(0.0001475025969 3.081953096e-14 0.0007328188364)
(0.0001472010108 3.081692887e-14 0.000732818745)
(0.0001469769112 3.081497731e-14 0.000732818677)
(0.0001468389134 3.081378468e-14 0.0007328186352)
(0.0001467923159 3.081335917e-14 0.0007328186211)
(0.0001468389134 3.081378468e-14 0.0007328186352)
(0.0001469769112 3.081497731e-14 0.000732818677)
(0.0001472010108 3.081692887e-14 0.000732818745)
(0.0001475025969 3.081953096e-14 0.0007328188364)
(0.000147870084 3.08230004e-14 0.0007328189477)
(0.0001482893461 3.082646985e-14 0.0007328190748)
(0.000148744268 3.083037298e-14 0.0007328192127)
(0.000149217373 3.083470979e-14 0.0007328193561)
(0.000149690478 3.083904659e-14 0.0007328194995)
(0.0001501453999 3.084294972e-14 0.0007328196374)
(0.000150564662 3.084641917e-14 0.0007328197644)
(0.0001509321491 3.084988862e-14 0.0007328198758)
(0.0001512337353 3.08524907e-14 0.0007328199672)
(0.0001514578348 3.085444227e-14 0.0007328200352)
(0.0001515958327 3.085585173e-14 0.000732820077)
(0.0001543363679 3.270857662e-14 0.000751015334)
(0.000154319832 3.270810272e-14 0.0007510153323)
(0.0001542708612 3.27069101e-14 0.000751015327)
(0.0001541913359 3.270517537e-14 0.0007510153185)
(0.0001540843131 3.270257329e-14 0.000751015307)
(0.0001539539044 3.269910384e-14 0.000751015293)
(0.0001538051224 3.269563439e-14 0.000751015277)
(0.000153643686 3.269173127e-14 0.0007510152596)
(0.000153475797 3.268739446e-14 0.0007510152416)
(0.000153307908 3.268305765e-14 0.0007510152236)
(0.0001531464716 3.267915452e-14 0.0007510152062)
(0.0001529976897 3.267568507e-14 0.0007510151903)
(0.0001528672809 3.267221563e-14 0.0007510151762)
(0.0001527602582 3.266961354e-14 0.0007510151648)
(0.0001526807328 3.266744514e-14 0.0007510151562)
(0.000152631762 3.266625252e-14 0.000751015151)
(0.0001526152262 3.266588294e-14 0.0007510151492)
(0.000152631762 3.266625252e-14 0.000751015151)
(0.0001526807328 3.266744514e-14 0.0007510151562)
(0.0001527602582 3.266961354e-14 0.0007510151648)
(0.0001528672809 3.267221563e-14 0.0007510151762)
(0.0001529976897 3.267568507e-14 0.0007510151903)
(0.0001531464716 3.267915452e-14 0.0007510152062)
(0.000153307908 3.268305765e-14 0.0007510152236)
(0.000153475797 3.268739446e-14 0.0007510152416)
(0.000153643686 3.269173127e-14 0.0007510152596)
(0.0001538051224 3.269563439e-14 0.000751015277)
(0.0001539539044 3.269910384e-14 0.000751015293)
(0.0001540843131 3.270257329e-14 0.000751015307)
(0.0001541913359 3.270517537e-14 0.0007510153185)
(0.0001542708612 3.27069101e-14 0.000751015327)
(0.000154319832 3.270810272e-14 0.0007510153323)
(0.0001566529068 3.375608822e-14 0.0007497961962)
(0.0001566737067 3.375576728e-14 0.0007497961934)
(0.0001567353055 3.375446624e-14 0.000749796185)
(0.0001568353377 3.375251467e-14 0.0007497961715)
(0.000156969958 3.374991259e-14 0.0007497961533)
(0.0001571339948 3.374644314e-14 0.0007497961312)
(0.0001573211426 3.374297369e-14 0.0007497961059)
(0.000157524208 3.373950425e-14 0.0007497960784)
(0.0001577353899 3.373516744e-14 0.0007497960499)
(0.0001579465718 3.373083063e-14 0.0007497960214)
(0.0001581496373 3.372649382e-14 0.0007497959939)
(0.0001583367851 3.372302437e-14 0.0007497959686)
(0.0001585008219 3.371955493e-14 0.0007497959465)
(0.0001586354422 3.371695284e-14 0.0007497959283)
(0.0001587354744 3.371500128e-14 0.0007497959148)
(0.0001587970731 3.371391707e-14 0.0007497959064)
(0.000158817873 3.371348754e-14 0.0007497959036)
(0.0001587970731 3.371391707e-14 0.0007497959064)
(0.0001587354744 3.371500128e-14 0.0007497959148)
(0.0001586354422 3.371695284e-14 0.0007497959283)
(0.0001585008219 3.371955493e-14 0.0007497959465)
(0.0001583367851 3.372302437e-14 0.0007497959686)
(0.0001581496373 3.372649382e-14 0.0007497959939)
(0.0001579465718 3.373083063e-14 0.0007497960214)
(0.0001577353899 3.373516744e-14 0.0007497960499)
(0.000157524208 3.373950425e-14 0.0007497960784)
(0.0001573211426 3.374297369e-14 0.0007497961059)
(0.0001571339948 3.374644314e-14 0.0007497961312)
(0.000156969958 3.374991259e-14 0.0007497961533)
(0.0001568353377 3.375251467e-14 0.0007497961715)
(0.0001567353055 3.375446624e-14 0.000749796185)
(0.0001566737067 3.375576728e-14 0.0007497961934)
(0.0001585480772 3.374400069e-14 0.0007247782265)
(0.0001586141583 3.374362421e-14 0.0007247781981)
(0.0001588098567 3.374232317e-14 0.000724778114)
(0.0001591276582 3.374037161e-14 0.0007247779774)
(0.0001595553455 3.373776952e-14 0.0007247777936)
(0.0001600764886 3.373430008e-14 0.0007247775696)
(0.0001606710552 3.373083063e-14 0.000724777314)
(0.0001613161919 3.372736118e-14 0.0007247770367)
(0.0001619871146 3.372302437e-14 0.0007247767484)
(0.0001626580372 3.371868756e-14 0.00072477646)
(0.000163303174 3.371435076e-14 0.0007247761827)
(0.0001638977405 3.371088131e-14 0.0007247759272)
(0.0001644188836 3.370741186e-14 0.0007247757032)
(0.0001648465709 3.370480978e-14 0.0007247755194)
(0.0001651643724 3.370285821e-14 0.0007247753828)
(0.0001653600708 3.370177401e-14 0.0007247752987)
(0.0001654261519 3.370140092e-14 0.0007247752703)
(0.0001653600708 3.370177401e-14 0.0007247752987)
(0.0001651643724 3.370285821e-14 0.0007247753828)
(0.0001648465709 3.370480978e-14 0.0007247755194)
(0.0001644188836 3.370741186e-14 0.0007247757032)
(0.0001638977405 3.371088131e-14 0.0007247759272)
(0.000163303174 3.371435076e-14 0.0007247761827)
(0.0001626580372 3.371868756e-14 0.00072477646)
(0.0001619871146 3.372302437e-14 0.0007247767484)
(0.0001613161919 3.372736118e-14 0.0007247770367)
(0.0001606710552 3.373083063e-14 0.000724777314)
(0.0001600764886 3.373430008e-14 0.0007247775696)
(0.0001595553455 3.373776952e-14 0.0007247777936)
(0.0001591276582 3.374037161e-14 0.0007247779774)
(0.0001588098567 3.374232317e-14 0.000724778114)
(0.0001586141583 3.374362421e-14 0.0007247781981)
(0.0001599662872 3.239173822e-14 0.0006712022087)
(0.0001600862702 3.239129884e-14 0.0006712021151)
(0.0001604415986 3.238988938e-14 0.0006712018378)
(0.0001610186287 3.238815466e-14 0.0006712013874)
(0.0001617951778 3.238555257e-14 0.0006712007813)
(0.0001627414141 3.238208313e-14 0.0006712000428)
(0.0001638209649 3.237861368e-14 0.0006711992002)
(0.0001649923356 3.237514423e-14 0.000671198286)
(0.0001662105257 3.237080742e-14 0.0006711973353)
(0.0001674287157 3.236647061e-14 0.0006711963845)
(0.0001686000865 3.236213381e-14 0.0006711954703)
(0.0001696796373 3.235866436e-14 0.0006711946277)
(0.0001706258736 3.235519491e-14 0.0006711938892)
(0.0001714024227 3.235259283e-14 0.0006711932831)
(0.0001719794528 3.235042442e-14 0.0006711928327)
(0.0001723347812 3.234944864e-14 0.0006711925554)
(0.0001724547642 3.234897056e-14 0.0006711924618)
(0.0001723347812 3.234944864e-14 0.0006711925554)
(0.0001719794528 3.235042442e-14 0.0006711928327)
(0.0001714024227 3.235259283e-14 0.0006711932831)
(0.0001706258736 3.235519491e-14 0.0006711938892)
(0.0001696796373 3.235866436e-14 0.0006711946277)
(0.0001686000865 3.236213381e-14 0.0006711954703)
(0.0001674287157 3.236647061e-14 0.0006711963845)
(0.0001662105257 3.237080742e-14 0.0006711973353)
(0.0001649923356 3.237514423e-14 0.000671198286)
(0.0001638209649 3.237861368e-14 0.0006711992002)
(0.0001627414141 3.238208313e-14 0.0006712000428)
(0.0001617951778 3.238555257e-14 0.0006712007813)
(0.0001610186287 3.238815466e-14 0.0006712013874)
(0.0001604415986 3.238988938e-14 0.0006712018378)
(0.0001600862702 3.239129884e-14 0.0006712021151)
(0.0001608398733 2.939595363e-14 0.0005838515031)
(0.0001610231655 2.939553982e-14 0.0005838512846)
(0.0001615659832 2.939423878e-14 0.0005838506373)
(0.0001624474838 2.939228722e-14 0.0005838495863)
(0.0001636337798 2.938968513e-14 0.0005838481718)
(0.0001650792985 2.938664936e-14 0.0005838464483)
(0.0001667284753 2.938274624e-14 0.0005838444819)
(0.0001685179209 2.937840943e-14 0.0005838423483)
(0.0001703788901 2.937407262e-14 0.0005838401294)
(0.0001722398593 2.936973581e-14 0.0005838379105)
(0.000174029305 2.936626636e-14 0.0005838357769)
(0.0001756784817 2.936236324e-14 0.0005838338105)
(0.0001771240005 2.935932747e-14 0.000583832087)
(0.0001783102965 2.935672538e-14 0.0005838306725)
(0.000179191797 2.935434014e-14 0.0005838296215)
(0.0001797346148 2.935325594e-14 0.0005838289742)
(0.000179917907 2.935274487e-14 0.0005838287557)
(0.0001797346148 2.935325594e-14 0.0005838289742)
(0.000179191797 2.935434014e-14 0.0005838296215)
(0.0001783102965 2.935672538e-14 0.0005838306725)
(0.0001771240005 2.935932747e-14 0.000583832087)
(0.0001756784817 2.936236324e-14 0.0005838338105)
(0.000174029305 2.936626636e-14 0.0005838357769)
(0.0001722398593 2.936973581e-14 0.0005838379105)
(0.0001703788901 2.937407262e-14 0.0005838401294)
(0.0001685179209 2.937840943e-14 0.0005838423483)
(0.0001667284753 2.938274624e-14 0.0005838444819)
(0.0001650792985 2.938664936e-14 0.0005838464483)
(0.0001636337798 2.938968513e-14 0.0005838481718)
(0.0001624474838 2.939228722e-14 0.0005838495863)
(0.0001615659832 2.939423878e-14 0.0005838506373)
(0.0001610231655 2.939553982e-14 0.0005838512846)
(0.0001610822031 2.443834651e-14 0.0004571108938)
(0.0001613390353 2.443791697e-14 0.0004571104647)
(0.0001620996411 2.443683277e-14 0.0004571091939)
(0.0001633348152 2.443444752e-14 0.0004571071303)
(0.000164997074 2.443184544e-14 0.0004571043531)
(0.0001670225603 2.442837599e-14 0.000457100969)
(0.0001693334157 2.442447286e-14 0.0004570971081)
(0.0001718408184 2.442056973e-14 0.0004570929189)
(0.0001744484411 2.441623292e-14 0.0004570885622)
(0.0001770560639 2.441189612e-14 0.0004570842055)
(0.0001795634665 2.440799299e-14 0.0004570800163)
(0.000181874322 2.440408986e-14 0.0004570761554)
(0.0001838998083 2.440062041e-14 0.0004570727714)
(0.0001855620671 2.439801833e-14 0.0004570699941)
(0.0001867972412 2.439606676e-14 0.0004570679305)
(0.0001875578469 2.439476572e-14 0.0004570666597)
(0.0001878146792 2.439428628e-14 0.0004570662306)
(0.0001875578469 2.439476572e-14 0.0004570666597)
(0.0001867972412 2.439606676e-14 0.0004570679305)
(0.0001855620671 2.439801833e-14 0.0004570699941)
(0.0001838998083 2.440062041e-14 0.0004570727714)
(0.000181874322 2.440408986e-14 0.0004570761554)
(0.0001795634665 2.440799299e-14 0.0004570800163)
(0.0001770560639 2.441189612e-14 0.0004570842055)
(0.0001744484411 2.441623292e-14 0.0004570885622)
(0.0001718408184 2.442056973e-14 0.0004570929189)
(0.0001693334157 2.442447286e-14 0.0004570971081)
(0.0001670225603 2.442837599e-14 0.000457100969)
(0.000164997074 2.443184544e-14 0.0004571043531)
(0.0001633348152 2.443444752e-14 0.0004571071303)
(0.0001620996411 2.443683277e-14 0.0004571091939)
(0.0001613390353 2.443791697e-14 0.0004571104647)
(0.0001605843093 1.718647645e-14 0.0002847441485)
(0.0001609259058 1.71860139e-14 0.0002847433894)
(0.0001619375399 1.718482127e-14 0.0002847411414)
(0.0001635803676 1.718286971e-14 0.0002847374907)
(0.0001657912339 1.717983394e-14 0.0002847325778)
(0.0001684852064 1.71763645e-14 0.0002847265913)
(0.0001715587305 1.717246137e-14 0.0002847197614)
(0.0001748936698 1.716855824e-14 0.0002847123505)
(0.0001783619055 1.716422143e-14 0.0002847046435)
(0.0001818301412 1.715988462e-14 0.0002846969365)
(0.0001851650804 1.715511413e-14 0.0002846895257)
(0.0001882386046 1.715121101e-14 0.0002846826957)
(0.0001909325771 1.714774156e-14 0.0002846767093)
(0.0001931434434 1.714470579e-14 0.0002846717963)
(0.000194786271 1.714275423e-14 0.0002846681457)
(0.0001957979052 1.714134477e-14 0.0002846658976)
(0.0001961395017 1.714097748e-14 0.0002846651385)
(0.0001957979052 1.714134477e-14 0.0002846658976)
(0.000194786271 1.714275423e-14 0.0002846681457)
(0.0001931434434 1.714470579e-14 0.0002846717963)
(0.0001909325771 1.714774156e-14 0.0002846767093)
(0.0001882386046 1.715121101e-14 0.0002846826957)
(0.0001851650804 1.715511413e-14 0.0002846895257)
(0.0001818301412 1.715988462e-14 0.0002846969365)
(0.0001783619055 1.716422143e-14 0.0002847046435)
(0.0001748936698 1.716855824e-14 0.0002847123505)
(0.0001715587305 1.717246137e-14 0.0002847197614)
(0.0001684852064 1.71763645e-14 0.0002847265913)
(0.0001657912339 1.717983394e-14 0.0002847325778)
(0.0001635803676 1.718286971e-14 0.0002847374907)
(0.0001619375399 1.718482127e-14 0.0002847411414)
(0.0001609259058 1.71860139e-14 0.0002847433894)
(0.0001592095906 7.311753754e-15 6.006918502e-05)
(0.0001596482058 7.31131735e-15 6.00679335e-05)
(0.0001609471599 7.310124728e-15 6.006422716e-05)
(0.0001630565763 7.307956323e-15 6.005820829e-05)
(0.0001658953632 7.304920557e-15 6.005010829e-05)
(0.000169354466 7.30145111e-15 6.004023832e-05)
(0.0001733009191 7.297114302e-15 6.002897778e-05)
(0.0001775830333 7.291910131e-15 6.001675949e-05)
(0.0001820363021 7.287573323e-15 6.000405284e-05)
(0.000186489571 7.283236514e-15 5.999134618e-05)
(0.0001907716851 7.278899705e-15 5.997912789e-05)
(0.0001947181382 7.274562897e-15 5.996786735e-05)
(0.000198177241 7.27109345e-15 5.995799738e-05)
(0.0002010160279 7.268057683e-15 5.994989738e-05)
(0.0002031254444 7.265889279e-15 5.994387852e-05)
(0.0002044243984 7.264479816e-15 5.994017217e-05)
(0.0002048630136 7.264008102e-15 5.993892066e-05)
(0.0002044243984 7.264479816e-15 5.994017217e-05)
(0.0002031254444 7.265889279e-15 5.994387852e-05)
(0.0002010160279 7.268057683e-15 5.994989738e-05)
(0.000198177241 7.27109345e-15 5.995799738e-05)
(0.0001947181382 7.274562897e-15 5.996786735e-05)
(0.0001907716851 7.278899705e-15 5.997912789e-05)
(0.000186489571 7.283236514e-15 5.999134618e-05)
(0.0001820363021 7.287573323e-15 6.000405284e-05)
(0.0001775830333 7.291910131e-15 6.001675949e-05)
(0.0001733009191 7.297114302e-15 6.002897778e-05)
(0.000169354466 7.30145111e-15 6.004023832e-05)
(0.0001658953632 7.304920557e-15 6.005010829e-05)
(0.0001630565763 7.307956323e-15 6.005820829e-05)
(0.0001609471599 7.310124728e-15 6.006422716e-05)
(0.0001596482058 7.31131735e-15 6.00679335e-05)
(0.0001567880764 -5.513319467e-15 -0.0002244174408)
(0.0001573371598 -5.513818568e-15 -0.0002244194021)
(0.0001589632638 -5.515336451e-15 -0.0002244252106)
(0.0001616039504 -5.517721696e-15 -0.0002244346431)
(0.0001651577042 -5.520757462e-15 -0.000224447337)
(0.0001694880044 -5.52466059e-15 -0.0002244628048)
(0.0001744283973 -5.528997399e-15 -0.0002244804518)
(0.0001797889896 -5.533767888e-15 -0.0002244995998)
(0.0001853638431 -5.538972059e-15 -0.0002245195131)
(0.0001909386965 -5.544176229e-15 -0.0002245394264)
(0.0001962992889 -5.548946719e-15 -0.0002245585744)
(0.0002012396817 -5.553283527e-15 -0.0002245762214)
(0.000205569982 -5.557186655e-15 -0.0002245916892)
(0.0002091237357 -5.560222421e-15 -0.0002246043832)
(0.0002117644223 -5.562607666e-15 -0.0002246138157)
(0.0002133905263 -5.563908709e-15 -0.0002246196241)
(0.0002139396097 -5.564391211e-15 -0.0002246215854)
(0.0002133905263 -5.563908709e-15 -0.0002246196241)
(0.0002117644223 -5.562607666e-15 -0.0002246138157)
(0.0002091237357 -5.560222421e-15 -0.0002246043832)
(0.000205569982 -5.557186655e-15 -0.0002245916892)
(0.0002012396817 -5.553283527e-15 -0.0002245762214)
(0.0001962992889 -5.548946719e-15 -0.0002245585744)
(0.0001909386965 -5.544176229e-15 -0.0002245394264)
(0.0001853638431 -5.538972059e-15 -0.0002245195131)
(0.0001797889896 -5.533767888e-15 -0.0002244995998)
(0.0001744283973 -5.528997399e-15 -0.0002244804518)
(0.0001694880044 -5.52466059e-15 -0.0002244628048)
(0.0001651577042 -5.520757462e-15 -0.000224447337)
(0.0001616039504 -5.517721696e-15 -0.0002244346431)
(0.0001589632638 -5.515336451e-15 -0.0002244252106)
(0.0001573371598 -5.513818568e-15 -0.0002244194021)
(0.0001531154649 -2.1583604e-14 -0.000576652229)
(0.0001537895808 -2.158418843e-14 -0.0005766551853)
(0.0001557859673 -2.158581473e-14 -0.0005766639403)
(0.0001590279685 -2.158863366e-14 -0.0005766781578)
(0.0001633909526 -2.159210311e-14 -0.0005766972912)
(0.0001687073118 -2.159600623e-14 -0.0005767206056)
(0.0001747726886 -2.160077672e-14 -0.0005767472048)
(0.0001813539492 -2.160598089e-14 -0.0005767760663)
(0.0001881982606 -2.161118506e-14 -0.0005768060814)
(0.000195042572 -2.161638923e-14 -0.0005768360965)
(0.0002016238326 -2.162246077e-14 -0.000576864958)
(0.0002076892094 -2.162723126e-14 -0.0005768915571)
(0.0002130055686 -2.163113438e-14 -0.0005769148715)
(0.0002173685527 -2.163460383e-14 -0.000576934005)
(0.0002206105539 -2.163742276e-14 -0.0005769482225)
(0.0002226069404 -2.163883222e-14 -0.0005769569775)
(0.0002232810563 -2.163939896e-14 -0.0005769599337)
(0.0002226069404 -2.163883222e-14 -0.0005769569775)
(0.0002206105539 -2.163742276e-14 -0.0005769482225)
(0.0002173685528 -2.163460383e-14 -0.000576934005)
(0.0002130055686 -2.163113438e-14 -0.0005769148715)
(0.0002076892094 -2.162723126e-14 -0.0005768915571)
(0.0002016238326 -2.162246077e-14 -0.000576864958)
(0.000195042572 -2.161638923e-14 -0.0005768360965)
(0.0001881982606 -2.161118506e-14 -0.0005768060814)
(0.0001813539492 -2.160598089e-14 -0.0005767760663)
(0.0001747726886 -2.160077672e-14 -0.0005767472048)
(0.0001687073118 -2.159600623e-14 -0.0005767206056)
(0.0001633909526 -2.159210311e-14 -0.0005766972912)
(0.0001590279685 -2.158863366e-14 -0.0005766781578)
(0.0001557859673 -2.158581473e-14 -0.0005766639403)
(0.0001537895808 -2.158418843e-14 -0.0005766551853)
(0.0001479469317 -4.116891424e-14 -0.001005502356)
(0.0001487617573 -4.116954173e-14 -0.001005506675)
(0.000151174854 -4.117105962e-14 -0.001005519466)
(0.0001550935652 -4.117409538e-14 -0.001005540239)
(0.0001603672448 -4.117799851e-14 -0.001005568194)
(0.0001667932994 -4.1182769e-14 -0.001005602257)
(0.0001741247158 -4.118840685e-14 -0.00100564112)
(0.0001820796975 -4.119447838e-14 -0.001005683288)
(0.0001903526371 -4.120054992e-14 -0.001005727141)
(0.0001986255768 -4.120662145e-14 -0.001005770995)
(0.0002065805585 -4.121182562e-14 -0.001005813163)
(0.0002139119749 -4.121746347e-14 -0.001005852025)
(0.0002203380295 -4.122223396e-14 -0.001005886089)
(0.000225611709 -4.122613709e-14 -0.001005914044)
(0.0002295304203 -4.122873917e-14 -0.001005934816)
(0.0002319435169 -4.123069074e-14 -0.001005947608)
(0.0002327583426 -4.123119134e-14 -0.001005951927)
(0.0002319435169 -4.123069074e-14 -0.001005947608)
(0.0002295304203 -4.122873917e-14 -0.001005934816)
(0.000225611709 -4.122613709e-14 -0.001005914044)
(0.0002203380295 -4.122223396e-14 -0.001005886089)
(0.0002139119749 -4.121746347e-14 -0.001005852025)
(0.0002065805585 -4.121182562e-14 -0.001005813163)
(0.0001986255768 -4.120662145e-14 -0.001005770995)
(0.0001903526371 -4.120054992e-14 -0.001005727141)
(0.0001820796975 -4.119447838e-14 -0.001005683288)
(0.0001741247158 -4.118840685e-14 -0.00100564112)
(0.0001667932994 -4.1182769e-14 -0.001005602257)
(0.0001603672448 -4.117799851e-14 -0.001005568194)
(0.0001550935652 -4.117409538e-14 -0.001005540239)
(0.000151174854 -4.117105962e-14 -0.001005519466)
(0.0001487617573 -4.116954173e-14 -0.001005506675)
(0.0001410061006 -6.446576473e-14 -0.001519999751)
(0.0001419780057 -6.446644434e-14 -0.001520005896)
(0.0001448562915 -6.44683959e-14 -0.001520024095)
(0.0001495304395 -6.447186535e-14 -0.001520053648)
(0.0001558207622 -6.447620216e-14 -0.001520093421)
(0.0001634856112 -6.448184001e-14 -0.001520141884)
(0.0001722303548 -6.448791154e-14 -0.001520197175)
(0.0001817188726 -6.449441675e-14 -0.001520257169)
(0.0001915866433 -6.450135565e-14 -0.001520319561)
(0.0002014544141 -6.450829454e-14 -0.001520381953)
(0.0002109429319 -6.451479975e-14 -0.001520441947)
(0.0002196876755 -6.452087128e-14 -0.001520497238)
(0.0002273525245 -6.452650914e-14 -0.001520545701)
(0.0002336428472 -6.453084594e-14 -0.001520585474)
(0.0002383169952 -6.453388171e-14 -0.001520615028)
(0.000241195281 -6.453605012e-14 -0.001520633226)
(0.0002421671861 -6.453665697e-14 -0.001520639372)
(0.000241195281 -6.453605012e-14 -0.001520633226)
(0.0002383169952 -6.453388171e-14 -0.001520615028)
(0.0002336428472 -6.453084594e-14 -0.001520585474)
(0.0002273525245 -6.452650914e-14 -0.001520545701)
(0.0002196876755 -6.452087128e-14 -0.001520497238)
(0.0002109429319 -6.451479975e-14 -0.001520441947)
(0.0002014544141 -6.450829454e-14 -0.001520381953)
(0.0001915866433 -6.450135565e-14 -0.001520319561)
(0.0001817188726 -6.449441675e-14 -0.001520257169)
(0.0001722303548 -6.448791154e-14 -0.001520197175)
(0.0001634856112 -6.448184001e-14 -0.001520141884)
(0.0001558207622 -6.447620216e-14 -0.001520093421)
(0.0001495304395 -6.447186535e-14 -0.001520053648)
(0.0001448562915 -6.44683959e-14 -0.001520024095)
(0.0001419780057 -6.446644434e-14 -0.001520005896)
(0.0001319830712 -9.161134921e-14 -0.002129879644)
(0.000133128688 -9.161204781e-14 -0.002129888182)
(0.000136521419 -9.161443305e-14 -0.002129913468)
(0.0001420309924 -9.161811934e-14 -0.002129954531)
(0.0001494456047 -9.162332351e-14 -0.002130009792)
(0.0001584804167 -9.162939504e-14 -0.002130077129)
(0.0001687881363 -9.163676762e-14 -0.002130153953)
(0.0001799725673 -9.164457387e-14 -0.00213023731)
(0.0001916040363 -9.165238013e-14 -0.002130324)
(0.0002032355053 -9.166018639e-14 -0.002130410689)
(0.0002144199363 -9.166799264e-14 -0.002130494047)
(0.0002247276559 -9.167536522e-14 -0.00213057087)
(0.0002337624679 -9.168143675e-14 -0.002130638207)
(0.0002411770802 -9.168664092e-14 -0.002130693468)
(0.0002466866536 -9.169032721e-14 -0.002130734531)
(0.0002500793846 -9.169249561e-14 -0.002130759817)
(0.0002512250014 -9.169334606e-14 -0.002130768356)
(0.0002500793846 -9.169249561e-14 -0.002130759817)
(0.0002466866536 -9.169032721e-14 -0.002130734531)
(0.0002411770802 -9.168664092e-14 -0.002130693468)
(0.0002337624679 -9.168143675e-14 -0.002130638207)
(0.0002247276559 -9.167536522e-14 -0.00213057087)
(0.0002144199363 -9.166799264e-14 -0.002130494047)
(0.0002032355053 -9.166018639e-14 -0.002130410689)
(0.0001916040363 -9.165238013e-14 -0.002130324)
(0.0001799725673 -9.164457387e-14 -0.00213023731)
(0.0001687881363 -9.163676762e-14 -0.002130153953)
(0.0001584804167 -9.162939504e-14 -0.002130077129)
(0.0001494456047 -9.162332351e-14 -0.002130009792)
(0.0001420309924 -9.161811934e-14 -0.002129954531)
(0.000136521419 -9.161443305e-14 -0.002129913468)
(0.000133128688 -9.161204781e-14 -0.002129888182)
(0.0001205634441 -1.226172055e-13 -0.002844216748)
(0.000121898618 -1.226180615e-13 -0.002844228345)
(0.0001258527198 -1.226208805e-13 -0.002844262692)
(0.0001322739228 -1.226250004e-13 -0.002844318469)
(0.0001409153777 -1.22631072e-13 -0.002844393532)
(0.0001514451151 -1.226384445e-13 -0.002844484998)
(0.0001634583791 -1.226466845e-13 -0.00284458935)
(0.0001764934176 -1.226553581e-13 -0.002844702577)
(0.0001900494622 -1.226648991e-13 -0.00284482033)
(0.0002036055068 -1.226744401e-13 -0.002844938083)
(0.0002166405453 -1.226831137e-13 -0.00284505131)
(0.0002286538093 -1.226913536e-13 -0.002845155662)
(0.0002391835467 -1.226987262e-13 -0.002845247128)
(0.0002478250017 -1.227047977e-13 -0.002845322191)
(0.0002542462046 -1.227093514e-13 -0.002845377968)
(0.0002582003064 -1.227121703e-13 -0.002845412314)
(0.0002595354803 -1.227130519e-13 -0.002845423912)
(0.0002582003064 -1.227121703e-13 -0.002845412314)
(0.0002542462046 -1.227093514e-13 -0.002845377968)
(0.0002478250017 -1.227047977e-13 -0.002845322191)
(0.0002391835467 -1.226987262e-13 -0.002845247128)
(0.0002286538093 -1.226913536e-13 -0.002845155662)
(0.0002166405453 -1.226831137e-13 -0.00284505131)
(0.0002036055068 -1.226744401e-13 -0.002844938083)
(0.0001900494622 -1.226648991e-13 -0.00284482033)
(0.0001764934176 -1.226553581e-13 -0.002844702577)
(0.0001634583791 -1.226466845e-13 -0.00284458935)
(0.0001514451152 -1.226384445e-13 -0.002844484998)
(0.0001409153777 -1.22631072e-13 -0.002844393532)
(0.0001322739228 -1.226250004e-13 -0.002844318469)
(0.0001258527198 -1.226208805e-13 -0.002844262692)
(0.000121898618 -1.226180615e-13 -0.002844228345)
(0.000106439051 -1.57392858e-13 -0.003671911202)
(0.0001079777186 -1.573939546e-13 -0.003671926605)
(0.0001125344649 -1.573970988e-13 -0.00367197222)
(0.000119934323 -1.57402303e-13 -0.003672046297)
(0.0001298928215 -1.574092419e-13 -0.003672145987)
(0.0001420273957 -1.574179155e-13 -0.00367226746)
(0.0001558716005 -1.574274565e-13 -0.003672406048)
(0.0001708933084 -1.574374311e-13 -0.003672556423)
(0.000186515429 -1.574487069e-13 -0.003672712809)
(0.0002021375497 -1.574599826e-13 -0.003672869195)
(0.0002171592576 -1.574708246e-13 -0.00367301957)
(0.0002310034624 -1.574803656e-13 -0.003673158158)
(0.0002431380366 -1.574890392e-13 -0.003673279631)
(0.0002530965351 -1.574959781e-13 -0.003673379321)
(0.0002604963932 -1.575011822e-13 -0.003673453398)
(0.0002650531395 -1.575043264e-13 -0.003673499013)
(0.0002665918071 -1.575053817e-13 -0.003673514416)
(0.0002650531395 -1.575043264e-13 -0.003673499013)
(0.0002604963932 -1.575011822e-13 -0.003673453398)
(0.0002530965351 -1.574959781e-13 -0.003673379321)
(0.0002431380366 -1.574890392e-13 -0.003673279631)
(0.0002310034624 -1.574803656e-13 -0.003673158158)
(0.0002171592576 -1.574708246e-13 -0.00367301957)
(0.0002021375497 -1.574599826e-13 -0.003672869195)
(0.000186515429 -1.574487069e-13 -0.003672712809)
(0.0001708933084 -1.574374311e-13 -0.003672556423)
(0.0001558716005 -1.574274565e-13 -0.003672406048)
(0.0001420273957 -1.574179155e-13 -0.00367226746)
(0.0001298928215 -1.574092419e-13 -0.003672145987)
(0.000119934323 -1.57402303e-13 -0.003672046297)
(0.0001125344649 -1.573970988e-13 -0.00367197222)
(0.0001079777186 -1.573939546e-13 -0.003671926605)
(8.937058071e-05 -1.956651052e-13 -0.004619534602)
(9.112291708e-05 -1.956663997e-13 -0.00461955458)
(9.631244096e-05 -1.95670086e-13 -0.004619613746)
(0.0001047398885 -1.956763744e-13 -0.004619709827)
(0.0001160812849 -1.956846143e-13 -0.00461983913)
(0.00012990094 -1.95694589e-13 -0.004619996688)
(0.0001456676356 -1.957058647e-13 -0.004620176444)
(0.0001627753495 -1.957175741e-13 -0.004620371489)
(0.0001805668531 -1.957305845e-13 -0.00462057433)
(0.0001983583566 -1.957435949e-13 -0.004620777171)
(0.0002154660706 -1.957561717e-13 -0.004620972216)
(0.0002312327661 -1.957674474e-13 -0.004621151972)
(0.0002450524212 -1.957774221e-13 -0.00462130953)
(0.0002563938176 -1.95785662e-13 -0.004621438833)
(0.0002648212652 -1.957919504e-13 -0.004621534914)
(0.0002700107891 -1.957956366e-13 -0.00462159408)
(0.0002717631254 -1.957969108e-13 -0.004621614058)
(0.0002700107891 -1.957956366e-13 -0.00462159408)
(0.0002648212652 -1.957919504e-13 -0.004621534914)
(0.0002563938176 -1.95785662e-13 -0.004621438833)
(0.0002450524212 -1.957774221e-13 -0.00462130953)
(0.0002312327661 -1.957674474e-13 -0.004621151972)
(0.0002154660706 -1.957561717e-13 -0.004620972216)
(0.0001983583566 -1.957435949e-13 -0.004620777171)
(0.0001805668531 -1.957305845e-13 -0.00462057433)
(0.0001627753495 -1.957175741e-13 -0.004620371489)
(0.0001456676356 -1.957058647e-13 -0.004620176444)
(0.00012990094 -1.95694589e-13 -0.004619996688)
(0.0001160812849 -1.956846143e-13 -0.00461983913)
(0.0001047398885 -1.956763744e-13 -0.004619709827)
(9.631244096e-05 -1.95670086e-13 -0.004619613746)
(9.112291709e-05 -1.956663997e-13 -0.00461955458)
(6.921812474e-05 -2.370195325e-13 -0.005691777765)
(7.11887321e-05 -2.370210148e-13 -0.005691803032)
(7.7024663e-05 -2.3702546e-13 -0.005691877857)
(8.650183328e-05 -2.370326158e-13 -0.005691999369)
(9.925591388e-05 -2.370421567e-13 -0.005692162896)
(0.000114796945 -2.370538661e-13 -0.005692362156)
(0.00013252754 -2.370668765e-13 -0.00569258949)
(0.0001517661905 -2.37081188e-13 -0.005692836159)
(0.0001717738035 -2.370959332e-13 -0.005693092688)
(0.0001917814165 -2.371106783e-13 -0.005693349217)
(0.000211020067 -2.371258571e-13 -0.005693595886)
(0.0002287506619 -2.371388676e-13 -0.005693823219)
(0.0002442916931 -2.37150577e-13 -0.00569402248)
(0.0002570457737 -2.371601179e-13 -0.005694186007)
(0.000266522944 -2.3716684e-13 -0.005694307519)
(0.0002723588749 -2.371710684e-13 -0.005694382344)
(0.0002743294823 -2.371726233e-13 -0.00569440761)
(0.0002723588749 -2.371710684e-13 -0.005694382344)
(0.000266522944 -2.3716684e-13 -0.005694307519)
(0.0002570457737 -2.371601179e-13 -0.005694186007)
(0.0002442916931 -2.37150577e-13 -0.00569402248)
(0.0002287506619 -2.371388676e-13 -0.005693823219)
(0.000211020067 -2.371258571e-13 -0.005693595886)
(0.0001917814165 -2.371106783e-13 -0.005693349217)
(0.0001717738035 -2.370959332e-13 -0.005693092688)
(0.0001517661905 -2.37081188e-13 -0.005692836159)
(0.00013252754 -2.370668765e-13 -0.00569258949)
(0.0001147969451 -2.370538661e-13 -0.005692362156)
(9.925591388e-05 -2.370421567e-13 -0.005692162896)
(8.650183328e-05 -2.370326158e-13 -0.005691999369)
(7.702466301e-05 -2.3702546e-13 -0.005691877857)
(7.11887321e-05 -2.370210148e-13 -0.005691803032)
(4.604024869e-05 -2.808198727e-13 -0.006888542362)
(4.8225823e-05 -2.808214815e-13 -0.006888573442)
(5.469837601e-05 -2.808267941e-13 -0.006888665487)
(6.520937899e-05 -2.808348172e-13 -0.006888814961)
(7.935475944e-05 -2.808456592e-13 -0.006889016119)
(9.659110955e-05 -2.808591033e-13 -0.006889261233)
(0.0001162558756 -2.808742822e-13 -0.006889540881)
(0.0001375932059 -2.808898947e-13 -0.006889844313)
(0.0001597833823 -2.809072419e-13 -0.006890159874)
(0.0001819735586 -2.809245891e-13 -0.006890475435)
(0.000203310889 -2.80941069e-13 -0.006890778868)
(0.000222975655 -2.809562479e-13 -0.006891058516)
(0.0002402120051 -2.80969692e-13 -0.00689130363)
(0.0002543573856 -2.80980534e-13 -0.006891504787)
(0.0002648683885 -2.809885571e-13 -0.006891654262)
(0.0002713409416 -2.80993436e-13 -0.006891746306)
(0.0002735265159 -2.809951796e-13 -0.006891777387)
(0.0002713409416 -2.80993436e-13 -0.006891746306)
(0.0002648683885 -2.809885571e-13 -0.006891654262)
(0.0002543573856 -2.80980534e-13 -0.006891504787)
(0.0002402120051 -2.80969692e-13 -0.00689130363)
(0.000222975655 -2.809562479e-13 -0.006891058516)
(0.000203310889 -2.80941069e-13 -0.006890778868)
(0.0001819735587 -2.809245891e-13 -0.006890475435)
(0.0001597833823 -2.809072419e-13 -0.006890159874)
(0.0001375932059 -2.808898947e-13 -0.006889844313)
(0.0001162558756 -2.808742822e-13 -0.006889540881)
(9.659110955e-05 -2.808591033e-13 -0.006889261233)
(7.935475945e-05 -2.808456592e-13 -0.006889016119)
(6.520937899e-05 -2.808348172e-13 -0.006888814961)
(5.469837602e-05 -2.808267941e-13 -0.006888665487)
(4.8225823e-05 -2.808214815e-13 -0.006888573442)
(2.012571469e-05 -3.262859969e-13 -0.008205700747)
(2.251328834e-05 -3.262879333e-13 -0.00820573784)
(2.958406006e-05 -3.262932459e-13 -0.008205847689)
(4.106653111e-05 -3.263027869e-13 -0.008206026078)
(5.651928304e-05 -3.263149299e-13 -0.008206266147)
(7.534868414e-05 -3.263301088e-13 -0.008206558675)
(9.683094486e-05 -3.263470223e-13 -0.008206892416)
(0.0001201403549 -3.263656706e-13 -0.008207254544)
(0.0001443814343 -3.263847526e-13 -0.008207631146)
(0.0001686225137 -3.264038345e-13 -0.008208007748)
(0.0001919319237 -3.264224828e-13 -0.008208369876)
(0.0002134141844 -3.264393963e-13 -0.008208703618)
(0.0002322435855 -3.264545752e-13 -0.008208996146)
(0.0002476963374 -3.264667182e-13 -0.008209236215)
(0.0002591788085 -3.264753919e-13 -0.008209414603)
(0.0002662495802 -3.264811381e-13 -0.008209524453)
(0.0002686371539 -3.264829806e-13 -0.008209561545)
(0.0002662495802 -3.264811381e-13 -0.008209524453)
(0.0002591788085 -3.264753919e-13 -0.008209414603)
(0.0002476963374 -3.264667182e-13 -0.008209236215)
(0.0002322435855 -3.264545752e-13 -0.008208996146)
(0.0002134141844 -3.264393963e-13 -0.008208703618)
(0.0001919319237 -3.264224828e-13 -0.008208369876)
(0.0001686225137 -3.264038345e-13 -0.008208007748)
(0.0001443814343 -3.263847526e-13 -0.008207631146)
(0.0001201403549 -3.263656706e-13 -0.008207254544)
(9.683094487e-05 -3.263470223e-13 -0.008206892416)
(7.534868415e-05 -3.263301088e-13 -0.008206558675)
(5.651928304e-05 -3.263149299e-13 -0.008206266147)
(4.106653111e-05 -3.263027869e-13 -0.008206026078)
(2.958406007e-05 -3.262932459e-13 -0.008205847689)
(2.251328834e-05 -3.262879333e-13 -0.00820573784)
(-7.918559204e-06 -3.724460392e-13 -0.009632017074)
(-5.353051982e-06 -3.724481661e-13 -0.009632059903)
(2.244667953e-06 -3.724542376e-13 -0.00963218674)
(1.458286845e-05 -3.724646459e-13 -0.009632392716)
(3.118723442e-05 -3.7247809e-13 -0.009632669911)
(5.141989384e-05 -3.724941362e-13 -0.009633007677)
(7.450311685e-05 -3.725132182e-13 -0.009633393031)
(9.954965718e-05 -3.725336012e-13 -0.009633811161)
(0.0001255972994 -3.725544179e-13 -0.009634246003)
(0.0001516449417 -3.725752346e-13 -0.009634680846)
(0.000176691482 -3.725956176e-13 -0.009635098975)
(0.000199774705 -3.726146995e-13 -0.009635484329)
(0.0002200073644 -3.726307457e-13 -0.009635822096)
(0.0002366117304 -3.726441898e-13 -0.009636099291)
(0.0002489499309 -3.726541645e-13 -0.009636305266)
(0.0002565476508 -3.726604528e-13 -0.009636432103)
(0.0002591131581 -3.726624293e-13 -0.009636474932)
(0.0002565476508 -3.726604528e-13 -0.009636432103)
(0.0002489499309 -3.726541645e-13 -0.009636305266)
(0.0002366117304 -3.726441898e-13 -0.009636099291)
(0.0002200073644 -3.726307457e-13 -0.009635822096)
(0.000199774705 -3.726146995e-13 -0.009635484329)
(0.000176691482 -3.725956176e-13 -0.009635098975)
(0.0001516449417 -3.725752346e-13 -0.009634680846)
(0.0001255972994 -3.725544179e-13 -0.009634246003)
(9.954965719e-05 -3.725336012e-13 -0.009633811161)
(7.450311686e-05 -3.725132182e-13 -0.009633393031)
(5.141989385e-05 -3.724941362e-13 -0.009633007677)
(3.118723442e-05 -3.7247809e-13 -0.009632669911)
(1.458286845e-05 -3.724646459e-13 -0.009632392716)
(2.244667956e-06 -3.724542376e-13 -0.00963218674)
(-5.35305198e-06 -3.724481661e-13 -0.009632059903)
(-3.722438832e-05 -4.182864373e-13 -0.01115119701)
(-3.451577453e-05 -4.182885592e-13 -0.01115124475)
(-2.649424618e-05 -4.182951728e-13 -0.01115138614)
(-1.346780851e-05 -4.183060148e-13 -0.01115161574)
(4.062765619e-06 -4.183203263e-13 -0.01115192474)
(2.542402304e-05 -4.183376735e-13 -0.01115230125)
(4.979485134e-05 -4.183580565e-13 -0.0111527308)
(7.623851276e-05 -4.183797406e-13 -0.0111531969)
(0.0001037391186 -4.18402292e-13 -0.01115368162)
(0.0001312397244 -4.184248434e-13 -0.01115416634)
(0.0001576833858 -4.184465274e-13 -0.01115463244)
(0.0001820542141 -4.184669104e-13 -0.01115506199)
(0.0002034154715 -4.184842577e-13 -0.01115543851)
(0.0002209460456 -4.184985691e-13 -0.0111557475)
(0.0002339724833 -4.185094112e-13 -0.0111559771)
(0.0002419940117 -4.185160248e-13 -0.01115611849)
(0.0002447026254 -4.185183463e-13 -0.01115616623)
(0.0002419940117 -4.185160248e-13 -0.01115611849)
(0.0002339724833 -4.185094112e-13 -0.0111559771)
(0.0002209460456 -4.184985691e-13 -0.0111557475)
(0.0002034154715 -4.184842577e-13 -0.01115543851)
(0.0001820542141 -4.184669104e-13 -0.01115506199)
(0.0001576833858 -4.184465274e-13 -0.01115463244)
(0.0001312397244 -4.184248434e-13 -0.01115416634)
(0.0001037391186 -4.18402292e-13 -0.01115368162)
(7.623851277e-05 -4.183797406e-13 -0.0111531969)
(4.979485135e-05 -4.183580565e-13 -0.0111527308)
(2.542402305e-05 -4.183376735e-13 -0.01115230125)
(4.062765624e-06 -4.183203263e-13 -0.01115192474)
(-1.34678085e-05 -4.183060148e-13 -0.01115161574)
(-2.649424617e-05 -4.182951728e-13 -0.01115138614)
(-3.451577453e-05 -4.182885592e-13 -0.01115124475)
(-6.672425426e-05 -4.627938157e-13 -0.01274008824)
(-6.391578398e-05 -4.627961426e-13 -0.01274013957)
(-5.559853175e-05 -4.62802973e-13 -0.01274029157)
(-4.209185785e-05 -4.628146824e-13 -0.01274053842)
(-2.391499676e-05 -4.628294276e-13 -0.01274087063)
(-1.766229353e-06 -4.628480758e-13 -0.01274127542)
(2.35030606e-05 -4.628688925e-13 -0.01274173724)
(5.092160131e-05 -4.628918776e-13 -0.01274223835)
(7.9436052e-05 -4.629152964e-13 -0.01274275948)
(0.0001079505027 -4.629387151e-13 -0.01274328062)
(0.0001353690434 -4.629617002e-13 -0.01274378172)
(0.0001606383333 -4.629825169e-13 -0.01274424354)
(0.0001827871008 -4.630011652e-13 -0.01274464834)
(0.0002009639618 -4.630159103e-13 -0.01274498054)
(0.0002144706358 -4.63027186e-13 -0.01274522739)
(0.000222787888 -4.630340165e-13 -0.0127453794)
(0.0002255963583 -4.630362692e-13 -0.01274543073)
(0.000222787888 -4.630340165e-13 -0.0127453794)
(0.0002144706358 -4.63027186e-13 -0.01274522739)
(0.0002009639619 -4.630159103e-13 -0.01274498054)
(0.0001827871008 -4.630011652e-13 -0.01274464834)
(0.0001606383334 -4.629825169e-13 -0.01274424354)
(0.0001353690434 -4.629617002e-13 -0.01274378172)
(0.0001079505027 -4.629387151e-13 -0.01274328062)
(7.943605201e-05 -4.629152964e-13 -0.01274275948)
(5.092160132e-05 -4.628918776e-13 -0.01274223835)
(2.35030606e-05 -4.628688925e-13 -0.01274173724)
(-1.766229346e-06 -4.628480758e-13 -0.01274127542)
(-2.391499676e-05 -4.628294276e-13 -0.01274087063)
(-4.209185785e-05 -4.628146824e-13 -0.01274053842)
(-5.559853175e-05 -4.62802973e-13 -0.01274029157)
(-6.391578398e-05 -4.627961426e-13 -0.01274013957)
(-9.545821723e-05 -5.052330176e-13 -0.01437377026)
(-9.259565257e-05 -5.052353935e-13 -0.01437382359)
(-8.411820047e-05 -5.052425492e-13 -0.01437398151)
(-7.035137246e-05 -5.052538249e-13 -0.01437423796)
(-5.182440407e-05 -5.052694374e-13 -0.01437458309)
(-2.924902586e-05 -5.052880857e-13 -0.01437500363)
(-3.493020251e-06 -5.053097697e-13 -0.01437548342)
(2.445363317e-05 -5.053327548e-13 -0.01437600403)
(5.351730506e-05 -5.053570409e-13 -0.01437654543)
(8.258097694e-05 -5.053813271e-13 -0.01437708684)
(0.0001105276304 -5.054043122e-13 -0.01437760744)
(0.000136283636 -5.054259962e-13 -0.01437808724)
(0.0001588590142 -5.054446445e-13 -0.01437850778)
(0.0001773859826 -5.05460257e-13 -0.01437885291)
(0.0001911528106 -5.054715327e-13 -0.01437910936)
(0.0001996302627 -5.054784716e-13 -0.01437926728)
(0.0002024928273 -5.054809492e-13 -0.01437932061)
(0.0001996302627 -5.054784716e-13 -0.01437926728)
(0.0001911528106 -5.054715327e-13 -0.01437910936)
(0.0001773859826 -5.05460257e-13 -0.01437885291)
(0.0001588590142 -5.054446445e-13 -0.01437850778)
(0.000136283636 -5.054259962e-13 -0.01437808724)
(0.0001105276304 -5.054043122e-13 -0.01437760744)
(8.258097695e-05 -5.053813271e-13 -0.01437708684)
(5.351730506e-05 -5.053570409e-13 -0.01437654543)
(2.445363318e-05 -5.053327548e-13 -0.01437600403)
(-3.493020244e-06 -5.053097697e-13 -0.01437548342)
(-2.924902585e-05 -5.052880857e-13 -0.01437500363)
(-5.182440406e-05 -5.052694374e-13 -0.01437458309)
(-7.035137245e-05 -5.052538249e-13 -0.01437423796)
(-8.411820047e-05 -5.052425492e-13 -0.01437398151)
(-9.259565257e-05 -5.052353935e-13 -0.01437382359)
(-0.0001229418387 -5.453550987e-13 -0.01602727946)
(-0.0001200634451 -5.453575959e-13 -0.01602733338)
(-0.0001115391157 -5.453647516e-13 -0.01602749305)
(-9.769616195e-05 -5.453762442e-13 -0.01602775235)
(-7.906674597e-05 -5.453918567e-13 -0.0160281013)
(-5.636653389e-05 -5.45410505e-13 -0.01602852651)
(-3.046810667e-05 -5.45432189e-13 -0.01602901163)
(-2.366918124e-06 -5.454551741e-13 -0.016029538)
(2.68574656e-05 -5.454794602e-13 -0.01603008542)
(5.608184933e-05 -5.455037463e-13 -0.01603063283)
(8.418303788e-05 -5.455275988e-13 -0.01603115921)
(0.0001100814651 -5.455492828e-13 -0.01603164433)
(0.0001327816772 -5.455679311e-13 -0.01603206953)
(0.0001514110932 -5.455835436e-13 -0.01603241849)
(0.0001652540469 -5.455950362e-13 -0.01603267779)
(0.0001737783763 -5.456021919e-13 -0.01603283746)
(0.0001766567699 -5.456045818e-13 -0.01603289138)
(0.0001737783763 -5.456021919e-13 -0.01603283746)
(0.0001652540469 -5.455950362e-13 -0.01603267779)
(0.0001514110932 -5.455835436e-13 -0.01603241849)
(0.0001327816772 -5.455679311e-13 -0.01603206953)
(0.0001100814651 -5.455492828e-13 -0.01603164433)
(8.418303788e-05 -5.455275988e-13 -0.01603115921)
(5.608184934e-05 -5.455037463e-13 -0.01603063283)
(2.685746561e-05 -5.454794602e-13 -0.01603008542)
(-2.366918117e-06 -5.454551741e-13 -0.016029538)
(-3.046810666e-05 -5.45432189e-13 -0.01602901163)
(-5.636653388e-05 -5.45410505e-13 -0.01602852651)
(-7.906674596e-05 -5.453918567e-13 -0.0160281013)
(-9.769616194e-05 -5.453762442e-13 -0.01602775235)
(-0.0001115391157 -5.453647516e-13 -0.01602749305)
(-0.0001200634451 -5.453575959e-13 -0.01602733338)
(-0.0001497832076 -5.84867977e-13 -0.01768573579)
(-0.0001469047455 -5.848703683e-13 -0.0176857897)
(-0.0001383802134 -5.848776324e-13 -0.01768594939)
(-0.0001245369304 -5.848893418e-13 -0.0176862087)
(-0.0001059070714 -5.849045207e-13 -0.01768655767)
(-8.32063195e-05 -5.849236026e-13 -0.0176869829)
(-5.730727637e-05 -5.849452867e-13 -0.01768746804)
(-2.920541953e-05 -5.849687054e-13 -0.01768799444)
(1.965920493e-08 -5.849929915e-13 -0.01768854188)
(2.924473794e-05 -5.850172777e-13 -0.01768908932)
(5.734659478e-05 -5.850406964e-13 -0.01768961572)
(8.324563791e-05 -5.850623805e-13 -0.01769010086)
(0.0001059463898 -5.850814624e-13 -0.01769052609)
(0.0001245762489 -5.850966413e-13 -0.01769087506)
(0.0001384195318 -5.851083507e-13 -0.01769113437)
(0.0001469440639 -5.85115398e-13 -0.01769129405)
(0.000149822526 -5.85117808e-13 -0.01769134797)
(0.0001469440639 -5.85115398e-13 -0.01769129405)
(0.0001384195318 -5.851083507e-13 -0.01769113437)
(0.0001245762489 -5.850966413e-13 -0.01769087506)
(0.0001059463898 -5.850814624e-13 -0.01769052609)
(8.324563791e-05 -5.850623805e-13 -0.01769010086)
(5.734659478e-05 -5.850406964e-13 -0.01768961572)
(2.924473794e-05 -5.850172777e-13 -0.01768908932)
(1.965921204e-08 -5.849929915e-13 -0.01768854188)
(-2.920541952e-05 -5.849687054e-13 -0.01768799444)
(-5.730727636e-05 -5.849452867e-13 -0.01768746804)
(-8.320631949e-05 -5.849236026e-13 -0.0176869829)
(-0.0001059070714 -5.849045207e-13 -0.01768655767)
(-0.0001245369304 -5.848893418e-13 -0.0176862087)
(-0.0001383802134 -5.848776324e-13 -0.01768594939)
(-0.0001469047455 -5.848703683e-13 -0.0176857897)
)
;

boundaryField
{
    left
    {
        type            calculated;
    }
    right
    {
        type            calculated;
    }
    beam
    {
        type            empty;
    }
}


// ************************************************************************* //
