/*--------------------------------*- C++ -*----------------------------------*\
| =========                 |                                                 |
| \\      /  F ield         | OpenFOAM: The Open Source CFD Toolbox           |
|  \\    /   O peration     | Version:  2312                                  |
|   \\  /    A nd           | Website:  www.openfoam.com                      |
|    \\/     M anipulation  |                                                 |
\*---------------------------------------------------------------------------*/
FoamFile
{
    version     2.0;
    format      ascii;
    arch        "LSB;label=32;scalar=64";
    class       pointVectorField;
    location    "0.14/beam";
    object      pointW;
}
// * * * * * * * * * * * * * * * * * * * * * * * * * * * * * * * * * * * * * //

dimensions      [0 1 0 0 0 0 0];

internalField   nonuniform List<vector> 
1952
(
(-6.582302798e-05 2.626872181e-16 5.416168789e-07)
(-6.45582385e-05 2.576064362e-16 5.312097106e-07)
(-6.081257909e-05 2.426444462e-16 5.00389002e-07)
(-5.472987308e-05 2.18575158e-16 4.503381862e-07)
(-4.654395676e-05 1.856154119e-16 3.829813571e-07)
(-3.656929966e-05 1.461504529e-16 3.009060892e-07)
(-2.518932091e-05 1.006139616e-16 2.07267301e-07)
(-1.284143099e-05 5.117434254e-17 1.056641721e-07)
(-9.94891671e-16 0 -2.463489199e-16)
(1.284143098e-05 -5.117434254e-17 -1.056641726e-07)
(2.518932091e-05 -1.006139616e-16 -2.072673015e-07)
(3.656929966e-05 -1.461504529e-16 -3.009060896e-07)
(4.654395676e-05 -1.856154119e-16 -3.829813574e-07)
(5.472987308e-05 -2.18575158e-16 -4.503381865e-07)
(6.081257909e-05 -2.426444462e-16 -5.003890022e-07)
(6.45582385e-05 -2.576064362e-16 -5.312097107e-07)
(6.582302798e-05 -2.626872181e-16 -5.416168789e-07)
(6.45582385e-05 -2.576064362e-16 -5.312097106e-07)
(6.081257909e-05 -2.426444462e-16 -5.00389002e-07)
(5.472987308e-05 -2.18575158e-16 -4.503381862e-07)
(4.654395676e-05 -1.856154119e-16 -3.829813571e-07)
(3.656929966e-05 -1.461504529e-16 -3.009060892e-07)
(2.518932091e-05 -1.006139616e-16 -2.07267301e-07)
(1.284143099e-05 -5.117434254e-17 -1.056641721e-07)
(9.94897915e-16 0 2.463488685e-16)
(-1.284143098e-05 5.117434254e-17 1.056641726e-07)
(-2.518932091e-05 1.006139616e-16 2.072673015e-07)
(-3.656929966e-05 1.461504529e-16 3.009060896e-07)
(-4.654395676e-05 1.856154119e-16 3.829813574e-07)
(-5.472987308e-05 2.18575158e-16 4.503381865e-07)
(-6.081257909e-05 2.426444462e-16 5.003890022e-07)
(-6.45582385e-05 2.576064362e-16 5.312097107e-07)
(-4.782658442e-05 -9.6158608e-15 -0.0007292470488)
(-4.655894376e-05 -9.620884818e-15 -0.000729257503)
(-4.280484063e-05 -9.635955228e-15 -0.0007292884628)
(-3.670842255e-05 -9.660241357e-15 -0.0007293387396)
(-2.850405297e-05 -9.693201103e-15 -0.0007294064005)
(-1.85069103e-05 -9.732666062e-15 -0.0007294888462)
(-7.101278007e-06 -9.778202553e-15 -0.0007295829077)
(5.274447389e-06 -9.827208491e-15 -0.0007296849695)
(1.814482642e-05 -9.878382834e-15 -0.0007297911107)
(3.101520546e-05 -9.929557176e-15 -0.0007298972519)
(4.339093085e-05 -9.979430476e-15 -0.0007299993137)
(5.479656315e-05 -1.002496697e-14 -0.0007300933752)
(6.479370582e-05 -1.006443193e-14 -0.000730175821)
(7.29980754e-05 -1.009739167e-14 -0.0007302434819)
(7.909449347e-05 -1.012124412e-14 -0.0007302937586)
(8.284859661e-05 -1.013631453e-14 -0.0007303247185)
(8.411623727e-05 -1.01413098e-14 -0.0007303351726)
(8.284859661e-05 -1.013631453e-14 -0.0007303247185)
(7.909449348e-05 -1.012124412e-14 -0.0007302937586)
(7.29980754e-05 -1.009739167e-14 -0.0007302434819)
(6.479370582e-05 -1.006443193e-14 -0.000730175821)
(5.479656315e-05 -1.002496697e-14 -0.0007300933752)
(4.339093086e-05 -9.979430476e-15 -0.0007299993137)
(3.101520546e-05 -9.929557176e-15 -0.0007298972519)
(1.814482643e-05 -9.878382834e-15 -0.0007297911107)
(5.274447391e-06 -9.827208491e-15 -0.0007296849695)
(-7.101278005e-06 -9.778202553e-15 -0.0007295829077)
(-1.85069103e-05 -9.732666062e-15 -0.0007294888462)
(-2.850405297e-05 -9.693201103e-15 -0.0007294064005)
(-3.670842255e-05 -9.660241357e-15 -0.0007293387396)
(-4.280484063e-05 -9.635955228e-15 -0.0007292884628)
(-4.655894376e-05 -9.620884818e-15 -0.000729257503)
(-3.017955202e-05 -2.011895144e-14 -0.001462308754)
(-2.890338821e-05 -2.012398494e-14 -0.001462319349)
(-2.512404384e-05 -2.013883851e-14 -0.001462350727)
(-1.898663565e-05 -2.016312464e-14 -0.001462401682)
(-1.072710286e-05 -2.019565071e-14 -0.001462470256)
(-6.627430169e-07 -2.023554935e-14 -0.001462553814)
(1.081957662e-05 -2.028108584e-14 -0.001462649145)
(2.327851192e-05 -2.033095914e-14 -0.001462752584)
(3.623542673e-05 -2.038213348e-14 -0.001462860157)
(4.919234153e-05 -2.043330782e-14 -0.001462967731)
(6.165127683e-05 -2.048231376e-14 -0.00146307117)
(7.313359647e-05 -2.052785025e-14 -0.0014631665)
(8.319795631e-05 -2.056774889e-14 -0.001463250059)
(9.145748911e-05 -2.060027496e-14 -0.001463318633)
(9.759489729e-05 -2.062456109e-14 -0.001463369588)
(0.0001013742417 -2.06396315e-14 -0.001463400965)
(0.0001026504055 -2.064461548e-14 -0.001463411561)
(0.0001013742417 -2.06396315e-14 -0.001463400965)
(9.759489729e-05 -2.062456109e-14 -0.001463369588)
(9.145748911e-05 -2.060027496e-14 -0.001463318633)
(8.319795631e-05 -2.056774889e-14 -0.001463250059)
(7.313359647e-05 -2.052785025e-14 -0.0014631665)
(6.165127683e-05 -2.048231376e-14 -0.00146307117)
(4.919234154e-05 -2.043330782e-14 -0.001462967731)
(3.623542673e-05 -2.038213348e-14 -0.001462860157)
(2.327851192e-05 -2.033095914e-14 -0.001462752584)
(1.081957662e-05 -2.028108584e-14 -0.001462649145)
(-6.627430154e-07 -2.023554935e-14 -0.001462553814)
(-1.072710286e-05 -2.019565071e-14 -0.001462470256)
(-1.898663565e-05 -2.016312464e-14 -0.001462401682)
(-2.512404384e-05 -2.013883851e-14 -0.001462350727)
(-2.89033882e-05 -2.012398494e-14 -0.001462319349)
(-1.293160711e-05 -2.987288865e-14 -0.002201886653)
(-1.16413384e-05 -2.987800979e-14 -0.002201897483)
(-7.820222552e-06 -2.989275494e-14 -0.002201929559)
(-1.614980215e-06 -2.991704107e-14 -0.002201981646)
(6.735841669e-06 -2.994956713e-14 -0.002202051745)
(1.691143858e-05 -2.998946577e-14 -0.00220213716)
(2.85206674e-05 -3.003500226e-14 -0.00220223461)
(4.111730598e-05 -3.008530924e-14 -0.002202340349)
(5.421742804e-05 -3.013648359e-14 -0.002202450314)
(6.731755009e-05 -3.018765793e-14 -0.002202560278)
(7.991418868e-05 -3.023623019e-14 -0.002202666017)
(9.152341749e-05 -3.028176668e-14 -0.002202763467)
(0.0001016990144 -3.032166532e-14 -0.002202848882)
(0.0001100498363 -3.035419138e-14 -0.002202918981)
(0.0001162550786 -3.037891119e-14 -0.002202971068)
(0.0001200761945 -3.039387318e-14 -0.002203003144)
(0.0001213664632 -3.039888336e-14 -0.002203013974)
(0.0001200761945 -3.039387318e-14 -0.002203003144)
(0.0001162550786 -3.037891119e-14 -0.002202971068)
(0.0001100498363 -3.035419138e-14 -0.002202918981)
(0.0001016990144 -3.032166532e-14 -0.002202848882)
(9.152341749e-05 -3.028176668e-14 -0.002202763467)
(7.991418868e-05 -3.023623019e-14 -0.002202666017)
(6.731755009e-05 -3.018765793e-14 -0.002202560278)
(5.421742804e-05 -3.013648359e-14 -0.002202450314)
(4.111730599e-05 -3.008530924e-14 -0.002202340349)
(2.85206674e-05 -3.003500226e-14 -0.00220223461)
(1.691143858e-05 -2.998946577e-14 -0.00220213716)
(6.73584167e-06 -2.994956713e-14 -0.002202051745)
(-1.614980214e-06 -2.991704107e-14 -0.002201981646)
(-7.820222552e-06 -2.989275494e-14 -0.002201929559)
(-1.16413384e-05 -2.987800979e-14 -0.002201897483)
(3.87029068e-06 -3.850713363e-14 -0.002951155349)
(5.180098437e-06 -3.851216221e-14 -0.002951166511)
(9.059078942e-06 -3.85271242e-14 -0.002951199565)
(1.535828971e-05 -3.855119349e-14 -0.002951253242)
(2.383557137e-05 -3.858415323e-14 -0.00295132548)
(3.416526135e-05 -3.862405187e-14 -0.002951413502)
(4.595029328e-05 -3.866958836e-14 -0.002951513926)
(5.873768772e-05 -3.871989535e-14 -0.002951622892)
(7.203619008e-05 -3.877106969e-14 -0.002951736212)
(8.533469243e-05 -3.882224403e-14 -0.002951849533)
(9.812208687e-05 -3.887081629e-14 -0.002951958499)
(0.0001099071188 -3.891635278e-14 -0.002952058923)
(0.0001202368088 -3.895625142e-14 -0.002952146945)
(0.0001287140905 -3.898921117e-14 -0.002952219183)
(0.0001350133012 -3.901328045e-14 -0.00295227286)
(0.0001388922817 -3.902845928e-14 -0.002952305914)
(0.0001402020895 -3.90335348e-14 -0.002952317076)
(0.0001388922817 -3.902845928e-14 -0.002952305914)
(0.0001350133012 -3.901328045e-14 -0.00295227286)
(0.0001287140905 -3.898921117e-14 -0.002952219183)
(0.0001202368088 -3.895625142e-14 -0.002952146945)
(0.0001099071188 -3.891635278e-14 -0.002952058923)
(9.812208688e-05 -3.887081629e-14 -0.002951958499)
(8.533469243e-05 -3.882224403e-14 -0.002951849533)
(7.203619008e-05 -3.877106969e-14 -0.002951736212)
(5.873768772e-05 -3.871989535e-14 -0.002951622892)
(4.595029328e-05 -3.866958836e-14 -0.002951513926)
(3.416526135e-05 -3.862405187e-14 -0.002951413502)
(2.383557137e-05 -3.858415323e-14 -0.00295132548)
(1.535828971e-05 -3.855119349e-14 -0.002951253242)
(9.059078943e-06 -3.85271242e-14 -0.002951199565)
(5.180098437e-06 -3.851216221e-14 -0.002951166511)
(2.018160424e-05 -4.565538135e-14 -0.00371318903)
(2.151618436e-05 -4.566041555e-14 -0.003713200617)
(2.546852794e-05 -4.567548596e-14 -0.003713234933)
(3.188687555e-05 -4.569955525e-14 -0.003713290661)
(4.052448786e-05 -4.5732515e-14 -0.003713365657)
(5.104954305e-05 -4.577241364e-14 -0.003713457041)
(6.305746504e-05 -4.581795013e-14 -0.0037135613)
(7.608670721e-05 -4.586782343e-14 -0.003713674426)
(8.963672386e-05 -4.591899777e-14 -0.003713792074)
(0.0001031867405 -4.597017211e-14 -0.003713909722)
(0.0001162159827 -4.601917805e-14 -0.003714022849)
(0.0001282239047 -4.606471454e-14 -0.003714127108)
(0.0001387489599 -4.610461318e-14 -0.003714218492)
(0.0001473865722 -4.613757293e-14 -0.003714293488)
(0.0001538049198 -4.61620759e-14 -0.003714349215)
(0.0001577572634 -4.617714631e-14 -0.003714383531)
(0.0001590918435 -4.618221097e-14 -0.003714395119)
(0.0001577572634 -4.617714631e-14 -0.003714383531)
(0.0001538049198 -4.61620759e-14 -0.003714349215)
(0.0001473865722 -4.613757293e-14 -0.003714293488)
(0.0001387489599 -4.610461318e-14 -0.003714218492)
(0.0001282239047 -4.606471454e-14 -0.003714127108)
(0.0001162159827 -4.601917805e-14 -0.003714022849)
(0.0001031867405 -4.597017211e-14 -0.003713909722)
(8.963672386e-05 -4.591899777e-14 -0.003713792074)
(7.608670721e-05 -4.586782343e-14 -0.003713674426)
(6.305746504e-05 -4.581795013e-14 -0.0037135613)
(5.104954305e-05 -4.577241364e-14 -0.003713457041)
(4.052448786e-05 -4.5732515e-14 -0.003713365657)
(3.188687555e-05 -4.569955525e-14 -0.003713290661)
(2.546852794e-05 -4.567548596e-14 -0.003713234933)
(2.151618436e-05 -4.566041555e-14 -0.003713200617)
(3.595991142e-05 -5.095603958e-14 -0.004490932338)
(3.732424858e-05 -5.096107997e-14 -0.004490944448)
(4.136471725e-05 -5.097615038e-14 -0.004490980312)
(4.792617424e-05 -5.100043651e-14 -0.004491038552)
(5.675637871e-05 -5.103296258e-14 -0.00449111693)
(6.751611022e-05 -5.107286122e-14 -0.004491212435)
(7.97917719e-05 -5.111839771e-14 -0.004491321396)
(9.311152605e-05 -5.116827101e-14 -0.004491439624)
(0.0001069636663 -5.121944535e-14 -0.004491562577)
(0.0001208158066 -5.127061969e-14 -0.004491685531)
(0.0001341355608 -5.132049299e-14 -0.004491803759)
(0.0001464112225 -5.136602949e-14 -0.004491912719)
(0.000157170954 -5.140592813e-14 -0.004492008224)
(0.0001660011585 -5.143845419e-14 -0.004492086602)
(0.0001725626154 -5.1463174e-14 -0.004492144842)
(0.0001766030841 -5.147824441e-14 -0.004492180706)
(0.0001779674213 -5.148325439e-14 -0.004492192816)
(0.0001766030841 -5.147824441e-14 -0.004492180706)
(0.0001725626154 -5.1463174e-14 -0.004492144842)
(0.0001660011585 -5.143845419e-14 -0.004492086602)
(0.000157170954 -5.140592813e-14 -0.004492008224)
(0.0001464112225 -5.136602949e-14 -0.004491912719)
(0.0001341355608 -5.132049299e-14 -0.004491803759)
(0.0001208158066 -5.127061969e-14 -0.004491685531)
(0.0001069636663 -5.121944535e-14 -0.004491562577)
(9.311152605e-05 -5.116827101e-14 -0.004491439624)
(7.97917719e-05 -5.111839771e-14 -0.004491321396)
(6.751611022e-05 -5.107286122e-14 -0.004491212435)
(5.675637871e-05 -5.103296258e-14 -0.00449111693)
(4.792617424e-05 -5.100043651e-14 -0.004491038552)
(4.136471725e-05 -5.097615038e-14 -0.004490980312)
(3.732424858e-05 -5.096107997e-14 -0.004490944448)
(5.116461286e-05 -5.405190229e-14 -0.005287174672)
(5.256340165e-05 -5.405701928e-14 -0.005287187401)
(5.670589844e-05 -5.407176443e-14 -0.005287225099)
(6.343304244e-05 -5.409605056e-14 -0.005287286318)
(7.248622331e-05 -5.41290103e-14 -0.005287368705)
(8.351765479e-05 -5.416890894e-14 -0.005287469095)
(9.610329603e-05 -5.421444543e-14 -0.005287583628)
(0.0001097593947 -5.426475241e-14 -0.005287707903)
(0.0001239613231 -5.431592676e-14 -0.005287837145)
(0.0001381632515 -5.43671011e-14 -0.005287966387)
(0.0001518193502 -5.441654072e-14 -0.005288090661)
(0.0001644049914 -5.446207721e-14 -0.005288205195)
(0.0001754364229 -5.450197585e-14 -0.005288305584)
(0.0001844896038 -5.45349356e-14 -0.005288387971)
(0.0001912167478 -5.455922172e-14 -0.00528844919)
(0.0001953592446 -5.457440055e-14 -0.005288486888)
(0.0001967580333 -5.457938408e-14 -0.005288499618)
(0.0001953592446 -5.457440055e-14 -0.005288486888)
(0.0001912167478 -5.455922172e-14 -0.00528844919)
(0.0001844896038 -5.45349356e-14 -0.005288387971)
(0.0001754364229 -5.450197585e-14 -0.005288305584)
(0.0001644049914 -5.446207721e-14 -0.005288205195)
(0.0001518193502 -5.441654072e-14 -0.005288090661)
(0.0001381632515 -5.43671011e-14 -0.005287966387)
(0.0001239613231 -5.431592676e-14 -0.005287837145)
(0.0001097593947 -5.426475241e-14 -0.005287707903)
(9.610329603e-05 -5.421444543e-14 -0.005287583628)
(8.351765479e-05 -5.416890894e-14 -0.005287469095)
(7.248622331e-05 -5.41290103e-14 -0.005287368705)
(6.343304244e-05 -5.409605056e-14 -0.005287286318)
(5.670589844e-05 -5.407176443e-14 -0.005287225099)
(5.256340165e-05 -5.405701928e-14 -0.005287187401)
(6.575667808e-05 -5.458881085e-14 -0.006104528375)
(6.719428876e-05 -5.459380777e-14 -0.006104541821)
(7.145175616e-05 -5.460887818e-14 -0.006104581641)
(7.836560489e-05 -5.463294747e-14 -0.006104646305)
(8.767004719e-05 -5.466590722e-14 -0.006104733329)
(9.900764433e-05 -5.470580586e-14 -0.006104839369)
(0.0001119425867 -5.475134235e-14 -0.006104960349)
(0.0001259776959 -5.480164933e-14 -0.006105091618)
(0.0001405737837 -5.485282367e-14 -0.006105228134)
(0.0001551698716 -5.490399801e-14 -0.00610536465)
(0.0001692049807 -5.495343763e-14 -0.00610549592)
(0.0001821399231 -5.499897412e-14 -0.006105616899)
(0.0001934775202 -5.503887276e-14 -0.006105722939)
(0.0002027819625 -5.507183251e-14 -0.006105809963)
(0.0002096958113 -5.509633548e-14 -0.006105874628)
(0.0002139532787 -5.511118905e-14 -0.006105914447)
(0.0002153908894 -5.511635974e-14 -0.006105927893)
(0.0002139532787 -5.511118905e-14 -0.006105914447)
(0.0002096958113 -5.509633548e-14 -0.006105874628)
(0.0002027819625 -5.507183251e-14 -0.006105809963)
(0.0001934775202 -5.503887276e-14 -0.006105722939)
(0.0001821399231 -5.499897412e-14 -0.006105616899)
(0.0001692049807 -5.495343763e-14 -0.00610549592)
(0.0001551698716 -5.490399801e-14 -0.00610536465)
(0.0001405737837 -5.485282367e-14 -0.006105228134)
(0.0001259776959 -5.480164933e-14 -0.006105091618)
(0.0001119425867 -5.475134235e-14 -0.006104960349)
(9.900764433e-05 -5.470580586e-14 -0.006104839369)
(8.767004719e-05 -5.466590722e-14 -0.006104733329)
(7.836560489e-05 -5.463294747e-14 -0.006104646305)
(7.145175616e-05 -5.460887818e-14 -0.006104581641)
(6.719428876e-05 -5.459380777e-14 -0.006104541821)
(7.96984451e-05 -5.221305728e-14 -0.00694541113)
(8.117889677e-05 -5.221810397e-14 -0.00694542539)
(8.556323724e-05 -5.223317438e-14 -0.006945467618)
(9.268311956e-05 -5.225724367e-14 -0.006945536195)
(0.0001022648354 -5.229020342e-14 -0.006945628483)
(0.0001139402945 -5.233010206e-14 -0.006945740938)
(0.0001272606998 -5.237563855e-14 -0.006945869236)
(0.000141714057 -5.242507817e-14 -0.006946008446)
(0.0001567451102 -5.247625251e-14 -0.006946153221)
(0.0001717761633 -5.252742685e-14 -0.006946297996)
(0.0001862295206 -5.257773383e-14 -0.006946437206)
(0.0001995499259 -5.262327032e-14 -0.006946565504)
(0.0002112253849 -5.266316896e-14 -0.006946677959)
(0.0002208071008 -5.269612871e-14 -0.006946770247)
(0.0002279269831 -5.2720198e-14 -0.006946838824)
(0.0002323113235 -5.273526841e-14 -0.006946881052)
(0.0002337917752 -5.274038668e-14 -0.006946895312)
(0.0002323113235 -5.273526841e-14 -0.006946881052)
(0.0002279269831 -5.2720198e-14 -0.006946838824)
(0.0002208071008 -5.269612871e-14 -0.006946770247)
(0.0002112253849 -5.266316896e-14 -0.006946677959)
(0.0001995499259 -5.262327032e-14 -0.006946565504)
(0.0001862295206 -5.257773383e-14 -0.006946437206)
(0.0001717761633 -5.252742685e-14 -0.006946297996)
(0.0001567451102 -5.247625251e-14 -0.006946153221)
(0.000141714057 -5.242507817e-14 -0.006946008446)
(0.0001272606998 -5.237563855e-14 -0.006945869236)
(0.0001139402945 -5.233010206e-14 -0.006945740938)
(0.0001022648354 -5.229020342e-14 -0.006945628483)
(9.268311956e-05 -5.225724367e-14 -0.006945536195)
(8.556323724e-05 -5.223317438e-14 -0.006945467618)
(8.117889677e-05 -5.221810397e-14 -0.00694542539)
(9.295349445e-05 -4.656739917e-14 -0.007812032621)
(9.448043553e-05 -4.657255484e-14 -0.00781204779)
(9.900245388e-05 -4.658751683e-14 -0.007812092713)
(0.0001063459161 -4.66120198e-14 -0.007812165665)
(0.0001162285187 -4.664497955e-14 -0.00781226384)
(0.0001282706127 -4.668487819e-14 -0.007812383469)
(0.0001420093078 -4.673041468e-14 -0.007812519953)
(0.0001569165321 -4.677942061e-14 -0.007812668044)
(0.0001724195931 -4.683059496e-14 -0.007812822055)
(0.0001879226542 -4.68817693e-14 -0.007812976066)
(0.0002028298784 -4.69316426e-14 -0.007813124158)
(0.0002165685735 -4.697717909e-14 -0.007813260641)
(0.0002286106675 -4.701707773e-14 -0.00781338027)
(0.0002384932702 -4.705003748e-14 -0.007813478446)
(0.0002458367323 -4.707410677e-14 -0.007813551397)
(0.0002503587507 -4.708906876e-14 -0.00781359632)
(0.0002518856918 -4.709413328e-14 -0.007813611489)
(0.0002503587507 -4.708906876e-14 -0.00781359632)
(0.0002458367323 -4.707410677e-14 -0.007813551397)
(0.0002384932702 -4.705003748e-14 -0.007813478446)
(0.0002286106675 -4.701707773e-14 -0.00781338027)
(0.0002165685735 -4.697717909e-14 -0.007813260641)
(0.0002028298784 -4.69316426e-14 -0.007813124158)
(0.0001879226542 -4.68817693e-14 -0.007812976066)
(0.0001724195931 -4.683059496e-14 -0.007812822055)
(0.0001569165321 -4.677942061e-14 -0.007812668044)
(0.0001420093078 -4.673041468e-14 -0.007812519953)
(0.0001282706127 -4.668487819e-14 -0.007812383469)
(0.0001162285187 -4.664497955e-14 -0.00781226384)
(0.0001063459161 -4.66120198e-14 -0.007812165665)
(9.900245388e-05 -4.658751683e-14 -0.007812092713)
(9.448043553e-05 -4.657255484e-14 -0.00781204779)
(0.0001054866069 -3.728548317e-14 -0.008706385298)
(0.0001070633026 -3.72904832e-14 -0.008706401472)
(0.0001117326687 -3.730544519e-14 -0.00870644937)
(0.0001193154139 -3.732994816e-14 -0.008706527154)
(0.0001295200363 -3.736247423e-14 -0.008706631833)
(0.0001419545158 -3.740237287e-14 -0.008706759385)
(0.0001561408795 -3.744790936e-14 -0.008706904909)
(0.0001715338482 -3.749691529e-14 -0.00870706281)
(0.0001875420688 -3.754808964e-14 -0.008707227022)
(0.0002035502894 -3.759926398e-14 -0.008707391234)
(0.0002189432581 -3.764913728e-14 -0.008707549135)
(0.0002331296217 -3.769467377e-14 -0.008707694659)
(0.0002455641013 -3.773457241e-14 -0.008707822212)
(0.0002557687237 -3.776709848e-14 -0.008707926891)
(0.0002633514689 -3.779116776e-14 -0.008708004675)
(0.0002680208349 -3.780612975e-14 -0.008708052573)
(0.0002695975306 -3.78111555e-14 -0.008708068747)
(0.0002680208349 -3.780612975e-14 -0.008708052573)
(0.0002633514689 -3.779116776e-14 -0.008708004675)
(0.0002557687237 -3.776709848e-14 -0.008707926891)
(0.0002455641013 -3.773457241e-14 -0.008707822212)
(0.0002331296217 -3.769467377e-14 -0.008707694659)
(0.0002189432581 -3.764913728e-14 -0.008707549135)
(0.0002035502893 -3.759926398e-14 -0.008707391234)
(0.0001875420688 -3.754808964e-14 -0.008707227022)
(0.0001715338482 -3.749691529e-14 -0.00870706281)
(0.0001561408795 -3.744790936e-14 -0.008706904909)
(0.0001419545158 -3.740237287e-14 -0.008706759385)
(0.0001295200363 -3.736247423e-14 -0.008706631833)
(0.0001193154139 -3.732994816e-14 -0.008706527154)
(0.0001117326687 -3.730544519e-14 -0.00870644937)
(0.0001070633026 -3.72904832e-14 -0.008706401472)
(0.0001172638091 -2.398448317e-14 -0.009630238914)
(0.000118893135 -2.398949095e-14 -0.009630256186)
(0.0001237183647 -2.400466978e-14 -0.009630307335)
(0.0001315542223 -2.402852223e-14 -0.009630390399)
(0.0001420994755 -2.406104829e-14 -0.009630502184)
(0.0001549490186 -2.410051325e-14 -0.009630638396)
(0.0001696089238 -2.414604974e-14 -0.009630793798)
(0.0001855157106 -2.419505568e-14 -0.009630962417)
(0.0002020582864 -2.424623002e-14 -0.009631137777)
(0.0002186008622 -2.429740437e-14 -0.009631313136)
(0.000234507649 -2.43464103e-14 -0.009631481756)
(0.0002491675542 -2.43919468e-14 -0.009631637158)
(0.0002620170973 -2.443141175e-14 -0.009631773369)
(0.0002725623505 -2.446393782e-14 -0.009631885154)
(0.0002803982081 -2.448865763e-14 -0.009631968218)
(0.0002852234378 -2.450340278e-14 -0.009632019368)
(0.0002868527637 -2.450853632e-14 -0.009632036639)
(0.0002852234378 -2.450340278e-14 -0.009632019368)
(0.0002803982081 -2.448865763e-14 -0.009631968218)
(0.0002725623505 -2.446393782e-14 -0.009631885154)
(0.0002620170973 -2.443141175e-14 -0.009631773369)
(0.0002491675542 -2.43919468e-14 -0.009631637158)
(0.000234507649 -2.43464103e-14 -0.009631481756)
(0.0002186008622 -2.429740437e-14 -0.009631313136)
(0.0002020582864 -2.424623002e-14 -0.009631137777)
(0.0001855157106 -2.419505568e-14 -0.009630962417)
(0.0001696089238 -2.414604974e-14 -0.009630793798)
(0.0001549490186 -2.410051325e-14 -0.009630638396)
(0.0001420994755 -2.406104829e-14 -0.009630502184)
(0.0001315542223 -2.402852223e-14 -0.009630390399)
(0.0001237183647 -2.400466978e-14 -0.009630307335)
(0.000118893135 -2.398949095e-14 -0.009630256186)
(0.0001282525172 -6.255970228e-15 -0.01058513831)
(0.0001299369579 -6.260942285e-15 -0.01058515677)
(0.0001349254095 -6.275795855e-15 -0.01058521144)
(0.0001430263288 -6.300081984e-15 -0.01058530022)
(0.0001539282938 -6.332608049e-15 -0.0105854197)
(0.0001672124953 -6.372073008e-15 -0.01058556528)
(0.0001823682977 -6.417175819e-15 -0.01058573138)
(0.0001988131595 -6.465314395e-15 -0.0105859116)
(0.0002159153171 -6.516488738e-15 -0.01058609902)
(0.0002330174746 -6.56766308e-15 -0.01058628645)
(0.0002494623365 -6.616669018e-15 -0.01058646667)
(0.0002646181388 -6.661771829e-15 -0.01058663277)
(0.0002779023404 -6.701236788e-15 -0.01058677835)
(0.0002888043053 -6.733762853e-15 -0.01058689783)
(0.0002969052247 -6.758048982e-15 -0.01058698661)
(0.0003018936763 -6.772685711e-15 -0.01058704127)
(0.000303578117 -6.777756162e-15 -0.01058705973)
(0.0003018936763 -6.772685711e-15 -0.01058704127)
(0.0002969052247 -6.758048982e-15 -0.01058698661)
(0.0002888043053 -6.733762853e-15 -0.01058689783)
(0.0002779023404 -6.701236788e-15 -0.01058677835)
(0.0002646181388 -6.661771829e-15 -0.01058663277)
(0.0002494623365 -6.616669018e-15 -0.01058646667)
(0.0002330174746 -6.56766308e-15 -0.01058628645)
(0.0002159153171 -6.516488738e-15 -0.01058609902)
(0.0001988131595 -6.465314395e-15 -0.0105859116)
(0.0001823682976 -6.417175819e-15 -0.01058573138)
(0.0001672124953 -6.372073008e-15 -0.01058556528)
(0.0001539282938 -6.332608049e-15 -0.0105854197)
(0.0001430263288 -6.300081984e-15 -0.01058530022)
(0.0001349254095 -6.275795855e-15 -0.01058521144)
(0.0001299369579 -6.260942285e-15 -0.01058515677)
(0.00013842177 1.634497698e-14 -0.01157240385)
(0.0001401634219 1.633990252e-14 -0.01157242358)
(0.000145321304 1.632526579e-14 -0.01157248203)
(0.0001536973672 1.63011965e-14 -0.01157257694)
(0.0001649696123 1.626910412e-14 -0.01157270467)
(0.0001787050055 1.622963916e-14 -0.01157286031)
(0.0001943755675 1.618497003e-14 -0.01157303788)
(0.0002113789713 1.613639777e-14 -0.01157323056)
(0.0002290619956 1.608609079e-14 -0.01157343093)
(0.0002467450198 1.603578381e-14 -0.01157363131)
(0.0002637484237 1.598634419e-14 -0.01157382398)
(0.0002794189857 1.594167506e-14 -0.01157400155)
(0.0002931543789 1.59022101e-14 -0.01157415719)
(0.0003044266239 1.587011772e-14 -0.01157428492)
(0.0003128026872 1.584604843e-14 -0.01157437984)
(0.0003179605692 1.583119486e-14 -0.01157443828)
(0.0003197022211 1.582619678e-14 -0.01157445802)
(0.0003179605692 1.583119486e-14 -0.01157443828)
(0.0003128026872 1.584604843e-14 -0.01157437984)
(0.0003044266239 1.587011772e-14 -0.01157428492)
(0.0002931543789 1.59022101e-14 -0.01157415719)
(0.0002794189857 1.594167506e-14 -0.01157400155)
(0.0002637484237 1.598634419e-14 -0.01157382398)
(0.0002467450198 1.603578381e-14 -0.01157363131)
(0.0002290619956 1.608609079e-14 -0.01157343093)
(0.0002113789713 1.613639777e-14 -0.01157323056)
(0.0001943755674 1.618497003e-14 -0.01157303788)
(0.0001787050055 1.622963916e-14 -0.01157286031)
(0.0001649696123 1.626910412e-14 -0.01157270467)
(0.0001536973672 1.63011965e-14 -0.01157257694)
(0.000145321304 1.632526579e-14 -0.01157248203)
(0.0001401634219 1.633990252e-14 -0.01157242358)
(0.0001477425606 4.431236048e-14 -0.01259313368)
(0.0001495431373 4.430743966e-14 -0.01259315477)
(0.0001548755244 4.429269451e-14 -0.01259321724)
(0.0001635349724 4.426884206e-14 -0.01259331868)
(0.0001751885879 4.423674968e-14 -0.01259345521)
(0.0001893886864 4.41977184e-14 -0.01259362156)
(0.0002055894257 4.415304927e-14 -0.01259381135)
(0.0002231681005 4.410534438e-14 -0.01259401728)
(0.0002414493891 4.40550374e-14 -0.01259423145)
(0.0002597306778 4.400473042e-14 -0.01259444561)
(0.0002773093526 4.395615816e-14 -0.01259465155)
(0.0002935100919 4.391148903e-14 -0.01259484134)
(0.0003077101904 4.387245775e-14 -0.01259500769)
(0.0003193638059 4.384036537e-14 -0.01259514421)
(0.0003280232539 4.38169466e-14 -0.01259524566)
(0.000333355641 4.380241829e-14 -0.01259530812)
(0.0003351562177 4.379741533e-14 -0.01259532922)
(0.000333355641 4.380241829e-14 -0.01259530812)
(0.0003280232539 4.38169466e-14 -0.01259524566)
(0.0003193638059 4.384036537e-14 -0.01259514421)
(0.0003077101904 4.387245775e-14 -0.01259500769)
(0.0002935100919 4.391148903e-14 -0.01259484134)
(0.0002773093526 4.395615816e-14 -0.01259465155)
(0.0002597306777 4.400473042e-14 -0.01259444561)
(0.0002414493891 4.40550374e-14 -0.01259423145)
(0.0002231681005 4.410534438e-14 -0.01259401728)
(0.0002055894257 4.415304927e-14 -0.01259381135)
(0.0001893886864 4.41977184e-14 -0.01259362156)
(0.0001751885879 4.423674968e-14 -0.01259345521)
(0.0001635349724 4.426884206e-14 -0.01259331868)
(0.0001548755244 4.429269451e-14 -0.01259321724)
(0.0001495431373 4.430743966e-14 -0.01259315477)
(0.000156188248 7.820333706e-14 -0.01364820734)
(0.000158049087 7.819851537e-14 -0.01364822987)
(0.0001635599404 7.818398706e-14 -0.01364829659)
(0.0001725092059 7.816013461e-14 -0.01364840494)
(0.0001845528487 7.812847591e-14 -0.01364855075)
(0.0001992282012 7.808987831e-14 -0.01364872843)
(0.0002159711526 7.804564287e-14 -0.01364893114)
(0.0002341381568 7.799750429e-14 -0.01364915109)
(0.0002530312901 7.794806467e-14 -0.01364937983)
(0.0002719244234 7.789862505e-14 -0.01364960857)
(0.0002900914276 7.785048647e-14 -0.01364982853)
(0.000306834379 7.780625103e-14 -0.01365003123)
(0.0003215097315 7.776765343e-14 -0.01365020891)
(0.0003335533743 7.773599472e-14 -0.01365035473)
(0.0003425026399 7.771257596e-14 -0.01365046308)
(0.0003480134932 7.769804765e-14 -0.0136505298)
(0.0003498743322 7.769314765e-14 -0.01365055233)
(0.0003480134932 7.769804765e-14 -0.0136505298)
(0.0003425026399 7.771257596e-14 -0.01365046308)
(0.0003335533743 7.773599472e-14 -0.01365035473)
(0.0003215097315 7.776765343e-14 -0.01365020891)
(0.000306834379 7.780625103e-14 -0.01365003123)
(0.0002900914276 7.785048647e-14 -0.01364982853)
(0.0002719244234 7.789862505e-14 -0.01364960857)
(0.0002530312901 7.794806467e-14 -0.01364937983)
(0.0002341381568 7.799750429e-14 -0.01364915109)
(0.0002159711526 7.804564287e-14 -0.01364893114)
(0.0001992282012 7.808987831e-14 -0.01364872843)
(0.0001845528487 7.812847591e-14 -0.01364855075)
(0.0001725092059 7.816013461e-14 -0.01364840494)
(0.0001635599404 7.818398706e-14 -0.01364829659)
(0.000158049087 7.819851537e-14 -0.01364822987)
(0.0001637350501 1.186534071e-13 -0.01473828982)
(0.0001656571204 1.186485805e-13 -0.01473831386)
(0.0001713493093 1.186342691e-13 -0.01473838504)
(0.000180593052 1.186108503e-13 -0.01473850064)
(0.0001930329931 1.185791916e-13 -0.01473865621)
(0.0002081912408 1.185410277e-13 -0.01473884578)
(0.0002254851221 1.184976596e-13 -0.01473906205)
(0.0002442499149 1.184503884e-13 -0.01473929671)
(0.0002637647302 1.184009488e-13 -0.01473954076)
(0.0002832795455 1.183515091e-13 -0.01473978481)
(0.0003020443382 1.183042379e-13 -0.01474001947)
(0.0003193382196 1.182608698e-13 -0.01474023574)
(0.0003344964672 1.182227059e-13 -0.01474042531)
(0.0003469364083 1.181910472e-13 -0.01474058088)
(0.000356180151 1.181680621e-13 -0.01474069648)
(0.00036187234 1.181537507e-13 -0.01474076766)
(0.0003637944103 1.181489872e-13 -0.0147407917)
(0.00036187234 1.181537507e-13 -0.01474076766)
(0.000356180151 1.181680621e-13 -0.01474069648)
(0.0003469364083 1.181910472e-13 -0.01474058088)
(0.0003344964672 1.182227059e-13 -0.01474042531)
(0.0003193382196 1.182608698e-13 -0.01474023574)
(0.0003020443382 1.183042379e-13 -0.01474001947)
(0.0002832795455 1.183515091e-13 -0.01473978481)
(0.0002637647302 1.184009488e-13 -0.01473954076)
(0.0002442499149 1.184503884e-13 -0.01473929671)
(0.0002254851221 1.184976596e-13 -0.01473906205)
(0.0002081912408 1.185410277e-13 -0.01473884578)
(0.0001930329931 1.185791916e-13 -0.01473865621)
(0.000180593052 1.186108503e-13 -0.01473850064)
(0.0001713493093 1.186342691e-13 -0.01473838504)
(0.0001656571204 1.186485805e-13 -0.01473831386)
(0.0001703625944 1.663923208e-13 -0.0158638357)
(0.0001723465032 1.663875201e-13 -0.01586386131)
(0.0001782218262 1.663734255e-13 -0.01586393715)
(0.0001877629666 1.663504404e-13 -0.01586406031)
(0.0002006031362 1.66319649e-13 -0.01586422605)
(0.000216249068 1.662819188e-13 -0.01586442801)
(0.000234099343 1.662389844e-13 -0.01586465843)
(0.0002534678529 1.661917132e-13 -0.01586490844)
(0.0002736105157 1.661431409e-13 -0.01586516844)
(0.0002937531784 1.660945687e-13 -0.01586542845)
(0.0003131216883 1.660481648e-13 -0.01586567846)
(0.0003309719633 1.660052304e-13 -0.01586590887)
(0.0003466178952 1.659675002e-13 -0.01586611083)
(0.0003594580648 1.659367088e-13 -0.01586627657)
(0.0003689992052 1.659137237e-13 -0.01586639973)
(0.0003748745281 1.658996291e-13 -0.01586647557)
(0.0003768584369 1.65894779e-13 -0.01586650118)
(0.0003748745281 1.658996291e-13 -0.01586647557)
(0.0003689992052 1.659137237e-13 -0.01586639973)
(0.0003594580648 1.659367088e-13 -0.01586627657)
(0.0003466178951 1.659675002e-13 -0.01586611083)
(0.0003309719633 1.660052304e-13 -0.01586590887)
(0.0003131216883 1.660481648e-13 -0.01586567846)
(0.0002937531784 1.660945687e-13 -0.01586542845)
(0.0002736105157 1.661431409e-13 -0.01586516844)
(0.0002534678529 1.661917132e-13 -0.01586490844)
(0.000234099343 1.662389844e-13 -0.01586465843)
(0.000216249068 1.662819188e-13 -0.01586442801)
(0.0002006031362 1.66319649e-13 -0.01586422605)
(0.0001877629666 1.663504404e-13 -0.01586406031)
(0.0001782218261 1.663734255e-13 -0.01586393715)
(0.0001723465032 1.663875201e-13 -0.01586386131)
(0.0001760545124 2.222601228e-13 -0.01702509296)
(0.0001781005116 2.222553738e-13 -0.0170251202)
(0.0001841597144 2.22241496e-13 -0.01702520086)
(0.0001939994636 2.222189446e-13 -0.01702533185)
(0.0002072414918 2.22188587e-13 -0.01702550813)
(0.000223377094 2.221517241e-13 -0.01702572294)
(0.0002417860286 2.221092234e-13 -0.017025968)
(0.0002617607143 2.220628195e-13 -0.01702623391)
(0.0002825337816 2.220151146e-13 -0.01702651044)
(0.0003033068488 2.219674097e-13 -0.01702678698)
(0.0003232815345 2.219218732e-13 -0.01702705289)
(0.0003416904691 2.218793725e-13 -0.01702729795)
(0.0003578260714 2.218425096e-13 -0.01702751276)
(0.0003710680995 2.21812152e-13 -0.01702768904)
(0.0003809078487 2.217891669e-13 -0.01702782003)
(0.0003869670515 2.217752891e-13 -0.01702790069)
(0.0003890130507 2.217706638e-13 -0.01702792792)
(0.0003869670515 2.217752891e-13 -0.01702790069)
(0.0003809078487 2.217891669e-13 -0.01702782003)
(0.0003710680995 2.21812152e-13 -0.01702768904)
(0.0003578260714 2.218425096e-13 -0.01702751276)
(0.0003416904691 2.218793725e-13 -0.01702729795)
(0.0003232815345 2.219218732e-13 -0.01702705289)
(0.0003033068488 2.219674097e-13 -0.01702678698)
(0.0002825337816 2.220151146e-13 -0.01702651044)
(0.0002617607143 2.220628195e-13 -0.01702623391)
(0.0002417860286 2.221092234e-13 -0.017025968)
(0.000223377094 2.221517241e-13 -0.01702572294)
(0.0002072414918 2.22188587e-13 -0.01702550813)
(0.0001939994636 2.222189446e-13 -0.01702533185)
(0.0001841597144 2.22241496e-13 -0.01702520086)
(0.0001781005116 2.222553738e-13 -0.0170251202)
(0.0001807990451 2.872225938e-13 -0.01822210639)
(0.0001829070366 2.872179491e-13 -0.0182221353)
(0.0001891498288 2.872042881e-13 -0.01822222092)
(0.0001992877153 2.871821704e-13 -0.01822235997)
(0.0002129309672 2.871522464e-13 -0.0182225471)
(0.0002295554664 2.871162509e-13 -0.01822277512)
(0.0002485221784 2.870746175e-13 -0.01822303526)
(0.0002691020825 2.870290811e-13 -0.01822331753)
(0.0002905045585 2.869822435e-13 -0.01822361108)
(0.0003119070346 2.86935406e-13 -0.01822390463)
(0.0003324869387 2.868907369e-13 -0.0182241869)
(0.0003514536506 2.868491035e-13 -0.01822444704)
(0.0003680781499 2.86813108e-13 -0.01822467506)
(0.0003817214018 2.86783184e-13 -0.01822486219)
(0.0003918592883 2.867606326e-13 -0.01822500124)
(0.0003981020805 2.867471885e-13 -0.01822508686)
(0.000400210072 2.867425192e-13 -0.01822511578)
(0.0003981020805 2.867471885e-13 -0.01822508686)
(0.0003918592883 2.867606326e-13 -0.01822500124)
(0.0003817214018 2.86783184e-13 -0.01822486219)
(0.0003680781499 2.86813108e-13 -0.01822467506)
(0.0003514536506 2.868491035e-13 -0.01822444704)
(0.0003324869387 2.868907369e-13 -0.0182241869)
(0.0003119070346 2.86935406e-13 -0.01822390463)
(0.0002905045585 2.869822435e-13 -0.01822361108)
(0.0002691020825 2.870290811e-13 -0.01822331753)
(0.0002485221784 2.870746175e-13 -0.01822303526)
(0.0002295554664 2.871162509e-13 -0.01822277512)
(0.0002129309672 2.871522464e-13 -0.0182225471)
(0.0001992877153 2.871821704e-13 -0.01822235997)
(0.0001891498288 2.872042881e-13 -0.01822222092)
(0.0001829070366 2.872179491e-13 -0.0182221353)
(0.0001845896318 3.623854411e-13 -0.0194547206)
(0.0001867591727 3.623809152e-13 -0.01945475122)
(0.0001931842429 3.623676879e-13 -0.01945484192)
(0.0002036181368 3.623460039e-13 -0.01945498921)
(0.0002176597463 3.623169473e-13 -0.01945518743)
(0.00023476965 3.622813854e-13 -0.01945542896)
(0.0002542901547 3.622406194e-13 -0.01945570452)
(0.0002754709537 3.62196384e-13 -0.01945600351)
(0.0002974983422 3.621504138e-13 -0.01945631446)
(0.0003195257308 3.621044437e-13 -0.01945662541)
(0.0003407065298 3.620610756e-13 -0.0194569244)
(0.0003602270345 3.620203096e-13 -0.01945719996)
(0.0003773369382 3.619847477e-13 -0.01945744149)
(0.0003913785477 3.619556911e-13 -0.01945763971)
(0.0004018124416 3.619340071e-13 -0.019457787)
(0.0004082375118 3.61920563e-13 -0.0194578777)
(0.0004104070526 3.619161471e-13 -0.01945790833)
(0.0004082375118 3.61920563e-13 -0.0194578777)
(0.0004018124416 3.619340071e-13 -0.019457787)
(0.0003913785477 3.619556911e-13 -0.01945763971)
(0.0003773369382 3.619847477e-13 -0.01945744149)
(0.0003602270345 3.620203096e-13 -0.01945719996)
(0.0003407065298 3.620610756e-13 -0.0194569244)
(0.0003195257308 3.621044437e-13 -0.01945662541)
(0.0002974983422 3.621504138e-13 -0.01945631446)
(0.0002754709537 3.62196384e-13 -0.01945600351)
(0.0002542901547 3.622406194e-13 -0.01945570452)
(0.00023476965 3.622813854e-13 -0.01945542896)
(0.0002176597463 3.623169473e-13 -0.01945518743)
(0.0002036181368 3.623460039e-13 -0.01945498921)
(0.0001931842429 3.623676879e-13 -0.01945484192)
(0.0001867591727 3.623809152e-13 -0.01945475122)
(0.0001874254388 4.490064739e-13 -0.02072258317)
(0.0001896557471 4.490020552e-13 -0.02072261553)
(0.0001962607792 4.489891531e-13 -0.02072271139)
(0.0002069869195 4.489676859e-13 -0.02072286704)
(0.0002214218252 4.489394967e-13 -0.02072307652)
(0.0002390109659 4.489048022e-13 -0.02072333177)
(0.0002590782268 4.488653373e-13 -0.02072362299)
(0.0002808522859 4.488224029e-13 -0.02072393897)
(0.0003034966469 4.487781674e-13 -0.02072426759)
(0.0003261410079 4.48733932e-13 -0.0207245962)
(0.000347915067 4.486901302e-13 -0.02072491219)
(0.000367982328 4.486506652e-13 -0.0207252034)
(0.0003855714687 4.486159708e-13 -0.02072545865)
(0.0004000063743 4.485877815e-13 -0.02072566813)
(0.0004107325147 4.48566748e-13 -0.02072582379)
(0.0004173375468 4.48553846e-13 -0.02072591964)
(0.000419567855 4.485494465e-13 -0.02072595201)
(0.0004173375468 4.48553846e-13 -0.02072591964)
(0.0004107325147 4.48566748e-13 -0.02072582379)
(0.0004000063743 4.485877815e-13 -0.02072566813)
(0.0003855714687 4.486159708e-13 -0.02072545865)
(0.000367982328 4.486506652e-13 -0.0207252034)
(0.000347915067 4.486901302e-13 -0.02072491219)
(0.0003261410079 4.48733932e-13 -0.0207245962)
(0.0003034966469 4.487781674e-13 -0.02072426759)
(0.0002808522859 4.488224029e-13 -0.02072393897)
(0.0002590782268 4.488653373e-13 -0.02072362299)
(0.0002390109658 4.489048022e-13 -0.02072333177)
(0.0002214218251 4.489394967e-13 -0.02072307652)
(0.0002069869195 4.489676859e-13 -0.02072286704)
(0.0001962607792 4.489891531e-13 -0.02072271139)
(0.0001896557471 4.490020552e-13 -0.02072261553)
(0.0001893116281 5.484929753e-13 -0.02202499928)
(0.0001916015831 5.484887718e-13 -0.0220250334)
(0.0001983832583 5.48476195e-13 -0.02202513445)
(0.0002093962555 5.48455812e-13 -0.02202529854)
(0.0002242172041 5.484280564e-13 -0.02202551938)
(0.0002422767437 5.48394663e-13 -0.02202578847)
(0.0002628806778 5.483564991e-13 -0.02202609547)
(0.0002852370561 5.483148657e-13 -0.02202642859)
(0.0003084870114 5.482714976e-13 -0.02202677502)
(0.0003317369667 5.482281296e-13 -0.02202712145)
(0.000354093345 5.481864962e-13 -0.02202745456)
(0.0003746972791 5.481483323e-13 -0.02202776157)
(0.0003927568187 5.481149389e-13 -0.02202803066)
(0.0004075777673 5.480871833e-13 -0.02202825149)
(0.0004185907645 5.480668003e-13 -0.02202841559)
(0.0004253724396 5.480540067e-13 -0.02202851664)
(0.0004276623946 5.480497789e-13 -0.02202855076)
(0.0004253724396 5.480540067e-13 -0.02202851664)
(0.0004185907645 5.480668003e-13 -0.02202841559)
(0.0004075777673 5.480871833e-13 -0.02202825149)
(0.0003927568187 5.481149389e-13 -0.02202803066)
(0.000374697279 5.481483323e-13 -0.02202776157)
(0.000354093345 5.481864962e-13 -0.02202745456)
(0.0003317369667 5.482281296e-13 -0.02202712145)
(0.0003084870114 5.482714976e-13 -0.02202677502)
(0.000285237056 5.483148657e-13 -0.02202642859)
(0.0002628806778 5.483564991e-13 -0.02202609547)
(0.0002422767437 5.48394663e-13 -0.02202578847)
(0.000224217204 5.484280564e-13 -0.02202551938)
(0.0002093962554 5.48455812e-13 -0.02202529854)
(0.0001983832583 5.48476195e-13 -0.02202513445)
(0.0001916015831 5.484887718e-13 -0.0220250334)
(0.0001902604252 6.624679181e-13 -0.02336168188)
(0.0001926086047 6.624637904e-13 -0.02336171776)
(0.0001995627111 6.624516474e-13 -0.02336182401)
(0.0002108557252 6.624319149e-13 -0.02336199656)
(0.0002260535119 6.624054603e-13 -0.02336222877)
(0.0002445722342 6.623729343e-13 -0.02336251173)
(0.0002657000448 6.623360714e-13 -0.02336283454)
(0.0002886248573 6.622957391e-13 -0.02336318482)
(0.000312465967 6.622541057e-13 -0.02336354909)
(0.0003363070767 6.622124724e-13 -0.02336391337)
(0.0003592318892 6.6217214e-13 -0.02336426364)
(0.0003803596998 6.621352772e-13 -0.02336458646)
(0.0003988784221 6.621027511e-13 -0.02336486941)
(0.0004140762088 6.620762966e-13 -0.02336510162)
(0.0004253692229 6.620565641e-13 -0.02336527417)
(0.0004323233293 6.620442042e-13 -0.02336538042)
(0.0004346715088 6.620401867e-13 -0.0233654163)
(0.0004323233293 6.620442042e-13 -0.02336538042)
(0.0004253692229 6.620565641e-13 -0.02336527417)
(0.0004140762088 6.620762966e-13 -0.02336510162)
(0.0003988784221 6.621027511e-13 -0.02336486941)
(0.0003803596998 6.621352772e-13 -0.02336458646)
(0.0003592318892 6.6217214e-13 -0.02336426364)
(0.0003363070767 6.622124724e-13 -0.02336391337)
(0.000312465967 6.622541057e-13 -0.02336354909)
(0.0002886248573 6.622957391e-13 -0.02336318482)
(0.0002657000447 6.623360714e-13 -0.02336283454)
(0.0002445722341 6.623729343e-13 -0.02336251173)
(0.0002260535119 6.624054603e-13 -0.02336222877)
(0.0002108557252 6.624319149e-13 -0.02336199656)
(0.0001995627111 6.624516474e-13 -0.02336182401)
(0.0001926086047 6.624637904e-13 -0.02336171776)
(0.0001902896605 7.926357472e-13 -0.02473111231)
(0.0001926943093 7.926318022e-13 -0.02473114994)
(0.0001998156489 7.926200928e-13 -0.02473126137)
(0.0002113802387 7.926016614e-13 -0.02473144232)
(0.0002269435036 7.925760742e-13 -0.02473168583)
(0.0002459075664 7.925448492e-13 -0.02473198256)
(0.0002675434612 7.925092874e-13 -0.02473232109)
(0.0002910195724 7.924702561e-13 -0.02473268842)
(0.0003154340159 7.924303574e-13 -0.02473307043)
(0.0003398484595 7.923904588e-13 -0.02473345244)
(0.0003633245707 7.923522949e-13 -0.02473381977)
(0.0003849604655 7.923167331e-13 -0.0247341583)
(0.0004039245282 7.92285508e-13 -0.02473445503)
(0.0004194877931 7.922599209e-13 -0.02473469855)
(0.000431052383 7.922406221e-13 -0.0247348795)
(0.0004381737226 7.922291295e-13 -0.02473499092)
(0.0004405783714 7.922251511e-13 -0.02473502855)
(0.0004381737226 7.922291295e-13 -0.02473499092)
(0.000431052383 7.922406221e-13 -0.0247348795)
(0.0004194877931 7.922599209e-13 -0.02473469855)
(0.0004039245282 7.92285508e-13 -0.02473445503)
(0.0003849604655 7.923167331e-13 -0.0247341583)
(0.0003633245707 7.923522949e-13 -0.02473381977)
(0.0003398484595 7.923904588e-13 -0.02473345244)
(0.0003154340159 7.924303574e-13 -0.02473307043)
(0.0002910195723 7.924702561e-13 -0.02473268842)
(0.0002675434611 7.925092874e-13 -0.02473232109)
(0.0002459075664 7.925448492e-13 -0.02473198256)
(0.0002269435036 7.925760742e-13 -0.02473168583)
(0.0002113802387 7.926016614e-13 -0.02473144232)
(0.0001998156488 7.926200928e-13 -0.02473126137)
(0.0001926943093 7.926318022e-13 -0.02473114994)
(0.0001894239732 9.409793809e-13 -0.02613282315)
(0.0001918830759 9.409755961e-13 -0.0261328625)
(0.0001991656799 9.40964754e-13 -0.02613297903)
(0.0002109921527 9.409465394e-13 -0.02613316827)
(0.0002269078514 9.409218196e-13 -0.02613342294)
(0.0002463013599 9.408923293e-13 -0.02613373326)
(0.0002684272047 9.408585022e-13 -0.02613408731)
(0.0002924349381 9.408212057e-13 -0.02613447147)
(0.0003174022526 9.407830417e-13 -0.02613487098)
(0.0003423695671 9.407448778e-13 -0.02613527049)
(0.0003663773005 9.407084486e-13 -0.02613565465)
(0.0003885031452 9.406746215e-13 -0.02613600869)
(0.0004078966537 9.406451312e-13 -0.02613631901)
(0.0004238123525 9.406204114e-13 -0.02613657369)
(0.0004356388253 9.406026305e-13 -0.02613676293)
(0.0004429214292 9.405913548e-13 -0.02613687946)
(0.0004453805319 9.405876135e-13 -0.02613691881)
(0.0004429214292 9.405913548e-13 -0.02613687946)
(0.0004356388253 9.406026305e-13 -0.02613676293)
(0.0004238123525 9.406204114e-13 -0.02613657369)
(0.0004078966537 9.406451312e-13 -0.02613631901)
(0.0003885031452 9.406746215e-13 -0.02613600869)
(0.0003663773004 9.407084486e-13 -0.02613565465)
(0.0003423695671 9.407448778e-13 -0.02613527049)
(0.0003174022525 9.407830417e-13 -0.02613487098)
(0.000292434938 9.408212057e-13 -0.02613447147)
(0.0002684272047 9.408585022e-13 -0.02613408731)
(0.0002463013599 9.408923293e-13 -0.02613373326)
(0.0002269078514 9.409218196e-13 -0.02613342294)
(0.0002109921526 9.409465394e-13 -0.02613316827)
(0.0001991656799 9.40964754e-13 -0.02613297903)
(0.0001918830759 9.409755961e-13 -0.0261328625)
(0.0001876943223 1.109515941e-12 -0.02756493908)
(0.0001902055812 1.10951233e-12 -0.02756498012)
(0.0001976426451 1.109501813e-12 -0.02756510165)
(0.0002097199509 1.109484466e-12 -0.027565299)
(0.0002259732127 1.109461481e-12 -0.02756556459)
(0.0002457780468 1.109433292e-12 -0.02756588822)
(0.0002683731684 1.109401199e-12 -0.02756625745)
(0.0002928900924 1.109366939e-12 -0.02756665808)
(0.0003183869498 1.109330509e-12 -0.02756707472)
(0.0003438838072 1.10929408e-12 -0.02756749136)
(0.0003684007312 1.109258952e-12 -0.02756789199)
(0.0003909958528 1.10922686e-12 -0.02756826122)
(0.0004108006868 1.10919867e-12 -0.02756858485)
(0.0004270539487 1.109175685e-12 -0.02756885044)
(0.0004391312544 1.109158772e-12 -0.0275690478)
(0.0004465683184 1.109148255e-12 -0.02756916932)
(0.0004490795772 1.10914467e-12 -0.02756921036)
(0.0004465683184 1.109148255e-12 -0.02756916932)
(0.0004391312544 1.109158772e-12 -0.0275690478)
(0.0004270539487 1.109175685e-12 -0.02756885044)
(0.0004108006868 1.10919867e-12 -0.02756858485)
(0.0003909958528 1.10922686e-12 -0.02756826122)
(0.0003684007312 1.109258952e-12 -0.02756789199)
(0.0003438838071 1.10929408e-12 -0.02756749136)
(0.0003183869498 1.109330509e-12 -0.02756707472)
(0.0002928900924 1.109366939e-12 -0.02756665808)
(0.0002683731684 1.109401199e-12 -0.02756625745)
(0.0002457780467 1.109433292e-12 -0.02756588822)
(0.0002259732127 1.109461481e-12 -0.02756556459)
(0.0002097199508 1.109484466e-12 -0.027565299)
(0.0001976426451 1.109501813e-12 -0.02756510165)
(0.0001902055812 1.10951233e-12 -0.02756498012)
(0.0001851357738 1.300557093e-12 -0.02902672617)
(0.0001876966931 1.30055374e-12 -0.02902676885)
(0.000195280826 1.300543874e-12 -0.02902689523)
(0.0002075969621 1.300527828e-12 -0.02902710047)
(0.0002241716345 1.300506144e-12 -0.02902737668)
(0.0002443681119 1.300479689e-12 -0.02902771324)
(0.0002674100551 1.300449332e-12 -0.02902809721)
(0.0002924118047 1.300416372e-12 -0.02902851385)
(0.000318412866 1.300382545e-12 -0.02902894714)
(0.0003444139272 1.300348718e-12 -0.02902938043)
(0.0003694156768 1.300315758e-12 -0.02902979706)
(0.0003924576201 1.3002854e-12 -0.02903018104)
(0.0004126540974 1.300258946e-12 -0.0290305176)
(0.0004292287698 1.300237262e-12 -0.0290307938)
(0.0004415449059 1.300221215e-12 -0.02903099904)
(0.0004491290388 1.300211349e-12 -0.02903112543)
(0.0004516899581 1.300207942e-12 -0.0290311681)
(0.0004491290388 1.300211349e-12 -0.02903112543)
(0.0004415449059 1.300221215e-12 -0.02903099904)
(0.0004292287698 1.300237262e-12 -0.0290307938)
(0.0004126540974 1.300258946e-12 -0.0290305176)
(0.00039245762 1.3002854e-12 -0.02903018104)
(0.0003694156768 1.300315758e-12 -0.02902979706)
(0.0003444139272 1.300348718e-12 -0.02902938043)
(0.0003184128659 1.300382545e-12 -0.02902894714)
(0.0002924118047 1.300416372e-12 -0.02902851385)
(0.0002674100551 1.300449332e-12 -0.02902809721)
(0.0002443681118 1.300479689e-12 -0.02902771324)
(0.0002241716345 1.300506144e-12 -0.02902737668)
(0.0002075969621 1.300527828e-12 -0.02902710047)
(0.000195280826 1.300543874e-12 -0.02902689523)
(0.0001876966931 1.30055374e-12 -0.02902676885)
(0.0001817896351 1.516387518e-12 -0.0305160288)
(0.0001843975193 1.516384349e-12 -0.03051607306)
(0.000192120738 1.516375133e-12 -0.03051620412)
(0.0002046627402 1.516359954e-12 -0.03051641696)
(0.0002215413762 1.516339571e-12 -0.03051670339)
(0.0002421082376 1.516314851e-12 -0.03051705241)
(0.0002655727481 1.516287096e-12 -0.03051745061)
(0.0002910330058 1.516256738e-12 -0.03051788267)
(0.0003175109016 1.516224646e-12 -0.030518332)
(0.0003439887974 1.516192553e-12 -0.03051878133)
(0.0003694490552 1.516162196e-12 -0.03051921339)
(0.0003929135657 1.51613444e-12 -0.03051961159)
(0.0004134804271 1.51610972e-12 -0.03051996061)
(0.0004303590631 1.516089337e-12 -0.03052024704)
(0.0004429010653 1.516074592e-12 -0.03052045988)
(0.000450624284 1.51606516e-12 -0.03052059094)
(0.0004532321681 1.516062011e-12 -0.03052063519)
(0.000450624284 1.51606516e-12 -0.03052059094)
(0.0004429010653 1.516074592e-12 -0.03052045988)
(0.000430359063 1.516089337e-12 -0.03052024704)
(0.000413480427 1.51610972e-12 -0.03051996061)
(0.0003929135656 1.51613444e-12 -0.03051961159)
(0.0003694490552 1.516162196e-12 -0.03051921339)
(0.0003439887974 1.516192553e-12 -0.03051878133)
(0.0003175109016 1.516224646e-12 -0.030518332)
(0.0002910330058 1.516256738e-12 -0.03051788267)
(0.000265572748 1.516287096e-12 -0.03051745061)
(0.0002421082376 1.516314851e-12 -0.03051705241)
(0.0002215413762 1.516339571e-12 -0.03051670339)
(0.0002046627402 1.516359954e-12 -0.03051641696)
(0.0001921207379 1.516375133e-12 -0.03051620412)
(0.0001843975193 1.516384349e-12 -0.03051607306)
(0.0001776977001 1.759597554e-12 -0.03203193612)
(0.0001803497484 1.75959464e-12 -0.03203198189)
(0.000188203759 1.759586183e-12 -0.03203211743)
(0.0002009581587 1.759572089e-12 -0.03203233754)
(0.0002181226325 1.75955344e-12 -0.03203263376)
(0.0002390377915 1.759530455e-12 -0.0320329947)
(0.0002628996709 1.759504868e-12 -0.0320334065)
(0.0002887910953 1.759477113e-12 -0.03203385332)
(0.0003157173914 1.759447622e-12 -0.03203431801)
(0.0003426436875 1.759418132e-12 -0.03203478269)
(0.0003685351119 1.759389509e-12 -0.03203522951)
(0.0003923969913 1.759363922e-12 -0.03203564131)
(0.0004133121503 1.759340937e-12 -0.03203600226)
(0.0004304766241 1.759322289e-12 -0.03203629848)
(0.0004432310238 1.759308628e-12 -0.03203651859)
(0.0004510850343 1.759299954e-12 -0.03203665413)
(0.0004537370827 1.7592971e-12 -0.0320366999)
(0.0004510850343 1.759299954e-12 -0.03203665413)
(0.0004432310238 1.759308628e-12 -0.03203651859)
(0.0004304766241 1.759322289e-12 -0.03203629848)
(0.0004133121502 1.759340937e-12 -0.03203600226)
(0.0003923969913 1.759363922e-12 -0.03203564131)
(0.0003685351119 1.759389509e-12 -0.03203522951)
(0.0003426436874 1.759418132e-12 -0.03203478269)
(0.0003157173914 1.759447622e-12 -0.03203431801)
(0.0002887910953 1.759477113e-12 -0.03203385332)
(0.0002628996708 1.759504868e-12 -0.0320334065)
(0.0002390377915 1.759530455e-12 -0.0320329947)
(0.0002181226325 1.75955344e-12 -0.03203263376)
(0.0002009581586 1.759572089e-12 -0.03203233754)
(0.000188203759 1.759586183e-12 -0.03203211743)
(0.0001803497484 1.75959464e-12 -0.03203198189)
(0.0001729068744 2.032671612e-12 -0.03357212428)
(0.0001756001979 2.032668955e-12 -0.03357217148)
(0.0001835764444 2.032661149e-12 -0.03357231127)
(0.0001965293472 2.032648789e-12 -0.03357253829)
(0.0002139609605 2.032631875e-12 -0.0335728438)
(0.0002352016326 2.032611059e-12 -0.03357321608)
(0.0002594348865 2.032587206e-12 -0.0335736408)
(0.0002857292722 2.032560752e-12 -0.03357410164)
(0.0003130746358 2.032533863e-12 -0.03357458091)
(0.0003404199994 2.032506975e-12 -0.03357506017)
(0.0003667143852 2.032482255e-12 -0.03357552101)
(0.000390947639 2.032458403e-12 -0.03357594574)
(0.0004121883112 2.032437586e-12 -0.03357631801)
(0.0004296199244 2.032420673e-12 -0.03357662352)
(0.0004425728272 2.032407879e-12 -0.03357685054)
(0.0004505490737 2.032400073e-12 -0.03357699033)
(0.0004532423972 2.032397458e-12 -0.03357703753)
(0.0004505490737 2.032400073e-12 -0.03357699033)
(0.0004425728272 2.032407879e-12 -0.03357685054)
(0.0004296199244 2.032420673e-12 -0.03357662352)
(0.0004121883111 2.032437586e-12 -0.03357631801)
(0.000390947639 2.032458403e-12 -0.03357594574)
(0.0003667143851 2.032482255e-12 -0.03357552101)
(0.0003404199994 2.032506975e-12 -0.03357506017)
(0.0003130746358 2.032533863e-12 -0.03357458091)
(0.0002857292722 2.032560752e-12 -0.03357410164)
(0.0002594348864 2.032587206e-12 -0.0335736408)
(0.0002352016326 2.032611059e-12 -0.03357321608)
(0.0002139609604 2.032631875e-12 -0.0335728438)
(0.0001965293472 2.032648789e-12 -0.03357253829)
(0.0001835764444 2.032661149e-12 -0.03357231127)
(0.0001756001979 2.032668955e-12 -0.03357217148)
(0.0001674603682 2.338412328e-12 -0.0351356273)
(0.0001701920895 2.338409956e-12 -0.03513567586)
(0.0001782820506 2.338402909e-12 -0.03513581967)
(0.0001914196184 2.338391633e-12 -0.03513605321)
(0.0002090997481 2.338376021e-12 -0.0351363675)
(0.0002306432411 2.338357372e-12 -0.03513675046)
(0.00025522198 2.338336122e-12 -0.03513718739)
(0.0002818912356 2.338313571e-12 -0.03513766147)
(0.0003096264525 2.338289284e-12 -0.0351381545)
(0.0003373616694 2.338264998e-12 -0.03513864753)
(0.000364030925 2.33824158e-12 -0.03513912161)
(0.0003886096639 2.338220329e-12 -0.03513955853)
(0.0004101531569 2.338201681e-12 -0.0351399415)
(0.0004278332865 2.338186068e-12 -0.03514025579)
(0.0004409708544 2.338174793e-12 -0.03514048933)
(0.0004490608154 2.338167962e-12 -0.03514063314)
(0.0004517925367 2.338165567e-12 -0.0351406817)
(0.0004490608154 2.338167962e-12 -0.03514063314)
(0.0004409708544 2.338174793e-12 -0.03514048933)
(0.0004278332865 2.338186068e-12 -0.03514025579)
(0.0004101531569 2.338201681e-12 -0.0351399415)
(0.0003886096639 2.338220329e-12 -0.03513955853)
(0.000364030925 2.33824158e-12 -0.03513912161)
(0.0003373616694 2.338264998e-12 -0.03513864753)
(0.0003096264524 2.338289284e-12 -0.0351381545)
(0.0002818912355 2.338313571e-12 -0.03513766147)
(0.0002552219799 2.338336122e-12 -0.03513718739)
(0.000230643241 2.338357372e-12 -0.03513675046)
(0.000209099748 2.338376021e-12 -0.0351363675)
(0.0001914196184 2.338391633e-12 -0.03513605321)
(0.0001782820505 2.338402909e-12 -0.03513581967)
(0.0001701920895 2.338409956e-12 -0.03513567586)
(0.0001614047955 2.67942849e-12 -0.03672009196)
(0.0001641720759 2.679426451e-12 -0.03672014179)
(0.0001723673446 2.679420054e-12 -0.03672028937)
(0.0001856759252 2.679409646e-12 -0.03672052903)
(0.0002035861985 2.679396201e-12 -0.03672085156)
(0.0002254101249 2.679379722e-12 -0.03672124456)
(0.0002503088072 2.67936064e-12 -0.03672169294)
(0.0002773252187 2.679341124e-12 -0.03672217945)
(0.0003054214671 2.67931944e-12 -0.0367226854)
(0.0003335177156 2.679297756e-12 -0.03672319136)
(0.000360534127 2.679277373e-12 -0.03672367787)
(0.0003854328093 2.679258291e-12 -0.03672412624)
(0.0004072567357 2.679241811e-12 -0.03672451924)
(0.000425167009 2.679228367e-12 -0.03672484177)
(0.0004384755896 2.679218392e-12 -0.03672508143)
(0.0004466708583 2.679212212e-12 -0.03672522901)
(0.0004494381386 2.679210037e-12 -0.03672527884)
(0.0004466708583 2.679212212e-12 -0.03672522901)
(0.0004384755896 2.679218392e-12 -0.03672508143)
(0.000425167009 2.679228367e-12 -0.03672484177)
(0.0004072567357 2.679241811e-12 -0.03672451924)
(0.0003854328093 2.679258291e-12 -0.03672412624)
(0.000360534127 2.679277373e-12 -0.03672367787)
(0.0003335177155 2.679297756e-12 -0.03672319136)
(0.0003054214671 2.67931944e-12 -0.0367226854)
(0.0002773252186 2.679341124e-12 -0.03672217945)
(0.0002503088072 2.67936064e-12 -0.03672169294)
(0.0002254101249 2.679379722e-12 -0.03672124456)
(0.0002035861985 2.679396201e-12 -0.03672085156)
(0.0001856759252 2.679409646e-12 -0.03672052903)
(0.0001723673446 2.679420054e-12 -0.03672028937)
(0.0001641720759 2.679426451e-12 -0.03672014179)
(0.0001547789712 3.058678524e-12 -0.03832463611)
(0.0001575791053 3.058676793e-12 -0.03832468713)
(0.0001658716698 3.058671372e-12 -0.03832483824)
(0.0001793382526 3.058662698e-12 -0.03832508363)
(0.0001974611604 3.058650555e-12 -0.03832541386)
(0.0002195441848 3.058636244e-12 -0.03832581625)
(0.0002447384694 3.058620197e-12 -0.03832627534)
(0.0002720756251 3.058601983e-12 -0.03832677347)
(0.000300505438 3.058583768e-12 -0.03832729152)
(0.0003289352508 3.058565554e-12 -0.03832780956)
(0.0003562724066 3.058547339e-12 -0.03832830769)
(0.0003814666911 3.058531293e-12 -0.03832876678)
(0.0004035497156 3.058516981e-12 -0.03832916918)
(0.0004216726233 3.058504838e-12 -0.03832949941)
(0.0004351392061 3.058496598e-12 -0.03832974479)
(0.0004434317706 3.05849096e-12 -0.0383298959)
(0.0004462319047 3.05848916e-12 -0.03832994692)
(0.0004434317706 3.05849096e-12 -0.0383298959)
(0.000435139206 3.058496598e-12 -0.03832974479)
(0.0004216726232 3.058504838e-12 -0.03832949941)
(0.0004035497155 3.058516981e-12 -0.03832916918)
(0.000381466691 3.058531293e-12 -0.03832876678)
(0.0003562724065 3.058547339e-12 -0.03832830769)
(0.0003289352507 3.058565554e-12 -0.03832780956)
(0.0003005054379 3.058583768e-12 -0.03832729152)
(0.0002720756251 3.058601983e-12 -0.03832677347)
(0.0002447384693 3.058620197e-12 -0.03832627534)
(0.0002195441848 3.058636244e-12 -0.03832581625)
(0.0001974611603 3.058650555e-12 -0.03832541386)
(0.0001793382526 3.058662698e-12 -0.03832508363)
(0.0001658716698 3.058671372e-12 -0.03832483824)
(0.0001575791052 3.058676793e-12 -0.03832468713)
(0.0001476235355 3.478840932e-12 -0.03994702157)
(0.0001504539769 3.478839395e-12 -0.0399470737)
(0.0001588362966 3.478834842e-12 -0.0399472281)
(0.0001724486357 3.478827469e-12 -0.03994747883)
(0.0001907676978 3.478817494e-12 -0.03994781625)
(0.0002130897391 3.478805351e-12 -0.0399482274)
(0.0002385567154 3.478791474e-12 -0.03994869648)
(0.0002661897565 3.478776295e-12 -0.03994920546)
(0.000294927281 3.478760682e-12 -0.03994973479)
(0.0003236648055 3.47874507e-12 -0.03995026411)
(0.0003512978466 3.478730758e-12 -0.03995077309)
(0.0003767648229 3.478716881e-12 -0.03995124217)
(0.0003990868642 3.478704737e-12 -0.03995165332)
(0.0004174059263 3.478694763e-12 -0.03995199075)
(0.0004310182654 3.47868739e-12 -0.03995224147)
(0.000439400585 3.478682837e-12 -0.03995239587)
(0.0004422310265 3.478681313e-12 -0.03995244801)
(0.000439400585 3.478682837e-12 -0.03995239587)
(0.0004310182654 3.47868739e-12 -0.03995224147)
(0.0004174059262 3.478694763e-12 -0.03995199075)
(0.0003990868642 3.478704737e-12 -0.03995165332)
(0.0003767648228 3.478716881e-12 -0.03995124217)
(0.0003512978465 3.478730758e-12 -0.03995077309)
(0.0003236648055 3.47874507e-12 -0.03995026411)
(0.0002949272809 3.478760682e-12 -0.03994973479)
(0.0002661897564 3.478776295e-12 -0.03994920546)
(0.0002385567153 3.478791474e-12 -0.03994869648)
(0.000213089739 3.478805351e-12 -0.0399482274)
(0.0001907676977 3.478817494e-12 -0.03994781625)
(0.0001724486357 3.478827469e-12 -0.03994747883)
(0.0001588362965 3.478834842e-12 -0.0399472281)
(0.0001504539769 3.478839395e-12 -0.0399470737)
(0.0001399680242 3.942999399e-12 -0.0415865813)
(0.0001428264631 3.942998163e-12 -0.04158663447)
(0.0001512916967 3.942994369e-12 -0.04158679194)
(0.0001650386828 3.942988731e-12 -0.04158704765)
(0.0001835389485 3.942980491e-12 -0.04158739179)
(0.000206081789 3.94297095e-12 -0.04158781112)
(0.0002318006728 3.942959674e-12 -0.04158828953)
(0.000259707047 3.942947531e-12 -0.04158880863)
(0.0002887288298 3.942934521e-12 -0.04158934848)
(0.0003177506125 3.94292151e-12 -0.04158988833)
(0.0003456569867 3.942910234e-12 -0.04159040743)
(0.0003713758705 3.942898959e-12 -0.04159088584)
(0.0003939187111 3.942889418e-12 -0.04159130517)
(0.0004124189767 3.942881178e-12 -0.04159164931)
(0.0004261659628 3.942875106e-12 -0.04159190502)
(0.0004346311964 3.942871312e-12 -0.04159206249)
(0.0004374896353 3.942870138e-12 -0.04159211566)
(0.0004346311964 3.942871312e-12 -0.04159206249)
(0.0004261659627 3.942875106e-12 -0.04159190502)
(0.0004124189767 3.942881178e-12 -0.04159164931)
(0.000393918711 3.942889418e-12 -0.04159130517)
(0.0003713758704 3.942898959e-12 -0.04159088584)
(0.0003456569867 3.942910234e-12 -0.04159040743)
(0.0003177506124 3.94292151e-12 -0.04158988833)
(0.0002887288297 3.942934521e-12 -0.04158934848)
(0.0002597070469 3.942947531e-12 -0.04158880863)
(0.0002318006727 3.942959674e-12 -0.04158828953)
(0.000206081789 3.94297095e-12 -0.04158781112)
(0.0001835389484 3.942980491e-12 -0.04158739179)
(0.0001650386827 3.942988731e-12 -0.04158704765)
(0.0001512916967 3.942994369e-12 -0.04158679194)
(0.0001428264631 3.942998163e-12 -0.04158663447)
(0.0001318430402 4.45388088e-12 -0.04324131463)
(0.0001347274147 4.453879973e-12 -0.04324136877)
(0.0001432694564 4.453877154e-12 -0.04324152911)
(0.0001571411737 4.453872601e-12 -0.04324178949)
(0.0001758092989 4.453866529e-12 -0.0432421399)
(0.0001985566787 4.453859156e-12 -0.04324256688)
(0.000224508919 4.453850483e-12 -0.04324305401)
(0.0002526684977 4.453840942e-12 -0.04324358258)
(0.0002819536054 4.453831401e-12 -0.04324413227)
(0.0003112387131 4.45382186e-12 -0.04324468197)
(0.0003393982917 4.453813186e-12 -0.04324521054)
(0.000365350532 4.453804513e-12 -0.04324569767)
(0.0003880979118 4.45379714e-12 -0.04324612465)
(0.000406766037 4.453791069e-12 -0.04324647506)
(0.0004206377543 4.453786515e-12 -0.04324673544)
(0.000429179796 4.453783479e-12 -0.04324689577)
(0.0004320641705 4.453782593e-12 -0.04324694991)
(0.000429179796 4.453783479e-12 -0.04324689577)
(0.0004206377542 4.453786515e-12 -0.04324673544)
(0.0004067660369 4.453791069e-12 -0.04324647506)
(0.0003880979117 4.45379714e-12 -0.04324612465)
(0.000365350532 4.453804513e-12 -0.04324569767)
(0.0003393982916 4.453813186e-12 -0.04324521054)
(0.000311238713 4.45382186e-12 -0.04324468197)
(0.0002819536053 4.453831401e-12 -0.04324413227)
(0.0002526684976 4.453840942e-12 -0.04324358258)
(0.0002245089189 4.453850483e-12 -0.04324305401)
(0.0001985566786 4.453859156e-12 -0.04324256688)
(0.0001758092988 4.453866529e-12 -0.0432421399)
(0.0001571411737 4.453872601e-12 -0.04324178949)
(0.0001432694564 4.453877154e-12 -0.04324152911)
(0.0001347274147 4.453879973e-12 -0.04324136877)
(0.0001232660915 5.014704178e-12 -0.04491086628)
(0.0001261746386 5.014703496e-12 -0.04491092133)
(0.0001347882671 5.014701545e-12 -0.04491108437)
(0.0001487762367 5.014698726e-12 -0.04491134913)
(0.0001676008105 5.014694389e-12 -0.04491170544)
(0.0001905388252 5.014689618e-12 -0.04491213961)
(0.0002167085589 5.014683547e-12 -0.04491263495)
(0.0002451041296 5.014677042e-12 -0.04491317241)
(0.0002746346618 5.01467097e-12 -0.04491373136)
(0.000304165194 5.014664899e-12 -0.04491429031)
(0.0003325607647 5.014658393e-12 -0.04491482778)
(0.0003587304984 5.014652322e-12 -0.04491532312)
(0.0003816685131 5.014647551e-12 -0.04491575728)
(0.0004004930869 5.014643215e-12 -0.04491611359)
(0.0004144810564 5.014639962e-12 -0.04491637835)
(0.0004230946849 5.014638227e-12 -0.04491654139)
(0.000426003232 5.014637587e-12 -0.04491659644)
(0.0004230946849 5.014638227e-12 -0.04491654139)
(0.0004144810564 5.014639962e-12 -0.04491637835)
(0.0004004930868 5.014643215e-12 -0.04491611359)
(0.000381668513 5.014647551e-12 -0.04491575728)
(0.0003587304983 5.014652322e-12 -0.04491532312)
(0.0003325607646 5.014658393e-12 -0.04491482778)
(0.0003041651939 5.014664899e-12 -0.04491429031)
(0.0002746346617 5.01467097e-12 -0.04491373136)
(0.0002451041295 5.014677042e-12 -0.04491317241)
(0.0002167085588 5.014683547e-12 -0.04491263495)
(0.0001905388252 5.014689618e-12 -0.04491213961)
(0.0001676008105 5.014694389e-12 -0.04491170544)
(0.0001487762366 5.014698726e-12 -0.04491134913)
(0.0001347882671 5.014701545e-12 -0.04491108437)
(0.0001261746386 5.014703496e-12 -0.04491092133)
(0.0001142562067 5.628262148e-12 -0.04659354881)
(0.0001171874521 5.628261854e-12 -0.04659360473)
(0.0001258683014 5.628260661e-12 -0.04659377032)
(0.0001399654332 5.628259577e-12 -0.04659403923)
(0.0001589369141 5.628257409e-12 -0.04659440113)
(0.0001820539372 5.628254807e-12 -0.0465948421)
(0.0002084278997 5.628251771e-12 -0.0465953452)
(0.0002370450696 5.628248735e-12 -0.04659589109)
(0.0002668060583 5.628245266e-12 -0.0465964588)
(0.000296567047 5.628241796e-12 -0.04659702652)
(0.0003251842169 5.62823876e-12 -0.04659757241)
(0.0003515581793 5.628235725e-12 -0.04659807551)
(0.0003746752024 5.628233123e-12 -0.04659851648)
(0.0003936466833 5.628230954e-12 -0.04659887837)
(0.0004077438151 5.628229436e-12 -0.04659914729)
(0.0004164246644 5.628228461e-12 -0.04659931288)
(0.0004193559098 5.62822814e-12 -0.04659936879)
(0.0004164246644 5.628228461e-12 -0.04659931288)
(0.0004077438151 5.628229436e-12 -0.04659914729)
(0.0003936466833 5.628230954e-12 -0.04659887837)
(0.0003746752024 5.628233123e-12 -0.04659851648)
(0.0003515581792 5.628235725e-12 -0.04659807551)
(0.0003251842167 5.62823876e-12 -0.04659757241)
(0.0002965670469 5.628241796e-12 -0.04659702652)
(0.0002668060582 5.628245266e-12 -0.0465964588)
(0.0002370450695 5.628248735e-12 -0.04659589109)
(0.0002084278996 5.628251771e-12 -0.0465953452)
(0.0001820539371 5.628254807e-12 -0.0465948421)
(0.000158936914 5.628257409e-12 -0.04659440113)
(0.0001399654331 5.628259577e-12 -0.04659403923)
(0.0001258683013 5.628260661e-12 -0.04659377032)
(0.0001171874521 5.628261854e-12 -0.04659360473)
(0.0001048187428 6.297949905e-12 -0.04828936135)
(0.0001077715219 6.2979499e-12 -0.04828941809)
(0.0001165161431 6.297950009e-12 -0.04828958613)
(0.0001307168363 6.297950009e-12 -0.04828985901)
(0.000149827687 6.297950009e-12 -0.04829022624)
(0.0001731145341 6.297950009e-12 -0.04829067372)
(0.0001996822469 6.297950009e-12 -0.04829118424)
(0.0002285096464 6.297950009e-12 -0.04829173819)
(0.0002584892675 6.297950009e-12 -0.04829231427)
(0.0002884688886 6.297950009e-12 -0.04829289036)
(0.000317296288 6.297950009e-12 -0.0482934443)
(0.0003438640009 6.297950009e-12 -0.04829395483)
(0.000367150848 6.297950009e-12 -0.0482944023)
(0.0003862616986 6.297950009e-12 -0.04829476954)
(0.0004004623918 6.297949575e-12 -0.04829504241)
(0.000409207013 6.297949683e-12 -0.04829521045)
(0.0004121597921 6.297949642e-12 -0.04829526719)
(0.0004092070129 6.297949683e-12 -0.04829521045)
(0.0004004623917 6.297949575e-12 -0.04829504241)
(0.0003862616985 6.297950009e-12 -0.04829476954)
(0.0003671508479 6.297950009e-12 -0.0482944023)
(0.0003438640008 6.297950009e-12 -0.04829395483)
(0.0003172962879 6.297950009e-12 -0.0482934443)
(0.0002884688884 6.297950009e-12 -0.04829289036)
(0.0002584892674 6.297950009e-12 -0.04829231427)
(0.0002285096463 6.297950009e-12 -0.04829173819)
(0.0001996822468 6.297950009e-12 -0.04829118424)
(0.000173114534 6.297950009e-12 -0.04829067372)
(0.0001498276869 6.297950009e-12 -0.04829022624)
(0.0001307168363 6.297950009e-12 -0.04828985901)
(0.0001165161431 6.297950009e-12 -0.04828958613)
(0.0001077715219 6.2979499e-12 -0.04828941809)
(9.496218551e-05 7.026661308e-12 -0.04999694611)
(9.793561077e-05 7.026661696e-12 -0.04999700364)
(0.0001067413752 7.026662889e-12 -0.04999717404)
(0.000121041361 7.026663973e-12 -0.04999745075)
(0.0001402858365 7.026666141e-12 -0.04999782313)
(0.0001637355074 7.026669177e-12 -0.04999827689)
(0.0001904889842 7.026672213e-12 -0.04999879458)
(0.0002195179475 7.026675249e-12 -0.0499993563)
(0.0002497071889 7.026678718e-12 -0.04999994048)
(0.0002798964303 7.026682187e-12 -0.05000052465)
(0.0003089253937 7.026685223e-12 -0.05000108637)
(0.0003356788704 7.026688259e-12 -0.05000160406)
(0.0003591285413 7.026691295e-12 -0.05000205782)
(0.0003783730168 7.026693463e-12 -0.05000243021)
(0.0003926730026 7.026694981e-12 -0.05000270692)
(0.000401478767 7.026695957e-12 -0.05000287731)
(0.0004044521922 7.02669627e-12 -0.05000293485)
(0.0004014787669 7.026695957e-12 -0.05000287731)
(0.0003926730025 7.026694981e-12 -0.05000270692)
(0.0003783730167 7.026693463e-12 -0.05000243021)
(0.0003591285412 7.026691295e-12 -0.05000205782)
(0.0003356788703 7.026688259e-12 -0.05000160406)
(0.0003089253935 7.026685223e-12 -0.05000108637)
(0.0002798964302 7.026682187e-12 -0.05000052465)
(0.0002497071888 7.026678718e-12 -0.04999994048)
(0.0002195179474 7.026675249e-12 -0.0499993563)
(0.000190488984 7.026672213e-12 -0.04999879458)
(0.0001637355073 7.026669177e-12 -0.04999827689)
(0.0001402858364 7.026666141e-12 -0.04999782313)
(0.0001210413609 7.026663973e-12 -0.04999745075)
(0.0001067413751 7.026662889e-12 -0.04999717404)
(9.793561074e-05 7.026661696e-12 -0.04999700364)
(8.468183484e-05 7.818007988e-12 -0.05171664109)
(8.767529164e-05 7.81800861e-12 -0.05171669941)
(9.654037927e-05 7.818010779e-12 -0.05171687211)
(0.000110936702 7.818014031e-12 -0.05171715256)
(0.0001303108248 7.818018368e-12 -0.05171752998)
(0.0001539184729 7.818024006e-12 -0.05171798988)
(0.0001808521841 7.818030077e-12 -0.05171851457)
(0.0002100767115 7.818037016e-12 -0.05171908389)
(0.0002404693336 7.818043955e-12 -0.05171967596)
(0.0002708619556 7.818050894e-12 -0.05172026804)
(0.000300086483 7.818057833e-12 -0.05172083735)
(0.0003270201942 7.818063905e-12 -0.05172136204)
(0.0003506278422 7.818069542e-12 -0.05172182194)
(0.000370001965 7.818073879e-12 -0.05172219936)
(0.0003843982878 7.818077566e-12 -0.05172247982)
(0.0003932633754 7.8180793e-12 -0.05172265252)
(0.0003962568321 7.818080064e-12 -0.05172271083)
(0.0003932633753 7.8180793e-12 -0.05172265252)
(0.0003843982877 7.818077566e-12 -0.05172247982)
(0.0003700019649 7.818073879e-12 -0.05172219936)
(0.0003506278421 7.818069542e-12 -0.05172182194)
(0.000327020194 7.818063905e-12 -0.05172136204)
(0.0003000864829 7.818057833e-12 -0.05172083735)
(0.0002708619555 7.818050894e-12 -0.05172026804)
(0.0002404693334 7.818043955e-12 -0.05171967596)
(0.0002100767114 7.818037016e-12 -0.05171908389)
(0.000180852184 7.818030077e-12 -0.05171851457)
(0.0001539184728 7.818024006e-12 -0.05171798988)
(0.0001303108247 7.818018368e-12 -0.05171752998)
(0.0001109367019 7.818014031e-12 -0.05171715256)
(9.654037921e-05 7.818010779e-12 -0.05171687211)
(8.767529161e-05 7.81800861e-12 -0.05171669941)
(7.397844816e-05 8.674994636e-12 -0.05344737945)
(7.699154562e-05 8.674995726e-12 -0.05344743854)
(8.591479882e-05 8.67499887e-12 -0.05344761351)
(0.0001004055787 8.675003858e-12 -0.05344789766)
(0.0001199068189 8.675010797e-12 -0.05344828005)
(0.0001436693614 8.67501947e-12 -0.05344874601)
(0.0001707797899 8.675029011e-12 -0.05344927761)
(0.0002001960651 8.675038986e-12 -0.05344985442)
(0.0002307880991 8.675050261e-12 -0.05345045429)
(0.0002613801331 8.675061537e-12 -0.05345105417)
(0.0002907964083 8.675071512e-12 -0.05345163098)
(0.0003179068368 8.675081053e-12 -0.05345216258)
(0.0003416693793 8.675089726e-12 -0.05345262854)
(0.0003611706195 8.675096665e-12 -0.05345301093)
(0.0003756613993 8.675102086e-12 -0.05345329508)
(0.0003845846525 8.675105014e-12 -0.05345347005)
(0.0003875977499 8.675106132e-12 -0.05345352913)
(0.0003845846525 8.675105014e-12 -0.05345347005)
(0.0003756613993 8.675102086e-12 -0.05345329508)
(0.0003611706194 8.675096665e-12 -0.05345301093)
(0.0003416693792 8.675089726e-12 -0.05345262854)
(0.0003179068367 8.675081053e-12 -0.05345216258)
(0.0002907964082 8.675071512e-12 -0.05345163098)
(0.0002613801329 8.675061537e-12 -0.05345105417)
(0.000230788099 8.675050261e-12 -0.05345045429)
(0.000200196065 8.675038986e-12 -0.05344985442)
(0.0001707797897 8.675029011e-12 -0.05344927761)
(0.0001436693612 8.67501947e-12 -0.05344874601)
(0.0001199068188 8.675010797e-12 -0.05344828005)
(0.0001004055786 8.675003858e-12 -0.05344789766)
(8.591479875e-05 8.67499887e-12 -0.05344761351)
(7.699154559e-05 8.674995726e-12 -0.05344743854)
(6.284053637e-05 9.601438294e-12 -0.05518977668)
(6.587308917e-05 9.60143976e-12 -0.05518983652)
(7.485395915e-05 9.601444206e-12 -0.05519001377)
(8.943830488e-05 9.601451145e-12 -0.05519030159)
(0.0001090654631 9.601460686e-12 -0.05519068895)
(0.0001329814386 9.601472395e-12 -0.05519116094)
(0.0001602669171 9.601485405e-12 -0.05519169943)
(0.000189873131 9.601500151e-12 -0.05519228372)
(0.0002206626955 9.601514896e-12 -0.05519289137)
(0.0002514522599 9.601529641e-12 -0.05519349901)
(0.0002810584738 9.601544386e-12 -0.0551940833)
(0.0003083439523 9.601557396e-12 -0.0551946218)
(0.0003322599278 9.601569106e-12 -0.05519509379)
(0.000351887086 9.601578647e-12 -0.05519548114)
(0.0003664714317 9.601586019e-12 -0.05519576897)
(0.0003754523016 9.601590465e-12 -0.05519594621)
(0.0003784848544 9.601591986e-12 -0.05519600606)
(0.0003754523016 9.601590465e-12 -0.05519594621)
(0.0003664714316 9.601586019e-12 -0.05519576897)
(0.0003518870859 9.601578647e-12 -0.05519548114)
(0.0003322599276 9.601569106e-12 -0.05519509379)
(0.0003083439522 9.601557396e-12 -0.0551946218)
(0.0002810584737 9.601544386e-12 -0.0551940833)
(0.0002514522598 9.601529641e-12 -0.05519349901)
(0.0002206626953 9.601514896e-12 -0.05519289137)
(0.0001898731308 9.601500151e-12 -0.05519228372)
(0.0001602669169 9.601485405e-12 -0.05519169943)
(0.0001329814384 9.601472395e-12 -0.05519116094)
(0.000109065463 9.601460686e-12 -0.05519068895)
(8.943830478e-05 9.601451145e-12 -0.05519030159)
(7.485395908e-05 9.601444206e-12 -0.05519001377)
(6.587308914e-05 9.60143976e-12 -0.05518983652)
(5.126454427e-05 1.060038565e-11 -0.05694298181)
(5.431651671e-05 1.060038754e-11 -0.05694304243)
(6.335489775e-05 1.060039318e-11 -0.05694322195)
(7.803263767e-05 1.060040207e-11 -0.05694351348)
(9.778548293e-05 1.060041464e-11 -0.0569439058)
(0.0001218546098 1.060042939e-11 -0.05694438386)
(0.0001493148171 1.060044674e-11 -0.05694492928)
(0.0001791106212 1.060046582e-11 -0.05694552108)
(0.0002100973537 1.06004849e-11 -0.05694613653)
(0.0002410840861 1.060050398e-11 -0.05694675199)
(0.0002708798902 1.060052306e-11 -0.05694734379)
(0.0002983400975 1.060054041e-11 -0.05694788921)
(0.0003224092243 1.060055516e-11 -0.05694836727)
(0.0003421620696 1.060056773e-11 -0.05694875959)
(0.0003568398094 1.060057706e-11 -0.05694905112)
(0.0003658781904 1.060058291e-11 -0.05694923064)
(0.0003689301629 1.060058475e-11 -0.05694929126)
(0.0003658781904 1.060058291e-11 -0.05694923064)
(0.0003568398094 1.060057706e-11 -0.05694905112)
(0.0003421620695 1.060056773e-11 -0.05694875959)
(0.0003224092242 1.060055516e-11 -0.05694836727)
(0.0002983400973 1.060054041e-11 -0.05694788921)
(0.00027087989 1.060052306e-11 -0.05694734379)
(0.0002410840859 1.060050398e-11 -0.05694675199)
(0.0002100973535 1.06004849e-11 -0.05694613653)
(0.000179110621 1.060046582e-11 -0.05694552108)
(0.0001493148169 1.060044674e-11 -0.05694492928)
(0.0001218546096 1.060042939e-11 -0.05694438386)
(9.77854828e-05 1.060041464e-11 -0.0569439058)
(7.803263756e-05 1.060040207e-11 -0.05694351348)
(6.335489767e-05 1.060039318e-11 -0.05694322195)
(5.431651668e-05 1.060038754e-11 -0.05694304243)
(3.923547797e-05 1.167574566e-11 -0.05870780336)
(4.230696357e-05 1.167574804e-11 -0.05870786476)
(5.140313256e-05 1.16757552e-11 -0.05870804658)
(6.617471636e-05 1.167576626e-11 -0.05870834185)
(8.605385378e-05 1.167578187e-11 -0.05870873921)
(0.0001102768694 1.167580052e-11 -0.05870922341)
(0.0001379126469 1.16758222e-11 -0.05870977582)
(0.0001678989539 1.167584519e-11 -0.05871037522)
(0.0001990838038 1.167586947e-11 -0.05871099857)
(0.0002302686536 1.167589376e-11 -0.05871162193)
(0.0002602549607 1.167591674e-11 -0.05871222132)
(0.0002878907381 1.167593843e-11 -0.05871277373)
(0.0003121137537 1.167595708e-11 -0.05871325793)
(0.0003319928911 1.167597269e-11 -0.05871365529)
(0.0003467644748 1.167598461e-11 -0.05871395056)
(0.0003558606438 1.167599134e-11 -0.05871413239)
(0.0003589321294 1.167599383e-11 -0.05871419378)
(0.0003558606438 1.167599134e-11 -0.05871413239)
(0.0003467644748 1.167598461e-11 -0.05871395056)
(0.000331992891 1.167597269e-11 -0.05871365529)
(0.0003121137536 1.167595708e-11 -0.05871325793)
(0.0002878907379 1.167593843e-11 -0.05871277373)
(0.0002602549605 1.167591674e-11 -0.05871222132)
(0.0002302686534 1.167589376e-11 -0.05871162193)
(0.0001990838036 1.167586947e-11 -0.05871099857)
(0.0001678989537 1.167584519e-11 -0.05871037522)
(0.0001379126467 1.16758222e-11 -0.05870977582)
(0.0001102768693 1.167580052e-11 -0.05870922341)
(8.605385363e-05 1.167578187e-11 -0.05870873921)
(6.617471624e-05 1.167576626e-11 -0.05870834185)
(5.140313248e-05 1.16757552e-11 -0.05870804658)
(4.230696353e-05 1.167574804e-11 -0.05870786476)
(2.674847855e-05 1.283041646e-11 -0.06048351985)
(2.983964679e-05 1.283041934e-11 -0.06048358204)
(3.899410569e-05 1.283042791e-11 -0.0604837662)
(5.386034847e-05 1.283044157e-11 -0.06048406527)
(7.386687501e-05 1.283046022e-11 -0.06048446774)
(9.824511617e-05 1.28304832e-11 -0.06048495816)
(0.0001260579887 1.283050922e-11 -0.06048551768)
(0.0001562364534 1.283053785e-11 -0.06048612479)
(0.0001876211414 1.283056734e-11 -0.06048675616)
(0.0002190058294 1.283059683e-11 -0.06048738753)
(0.0002491842942 1.283062458e-11 -0.06048799464)
(0.0002769971667 1.28306506e-11 -0.06048855416)
(0.0003013754078 1.283067359e-11 -0.06048904458)
(0.0003213819343 1.283069224e-11 -0.06048944705)
(0.0003362481771 1.283070633e-11 -0.06048974612)
(0.0003454026359 1.28307149e-11 -0.06048993028)
(0.0003484938041 1.283071774e-11 -0.06048999247)
(0.0003454026359 1.28307149e-11 -0.06048993028)
(0.000336248177 1.283070633e-11 -0.06048974612)
(0.0003213819342 1.283069224e-11 -0.06048944705)
(0.0003013754077 1.283067359e-11 -0.06048904458)
(0.0002769971665 1.28306506e-11 -0.06048855416)
(0.000249184294 1.283062458e-11 -0.06048799464)
(0.0002190058292 1.283059683e-11 -0.06048738753)
(0.0001876211412 1.283056734e-11 -0.06048675616)
(0.0001562364532 1.283053785e-11 -0.06048612479)
(0.0001260579885 1.283050922e-11 -0.06048551768)
(9.824511599e-05 1.28304832e-11 -0.06048495816)
(7.386687486e-05 1.283046022e-11 -0.06048446774)
(5.386034835e-05 1.283044157e-11 -0.06048406527)
(3.89941056e-05 1.283042791e-11 -0.0604837662)
(2.983964675e-05 1.283041934e-11 -0.06048358204)
(1.378762341e-05 1.40681521e-11 -0.06227104887)
(1.689870537e-05 1.40681556e-11 -0.06227111186)
(2.61121385e-05 1.406816569e-11 -0.0622712984)
(4.10741516e-05 1.406818238e-11 -0.06227160134)
(6.120956283e-05 1.40682045e-11 -0.06227200902)
(8.574485184e-05 1.406823182e-11 -0.06227250578)
(0.0001137368985 1.406826305e-11 -0.06227307253)
(0.000144109777 1.406829687e-11 -0.06227368749)
(0.0001756966493 1.406833157e-11 -0.06227432703)
(0.0002072835216 1.406836626e-11 -0.06227496656)
(0.0002376564001 1.406840009e-11 -0.06227558152)
(0.0002656484468 1.406843132e-11 -0.06227614827)
(0.0002901837357 1.406845864e-11 -0.06227664504)
(0.0003103191469 1.406848076e-11 -0.06227705272)
(0.00032528116 1.406849702e-11 -0.06227735565)
(0.0003344945931 1.406850754e-11 -0.06227754219)
(0.000337605675 1.40685109e-11 -0.06227760518)
(0.000334494593 1.406850754e-11 -0.06227754219)
(0.0003252811599 1.406849702e-11 -0.06227735565)
(0.0003103191468 1.406848076e-11 -0.06227705272)
(0.0002901837356 1.406845864e-11 -0.06227664504)
(0.0002656484466 1.406843132e-11 -0.06227614827)
(0.0002376563999 1.406840009e-11 -0.06227558152)
(0.0002072835214 1.406836626e-11 -0.06227496656)
(0.0001756966491 1.406833157e-11 -0.06227432703)
(0.0001441097768 1.406829687e-11 -0.06227368749)
(0.0001137368983 1.406826305e-11 -0.06227307253)
(8.574485165e-05 1.406823182e-11 -0.06227250578)
(6.120956267e-05 1.40682045e-11 -0.06227200902)
(4.107415147e-05 1.406818238e-11 -0.06227160134)
(2.611213841e-05 1.406816569e-11 -0.0622712984)
(1.689870532e-05 1.40681556e-11 -0.06227111186)
(3.489632663e-07 1.539137425e-11 -0.06406972065)
(3.48020553e-06 1.539137838e-11 -0.06406978446)
(1.275334319e-05 1.53913902e-11 -0.06406997343)
(2.781231252e-05 1.53914095e-11 -0.0640702803)
(4.807820445e-05 1.539143596e-11 -0.06407069328)
(7.277248606e-05 1.539146761e-11 -0.06407119651)
(0.0001009459257 1.539150404e-11 -0.06407177063)
(0.0001315156253 1.539154394e-11 -0.06407239359)
(0.0001633071856 1.539158471e-11 -0.06407304145)
(0.0001950987459 1.539162547e-11 -0.0640736893)
(0.0002256684455 1.539166537e-11 -0.06407431226)
(0.0002538418851 1.53917018e-11 -0.06407488638)
(0.0002785361667 1.539173346e-11 -0.06407538961)
(0.0002988020586 1.539175992e-11 -0.06407580259)
(0.0003138610278 1.539177921e-11 -0.06407610947)
(0.0003231341655 1.539179125e-11 -0.06407629844)
(0.0003262654077 1.539179523e-11 -0.06407636225)
(0.0003231341654 1.539179125e-11 -0.06407629844)
(0.0003138610278 1.539177921e-11 -0.06407610947)
(0.0002988020584 1.539175992e-11 -0.06407580259)
(0.0002785361665 1.539173346e-11 -0.06407538961)
(0.0002538418849 1.53917018e-11 -0.06407488638)
(0.0002256684452 1.539166537e-11 -0.06407431226)
(0.0001950987457 1.539162547e-11 -0.0640736893)
(0.0001633071853 1.539158471e-11 -0.06407304145)
(0.000131515625 1.539154394e-11 -0.06407239359)
(0.0001009459255 1.539150404e-11 -0.06407177063)
(7.277248586e-05 1.539146761e-11 -0.06407119651)
(4.807820428e-05 1.539143596e-11 -0.06407069328)
(2.781231239e-05 1.53914095e-11 -0.0640702803)
(1.275334309e-05 1.53913902e-11 -0.06406997343)
(3.480205482e-06 1.539137838e-11 -0.06406978446)
(-1.358245741e-05 1.680329876e-11 -0.06588049237)
(-1.043079981e-05 1.680330354e-11 -0.06588055702)
(-1.097202378e-06 1.68033172e-11 -0.06588074846)
(1.405994967e-05 1.680333997e-11 -0.06588105935)
(3.445797284e-05 1.680337033e-11 -0.06588147774)
(5.931325827e-05 1.680340719e-11 -0.06588198755)
(8.767038545e-05 1.680344969e-11 -0.06588256919)
(0.0001184393959 1.680349523e-11 -0.0658832003)
(0.0001504382334 1.680354293e-11 -0.06588385663)
(0.000182437071 1.680359064e-11 -0.06588451297)
(0.0002132060814 1.680363617e-11 -0.06588514408)
(0.0002415632085 1.680367867e-11 -0.06588572572)
(0.0002664184939 1.680371554e-11 -0.06588623553)
(0.0002868165171 1.680374589e-11 -0.06588665392)
(0.0003019736691 1.680376823e-11 -0.06588696481)
(0.0003113072665 1.680378211e-11 -0.06588715625)
(0.000314458924 1.680378681e-11 -0.0658872209)
(0.0003113072664 1.680378211e-11 -0.06588715625)
(0.000301973669 1.680376823e-11 -0.06588696481)
(0.0002868165169 1.680374589e-11 -0.06588665392)
(0.0002664184938 1.680371554e-11 -0.06588623553)
(0.0002415632083 1.680367867e-11 -0.06588572572)
(0.0002132060811 1.680363617e-11 -0.06588514408)
(0.0001824370707 1.680359064e-11 -0.06588451297)
(0.0001504382332 1.680354293e-11 -0.06588385663)
(0.0001184393956 1.680349523e-11 -0.0658832003)
(8.767038521e-05 1.680344969e-11 -0.06588256919)
(5.931325806e-05 1.680340719e-11 -0.06588198755)
(3.445797265e-05 1.680337033e-11 -0.06588147774)
(1.405994953e-05 1.680333997e-11 -0.06588105935)
(-1.097202479e-06 1.68033172e-11 -0.06588074846)
(-1.043079986e-05 1.680330354e-11 -0.06588055702)
(-2.800777619e-05 1.83054102e-11 -0.06770268338)
(-2.483548236e-05 1.830541567e-11 -0.06770274887)
(-1.544077097e-05 1.830543161e-11 -0.06770294283)
(-1.843738313e-07 1.830545741e-11 -0.06770325781)
(2.034721028e-05 1.83054921e-11 -0.0677036817)
(4.536524165e-05 1.830553461e-11 -0.06770419821)
(7.390804391e-05 1.830558318e-11 -0.0677047875)
(0.0001048785218 1.830563565e-11 -0.0677054269)
(0.0001370868794 1.83056903e-11 -0.06770609186)
(0.000169295237 1.830574494e-11 -0.06770675682)
(0.0002002657149 1.830579742e-11 -0.06770739623)
(0.0002288085171 1.830584599e-11 -0.06770798551)
(0.0002538265485 1.830588849e-11 -0.06770850202)
(0.0002743581325 1.830592318e-11 -0.06770892591)
(0.0002896145296 1.830594899e-11 -0.06770924089)
(0.0002990092409 1.830596493e-11 -0.06770943485)
(0.0003021815347 1.830597031e-11 -0.06770950034)
(0.0002990092409 1.830596493e-11 -0.06770943485)
(0.0002896145295 1.830594899e-11 -0.06770924089)
(0.0002743581324 1.830592318e-11 -0.06770892591)
(0.0002538265483 1.830588849e-11 -0.06770850202)
(0.0002288085169 1.830584599e-11 -0.06770798551)
(0.0002002657146 1.830579742e-11 -0.06770739623)
(0.0001692952367 1.830574494e-11 -0.06770675682)
(0.0001370868791 1.83056903e-11 -0.06770609186)
(0.0001048785215 1.830563565e-11 -0.0677054269)
(7.390804365e-05 1.830558318e-11 -0.0677047875)
(4.536524142e-05 1.830553461e-11 -0.06770419821)
(2.034721008e-05 1.83054921e-11 -0.0677036817)
(-1.843739863e-07 1.830545741e-11 -0.06770325781)
(-1.544077107e-05 1.830543161e-11 -0.06770294283)
(-2.483548242e-05 1.830541567e-11 -0.06770274887)
(-4.293872763e-05 1.989986349e-11 -0.06953723207)
(-3.974561929e-05 1.989986962e-11 -0.06953729843)
(-3.028926598e-05 1.989988773e-11 -0.06953749494)
(-1.49327664e-05 1.989991722e-11 -0.06953781407)
(5.733532454e-06 1.989995712e-11 -0.06953824354)
(3.091571568e-05 1.990000525e-11 -0.06953876686)
(5.964579703e-05 1.990006033e-11 -0.0695393639)
(9.081948282e-05 1.990011975e-11 -0.06954001173)
(0.0001232391705 1.99001822e-11 -0.06954068545)
(0.0001556588581 1.990024465e-11 -0.06954135917)
(0.0001868325439 1.990030406e-11 -0.06954200699)
(0.0002155626252 1.990035914e-11 -0.06954260404)
(0.0002407448084 1.990040728e-11 -0.06954312736)
(0.0002614111072 1.990044718e-11 -0.06954355683)
(0.0002767676068 1.990047623e-11 -0.06954387595)
(0.00028622396 1.990049456e-11 -0.06954407247)
(0.0002894170683 1.990050071e-11 -0.06954413882)
(0.00028622396 1.990049456e-11 -0.06954407247)
(0.0002767676066 1.990047623e-11 -0.06954387595)
(0.0002614111071 1.990044718e-11 -0.06954355683)
(0.0002407448082 1.990040728e-11 -0.06954312736)
(0.000215562625 1.990035914e-11 -0.06954260404)
(0.0001868325436 1.990030406e-11 -0.06954200699)
(0.0001556588578 1.990024465e-11 -0.06954135917)
(0.0001232391702 1.99001822e-11 -0.06954068545)
(9.081948253e-05 1.990011975e-11 -0.06954001173)
(5.964579676e-05 1.990006033e-11 -0.0695393639)
(3.091571544e-05 1.990000525e-11 -0.06953876686)
(5.733532245e-06 1.989995712e-11 -0.06953824354)
(-1.493276657e-05 1.989991722e-11 -0.06953781407)
(-3.028926609e-05 1.989988773e-11 -0.06953749494)
(-3.974561935e-05 1.989986962e-11 -0.06953729843)
(-5.83703147e-05 2.158658403e-11 -0.07138338474)
(-5.515631101e-05 2.158659102e-11 -0.07138345197)
(-4.563807635e-05 2.15866114e-11 -0.07138365106)
(-3.018108551e-05 2.15866448e-11 -0.07138397438)
(-9.379548639e-06 2.158668947e-11 -0.07138440949)
(1.596742406e-05 2.158674368e-11 -0.07138493968)
(4.488551193e-05 2.158680613e-11 -0.07138554457)
(7.626319493e-05 2.158687291e-11 -0.07138620091)
(0.0001088950335 2.158694317e-11 -0.07138688348)
(0.0001415268721 2.158701343e-11 -0.07138756605)
(0.000172904555 2.158708108e-11 -0.07138822238)
(0.0002018226429 2.158714353e-11 -0.07138882727)
(0.0002271696155 2.158719774e-11 -0.07138935746)
(0.0002479711524 2.158724241e-11 -0.07138979258)
(0.0002634281432 2.15872758e-11 -0.07139011589)
(0.0002729463778 2.15872964e-11 -0.07139031499)
(0.0002761603814 2.158730329e-11 -0.07139038222)
(0.0002729463777 2.15872964e-11 -0.07139031499)
(0.000263428143 2.15872758e-11 -0.07139011589)
(0.0002479711522 2.158724241e-11 -0.07138979258)
(0.0002271696153 2.158719774e-11 -0.07138935746)
(0.0002018226426 2.158714353e-11 -0.07138882727)
(0.0001729045548 2.158708108e-11 -0.07138822238)
(0.0001415268718 2.158701343e-11 -0.07138756605)
(0.0001088950332 2.158694317e-11 -0.07138688348)
(7.626319462e-05 2.158687291e-11 -0.07138620091)
(4.488551165e-05 2.158680613e-11 -0.07138554457)
(1.59674238e-05 2.158674368e-11 -0.07138493968)
(-9.37954886e-06 2.158668947e-11 -0.07138440949)
(-3.018108568e-05 2.15866448e-11 -0.07138397438)
(-4.563807647e-05 2.15866114e-11 -0.07138365106)
(-5.515631107e-05 2.158659102e-11 -0.07138345197)
(-7.430565869e-05 2.336591509e-11 -0.0732419839)
(-7.10708124e-05 2.33659228e-11 -0.07324205201)
(-6.149085262e-05 2.33659459e-11 -0.07324225369)
(-4.593362423e-05 2.336598276e-11 -0.07324258122)
(-2.49971908e-05 2.336603307e-11 -0.073243022)
(5.141553183e-07 2.336609422e-11 -0.07324355909)
(2.961977505e-05 2.33661636e-11 -0.07324417185)
(6.120094021e-05 2.336623863e-11 -0.07324483673)
(9.404439406e-05 2.336631756e-11 -0.07324552819)
(0.0001268878479 2.336639649e-11 -0.07324621964)
(0.000158469013 2.336647239e-11 -0.07324688453)
(0.0001875746327 2.336654177e-11 -0.07324749729)
(0.0002130859788 2.336660292e-11 -0.07324803438)
(0.0002340224122 2.336665323e-11 -0.07324847516)
(0.0002495796405 2.336669053e-11 -0.07324880268)
(0.0002591596002 2.336671319e-11 -0.07324900437)
(0.0002623944465 2.336672105e-11 -0.07324907247)
(0.0002591596002 2.336671319e-11 -0.07324900437)
(0.0002495796404 2.336669053e-11 -0.07324880268)
(0.000234022412 2.336665323e-11 -0.07324847516)
(0.0002130859786 2.336660292e-11 -0.07324803438)
(0.0001875746325 2.336654177e-11 -0.07324749729)
(0.0001584690127 2.336647239e-11 -0.07324688453)
(0.0001268878476 2.336639649e-11 -0.07324621964)
(9.404439373e-05 2.336631756e-11 -0.07324552819)
(6.120093989e-05 2.336623863e-11 -0.07324483673)
(2.961977474e-05 2.33661636e-11 -0.07324417185)
(5.141550443e-07 2.336609422e-11 -0.07324355909)
(-2.499719103e-05 2.336603307e-11 -0.073243022)
(-4.593362442e-05 2.336598276e-11 -0.07324258122)
(-6.149085275e-05 2.33659459e-11 -0.07324225369)
(-7.107081246e-05 2.33659228e-11 -0.07324205201)
(-9.072445452e-05 2.52352518e-11 -0.07511209049)
(-8.746906081e-05 2.52352605e-11 -0.07511215946)
(-7.782825011e-05 2.523528608e-11 -0.07511236372)
(-6.217220379e-05 2.523532685e-11 -0.07511269542)
(-4.110278425e-05 2.523538279e-11 -0.07511314182)
(-1.542939266e-05 2.523545088e-11 -0.07511368576)
(1.3861103e-05 2.523552808e-11 -0.07511430633)
(4.564286851e-05 2.523561221e-11 -0.07511497969)
(7.869494064e-05 2.523569981e-11 -0.07511567996)
(0.0001117470128 2.523578742e-11 -0.07511638023)
(0.0001435287782 2.523587155e-11 -0.07511705359)
(0.0001728192739 2.523594875e-11 -0.07511767417)
(0.0001984926654 2.523601684e-11 -0.07511821811)
(0.0002195620849 2.523607278e-11 -0.0751186645)
(0.0002352181312 2.523611441e-11 -0.0751189962)
(0.0002448589418 2.523613978e-11 -0.07511920046)
(0.0002481143355 2.523614842e-11 -0.07511926944)
(0.0002448589417 2.523613978e-11 -0.07511920046)
(0.000235218131 2.523611441e-11 -0.0751189962)
(0.0002195620847 2.523607278e-11 -0.0751186645)
(0.0001984926652 2.523601684e-11 -0.07511821811)
(0.0001728192736 2.523594875e-11 -0.07511767417)
(0.0001435287779 2.523587155e-11 -0.07511705359)
(0.0001117470124 2.523578742e-11 -0.07511638023)
(7.869494029e-05 2.523569981e-11 -0.07511567996)
(4.564286817e-05 2.523561221e-11 -0.07511497969)
(1.386110268e-05 2.523552808e-11 -0.07511430633)
(-1.542939295e-05 2.523545088e-11 -0.07511368576)
(-4.11027845e-05 2.523538279e-11 -0.07511314182)
(-6.217220398e-05 2.523532685e-11 -0.07511269542)
(-7.782825024e-05 2.523528608e-11 -0.07511236372)
(-8.746906088e-05 2.52352605e-11 -0.07511215946)
(-0.0001076054678 2.719179294e-11 -0.07699427211)
(-0.0001043301972 2.719180252e-11 -0.07699434192)
(-9.46305214e-05 2.71918306e-11 -0.07699454869)
(-7.887888193e-05 2.719187635e-11 -0.07699488446)
(-5.768081612e-05 2.719193794e-11 -0.07699533632)
(-3.185066718e-05 2.719201296e-11 -0.07699588693)
(-2.381328753e-06 2.71920984e-11 -0.07699651511)
(2.959449079e-05 2.719219121e-11 -0.07699719672)
(6.284837322e-05 2.719228748e-11 -0.07699790557)
(9.610225565e-05 2.719238376e-11 -0.07699861442)
(0.0001280780752 2.719247744e-11 -0.07699929603)
(0.0001575474136 2.719256287e-11 -0.07699992421)
(0.0001833775625 2.71926379e-11 -0.07700047482)
(0.0002045756282 2.719269948e-11 -0.07700092668)
(0.0002203272676 2.719274523e-11 -0.07700126245)
(0.0002300269434 2.719277332e-11 -0.07700146921)
(0.0002333022139 2.719278275e-11 -0.07700153903)
(0.0002300269433 2.719277332e-11 -0.07700146921)
(0.0002203272675 2.719274523e-11 -0.07700126245)
(0.000204575628 2.719269948e-11 -0.07700092668)
(0.0001833775622 2.71926379e-11 -0.07700047482)
(0.0001575474133 2.719256287e-11 -0.07699992421)
(0.0001280780748 2.719247744e-11 -0.07699929603)
(9.610225529e-05 2.719238376e-11 -0.07699861442)
(6.284837286e-05 2.719228748e-11 -0.07699790557)
(2.959449043e-05 2.719219121e-11 -0.07699719672)
(-2.381329086e-06 2.71920984e-11 -0.07699651511)
(-3.185066748e-05 2.719201296e-11 -0.07699588693)
(-5.768081637e-05 2.719193794e-11 -0.07699533632)
(-7.887888213e-05 2.719187635e-11 -0.07699488446)
(-9.463052154e-05 2.71918306e-11 -0.07699454869)
(-0.0001043301973 2.719180252e-11 -0.07699434192)
(-0.0001248861631 2.92284702e-11 -0.0788871065)
(-0.000121592337 2.922848064e-11 -0.07888717711)
(-0.0001118377095 2.922851132e-11 -0.07888738622)
(-9.5996832e-05 2.922856141e-11 -0.07888772581)
(-7.467867246e-05 2.922862863e-11 -0.07888818281)
(-4.870218759e-05 2.92287106e-11 -0.07888873968)
(-1.906589607e-05 2.922880427e-11 -0.078889375)
(1.309107657e-05 2.922890575e-11 -0.07889006435)
(4.653335274e-05 2.922901157e-11 -0.07889078127)
(7.997562889e-05 2.922911739e-11 -0.07889149818)
(0.0001121326015 2.9229218e-11 -0.07889218753)
(0.000141768893 2.922931168e-11 -0.07889282286)
(0.0001677453778 2.922939365e-11 -0.07889337972)
(0.0001890635373 2.922946087e-11 -0.07889383672)
(0.0002049044147 2.922951096e-11 -0.07889417631)
(0.0002146590422 2.922954186e-11 -0.07889438542)
(0.0002179528682 2.922955231e-11 -0.07889445603)
(0.0002146590421 2.922954186e-11 -0.07889438542)
(0.0002049044146 2.922951096e-11 -0.07889417631)
(0.0001890635371 2.922946087e-11 -0.07889383672)
(0.0001677453776 2.922939365e-11 -0.07889337972)
(0.0001417688927 2.922931168e-11 -0.07889282286)
(0.0001121326012 2.9229218e-11 -0.07889218753)
(7.997562852e-05 2.922911739e-11 -0.07889149818)
(4.653335236e-05 2.922901157e-11 -0.07889078127)
(1.309107621e-05 2.922890575e-11 -0.07889006435)
(-1.906589641e-05 2.922880427e-11 -0.078889375)
(-4.87021879e-05 2.92287106e-11 -0.07888873968)
(-7.467867273e-05 2.922862863e-11 -0.07888818281)
(-9.599683221e-05 2.922856141e-11 -0.07888772581)
(-0.0001118377096 2.922851132e-11 -0.07888738622)
(-0.0001215923371 2.922848064e-11 -0.07888717711)
(-0.0001424748555 3.133637751e-11 -0.08079038135)
(-0.0001391648671 3.133638878e-11 -0.08079045266)
(-0.0001293623747 3.133642196e-11 -0.08079066383)
(-0.000113443768 3.133647595e-11 -0.08079100676)
(-9.202100288e-05 3.133654837e-11 -0.08079146826)
(-6.591705458e-05 3.133663641e-11 -0.0807920306)
(-3.61353414e-05 3.133673746e-11 -0.08079267218)
(-3.820578428e-06 3.133684631e-11 -0.08079336832)
(2.978579489e-05 3.133695994e-11 -0.08079409229)
(6.33921682e-05 3.133707356e-11 -0.08079481625)
(9.570693115e-05 3.133718328e-11 -0.0807955124)
(0.0001254886443 3.133728433e-11 -0.08079615397)
(0.0001515925925 3.133737237e-11 -0.08079671632)
(0.0001730153576 3.133744479e-11 -0.08079717782)
(0.0001889339643 3.133749879e-11 -0.08079752074)
(0.0001987364565 3.133753196e-11 -0.08079773192)
(0.0002020464449 3.133754317e-11 -0.08079780322)
(0.0001987364565 3.133753196e-11 -0.08079773192)
(0.0001889339641 3.133749879e-11 -0.08079752074)
(0.0001730153574 3.133744479e-11 -0.08079717782)
(0.0001515925923 3.133737237e-11 -0.08079671632)
(0.000125488644 3.133728433e-11 -0.08079615397)
(9.570693079e-05 3.133718328e-11 -0.0807955124)
(6.339216782e-05 3.133707356e-11 -0.08079481625)
(2.97857945e-05 3.133695994e-11 -0.08079409229)
(-3.820578807e-06 3.133684631e-11 -0.08079336832)
(-3.613534175e-05 3.133673746e-11 -0.08079267218)
(-6.59170549e-05 3.133663641e-11 -0.0807920306)
(-9.202100316e-05 3.133654837e-11 -0.08079146826)
(-0.0001134437682 3.133647595e-11 -0.08079100676)
(-0.0001293623749 3.133642196e-11 -0.08079066383)
(-0.0001391648672 3.133638878e-11 -0.08079045266)
(-0.0001601885453 3.349933081e-11 -0.08270133545)
(-0.000156866619 3.349934251e-11 -0.08270140727)
(-0.0001470287729 3.349937732e-11 -0.08270161997)
(-0.0001310527539 3.34994337e-11 -0.08270196538)
(-0.0001095527252 3.349951002e-11 -0.08270243022)
(-8.335463005e-05 3.34996024e-11 -0.08270299663)
(-5.346550576e-05 3.349970822e-11 -0.08270364284)
(-2.103419595e-05 3.349982271e-11 -0.08270434402)
(1.269338254e-05 3.349994154e-11 -0.08270507322)
(4.642096102e-05 3.350006036e-11 -0.08270580242)
(7.88522708e-05 3.350017572e-11 -0.08270650359)
(0.0001087413951 3.350028154e-11 -0.08270714981)
(0.0001349394901 3.350037392e-11 -0.08270771622)
(0.0001564395188 3.350045024e-11 -0.08270818105)
(0.0001724155377 3.350050662e-11 -0.08270852646)
(0.0001822533838 3.350054121e-11 -0.08270873916)
(0.00018557531 3.350055296e-11 -0.08270881098)
(0.0001822533837 3.350054121e-11 -0.08270873916)
(0.0001724155376 3.350050662e-11 -0.08270852646)
(0.0001564395186 3.350045024e-11 -0.08270818105)
(0.0001349394899 3.350037392e-11 -0.08270771622)
(0.0001087413947 3.350028154e-11 -0.08270714981)
(7.885227044e-05 3.350017572e-11 -0.08270650359)
(4.642096064e-05 3.350006036e-11 -0.08270580242)
(1.269338214e-05 3.349994154e-11 -0.08270507322)
(-2.103419634e-05 3.349982271e-11 -0.08270434402)
(-5.346550612e-05 3.349970822e-11 -0.08270364284)
(-8.335463037e-05 3.34996024e-11 -0.08270299663)
(-0.0001095527255 3.349951002e-11 -0.08270243022)
(-0.0001310527542 3.34994337e-11 -0.08270196538)
(-0.0001470287731 3.349937732e-11 -0.08270161997)
(-0.0001568666191 3.349934251e-11 -0.08270140727)
(-0.0001777319048 3.569370062e-11 -0.08461751674)
(-0.0001744053504 3.569371253e-11 -0.08461758876)
(-0.0001645537981 3.569374809e-11 -0.08461780205)
(-0.0001485555213 3.569380598e-11 -0.08461814842)
(-0.0001270255386 3.569388361e-11 -0.08461861455)
(-0.0001007909442 3.569397816e-11 -0.08461918254)
(-7.086017826e-05 3.569408614e-11 -0.08461983056)
(-3.838368503e-05 3.569420367e-11 -0.08462053369)
(-4.609117153e-06 3.56943251e-11 -0.08462126493)
(2.916545072e-05 3.569444653e-11 -0.08462199616)
(6.164194392e-05 3.569456406e-11 -0.08462269929)
(9.157270981e-05 3.569467204e-11 -0.08462334731)
(0.0001178073042 3.569476659e-11 -0.0846239153)
(0.0001393372868 3.569484422e-11 -0.08462438143)
(0.0001553355635 3.569490211e-11 -0.0846247278)
(0.0001651871157 3.569493746e-11 -0.08462494109)
(0.00016851367 3.569494952e-11 -0.08462501312)
(0.0001651871157 3.569493746e-11 -0.08462494109)
(0.0001553355634 3.569490211e-11 -0.0846247278)
(0.0001393372866 3.569484422e-11 -0.08462438143)
(0.0001178073039 3.569476659e-11 -0.0846239153)
(9.157270948e-05 3.569467204e-11 -0.08462334731)
(6.164194355e-05 3.569456406e-11 -0.08462269929)
(2.916545033e-05 3.569444653e-11 -0.08462199616)
(-4.609117551e-06 3.56943251e-11 -0.08462126493)
(-3.838368542e-05 3.569420367e-11 -0.08462053369)
(-7.086017863e-05 3.569408614e-11 -0.08461983056)
(-0.0001007909445 3.569397816e-11 -0.08461918254)
(-0.0001270255389 3.569388361e-11 -0.08461861455)
(-0.0001485555215 3.569380598e-11 -0.08461814842)
(-0.0001645537983 3.569374809e-11 -0.08461780205)
(-0.0001744053504 3.569371253e-11 -0.08461758876)
)
;

boundaryField
{
    left
    {
        type            calculated;
    }
    right
    {
        type            calculated;
    }
    beam
    {
        type            empty;
    }
}


// ************************************************************************* //
