load
0.134
0.268
0.402
0.536
0.67
0.804
0.938
1.072
1.206
1.34
1.474
1.608
1.742
1.876
2.01
2.144
2.278
2.412
2.546
2.68
2.814
2.948
3.082
3.216
3.35
3.484
3.618
3.752
3.886
4.02
4.154
4.288
4.422
4.556
4.69
4.824
4.958
5.092
5.226
5.36
5.494
5.628
5.762
5.896
6.03
6.164
6.298
6.432
6.566
6.7
6.834
6.968
7.102
7.236
7.37
7.504
7.638
7.772
7.906
8.04
8.174
8.308
8.442
8.576
8.71
8.844
8.978
9.112
9.246
9.38
9.514
9.648
9.782
9.916
10.05
10.184
10.318
10.452
10.586
10.72
10.854
10.988
11.122
11.256
11.39
11.524
11.658
11.792
11.926
12.06
12.194
12.328
12.462
12.596
12.73
12.864
12.998
13.132
13.266
13.4
13.534
13.668
13.802
13.936
14.07
14.204
14.338
14.472
14.606
14.74
14.874
15.008
15.142
15.276
15.41
15.544
15.678
15.812
15.946
16.08
16.214
16.348
16.482
16.616
16.75
16.884
17.018
17.152
17.286
17.42
17.554
17.688
17.822
17.956
18.09
18.224
18.358
18.492
18.626
18.76
18.894
19.028
19.162
19.296
19.43
19.564
19.698
19.832
19.966
20.1
20.234
20.368
20.502
20.636
20.77
20.904
21.038
21.172
21.306
21.44
21.574
21.708
21.842
21.976
22.11
22.244
22.378
22.512
22.646
22.78
22.914
23.048
23.182
23.316
23.45
23.584
23.718
23.852
23.986
24.12
24.254
24.388
24.522
24.656
24.79
24.924
25.058
25.192
25.326
25.46
25.594
25.728
25.862
25.996
26.13
26.264
26.398
26.532
26.666
26.8
26.934
27.068
27.202
27.336
27.47
27.604
27.738
27.872
28.006
28.14
28.274
28.408
28.542
28.676
28.81
28.944
29.078
29.212
29.346
29.48
29.614
29.748
29.882
30.016
30.15
30.284
30.418
30.552
30.686
30.82
30.954
31.088
31.222
31.356
31.49
31.624
31.758
31.892
32.026
32.16
32.294
32.428
32.562
32.696
32.83
32.964
33.098
33.232
33.366
33.5
33.634
33.768
33.902
34.036
34.17
34.304
34.438
34.572
34.706
34.84
34.974
35.108
35.242
35.376
35.51
35.644
35.778
35.912
36.046
36.18
36.314
36.448
36.582
36.716
36.85
36.984
37.118
37.252
37.386
37.52
37.654
37.788
37.922
38.056
38.19
38.324
38.458
38.592
38.726
38.86
38.994
39.128
39.262
39.396
39.53
39.664
39.798
39.932
40.066
40.2
40.334
40.468
40.602
40.736
40.87
41.004
41.138
41.272
41.406
41.54
41.674
41.808
41.942
42.076
42.21
42.344
42.478
42.612
42.746
42.88
43.014
43.148
43.282
43.416
43.55
43.684
43.818
43.952
44.086
44.22
44.354
44.488
44.622
44.756
44.89
45.024
45.158
45.292
45.426
45.56
45.694
45.828
45.962
46.096
46.23
46.364
46.498
46.632
46.766
46.9
47.034
47.168
47.302
47.436
47.57
47.704
47.838
47.972
48.106
48.24
48.374
48.508
48.642
48.776
48.91
49.044
49.178
49.312
49.446
49.58
49.714
49.848
49.982
50.116
50.25
50.384
50.518
50.652
50.786
50.92
51.054
51.188
51.322
51.456
51.59
51.724
51.858
51.992
52.126
52.26
52.394
52.528
52.662
52.796
52.93
53.064
53.198
53.332
53.466
53.6
53.734
53.868
54.002
54.136
54.27
54.404
54.538
54.672
54.806
54.94
55.074
55.208
55.342
55.476
55.61
55.744
55.878
56.012
56.146
56.28
56.414
56.548
56.682
56.816
56.95
57.084
57.218
57.352
57.486
57.62
57.754
57.888
58.022
58.156
58.29
58.424
58.558
58.692
58.826
58.96
59.094
59.228
59.362
59.496
59.63
59.764
59.898
60.032
60.166
60.3
60.434
60.568
60.702
60.836
60.97
61.104
61.238
61.372
61.506
61.64
61.774
61.908
62.042
62.176
62.31
62.444
62.578
62.712
62.846
62.98
63.114
63.248
63.382
63.516
63.65
63.784
63.918
64.052
64.186
64.32
64.454
64.588
64.722
64.856
64.99
65.124
65.258
65.392
65.526
65.66
65.794
65.928
66.062
66.196
66.33
66.464
66.598
66.732
66.866
67
67.134
67.268
67.402
67.536
67.67
67.804
67.938
68.072
68.206
68.34
68.474
68.608
68.742
68.876
69.01
69.144
69.278
69.412
69.546
69.68
69.814
69.948
70.082
70.216
70.35
70.484
70.618
70.752
70.886
71.02
71.154
71.288
71.422
71.556
71.69
71.824
71.958
72.092
72.226
72.36
72.494
72.628
72.762
72.896
73.03
73.164
73.298
73.432
73.566
73.7
73.834
73.968
74.102
74.236
74.37
74.504
74.638
74.772
74.906
75.04
75.174
75.308
75.442
75.576
75.71
75.844
75.978
76.112
76.246
76.38
76.514
76.648
76.782
76.916
77.05
77.184
77.318
77.452
77.586
77.72
77.854
77.988
78.122
78.256
78.39
78.524
78.658
78.792
78.926
79.06
79.194
79.328
79.462
79.596
79.73
79.864
79.998
80.132
80.266
80.4
80.534
80.668
80.802
80.936
81.07
81.204
81.338
81.472
81.606
81.74
81.874
82.008
82.142
82.276
82.41
82.544
82.678
82.812
82.946
83.08
83.214
83.348
83.482
83.616
83.75
83.884
84.018
84.152
84.286
84.42
84.554
84.688
84.822
84.956
85.09
85.224
85.358
85.492
85.626
85.76
85.894
86.028
86.162
86.296
86.43
86.564
86.698
86.832
86.966
87.1
87.234
87.368
87.502
87.636
87.77
87.904
88.038
88.172
88.306
88.44
88.574
88.708
88.842
88.976
89.11
89.244
89.378
89.512
89.646
89.78
89.914
90.048
90.182
90.316
90.45
90.584
90.718
90.852
90.986
91.12
91.254
91.388
91.522
91.656
91.79
91.924
92.058
92.192
92.326
92.46
92.594
92.728
92.862
92.996
93.13
93.264
93.398
93.532
93.666
93.8
93.934
94.068
94.202
94.336
94.47
94.604
94.738
94.872
95.006
95.14
95.274
95.408
95.542
95.676
95.81
95.944
96.078
96.212
96.346
96.48
96.614
96.748
96.882
97.016
97.15
97.284
97.418
97.552
97.686
97.82
97.954
98.088
98.222
98.356
98.49
98.624
98.758
98.892
99.026
99.16
99.294
99.428
99.562
99.696
99.83
99.964
100.098
100.232
100.366
100.5
100.634
100.768
100.902
101.036
101.17
101.304
101.438
101.572
101.706
101.84
101.974
102.108
102.242
102.376
102.51
102.644
102.778
102.912
103.046
103.18
103.314
103.448
103.582
103.716
103.85
103.984
104.118
104.252
104.386
104.52
104.654
104.788
104.922
105.056
105.19
105.324
105.458
105.592
105.726
105.86
105.994
106.128
106.262
106.396
106.53
106.664
106.798
106.932
107.066
107.2
107.334
107.468
107.602
107.736
107.87
108.004
108.138
108.272
108.406
108.54
108.674
108.808
108.942
109.076
109.21
109.344
109.478
109.612
109.746
109.88
110.014
110.148
110.282
110.416
110.55
110.684
110.818
110.952
111.086
111.22
111.354
111.488
111.622
111.756
111.89
112.024
112.158
112.292
112.426
112.56
112.694
112.828
112.962
113.096
113.23
113.364
113.498
113.632
113.766
113.9
114.034
114.168
114.302
114.436
114.57
114.704
114.838
114.972
115.106
115.24
115.374
115.508
115.642
115.776
115.91
116.044
116.178
116.312
116.446
116.58
116.714
116.848
116.982
117.116
117.25
117.384
117.518
117.652
117.786
117.92
118.054
118.188
118.322
118.456
118.59
118.724
118.858
118.992
119.126
119.26
119.394
119.528
119.662
119.796
119.93
120.064
120.198
120.332
120.466
120.6
120.734
120.868
121.002
121.136
121.27
121.404
121.538
121.672
121.806
121.94
122.074
122.208
122.342
122.476
122.61
122.744
122.878
123.012
123.146
123.28
123.414
123.548
123.682
123.816
123.95
124.084
124.218
124.352
124.486
124.62
124.754
124.888
125.022
125.156
125.29
125.424
125.558
125.692
125.826
125.96
126.094
126.228
126.362
126.496
126.63
126.764
126.898
127.032
127.166
127.3
127.434
127.568
127.702
127.836
127.97
128.104
128.238
128.372
128.506
128.64
128.774
128.908
129.042
129.176
129.31
129.444
129.578
129.712
129.846
129.98
130.114
130.248
130.382
130.516
130.65
130.784
130.918
131.052
131.186
131.32
131.454
131.588
131.722
131.856
131.99
132.124
132.258
132.392
132.526
132.66
132.794
132.928
133.062
133.196
133.33
133.464
133.598
133.732
133.866
134
