/*--------------------------------*- C++ -*----------------------------------*\
| =========                 |                                                 |
| \\      /  F ield         | OpenFOAM: The Open Source CFD Toolbox           |
|  \\    /   O peration     | Version:  2312                                  |
|   \\  /    A nd           | Website:  www.openfoam.com                      |
|    \\/     M anipulation  |                                                 |
\*---------------------------------------------------------------------------*/
FoamFile
{
    version     2.0;
    format      ascii;
    arch        "LSB;label=32;scalar=64";
    class       pointVectorField;
    location    "0.2/beam";
    object      pointW;
}
// * * * * * * * * * * * * * * * * * * * * * * * * * * * * * * * * * * * * * //

dimensions      [0 1 0 0 0 0 0];

internalField   nonuniform List<vector> 
1952
(
(-0.0002660545071 -3.762041234e-15 8.857929294e-06)
(-0.0002609422697 -3.689756833e-15 8.687724179e-06)
(-0.0002458024379 -3.475735325e-15 8.183663709e-06)
(-0.0002212163409 -3.128140108e-15 7.36510246e-06)
(-0.0001881291372 -2.66019845e-15 6.263508226e-06)
(-0.0001478119023 -2.089908108e-15 4.921199763e-06)
(-0.0001018144036 -1.439820485e-15 3.389774511e-06)
(-5.190463999e-05 -7.337880303e-16 1.728095623e-06)
(3.234605929e-13 0 -1.779189643e-14)
(5.190464063e-05 7.337880303e-16 -1.728095658e-06)
(0.0001018144042 1.439820485e-15 -3.389774543e-06)
(0.0001478119028 2.089908108e-15 -4.921199793e-06)
(0.0001881291376 2.66019845e-15 -6.263508251e-06)
(0.0002212163412 3.128140108e-15 -7.36510248e-06)
(0.0002458024382 3.475735325e-15 -8.183663723e-06)
(0.0002609422699 3.689756833e-15 -8.687724186e-06)
(0.0002660545071 3.762041234e-15 -8.857929294e-06)
(0.0002609422697 3.689756833e-15 -8.687724179e-06)
(0.0002458024379 3.475735325e-15 -8.183663709e-06)
(0.0002212163409 3.128140108e-15 -7.36510246e-06)
(0.0001881291372 2.66019845e-15 -6.263508226e-06)
(0.0001478119023 2.089908108e-15 -4.921199763e-06)
(0.0001018144036 1.439820485e-15 -3.389774511e-06)
(5.190463999e-05 7.337880303e-16 -1.728095623e-06)
(-3.234605677e-13 0 1.779189559e-14)
(-5.190464063e-05 -7.337880303e-16 1.728095658e-06)
(-0.0001018144042 -1.439820485e-15 3.389774543e-06)
(-0.0001478119028 -2.089908108e-15 4.921199793e-06)
(-0.0001881291376 -2.66019845e-15 6.263508251e-06)
(-0.0002212163412 -3.128140108e-15 7.36510248e-06)
(-0.0002458024382 -3.475735325e-15 8.183663723e-06)
(-0.0002609422699 -3.689756833e-15 8.687724186e-06)
(-0.0002615301225 3.590481413e-12 -0.002942902775)
(-0.0002564177725 3.590553744e-12 -0.002943072988)
(-0.0002412776071 3.590767657e-12 -0.002943577071)
(-0.0002166909684 3.591115252e-12 -0.002944395668)
(-0.0001836030357 3.591583194e-12 -0.002945497311)
(-0.0001432849125 3.592153484e-12 -0.002946839679)
(-9.728640046e-05 3.592804006e-12 -0.002948371171)
(-4.737553721e-05 3.593510038e-12 -0.002950032924)
(4.530246671e-06 3.594243826e-12 -0.002951761096)
(5.643603054e-05 3.594977614e-12 -0.002953489267)
(0.0001063468937 3.595683647e-12 -0.00295515102)
(0.0001523454057 3.596334168e-12 -0.002956682512)
(0.0001926635288 3.596904458e-12 -0.00295802488)
(0.0002257514614 3.5973724e-12 -0.002959126523)
(0.0002503381 3.597719995e-12 -0.00295994512)
(0.0002654782653 3.597934125e-12 -0.002960449203)
(0.0002705906152 3.598006443e-12 -0.002960619416)
(0.0002654782651 3.597934125e-12 -0.002960449203)
(0.0002503380998 3.597719995e-12 -0.00295994512)
(0.0002257514611 3.5973724e-12 -0.002959126523)
(0.0001926635284 3.596904458e-12 -0.00295802488)
(0.0001523454052 3.596334168e-12 -0.002956682512)
(0.0001063468932 3.595683647e-12 -0.00295515102)
(5.64360299e-05 3.594977614e-12 -0.002953489267)
(4.530246025e-06 3.594243826e-12 -0.002951761095)
(-4.737553784e-05 3.593510038e-12 -0.002950032924)
(-9.728640105e-05 3.592804006e-12 -0.002948371171)
(-0.000143284913 3.592153484e-12 -0.002946839679)
(-0.0001836030361 3.591583194e-12 -0.002945497311)
(-0.0002166909687 3.591115252e-12 -0.002944395668)
(-0.0002412776073 3.590767657e-12 -0.002943577071)
(-0.0002564177726 3.590553744e-12 -0.002943072988)
(-0.0002570259755 7.181479686e-12 -0.005894792278)
(-0.0002519132892 7.181552011e-12 -0.005894962513)
(-0.0002367721283 7.181766249e-12 -0.005895466662)
(-0.0002121838728 7.182114278e-12 -0.005896285367)
(-0.0001790937644 7.18258222e-12 -0.005897387155)
(-0.00013877299 7.18315251e-12 -0.0058987297)
(-9.27714532e-05 7.183803465e-12 -0.005900261394)
(-4.285730795e-05 7.184508197e-12 -0.005901923365)
(9.051889109e-06 7.185242852e-12 -0.005903651765)
(6.096108616e-05 7.185977507e-12 -0.005905380164)
(0.0001108752314 7.186683974e-12 -0.005907042135)
(0.0001568767681 7.187334929e-12 -0.00590857383)
(0.0001971975424 7.187905219e-12 -0.005909916374)
(0.0002302876507 7.188373161e-12 -0.005911018162)
(0.0002548759061 7.18872119e-12 -0.005911836867)
(0.0002700170669 7.188935211e-12 -0.005912341016)
(0.000275129753 7.189007542e-12 -0.005912511251)
(0.0002700170668 7.188935211e-12 -0.005912341016)
(0.0002548759059 7.18872119e-12 -0.005911836867)
(0.0002302876504 7.188373161e-12 -0.005911018162)
(0.0001971975419 7.187905219e-12 -0.005909916374)
(0.0001568767676 7.187334929e-12 -0.00590857383)
(0.0001108752308 7.186683974e-12 -0.005907042135)
(6.096108552e-05 7.185977507e-12 -0.005905380164)
(9.051888463e-06 7.185242852e-12 -0.005903651765)
(-4.285730859e-05 7.184508197e-12 -0.005901923365)
(-9.27714538e-05 7.183803465e-12 -0.005900261394)
(-0.0001387729905 7.18315251e-12 -0.005898729699)
(-0.0001790937648 7.18258222e-12 -0.005897387155)
(-0.0002121838732 7.182114278e-12 -0.005896285367)
(-0.0002367721286 7.181766249e-12 -0.005895466662)
(-0.0002519132894 7.181552011e-12 -0.005894962513)
(-0.0002525502758 1.07679878e-11 -0.008846938195)
(-0.000247437035 1.076806016e-11 -0.008847108467)
(-0.0002322942316 1.076827451e-11 -0.008847612726)
(-0.0002077033089 1.076862254e-11 -0.008848431609)
(-0.000174609611 1.076909091e-11 -0.008849533636)
(-0.0001342844628 1.076966164e-11 -0.008850876472)
(-8.827793594e-05 1.077031303e-11 -0.0088524085)
(-3.835837621e-05 1.077101949e-11 -0.008854070832)
(1.355645174e-05 1.077175415e-11 -0.008855799607)
(6.547127969e-05 1.07724888e-11 -0.008857528382)
(0.0001153908394 1.077319527e-11 -0.008859190714)
(0.0001613973662 1.077384666e-11 -0.008860722741)
(0.0002017225143 1.077441738e-11 -0.008862065577)
(0.0002348162121 1.077488576e-11 -0.008863167604)
(0.0002594071347 1.077523379e-11 -0.008863986487)
(0.000274549938 1.077544792e-11 -0.008864490746)
(0.0002796631787 1.077552032e-11 -0.008864661018)
(0.0002745499379 1.077544792e-11 -0.008864490746)
(0.0002594071345 1.077523379e-11 -0.008863986487)
(0.0002348162118 1.077488576e-11 -0.008863167604)
(0.0002017225138 1.077441738e-11 -0.008862065577)
(0.0001613973656 1.077384666e-11 -0.008860722741)
(0.0001153908388 1.077319527e-11 -0.008859190714)
(6.547127905e-05 1.07724888e-11 -0.008857528382)
(1.35564511e-05 1.077175415e-11 -0.008855799607)
(-3.835837684e-05 1.077101949e-11 -0.008854070832)
(-8.827793653e-05 1.077031303e-11 -0.0088524085)
(-0.0001342844633 1.076966164e-11 -0.008850876472)
(-0.0001746096115 1.076909091e-11 -0.008849533636)
(-0.0002077033093 1.076862254e-11 -0.008848431609)
(-0.0002322942319 1.076827451e-11 -0.008847612726)
(-0.0002474370351 1.076806016e-11 -0.008847108467)
(-0.0002481108076 1.434775905e-11 -0.01179946427)
(-0.0002429968021 1.434783152e-11 -0.01179963459)
(-0.0002278517342 1.434804619e-11 -0.011800139)
(-0.000203257134 1.434839443e-11 -0.01180095813)
(-0.000170158487 1.434886324e-11 -0.01180206048)
(-0.0001298273082 1.43494344e-11 -0.01180340372)
(-8.381390123e-05 1.435008622e-11 -0.01180493621)
(-3.388687616e-05 1.435079226e-11 -0.01180659904)
(1.803571552e-05 1.435152778e-11 -0.01180832833)
(6.995830718e-05 1.43522633e-11 -0.01181005762)
(0.0001198853322 1.435297107e-11 -0.01181172045)
(0.0001658987391 1.435362289e-11 -0.01181325294)
(0.0002062299178 1.435419405e-11 -0.01181459618)
(0.0002393285647 1.435466286e-11 -0.01181569854)
(0.0002639231648 1.43550111e-11 -0.01181651766)
(0.0002790682326 1.435522556e-11 -0.01181702207)
(0.000284182238 1.435529797e-11 -0.0118171924)
(0.0002790682325 1.435522556e-11 -0.01181702207)
(0.0002639231646 1.43550111e-11 -0.01181651766)
(0.0002393285643 1.435466286e-11 -0.01181569854)
(0.0002062299174 1.435419405e-11 -0.01181459618)
(0.0001658987386 1.435362289e-11 -0.01181325294)
(0.0001198853316 1.435297107e-11 -0.01181172045)
(6.995830655e-05 1.43522633e-11 -0.01181005762)
(1.803571487e-05 1.435152778e-11 -0.01180832833)
(-3.388687679e-05 1.435079226e-11 -0.01180659904)
(-8.381390182e-05 1.435008622e-11 -0.01180493621)
(-0.0001298273088 1.43494344e-11 -0.01180340372)
(-0.0001701584874 1.434886324e-11 -0.01180206048)
(-0.0002032571343 1.434839443e-11 -0.01180095813)
(-0.0002278517344 1.434804619e-11 -0.011800139)
(-0.0002429968023 1.434783152e-11 -0.01179963459)
(-0.0002437148225 1.79185434e-11 -0.01475248855)
(-0.0002385998536 1.791861603e-11 -0.01475265894)
(-0.0002234519326 1.79188307e-11 -0.01475316354)
(-0.0001988526992 1.791917916e-11 -0.01475398297)
(-0.000165747817 1.79196484e-11 -0.01475508575)
(-0.0001254090406 1.792022043e-11 -0.01475642949)
(-7.938696549e-05 1.792087269e-11 -0.01475796256)
(-2.945053507e-05 1.792158089e-11 -0.01475962601)
(2.248183789e-05 1.792231728e-11 -0.01476135596)
(7.441421084e-05 1.792305367e-11 -0.0147630859)
(0.0001243506412 1.7923761e-11 -0.01476474936)
(0.0001703727163 1.792441326e-11 -0.01476628242)
(0.0002107114926 1.792498528e-11 -0.01476762617)
(0.0002438163747 1.792545452e-11 -0.01476872894)
(0.000268415608 1.792580299e-11 -0.01476954838)
(0.0002835635289 1.792601787e-11 -0.01477005298)
(0.0002886784976 1.792609037e-11 -0.01477022337)
(0.0002835635287 1.792601787e-11 -0.01477005298)
(0.0002684156077 1.792580299e-11 -0.01476954838)
(0.0002438163743 1.792545452e-11 -0.01476872894)
(0.0002107114921 1.792498528e-11 -0.01476762617)
(0.0001703727157 1.792441326e-11 -0.01476628242)
(0.0001243506406 1.7923761e-11 -0.01476474936)
(7.441421021e-05 1.792305367e-11 -0.0147630859)
(2.248183725e-05 1.792231728e-11 -0.01476135596)
(-2.94505357e-05 1.792158089e-11 -0.01475962601)
(-7.938696608e-05 1.792087269e-11 -0.01475796256)
(-0.0001254090411 1.792022043e-11 -0.01475642949)
(-0.0001657478175 1.79196484e-11 -0.01475508575)
(-0.0001988526995 1.791917916e-11 -0.01475398297)
(-0.0002234519328 1.79188307e-11 -0.01475316354)
(-0.0002385998537 1.791861603e-11 -0.01475265894)
(-0.0002393689517 2.147808526e-11 -0.01770612179)
(-0.0002342528347 2.14781579e-11 -0.01770629226)
(-0.0002191015135 2.14783729e-11 -0.01770679709)
(-0.0001944967585 2.147872201e-11 -0.01770761689)
(-0.0001613844455 2.147919212e-11 -0.01770872016)
(-0.0001210366145 2.147976458e-11 -0.01771006451)
(-7.500420913e-05 2.14804177e-11 -0.01771159826)
(-2.505656981e-05 2.148112591e-11 -0.01771326247)
(2.688746007e-05 2.148186316e-11 -0.01771499319)
(7.883148993e-05 2.148260042e-11 -0.01771672391)
(0.0001287791292 2.148330949e-11 -0.01771838812)
(0.0001748115345 2.148396261e-11 -0.01771992187)
(0.0002151593654 2.148453507e-11 -0.01772126622)
(0.0002482716783 2.148500518e-11 -0.01772236949)
(0.0002728764333 2.148535429e-11 -0.01772318929)
(0.0002880277543 2.148556929e-11 -0.01772369412)
(0.0002931438712 2.148564178e-11 -0.01772386458)
(0.0002880277542 2.148556929e-11 -0.01772369412)
(0.000272876433 2.148535429e-11 -0.01772318929)
(0.000248271678 2.148500518e-11 -0.01772236949)
(0.000215159365 2.148453507e-11 -0.01772126622)
(0.000174811534 2.148396261e-11 -0.01771992187)
(0.0001287791286 2.148330949e-11 -0.01771838812)
(7.88314893e-05 2.148260042e-11 -0.01771672391)
(2.688745943e-05 2.148186316e-11 -0.01771499319)
(-2.505657044e-05 2.148112591e-11 -0.01771326247)
(-7.500420972e-05 2.14804177e-11 -0.01771159826)
(-0.000121036615 2.147976458e-11 -0.01771006451)
(-0.0001613844459 2.147919212e-11 -0.01770872016)
(-0.0001944967588 2.147872201e-11 -0.01770761689)
(-0.0002191015138 2.14783729e-11 -0.01770679709)
(-0.0002342528348 2.14781579e-11 -0.01770629226)
(-0.0002350791378 2.502412032e-11 -0.02066046607)
(-0.0002299617041 2.5024193e-11 -0.02066063662)
(-0.0002148064835 2.502440833e-11 -0.0206611417)
(-0.000190195396 2.502475831e-11 -0.02066196193)
(-0.0001570745611 2.502522885e-11 -0.02066306577)
(-0.000116716346 2.502580218e-11 -0.02066441081)
(-7.067209349e-05 2.502645617e-11 -0.02066594536)
(-2.07115994e-05 2.50271661e-11 -0.02066761042)
(3.124579905e-05 2.502790423e-11 -0.02066934203)
(8.320319748e-05 2.502864235e-11 -0.02067107365)
(0.0001331636915 2.502935229e-11 -0.02067273871)
(0.000179207944 2.503000628e-11 -0.02067427325)
(0.000219566159 2.503057961e-11 -0.0206756183)
(0.0002526869939 2.503105015e-11 -0.02067672213)
(0.0002772980812 2.50313997e-11 -0.02067754236)
(0.0002924533016 2.503161502e-11 -0.02067804745)
(0.0002975707352 2.503168775e-11 -0.020678218)
(0.0002924533015 2.503161502e-11 -0.02067804745)
(0.0002772980809 2.50313997e-11 -0.02067754236)
(0.0002526869935 2.503105015e-11 -0.02067672213)
(0.0002195661585 2.503057961e-11 -0.0206756183)
(0.0001792079434 2.503000628e-11 -0.02067427325)
(0.0001331636909 2.502935229e-11 -0.02067273871)
(8.320319686e-05 2.502864235e-11 -0.02067107365)
(3.124579841e-05 2.502790423e-11 -0.02066934203)
(-2.071160003e-05 2.50271661e-11 -0.02066761042)
(-7.067209408e-05 2.502645617e-11 -0.02066594536)
(-0.0001167163465 2.502580218e-11 -0.02066441081)
(-0.0001570745615 2.502522885e-11 -0.02066306577)
(-0.0001901953964 2.502475831e-11 -0.02066196193)
(-0.0002148064837 2.502440833e-11 -0.0206611417)
(-0.0002299617042 2.5024193e-11 -0.02066063662)
(-0.0002308505889 2.855437159e-11 -0.02361561363)
(-0.0002257316877 2.85544444e-11 -0.02361578428)
(-0.0002105721211 2.855466016e-11 -0.02361628966)
(-0.0001859539761 2.855501035e-11 -0.02361711036)
(-0.0001528236432 2.855548176e-11 -0.02361821483)
(-0.0001124538547 2.855605596e-11 -0.02361956064)
(-6.639639833e-05 2.855671125e-11 -0.02362109607)
(-1.642157727e-05 2.855742205e-11 -0.02362276208)
(3.555072079e-05 2.855816104e-11 -0.02362449469)
(8.752301883e-05 2.855890004e-11 -0.0236262273)
(0.0001374978398 2.855961171e-11 -0.02362789332)
(0.0001835552962 2.8560267e-11 -0.02362942875)
(0.0002239250846 2.856084119e-11 -0.02363077456)
(0.0002570554174 2.85613126e-11 -0.02363187903)
(0.0002816735623 2.85616628e-11 -0.02363269973)
(0.0002968331288 2.856187834e-11 -0.02363320511)
(0.0003019520299 2.856195112e-11 -0.02363337576)
(0.0002968331287 2.856187834e-11 -0.02363320511)
(0.0002816735621 2.85616628e-11 -0.02363269973)
(0.000257055417 2.85613126e-11 -0.02363187903)
(0.0002239250841 2.856084119e-11 -0.02363077456)
(0.0001835552957 2.8560267e-11 -0.02362942875)
(0.0001374978393 2.855961171e-11 -0.02362789332)
(8.752301821e-05 2.855890004e-11 -0.0236262273)
(3.555072015e-05 2.855816104e-11 -0.02362449469)
(-1.642157789e-05 2.855742205e-11 -0.02362276208)
(-6.639639891e-05 2.855671125e-11 -0.02362109607)
(-0.0001124538553 2.855605596e-11 -0.02361956064)
(-0.0001528236436 2.855548176e-11 -0.02361821483)
(-0.0001859539764 2.855501035e-11 -0.02361711036)
(-0.0002105721214 2.855466016e-11 -0.02361628966)
(-0.0002257316878 2.85544444e-11 -0.02361578428)
(-0.000226687765 3.206654471e-11 -0.02657164621)
(-0.0002215672643 3.20666177e-11 -0.02657181697)
(-0.0002064029606 3.206683356e-11 -0.02657232266)
(-0.0001817771228 3.206718484e-11 -0.02657314387)
(-0.0001486364373 3.206765669e-11 -0.02657424904)
(-0.000108254034 3.206823218e-11 -0.02657559569)
(-6.21821855e-05 3.206888834e-11 -0.02657713208)
(-1.219174823e-05 3.206960045e-11 -0.02657879914)
(3.979679022e-05 3.207034117e-11 -0.02658053283)
(9.178532866e-05 3.20710819e-11 -0.02658226653)
(0.0001417757659 3.207179401e-11 -0.02658393359)
(0.0001878476144 3.207245016e-11 -0.02658546997)
(0.0002282300176 3.207302566e-11 -0.02658681663)
(0.000261370703 3.20734975e-11 -0.02658792179)
(0.0002859965406 3.207384835e-11 -0.02658874301)
(0.0003011608442 3.207406443e-11 -0.0265892487)
(0.0003062813449 3.207413735e-11 -0.02658941946)
(0.0003011608441 3.207406443e-11 -0.0265892487)
(0.0002859965404 3.207384835e-11 -0.02658874301)
(0.0002613707026 3.20734975e-11 -0.02658792179)
(0.0002282300171 3.207302566e-11 -0.02658681663)
(0.0001878476138 3.207245016e-11 -0.02658546997)
(0.0001417757653 3.207179401e-11 -0.02658393359)
(9.178532804e-05 3.20710819e-11 -0.02658226653)
(3.979678959e-05 3.207034117e-11 -0.02658053283)
(-1.219174885e-05 3.206960045e-11 -0.02657879914)
(-6.218218608e-05 3.206888834e-11 -0.02657713208)
(-0.0001082540345 3.206823218e-11 -0.02657559569)
(-0.0001486364378 3.206765669e-11 -0.02657424904)
(-0.0001817771232 3.206718484e-11 -0.02657314387)
(-0.0002064029608 3.206683356e-11 -0.02657232266)
(-0.0002215672644 3.20666177e-11 -0.02657181697)
(-0.000222594393 3.555832269e-11 -0.02952863466)
(-0.0002174721796 3.555839575e-11 -0.02952880553)
(-0.0002023028039 3.555861226e-11 -0.02952931156)
(-0.0001776687294 3.555896333e-11 -0.02953013332)
(-0.0001445169593 3.555943647e-11 -0.02953123923)
(-0.0001041210492 3.556001283e-11 -0.02953258678)
(-5.803379089e-05 3.556067029e-11 -0.0295341242)
(-8.026633185e-06 3.556138457e-11 -0.02953579238)
(4.397929401e-05 3.556212616e-11 -0.02953752723)
(9.598522119e-05 3.556286775e-11 -0.02953926209)
(0.0001459923789 3.556358116e-11 -0.02954093026)
(0.0001920796371 3.556423862e-11 -0.02954246768)
(0.0002324755471 3.556481498e-11 -0.02954381524)
(0.0002656273172 3.556528813e-11 -0.02954492114)
(0.0002902613915 3.556563963e-11 -0.0295457429)
(0.0003054307671 3.556585614e-11 -0.02954624893)
(0.0003105529804 3.556592926e-11 -0.02954641981)
(0.000305430767 3.556585614e-11 -0.02954624893)
(0.0002902613913 3.556563963e-11 -0.0295457429)
(0.0002656273168 3.556528813e-11 -0.02954492114)
(0.0002324755467 3.556481498e-11 -0.02954381524)
(0.0001920796366 3.556423862e-11 -0.02954246768)
(0.0001459923783 3.556358116e-11 -0.02954093026)
(9.598522057e-05 3.556286775e-11 -0.02953926209)
(4.397929338e-05 3.556212616e-11 -0.02953752723)
(-8.0266338e-06 3.556138457e-11 -0.02953579238)
(-5.803379146e-05 3.556067029e-11 -0.0295341242)
(-0.0001041210497 3.556001283e-11 -0.02953258678)
(-0.0001445169597 3.555943647e-11 -0.02953123922)
(-0.0001776687298 3.555896333e-11 -0.02953013332)
(-0.0002023028041 3.555861226e-11 -0.02952931156)
(-0.0002174721797 3.555839575e-11 -0.02952880553)
(-0.000218573516 3.902736046e-11 -0.03248663903)
(-0.0002134494951 3.902743374e-11 -0.03248681002)
(-0.0001982747668 3.902765025e-11 -0.03248731641)
(-0.000173632 3.902800262e-11 -0.03248813876)
(-0.000140468532 3.902847663e-11 -0.03248924544)
(-0.0001000583679 3.902905386e-11 -0.03249059395)
(-5.395484732e-05 3.902971306e-11 -0.03249213245)
(-3.930044187e-06 3.903042733e-11 -0.03249380181)
(4.809423372e-05 3.903117066e-11 -0.03249553789)
(0.0001001185116 3.903191399e-11 -0.03249727397)
(0.0001501433147 3.903262913e-11 -0.03249894333)
(0.0001962468352 3.903328832e-11 -0.03250048183)
(0.0002366569993 3.903386555e-11 -0.03250183034)
(0.0002698204672 3.903433956e-11 -0.03250293703)
(0.0002944632339 3.903469149e-11 -0.03250375937)
(0.0003096379621 3.903490844e-11 -0.03250426576)
(0.0003147619828 3.903498163e-11 -0.03250443675)
(0.000309637962 3.903490844e-11 -0.03250426576)
(0.0002944632336 3.903469149e-11 -0.03250375937)
(0.0002698204668 3.903433956e-11 -0.03250293703)
(0.0002366569988 3.903386555e-11 -0.03250183034)
(0.0001962468347 3.903328832e-11 -0.03250048183)
(0.0001501433141 3.903262913e-11 -0.03249894333)
(0.000100118511 3.903191399e-11 -0.03249727397)
(4.80942331e-05 3.903117066e-11 -0.03249553789)
(-3.930044798e-06 3.903042733e-11 -0.03249380181)
(-5.39548479e-05 3.902971306e-11 -0.03249213245)
(-0.0001000583684 3.902905386e-11 -0.03249059395)
(-0.0001404685324 3.902847663e-11 -0.03248924544)
(-0.0001736320004 3.902800262e-11 -0.03248813876)
(-0.000198274767 3.902765025e-11 -0.03248731641)
(-0.0002134494953 3.902743374e-11 -0.03248681002)
(-0.0002146275819 4.247127976e-11 -0.03544570925)
(-0.0002095016757 4.247135326e-11 -0.03544588036)
(-0.000194321364 4.247157031e-11 -0.03544638713)
(-0.0001696695302 4.247192355e-11 -0.03544721008)
(-0.00013649386 4.247239843e-11 -0.03544831758)
(-9.606882733e-05 4.247297696e-11 -0.03544966708)
(-4.994834343e-05 4.247363702e-11 -0.03545120672)
(9.48658373e-08 4.247435303e-11 -0.0354528773)
(5.213828557e-05 4.247509809e-11 -0.03545461466)
(0.0001041817053 4.247584316e-11 -0.03545635202)
(0.0001542249145 4.247655916e-11 -0.03545802261)
(0.0002003453984 4.247721922e-11 -0.03545956224)
(0.0002407704309 4.247779775e-11 -0.03546091175)
(0.000273946101 4.247827264e-11 -0.03546201925)
(0.0002985979348 4.247862543e-11 -0.0354628422)
(0.0003137782464 4.247884271e-11 -0.03546334896)
(0.0003189041525 4.247891603e-11 -0.03546352008)
(0.0003137782463 4.247884271e-11 -0.03546334896)
(0.0002985979345 4.247862543e-11 -0.0354628422)
(0.0002739461007 4.247827264e-11 -0.03546201925)
(0.0002407704305 4.247779775e-11 -0.03546091175)
(0.0002003453978 4.247721922e-11 -0.03545956224)
(0.000154224914 4.247655916e-11 -0.03545802261)
(0.0001041817047 4.247584316e-11 -0.03545635202)
(5.213828495e-05 4.247509809e-11 -0.03545461466)
(9.486523156e-08 4.247435303e-11 -0.0354528773)
(-4.9948344e-05 4.247363702e-11 -0.03545120672)
(-9.606882784e-05 4.247297696e-11 -0.03544966708)
(-0.0001364938604 4.247239843e-11 -0.03544831758)
(-0.0001696695305 4.247192355e-11 -0.03544721008)
(-0.0001943213643 4.247157031e-11 -0.03544638713)
(-0.0002095016759 4.247135326e-11 -0.03544588036)
(-0.0002107585661 4.588766474e-11 -0.03840588618)
(-0.000205630711 4.588773838e-11 -0.03840605742)
(-0.0001904446278 4.588795598e-11 -0.03840656457)
(-0.0001657834214 4.588830965e-11 -0.03840738815)
(-0.000132595138 4.588878539e-11 -0.03840849649)
(-9.215473587e-05 4.588936522e-11 -0.03840984702)
(-4.601671714e-05 4.589002659e-11 -0.03841138783)
(4.045518376e-06 4.589074346e-11 -0.03841305969)
(5.610872482e-05 4.589149026e-11 -0.03841479837)
(0.0001081719313 4.589223706e-11 -0.03841653706)
(0.0001582341667 4.58929548e-11 -0.03841820891)
(0.0002043721854 4.589361616e-11 -0.03841974972)
(0.0002448125874 4.5894196e-11 -0.03842110025)
(0.0002780008708 4.589467174e-11 -0.0384222086)
(0.0003026620771 4.589502541e-11 -0.03842303217)
(0.0003178481602 4.589524301e-11 -0.03842353932)
(0.0003229760151 4.589531647e-11 -0.03842371057)
(0.0003178481601 4.589524301e-11 -0.03842353932)
(0.0003026620768 4.589502541e-11 -0.03842303217)
(0.0002780008705 4.589467174e-11 -0.0384222086)
(0.000244812587 4.5894196e-11 -0.03842110025)
(0.0002043721849 4.589361616e-11 -0.03841974972)
(0.0001582341662 4.58929548e-11 -0.03841820891)
(0.0001081719307 4.589223706e-11 -0.03841653706)
(5.610872421e-05 4.589149026e-11 -0.03841479837)
(4.045517775e-06 4.589074346e-11 -0.03841305969)
(-4.60167177e-05 4.589002659e-11 -0.03841138783)
(-9.215473638e-05 4.588936522e-11 -0.03840984702)
(-0.0001325951384 4.588878539e-11 -0.03840849649)
(-0.0001657834218 4.588830965e-11 -0.03840738815)
(-0.000190444628 4.588795598e-11 -0.03840656457)
(-0.0002056307112 4.588773838e-11 -0.03840605742)
(-0.0002069681376 4.927405896e-11 -0.04136720337)
(-0.0002018382811 4.927413263e-11 -0.04136737476)
(-0.0001866462706 4.927435088e-11 -0.0413678823)
(-0.0001619754389 4.927470541e-11 -0.04136870652)
(-0.0001287742019 4.927518202e-11 -0.04136981573)
(-8.83180157e-05 4.927576316e-11 -0.04137116732)
(-4.216198908e-05 4.927642582e-11 -0.04137270933)
(7.919785957e-06 4.927714486e-11 -0.04137438249)
(6.000331292e-05 4.927789253e-11 -0.04137612254)
(0.0001120868399 4.92786402e-11 -0.04137786258)
(0.0001621686149 4.927936011e-11 -0.04137953574)
(0.0002083246414 4.928002277e-11 -0.04138107776)
(0.0002487808275 4.92806039e-11 -0.04138242934)
(0.0002819820645 4.928108052e-11 -0.04138353855)
(0.0003066528961 4.928143462e-11 -0.04138436277)
(0.0003218449064 4.928165265e-11 -0.04138487032)
(0.0003269747628 4.928172641e-11 -0.0413850417)
(0.0003218449063 4.928165265e-11 -0.04138487032)
(0.0003066528959 4.928143462e-11 -0.04138436277)
(0.0002819820641 4.928108052e-11 -0.04138353855)
(0.0002487808271 4.92806039e-11 -0.04138242934)
(0.0002083246409 4.928002277e-11 -0.04138107776)
(0.0001621686143 4.927936011e-11 -0.04137953574)
(0.0001120868393 4.92786402e-11 -0.04137786258)
(6.000331231e-05 4.927789253e-11 -0.04137612254)
(7.919785362e-06 4.927714486e-11 -0.04137438249)
(-4.216198964e-05 4.927642582e-11 -0.04137270933)
(-8.831801621e-05 4.927576316e-11 -0.04137116732)
(-0.0001287742023 4.927518202e-11 -0.04136981573)
(-0.0001619754392 4.927470541e-11 -0.04136870652)
(-0.0001866462709 4.927435088e-11 -0.0413678823)
(-0.0002018382812 4.927413263e-11 -0.04136737476)
(-0.000203257857 5.262796432e-11 -0.04432968932)
(-0.0001981259531 5.262803821e-11 -0.04432986083)
(-0.0001829278792 5.262825679e-11 -0.04433036878)
(-0.0001582472009 5.262861154e-11 -0.04433119366)
(-0.0001250327126 5.262908902e-11 -0.04433230376)
(-8.456037957e-05 5.262967145e-11 -0.04433365643)
(-3.838593119e-05 5.263033542e-11 -0.04433519967)
(1.171583246e-05 5.263105663e-11 -0.04433687417)
(6.382014696e-05 5.263180603e-11 -0.04433861561)
(0.0001159244615 5.263255543e-11 -0.04434035704)
(0.0001660262251 5.263327578e-11 -0.04434203154)
(0.0002122006734 5.263393974e-11 -0.04434357479)
(0.0002526730063 5.263452217e-11 -0.04434492745)
(0.0002858874945 5.263499966e-11 -0.04434603755)
(0.0003105681728 5.263535528e-11 -0.04434686243)
(0.0003257662465 5.263557385e-11 -0.04434737038)
(0.0003308981503 5.263564767e-11 -0.0443475419)
(0.0003257662464 5.263557385e-11 -0.04434737038)
(0.0003105681725 5.263535528e-11 -0.04434686243)
(0.0002858874942 5.263499966e-11 -0.04434603755)
(0.0002526730059 5.263452217e-11 -0.04434492745)
(0.0002122006729 5.263393974e-11 -0.04434357479)
(0.0001660262245 5.263327578e-11 -0.04434203154)
(0.0001159244609 5.263255543e-11 -0.04434035704)
(6.382014636e-05 5.263180603e-11 -0.04433861561)
(1.171583187e-05 5.263105663e-11 -0.04433687417)
(-3.838593174e-05 5.263033542e-11 -0.04433519967)
(-8.456038007e-05 5.262967145e-11 -0.04433365643)
(-0.000125032713 5.262908902e-11 -0.04433230376)
(-0.0001582472012 5.262861154e-11 -0.04433119366)
(-0.0001829278794 5.262825679e-11 -0.04433036878)
(-0.0001981259532 5.262803821e-11 -0.04432986083)
(-0.000199629414 5.594684264e-11 -0.0472933702)
(-0.0001944954179 5.594691659e-11 -0.04729354186)
(-0.0001792911481 5.594713581e-11 -0.04729405023)
(-0.0001546004078 5.5947491e-11 -0.04729487578)
(-0.0001213723786 5.594796978e-11 -0.04729598678)
(-8.088354579e-05 5.594855308e-11 -0.04729734055)
(-3.469027294e-05 5.594921878e-11 -0.04729888506)
(1.543191626e-05 5.594994086e-11 -0.04730056093)
(6.755747273e-05 5.5950692e-11 -0.04730230378)
(0.0001196830292 5.595144313e-11 -0.04730404663)
(0.0001698052184 5.595216521e-11 -0.0473057225)
(0.0002159984912 5.595283091e-11 -0.04730726701)
(0.0002564873239 5.595341421e-11 -0.04730862078)
(0.000289715353 5.595389299e-11 -0.04730973178)
(0.0003144060931 5.595424905e-11 -0.04731055734)
(0.0003296103629 5.595446806e-11 -0.0473110657)
(0.0003347443588 5.595454206e-11 -0.04731123736)
(0.0003296103627 5.595446806e-11 -0.0473110657)
(0.0003144060929 5.595424905e-11 -0.04731055734)
(0.0002897153527 5.595389299e-11 -0.04730973178)
(0.0002564873235 5.595341421e-11 -0.04730862078)
(0.0002159984907 5.595283091e-11 -0.04730726701)
(0.0001698052178 5.595216521e-11 -0.0473057225)
(0.0001196830286 5.595144313e-11 -0.04730404663)
(6.755747214e-05 5.5950692e-11 -0.04730230378)
(1.543191568e-05 5.594994086e-11 -0.04730056093)
(-3.469027349e-05 5.594921878e-11 -0.04729888506)
(-8.088354628e-05 5.594855308e-11 -0.04729734055)
(-0.000121372379 5.594796978e-11 -0.04729598678)
(-0.0001546004082 5.5947491e-11 -0.04729487578)
(-0.0001792911483 5.594713581e-11 -0.04729405023)
(-0.000194495418 5.594691659e-11 -0.04729354186)
(-0.0001960848901 5.922812028e-11 -0.05025827326)
(-0.0001909487522 5.922819451e-11 -0.05025844506)
(-0.0001757381394 5.922841384e-11 -0.05025895385)
(-0.0001510370985 5.922877033e-11 -0.0502597801)
(-0.0001177952071 5.922924998e-11 -0.05026089203)
(-7.728948285e-05 5.922983458e-11 -0.05026224693)
(-3.107693882e-05 5.923050158e-11 -0.05026379272)
(1.906616066e-05 5.923122496e-11 -0.05026546999)
(7.121346318e-05 5.923197783e-11 -0.05026721431)
(0.0001233607657 5.92327307e-11 -0.05026895862)
(0.0001735038651 5.923345408e-11 -0.05027063589)
(0.0002197164091 5.923412108e-11 -0.05027218168)
(0.0002602221333 5.923470568e-11 -0.05027353658)
(0.0002934640246 5.923518533e-11 -0.05027464851)
(0.0003181650654 5.923554225e-11 -0.05027547476)
(0.0003333756781 5.92357618e-11 -0.05027598355)
(0.0003385118159 5.923583593e-11 -0.05027615535)
(0.000333375678 5.92357618e-11 -0.05027598355)
(0.0003181650652 5.923554225e-11 -0.05027547476)
(0.0002934640243 5.923518533e-11 -0.05027464851)
(0.0002602221328 5.923470568e-11 -0.05027353658)
(0.0002197164086 5.923412108e-11 -0.05027218168)
(0.0001735038646 5.923345408e-11 -0.05027063589)
(0.0001233607651 5.92327307e-11 -0.05026895862)
(7.12134626e-05 5.923197783e-11 -0.05026721431)
(1.906616009e-05 5.923122496e-11 -0.05026546999)
(-3.107693936e-05 5.923050158e-11 -0.05026379272)
(-7.728948334e-05 5.922983458e-11 -0.05026224693)
(-0.0001177952075 5.922924998e-11 -0.05026089203)
(-0.0001510370989 5.922877033e-11 -0.0502597801)
(-0.0001757381396 5.922841384e-11 -0.05025895385)
(-0.0001909487523 5.922819451e-11 -0.05025844506)
(-0.0001926270479 6.246919614e-11 -0.05322443051)
(-0.0001874887067 6.246927042e-11 -0.05322460246)
(-0.0001722715691 6.246949052e-11 -0.05322511168)
(-0.0001475599323 6.246984787e-11 -0.05322593864)
(-0.0001143037813 6.247032839e-11 -0.05322705152)
(-7.378068151e-05 6.247091429e-11 -0.05322840759)
(-2.75483139e-05 6.247158303e-11 -0.05322995471)
(2.261629522e-05 6.247230771e-11 -0.05323163342)
(7.478596711e-05 6.247306231e-11 -0.05323337923)
(0.000126955639 6.247381692e-11 -0.05323512504)
(0.0001771202481 6.24745416e-11 -0.05323680375)
(0.0002233526156 6.247521033e-11 -0.05323835088)
(0.0002638757153 6.247579624e-11 -0.05323970694)
(0.0002971318663 6.247627676e-11 -0.05324081983)
(0.0003218435029 6.247663411e-11 -0.05324164678)
(0.0003370606405 6.247685399e-11 -0.05324215601)
(0.0003421989815 6.247692828e-11 -0.05324232796)
(0.0003370606404 6.247685399e-11 -0.05324215601)
(0.0003218435027 6.247663411e-11 -0.05324164678)
(0.000297131866 6.247627676e-11 -0.05324081983)
(0.0002638757149 6.247579624e-11 -0.05323970694)
(0.0002233526152 6.247521033e-11 -0.05323835088)
(0.0001771202475 6.24745416e-11 -0.05323680375)
(0.0001269556384 6.247381692e-11 -0.05323512504)
(7.478596653e-05 6.247306231e-11 -0.05323337923)
(2.261629465e-05 6.247230771e-11 -0.05323163342)
(-2.754831444e-05 6.247158303e-11 -0.05322995471)
(-7.378068199e-05 6.247091429e-11 -0.05322840759)
(-0.0001143037817 6.247032839e-11 -0.05322705152)
(-0.0001475599327 6.246984787e-11 -0.05322593864)
(-0.0001722715693 6.246949052e-11 -0.05322511168)
(-0.0001874887068 6.246927042e-11 -0.05322460246)
(-0.0001892596313 6.566745381e-11 -0.05619188282)
(-0.0001841190065 6.566752827e-11 -0.05619205493)
(-0.0001688951057 6.56677488e-11 -0.05619256461)
(-0.000144172486 6.56681068e-11 -0.05619339229)
(-0.0001109015544 6.566858862e-11 -0.05619450617)
(-7.036044438e-05 6.566917583e-11 -0.05619586344)
(-2.410752907e-05 6.566984543e-11 -0.05619741194)
(2.607937542e-05 6.567057315e-11 -0.05619909215)
(7.827223383e-05 6.567132862e-11 -0.05620083951)
(0.0001304650922 6.567208409e-11 -0.05620258688)
(0.0001806519967 6.567281094e-11 -0.05620426708)
(0.0002269049119 6.567348054e-11 -0.05620581558)
(0.0002674460219 6.567406775e-11 -0.05620717286)
(0.0003007169534 6.567454957e-11 -0.05620828673)
(0.000325439573 6.5674908e-11 -0.05620911442)
(0.0003406634737 6.567512831e-11 -0.0562096241)
(0.0003458040984 6.56752028e-11 -0.0562097962)
(0.0003406634736 6.567512831e-11 -0.0562096241)
(0.0003254395727 6.5674908e-11 -0.05620911442)
(0.0003007169531 6.567454957e-11 -0.05620828673)
(0.0002674460215 6.567406775e-11 -0.05620717286)
(0.0002269049115 6.567348054e-11 -0.05620581558)
(0.0001806519961 6.567281094e-11 -0.05620426708)
(0.0001304650917 6.567208409e-11 -0.05620258688)
(7.827223325e-05 6.567132862e-11 -0.05620083951)
(2.607937486e-05 6.567057315e-11 -0.05619909215)
(-2.41075296e-05 6.566984543e-11 -0.05619741194)
(-7.036044486e-05 6.566917583e-11 -0.05619586344)
(-0.0001109015548 6.566858862e-11 -0.05619450617)
(-0.0001441724863 6.56681068e-11 -0.05619339229)
(-0.0001688951059 6.56677488e-11 -0.05619256461)
(-0.0001841190066 6.566752827e-11 -0.05619205493)
(-0.0001859876733 6.882027746e-11 -0.05916068429)
(-0.0001808446575 6.882035198e-11 -0.05916085656)
(-0.000165613676 6.882057294e-11 -0.05916136671)
(-0.0001408795578 6.882093203e-11 -0.05916219517)
(-0.0001075931518 6.882141515e-11 -0.05916331008)
(-6.703318594e-05 6.882200322e-11 -0.05916466862)
(-2.075875824e-05 6.882267456e-11 -0.05916621857)
(2.945148834e-05 6.882340357e-11 -0.05916790034)
(8.166862182e-05 6.882416078e-11 -0.05916964933)
(0.0001338857553 6.882491799e-11 -0.05917139832)
(0.0001840960018 6.8825647e-11 -0.05917308009)
(0.0002303704295 6.882631834e-11 -0.05917463003)
(0.0002709303952 6.882690641e-11 -0.05917598857)
(0.0003042168011 6.882738953e-11 -0.05917710348)
(0.0003289509193 6.882774819e-11 -0.05917793194)
(0.0003441819007 6.882796915e-11 -0.0591784421)
(0.0003493249163 6.882804383e-11 -0.05917861436)
(0.0003441819006 6.882796915e-11 -0.0591784421)
(0.0003289509191 6.882774819e-11 -0.05917793194)
(0.0003042168008 6.882738953e-11 -0.05917710348)
(0.0002709303948 6.882690641e-11 -0.05917598857)
(0.000230370429 6.882631834e-11 -0.05917463003)
(0.0001840960013 6.8825647e-11 -0.05917308009)
(0.0001338857547 6.882491799e-11 -0.05917139832)
(8.166862125e-05 6.882416078e-11 -0.05916964933)
(2.945148779e-05 6.882340357e-11 -0.05916790034)
(-2.075875877e-05 6.882267456e-11 -0.05916621857)
(-6.703318641e-05 6.882200322e-11 -0.05916466862)
(-0.0001075931521 6.882141515e-11 -0.05916331008)
(-0.0001408795581 6.882093203e-11 -0.05916219517)
(-0.0001656136762 6.882057294e-11 -0.05916136671)
(-0.0001808446576 6.882035198e-11 -0.05916085656)
(-0.0001828177909 7.192507161e-11 -0.06213090661)
(-0.0001776722427 7.192514639e-11 -0.06213107905)
(-0.0001624337612 7.192536779e-11 -0.0621315897)
(-0.0001376874636 7.192572753e-11 -0.06213241898)
(-0.000104384667 7.192621151e-11 -0.06213353499)
(-6.380472893e-05 7.192680132e-11 -0.06213489487)
(-1.750751514e-05 7.192747396e-11 -0.06213644634)
(3.272745559e-05 7.192820471e-11 -0.06213812977)
(8.497030142e-05 7.192896365e-11 -0.06213988049)
(0.0001372131472 7.192972259e-11 -0.0621416312)
(0.0001874481179 7.193045335e-11 -0.06214331463)
(0.0002337453317 7.193112599e-11 -0.0621448661)
(0.0002743252697 7.193171579e-11 -0.06214622598)
(0.0003076280662 7.193219978e-11 -0.06214734199)
(0.0003323743638 7.193255995e-11 -0.06214817127)
(0.0003476128451 7.193278135e-11 -0.06214868193)
(0.0003527583932 7.193285613e-11 -0.06214885436)
(0.000347612845 7.193278135e-11 -0.06214868193)
(0.0003323743635 7.193255995e-11 -0.06214817127)
(0.0003076280659 7.193219978e-11 -0.06214734199)
(0.0002743252693 7.193171579e-11 -0.06214622598)
(0.0002337453312 7.193112599e-11 -0.0621448661)
(0.0001874481174 7.193045335e-11 -0.06214331463)
(0.0001372131467 7.192972259e-11 -0.0621416312)
(8.497030087e-05 7.192896365e-11 -0.06213988049)
(3.272745505e-05 7.192820471e-11 -0.06213812977)
(-1.750751565e-05 7.192747396e-11 -0.06213644634)
(-6.380472939e-05 7.192680132e-11 -0.06213489487)
(-0.0001043846674 7.192621151e-11 -0.06213353499)
(-0.0001376874639 7.192572753e-11 -0.06213241898)
(-0.0001624337615 7.192536779e-11 -0.0621315897)
(-0.0001776722428 7.192514639e-11 -0.06213107905)
(-0.0001797584587 7.497928464e-11 -0.06510264338)
(-0.0001746101948 7.497935953e-11 -0.06510281599)
(-0.000159363671 7.497958179e-11 -0.06510332719)
(-0.000134604313 7.497994196e-11 -0.06510415734)
(-0.0001012839402 7.498042725e-11 -0.06510527454)
(-6.06825853e-05 7.498101879e-11 -0.06510663585)
(-1.436093727e-05 7.498169316e-11 -0.06510818896)
(3.590054591e-05 7.498242478e-11 -0.06510987417)
(8.81709639e-05 7.498318633e-11 -0.06511162674)
(0.0001404413819 7.498394787e-11 -0.0651133793)
(0.000190702865 7.498467949e-11 -0.06511506451)
(0.000237024513 7.498535386e-11 -0.06511661762)
(0.0002776258678 7.49859454e-11 -0.06511797894)
(0.0003109462406 7.498643069e-11 -0.06511909613)
(0.0003357055984 7.49867913e-11 -0.06511992628)
(0.0003509521221 7.498701334e-11 -0.06512043748)
(0.0003561003859 7.498708831e-11 -0.0651206101)
(0.000350952122 7.498701334e-11 -0.06512043748)
(0.0003357055982 7.49867913e-11 -0.06511992628)
(0.0003109462402 7.498643069e-11 -0.06511909613)
(0.0002776258674 7.49859454e-11 -0.06511797894)
(0.0002370245126 7.498535386e-11 -0.06511661762)
(0.0001907028645 7.498467949e-11 -0.06511506451)
(0.0001404413813 7.498394787e-11 -0.0651133793)
(8.817096336e-05 7.498318633e-11 -0.06511162674)
(3.590054538e-05 7.498242478e-11 -0.06510987417)
(-1.436093778e-05 7.498169316e-11 -0.06510818896)
(-6.068258575e-05 7.498101879e-11 -0.06510663585)
(-0.0001012839406 7.498042725e-11 -0.06510527454)
(-0.0001346043133 7.497994196e-11 -0.06510415734)
(-0.0001593636712 7.497958179e-11 -0.06510332719)
(-0.0001746101949 7.497935953e-11 -0.06510281599)
(-0.0001768205722 7.798009941e-11 -0.06807567822)
(-0.0001716693616 7.798017462e-11 -0.06807585103)
(-0.000156414111 7.798039731e-11 -0.06807636282)
(-0.0001316405815 7.7980759e-11 -0.06807719392)
(-9.830113696e-05 7.798124516e-11 -0.06807831239)
(-5.767654296e-05 7.7981838e-11 -0.06807967527)
(-1.132838166e-05 7.798251454e-11 -0.06808123016)
(3.896186987e-05 7.798324833e-11 -0.0680829173)
(9.126220605e-05 7.798401161e-11 -0.06808467188)
(0.0001435625422 7.798477489e-11 -0.06808642645)
(0.0001938527937 7.798550868e-11 -0.06808811359)
(0.000240200955 7.798618522e-11 -0.06808966848)
(0.0002808255489 7.798677806e-11 -0.06809103136)
(0.0003141649933 7.798726422e-11 -0.06809214983)
(0.0003389385228 7.798762591e-11 -0.06809298094)
(0.0003541937732 7.798784838e-11 -0.06809349272)
(0.0003593449838 7.798792352e-11 -0.06809366553)
(0.0003541937731 7.798784838e-11 -0.06809349272)
(0.0003389385226 7.798762591e-11 -0.06809298094)
(0.000314164993 7.798726422e-11 -0.06809214983)
(0.0002808255485 7.798677806e-11 -0.06809103136)
(0.0002402009545 7.798618522e-11 -0.06808966848)
(0.0001938527932 7.798550868e-11 -0.06808811359)
(0.0001435625417 7.798477489e-11 -0.06808642645)
(9.126220551e-05 7.798401161e-11 -0.06808467188)
(3.896186934e-05 7.798324833e-11 -0.0680829173)
(-1.132838215e-05 7.798251454e-11 -0.06808123016)
(-5.767654341e-05 7.7981838e-11 -0.06807967527)
(-9.830113734e-05 7.798124516e-11 -0.06807831239)
(-0.0001316405818 7.7980759e-11 -0.06807719392)
(-0.0001564141112 7.798039731e-11 -0.06807636282)
(-0.0001716693617 7.798017462e-11 -0.06807585103)
(-0.0001740160084 8.092614124e-11 -0.07105116773)
(-0.0001688615652 8.092621657e-11 -0.07105134076)
(-0.0001535967414 8.092643981e-11 -0.07105185319)
(-0.0001288076655 8.092680259e-11 -0.07105268534)
(-9.544729916e-05 8.092729048e-11 -0.07105380522)
(-5.479721164e-05 8.092788462e-11 -0.07105516981)
(-8.419965063e-06 8.09285629e-11 -0.07105672665)
(4.190184555e-05 8.092929972e-11 -0.07105841591)
(9.423500223e-05 8.093006473e-11 -0.07106017269)
(0.0001465681589 8.093082975e-11 -0.07106192947)
(0.0001968899695 8.09315657e-11 -0.07106361873)
(0.000243267216 8.093224398e-11 -0.07106517558)
(0.0002839173035 8.093283812e-11 -0.07106654017)
(0.0003172776697 8.093332601e-11 -0.07106766005)
(0.0003420667455 8.093368879e-11 -0.0710684922)
(0.0003573315692 8.093391202e-11 -0.07106900462)
(0.0003624860123 8.09339874e-11 -0.07106917765)
(0.0003573315691 8.093391202e-11 -0.07106900462)
(0.0003420667453 8.093368879e-11 -0.0710684922)
(0.0003172776694 8.093332601e-11 -0.07106766005)
(0.0002839173031 8.093283812e-11 -0.07106654017)
(0.0002432672156 8.093224398e-11 -0.07106517558)
(0.000196889969 8.09315657e-11 -0.07106361873)
(0.0001465681584 8.093082975e-11 -0.07106192947)
(9.423500171e-05 8.093006473e-11 -0.07106017269)
(4.190184504e-05 8.092929972e-11 -0.07105841591)
(-8.419965548e-06 8.09285629e-11 -0.07105672665)
(-5.479721208e-05 8.092788462e-11 -0.07105516981)
(-9.544729953e-05 8.092729048e-11 -0.07105380522)
(-0.0001288076658 8.092680259e-11 -0.07105268534)
(-0.0001535967416 8.092643981e-11 -0.07105185319)
(-0.0001688615653 8.092621657e-11 -0.07105134076)
(-0.0001713612817 8.381382784e-11 -0.07402794908)
(-0.0001662032636 8.381390352e-11 -0.07402812235)
(-0.0001509278529 8.38141273e-11 -0.07402863549)
(-0.0001261215845 8.381449137e-11 -0.07402946879)
(-9.273808117e-05 8.381498056e-11 -0.07403059023)
(-5.205980082e-05 8.381557687e-11 -0.07403195671)
(-5.650389345e-06 8.381625732e-11 -0.07403351572)
(4.470632192e-05 8.381699501e-11 -0.07403520733)
(9.707577421e-05 8.381776263e-11 -0.07403696655)
(0.0001494452265 8.381853024e-11 -0.07403872577)
(0.0001998019377 8.38192688e-11 -0.07404041738)
(0.0002462113492 8.381994925e-11 -0.07404197638)
(0.0002868896294 8.382054556e-11 -0.07404334287)
(0.0003202731327 8.382103475e-11 -0.0740444643)
(0.000345079401 8.382139839e-11 -0.07404529761)
(0.0003603548116 8.382162239e-11 -0.07404581075)
(0.0003655128296 8.382169795e-11 -0.07404598402)
(0.0003603548115 8.382162239e-11 -0.07404581075)
(0.0003450794008 8.382139839e-11 -0.07404529761)
(0.0003202731324 8.382103475e-11 -0.0740444643)
(0.0002868896291 8.382054556e-11 -0.07404334287)
(0.0002462113487 8.381994925e-11 -0.07404197638)
(0.0001998019372 8.38192688e-11 -0.07404041738)
(0.000149445226 8.381853024e-11 -0.07403872577)
(9.707577369e-05 8.381776263e-11 -0.07403696655)
(4.470632141e-05 8.381699501e-11 -0.07403520733)
(-5.65038982e-06 8.381625732e-11 -0.07403351572)
(-5.205980125e-05 8.381557687e-11 -0.07403195671)
(-9.273808153e-05 8.381498056e-11 -0.07403059023)
(-0.0001261215848 8.381449137e-11 -0.07402946879)
(-0.0001509278531 8.38141273e-11 -0.07402863549)
(-0.0001662032637 8.381390352e-11 -0.07402812235)
(-0.0001688728898 8.66423721e-11 -0.07700758239)
(-0.0001637108927 8.664244799e-11 -0.07700775593)
(-0.0001484236983 8.664267264e-11 -0.07700826986)
(-0.0001235982938 8.664303736e-11 -0.07700910445)
(-9.018903772e-05 8.664352872e-11 -0.07701022762)
(-4.947937729e-05 8.664412677e-11 -0.07701159621)
(-3.03416461e-06 8.664480938e-11 -0.07701315763)
(4.736139288e-05 8.664555011e-11 -0.07701485185)
(9.977124408e-05 8.664632033e-11 -0.07701661379)
(0.0001521810953 8.664709054e-11 -0.07701837573)
(0.0002025766527 8.664783127e-11 -0.07702006995)
(0.0002490218654 8.664851388e-11 -0.07702163137)
(0.0002897315257 8.664911193e-11 -0.07702299997)
(0.0003231407818 8.664960329e-11 -0.07702412313)
(0.0003479661861 8.664996802e-11 -0.07702495773)
(0.0003632533805 8.665019245e-11 -0.07702547166)
(0.0003684153775 8.665026835e-11 -0.0770256452)
(0.0003632533804 8.665019245e-11 -0.07702547166)
(0.0003479661859 8.664996802e-11 -0.07702495773)
(0.0003231407815 8.664960329e-11 -0.07702412313)
(0.0002897315254 8.664911193e-11 -0.07702299997)
(0.000249021865 8.664851388e-11 -0.07702163137)
(0.0002025766523 8.664783127e-11 -0.07702006995)
(0.0001521810948 8.664709054e-11 -0.07701837573)
(9.977124358e-05 8.664632033e-11 -0.07701661379)
(4.736139239e-05 8.664555011e-11 -0.07701485185)
(-3.034165076e-06 8.664480938e-11 -0.07701315763)
(-4.947937771e-05 8.664412677e-11 -0.07701159621)
(-9.018903808e-05 8.664352872e-11 -0.07701022762)
(-0.0001235982941 8.664303736e-11 -0.07700910445)
(-0.0001484236985 8.664267264e-11 -0.07700826986)
(-0.0001637108928 8.664244799e-11 -0.07700775593)
(-0.0001665720457 8.940859716e-11 -0.07998897192)
(-0.0001614056066 8.940867328e-11 -0.07998914576)
(-0.0001461052574 8.940889869e-11 -0.07998966058)
(-0.0001212584906 8.940926471e-11 -0.07999049661)
(-8.782048559e-05 8.940975738e-11 -0.07999162171)
(-4.707579423e-05 8.941035802e-11 -0.07999299267)
(-5.90615135e-07 8.941104324e-11 -0.07999455678)
(4.984830807e-05 8.9411787e-11 -0.07999625392)
(0.0001023032583 8.941255982e-11 -0.07999801889)
(0.0001547582085 8.941333264e-11 -0.07999978387)
(0.0002051971317 8.941407554e-11 -0.08000148101)
(0.0002516823107 8.941476075e-11 -0.08000304512)
(0.000292427002 8.94153614e-11 -0.08000441608)
(0.000325865007 8.941585406e-11 -0.08000554118)
(0.0003507117737 8.941622052e-11 -0.08000637721)
(0.0003660121228 8.941644593e-11 -0.08000689203)
(0.0003711785618 8.941652201e-11 -0.08000706587)
(0.0003660121227 8.941644593e-11 -0.08000689203)
(0.0003507117735 8.941622052e-11 -0.08000637721)
(0.0003258650067 8.941585406e-11 -0.08000554118)
(0.0002924270017 8.94153614e-11 -0.08000441608)
(0.0002516823103 8.941476075e-11 -0.08000304512)
(0.0002051971312 8.941407554e-11 -0.08000148101)
(0.000154758208 8.941333264e-11 -0.07999978387)
(0.0001023032578 8.941255982e-11 -0.07999801889)
(4.984830759e-05 8.9411787e-11 -0.07999625392)
(-5.9061559e-07 8.941104324e-11 -0.07999455678)
(-4.707579464e-05 8.941035802e-11 -0.07999299267)
(-8.782048594e-05 8.940975738e-11 -0.07999162171)
(-0.0001212584909 8.940926471e-11 -0.07999049661)
(-0.0001461052576 8.940889869e-11 -0.07998966058)
(-0.0001614056067 8.940867328e-11 -0.07998914576)
(-0.0001644800726 9.211207303e-11 -0.08297374924)
(-0.000159308668 9.211214951e-11 -0.08297392341)
(-0.0001439936133 9.211237589e-11 -0.08297443922)
(-0.0001191229657 9.211274321e-11 -0.08297527686)
(-8.565282273e-05 9.211323804e-11 -0.08297640413)
(-4.48689708e-05 9.211384086e-11 -0.08297777772)
(1.660886168e-06 9.211452868e-11 -0.08297934484)
(5.214828727e-05 9.211527461e-11 -0.08298104525)
(0.000104653653 9.21160509e-11 -0.08298281363)
(0.0001571590188 9.211682719e-11 -0.082984582)
(0.0002076464199 9.211757312e-11 -0.08298628241)
(0.0002541762768 9.211826094e-11 -0.08298784953)
(0.0002949601287 9.211886375e-11 -0.08298922312)
(0.0003284302715 9.211935858e-11 -0.08299035039)
(0.0003533009191 9.211972634e-11 -0.08299118804)
(0.0003686159737 9.211995272e-11 -0.08299170384)
(0.0003737873781 9.212002919e-11 -0.08299187802)
(0.0003686159736 9.211995272e-11 -0.08299170384)
(0.0003533009189 9.211972634e-11 -0.08299118804)
(0.0003284302713 9.211935858e-11 -0.08299035039)
(0.0002949601283 9.211886375e-11 -0.08298922312)
(0.0002541762764 9.211826094e-11 -0.08298784953)
(0.0002076464194 9.211757312e-11 -0.08298628241)
(0.0001571590183 9.211682719e-11 -0.082984582)
(0.0001046536526 9.21160509e-11 -0.08298281363)
(5.21482868e-05 9.211527461e-11 -0.08298104525)
(1.660885724e-06 9.211452868e-11 -0.08297934484)
(-4.48689712e-05 9.211384086e-11 -0.08297777772)
(-8.565282307e-05 9.211323804e-11 -0.08297640413)
(-0.000119122966 9.211274321e-11 -0.08297527686)
(-0.0001439936135 9.211237589e-11 -0.08297443922)
(-0.0001593086681 9.211214951e-11 -0.08297392341)
(-0.0001626223055 9.47501461e-11 -0.08596088338)
(-0.0001574453595 9.475022275e-11 -0.08596105793)
(-0.000142113894 9.475045032e-11 -0.08596157484)
(-0.0001172165962 9.475081917e-11 -0.08596241428)
(-8.37105883e-05 9.475131617e-11 -0.08596354397)
(-4.28830344e-05 9.475192159e-11 -0.08596492051)
(3.696681659e-06 9.475261244e-11 -0.085966491)
(5.423818257e-05 9.475336141e-11 -0.08596819506)
(0.0001067998105 9.475414117e-11 -0.08596996723)
(0.0001593614384 9.475492092e-11 -0.0859717394)
(0.0002099029393 9.475566989e-11 -0.08597344346)
(0.0002564826553 9.475636074e-11 -0.08597501394)
(0.0002973102092 9.475696616e-11 -0.08597639049)
(0.000330816217 9.475746316e-11 -0.08597752018)
(0.0003557135147 9.475783244e-11 -0.08597835962)
(0.0003710449801 9.475805958e-11 -0.08597887653)
(0.000376221926 9.475813639e-11 -0.08597905108)
(0.00037104498 9.475805958e-11 -0.08597887653)
(0.0003557135145 9.475783244e-11 -0.08597835962)
(0.0003308162167 9.475746316e-11 -0.08597752018)
(0.0002973102088 9.475696616e-11 -0.08597639049)
(0.0002564826549 9.475636074e-11 -0.08597501394)
(0.0002099029389 9.475566989e-11 -0.08597344346)
(0.000159361438 9.475492092e-11 -0.0859717394)
(0.00010679981 9.475414117e-11 -0.08596996723)
(5.423818211e-05 9.475336141e-11 -0.08596819506)
(3.696681225e-06 9.475261244e-11 -0.085966491)
(-4.288303479e-05 9.475192159e-11 -0.08596492051)
(-8.371058863e-05 9.475131617e-11 -0.08596354397)
(-0.0001172165965 9.475081917e-11 -0.08596241428)
(-0.0001421138941 9.475045032e-11 -0.08596157484)
(-0.0001574453596 9.475022275e-11 -0.08596105793)
(-0.0001610240269 9.732284446e-11 -0.08895207078)
(-0.0001558409133 9.732292164e-11 -0.08895224574)
(-0.0001404911822 9.732314997e-11 -0.08895276389)
(-0.0001155642225 9.73235212e-11 -0.08895360533)
(-8.201829644e-05 9.732402037e-11 -0.08895473772)
(-4.11421017e-05 9.732462839e-11 -0.08895611755)
(5.493108183e-06 9.732532228e-11 -0.08895769178)
(5.609482288e-05 9.732607515e-11 -0.08895939991)
(0.0001087190713 9.732685838e-11 -0.08896117631)
(0.0001613433197 9.732764161e-11 -0.08896295271)
(0.0002119450344 9.732839448e-11 -0.08896466083)
(0.0002585802442 9.732908837e-11 -0.08896623507)
(0.0002994564389 9.732969639e-11 -0.0889676149)
(0.0003330023649 9.733019555e-11 -0.08896874728)
(0.0003579293246 9.733056635e-11 -0.08896958872)
(0.0003732790555 9.733079468e-11 -0.08897010687)
(0.0003784621691 9.733087185e-11 -0.08897028184)
(0.0003732790554 9.733079468e-11 -0.08897010687)
(0.0003579293244 9.733056635e-11 -0.08896958872)
(0.0003330023647 9.733019555e-11 -0.08896874728)
(0.0002994564386 9.732969639e-11 -0.0889676149)
(0.0002585802439 9.732908837e-11 -0.08896623507)
(0.000211945034 9.732839448e-11 -0.08896466083)
(0.0001613433193 9.732764161e-11 -0.08896295271)
(0.0001087190709 9.732685838e-11 -0.08896117631)
(5.609482243e-05 9.732607515e-11 -0.08895939991)
(5.493107761e-06 9.732532228e-11 -0.08895769178)
(-4.114210208e-05 9.732462839e-11 -0.08895611755)
(-8.201829676e-05 9.732402037e-11 -0.08895473772)
(-0.0001155642228 9.73235212e-11 -0.08895360533)
(-0.0001404911824 9.732314997e-11 -0.08895276389)
(-0.0001558409134 9.732292164e-11 -0.08895224574)
(-0.0001597133924 9.982812978e-11 -0.09194633229)
(-0.0001545234484 9.982820722e-11 -0.09194650772)
(-0.0001391534897 9.982843697e-11 -0.09194702723)
(-0.0001141936814 9.982880928e-11 -0.0919478709)
(-8.060354885e-05 9.982931105e-11 -0.09194900628)
(-3.967348784e-05 9.982992254e-11 -0.09195038975)
(7.023177479e-06 9.98306199e-11 -0.09195196814)
(5.769157464e-05 9.983137667e-11 -0.09195368077)
(0.0001103851708 9.983216337e-11 -0.09195546186)
(0.000163078767 9.983295007e-11 -0.09195724296)
(0.0002137471641 9.983370684e-11 -0.09195895559)
(0.0002604438294 9.98344042e-11 -0.09196053398)
(0.0003013738903 9.983501569e-11 -0.09196191745)
(0.0003349640228 9.983551746e-11 -0.09196305283)
(0.000359923831 9.983589021e-11 -0.09196389649)
(0.0003752937897 9.983611973e-11 -0.09196441601)
(0.0003804837335 9.983619723e-11 -0.09196459144)
(0.0003752937896 9.983611973e-11 -0.09196441601)
(0.0003599238308 9.983589021e-11 -0.09196389649)
(0.0003349640226 9.983551746e-11 -0.09196305283)
(0.00030137389 9.983501569e-11 -0.09196191745)
(0.000260443829 9.98344042e-11 -0.09196053398)
(0.0002137471637 9.983370684e-11 -0.09195895559)
(0.0001630787665 9.983295007e-11 -0.09195724296)
(0.0001103851704 9.983216337e-11 -0.09195546186)
(5.76915742e-05 9.983137667e-11 -0.09195368077)
(7.023177068e-06 9.98306199e-11 -0.09195196814)
(-3.967348821e-05 9.982992254e-11 -0.09195038975)
(-8.060354916e-05 9.982931105e-11 -0.09194900628)
(-0.0001141936817 9.982880928e-11 -0.0919478709)
(-0.0001391534898 9.982843697e-11 -0.09194702723)
(-0.0001545234485 9.982820722e-11 -0.09194650772)
(-0.0001587181139 1.022665557e-10 -0.09494541226)
(-0.0001535206456 1.022666335e-10 -0.0949455882)
(-0.0001381284036 1.022668642e-10 -0.09494610923)
(-0.0001131324089 1.022672389e-10 -0.09494695534)
(-7.949357765e-05 1.022677433e-10 -0.09494809401)
(-3.850417662e-05 1.022683578e-10 -0.09494948151)
(8.260189087e-06 1.022690591e-10 -0.09495106448)
(5.900204481e-05 1.022698202e-10 -0.09495278209)
(0.0001117720357 1.022706113e-10 -0.09495456836)
(0.0001645420265 1.022714023e-10 -0.09495635462)
(0.0002152838822 1.022721625e-10 -0.09495807223)
(0.0002620482479 1.022728638e-10 -0.09495965521)
(0.0003030376489 1.022734783e-10 -0.0949610427)
(0.00033667648 1.022739827e-10 -0.09496218138)
(0.0003616724747 1.022743574e-10 -0.09496302749)
(0.0003770647166 1.022745881e-10 -0.09496354852)
(0.0003822621848 1.022746661e-10 -0.09496372445)
(0.0003770647165 1.022745881e-10 -0.09496354852)
(0.0003616724745 1.022743574e-10 -0.09496302749)
(0.0003366764798 1.022739827e-10 -0.09496218138)
(0.0003030376486 1.022734783e-10 -0.0949610427)
(0.0002620482475 1.022728638e-10 -0.09495965521)
(0.0002152838818 1.022721625e-10 -0.09495807223)
(0.0001645420261 1.022714023e-10 -0.09495635462)
(0.0001117720352 1.022706113e-10 -0.09495456836)
(5.900204439e-05 1.022698202e-10 -0.09495278209)
(8.260188687e-06 1.022690591e-10 -0.09495106448)
(-3.850417698e-05 1.022683578e-10 -0.09494948151)
(-7.949357796e-05 1.022677433e-10 -0.09494809401)
(-0.0001131324091 1.022672389e-10 -0.09494695534)
(-0.0001381284038 1.022668642e-10 -0.09494610923)
(-0.0001535206457 1.022666335e-10 -0.0949455882)
(-0.0001580672758 1.04636749e-10 -0.09794836041)
(-0.0001528615765 1.046368274e-10 -0.0979485369)
(-0.0001374449581 1.046370594e-10 -0.09794905959)
(-0.0001124093778 1.046374359e-10 -0.09794990839)
(-7.871727356e-05 1.046379433e-10 -0.09795105067)
(-3.766295857e-05 1.046385613e-10 -0.09795244257)
(9.175466773e-06 1.04639266e-10 -0.09795403057)
(5.99976812e-05 1.046400319e-10 -0.09795575363)
(0.0001128512427 1.046408273e-10 -0.09795754556)
(0.0001657048041 1.046416226e-10 -0.0979593375)
(0.0002165270185 1.046423876e-10 -0.09796106056)
(0.0002633654438 1.046430924e-10 -0.09796264856)
(0.0003044197588 1.046437104e-10 -0.09796404045)
(0.000338111863 1.046442178e-10 -0.09796518274)
(0.0003631474432 1.046445946e-10 -0.09796603154)
(0.0003785640614 1.046448269e-10 -0.09796655422)
(0.0003837697607 1.046449052e-10 -0.09796673071)
(0.0003785640614 1.046448269e-10 -0.09796655422)
(0.000363147443 1.046445946e-10 -0.09796603154)
(0.0003381118627 1.046442178e-10 -0.09796518274)
(0.0003044197585 1.046437104e-10 -0.09796404045)
(0.0002633654435 1.046430924e-10 -0.09796264856)
(0.0002165270181 1.046423876e-10 -0.09796106056)
(0.0001657048037 1.046416226e-10 -0.0979593375)
(0.0001128512422 1.046408273e-10 -0.09795754556)
(5.999768078e-05 1.046400319e-10 -0.09795575363)
(9.175466385e-06 1.04639266e-10 -0.09795403057)
(-3.766295892e-05 1.046385613e-10 -0.09795244257)
(-7.871727386e-05 1.046379433e-10 -0.09795105067)
(-0.0001124093781 1.046374359e-10 -0.09794990839)
(-0.0001374449583 1.046370594e-10 -0.09794905959)
(-0.0001528615765 1.046368274e-10 -0.0979485369)
(-0.0001577890287 1.069398165e-10 -0.1009569434)
(-0.000152574385 1.069398953e-10 -0.1009571205)
(-0.0001371312783 1.069401288e-10 -0.1009576449)
(-0.0001120526825 1.069405077e-10 -0.1009584967)
(-7.830268938e-05 1.069410177e-10 -0.1009596429)
(-3.717783596e-05 1.069416396e-10 -0.1009610396)
(9.741065921e-06 1.069423486e-10 -0.100962633)
(6.065060172e-05 1.069431184e-10 -0.100964362)
(0.0001135949748 1.06943919e-10 -0.1009661601)
(0.0001665393478 1.069447196e-10 -0.1009679582)
(0.0002174488836 1.069454885e-10 -0.1009696872)
(0.0002643677854 1.069461976e-10 -0.1009712807)
(0.0003054926388 1.069468195e-10 -0.1009726774)
(0.0003392426319 1.069473295e-10 -0.1009738236)
(0.0003643212276 1.069477087e-10 -0.1009746753)
(0.0003797643342 1.069479423e-10 -0.1009751998)
(0.0003849789778 1.06948021e-10 -0.1009753769)
(0.0003797643342 1.069479423e-10 -0.1009751998)
(0.0003643212274 1.069477087e-10 -0.1009746753)
(0.0003392426316 1.069473295e-10 -0.1009738236)
(0.0003054926385 1.069468195e-10 -0.1009726774)
(0.0002643677851 1.069461976e-10 -0.1009712807)
(0.0002174488832 1.069454885e-10 -0.1009696872)
(0.0001665393474 1.069447196e-10 -0.1009679582)
(0.0001135949744 1.06943919e-10 -0.1009661601)
(6.065060132e-05 1.069431184e-10 -0.100964362)
(9.741065544e-06 1.069423486e-10 -0.100962633)
(-3.71778363e-05 1.069416396e-10 -0.1009610396)
(-7.830268967e-05 1.069410177e-10 -0.1009596429)
(-0.0001120526827 1.069405077e-10 -0.1009584967)
(-0.0001371312784 1.069401288e-10 -0.1009576449)
(-0.0001525743851 1.069398953e-10 -0.1009571205)
(-0.000157911172 1.091750565e-10 -0.1039702096)
(-0.0001526868863 1.091751358e-10 -0.1039703873)
(-0.0001372152244 1.091753706e-10 -0.1039709138)
(-0.0001120902571 1.091757518e-10 -0.1039717686)
(-7.827785855e-05 1.091762653e-10 -0.1039729191)
(-3.707696323e-05 1.091768906e-10 -0.103974321)
(9.928694032e-06 1.091776045e-10 -0.1039759203)
(6.093236409e-05 1.09178379e-10 -0.1039776557)
(0.0001139746339 1.091791839e-10 -0.1039794605)
(0.0001670169037 1.091799888e-10 -0.1039812653)
(0.0002180205738 1.091807634e-10 -0.1039830007)
(0.000265026231 1.091814772e-10 -0.1039846001)
(0.0003062271263 1.091821026e-10 -0.1039860019)
(0.0003400395247 1.091826161e-10 -0.1039871524)
(0.000365164492 1.091829973e-10 -0.1039880073)
(0.0003806361538 1.091832324e-10 -0.1039885337)
(0.0003858604395 1.091833117e-10 -0.1039887114)
(0.0003806361537 1.091832324e-10 -0.1039885337)
(0.0003651644919 1.091829973e-10 -0.1039880073)
(0.0003400395245 1.091826161e-10 -0.1039871524)
(0.000306227126 1.091821026e-10 -0.1039860019)
(0.0002650262307 1.091814772e-10 -0.1039846001)
(0.0002180205734 1.091807634e-10 -0.1039830007)
(0.0001670169033 1.091799888e-10 -0.1039812653)
(0.0001139746335 1.091791839e-10 -0.1039794605)
(6.09323637e-05 1.09178379e-10 -0.1039776557)
(9.928693665e-06 1.091776045e-10 -0.1039759203)
(-3.707696356e-05 1.091768906e-10 -0.103974321)
(-7.827785883e-05 1.091762653e-10 -0.1039729191)
(-0.0001120902573 1.091757518e-10 -0.1039717686)
(-0.0001372152246 1.091753706e-10 -0.1039709138)
(-0.0001526868863 1.091751358e-10 -0.1039703873)
(-0.0001584601472 1.113441108e-10 -0.1069899174)
(-0.0001532255424 1.113441906e-10 -0.1069900958)
(-0.0001377233209 1.113444272e-10 -0.1069906244)
(-0.0001125487268 1.11344811e-10 -0.1069914826)
(-7.866954195e-05 1.113453275e-10 -0.1069926376)
(-3.738726662e-05 1.113459572e-10 -0.1069940451)
(9.711236229e-06 1.113466754e-10 -0.1069956508)
(6.081564874e-05 1.113474547e-10 -0.106997393)
(0.0001139626877 1.113482648e-10 -0.1069992049)
(0.0001671097266 1.113490749e-10 -0.1070010169)
(0.0002182141391 1.113498543e-10 -0.1070027591)
(0.0002653126419 1.113505724e-10 -0.1070043648)
(0.0003065949172 1.113512021e-10 -0.1070057722)
(0.0003404741019 1.113517186e-10 -0.1070069273)
(0.000365648696 1.113521025e-10 -0.1070077855)
(0.0003811509174 1.113523388e-10 -0.107008314)
(0.0003863855221 1.113524186e-10 -0.1070084925)
(0.0003811509173 1.113523388e-10 -0.107008314)
(0.0003656486959 1.113521025e-10 -0.1070077855)
(0.0003404741017 1.113517186e-10 -0.1070069273)
(0.0003065949169 1.113512021e-10 -0.1070057722)
(0.0002653126416 1.113505724e-10 -0.1070043648)
(0.0002182141387 1.113498543e-10 -0.1070027591)
(0.0001671097262 1.113490749e-10 -0.1070010169)
(0.0001139626873 1.113482648e-10 -0.1069992049)
(6.081564837e-05 1.113474547e-10 -0.106997393)
(9.711235873e-06 1.113466754e-10 -0.1069956508)
(-3.738726694e-05 1.113459572e-10 -0.1069940451)
(-7.866954222e-05 1.113453275e-10 -0.1069926376)
(-0.000112548727 1.11344811e-10 -0.1069914826)
(-0.0001377233211 1.113444272e-10 -0.1069906244)
(-0.0001532255425 1.113441906e-10 -0.1069900958)
(-0.0001594602713 1.134469104e-10 -0.1100150812)
(-0.000154214714 1.134469908e-10 -0.1100152604)
(-0.0001386800571 1.134472286e-10 -0.1100157912)
(-0.0001134527898 1.13447615e-10 -0.110016653)
(-7.95027191e-05 1.13448135e-10 -0.1100178129)
(-3.813406833e-05 1.134487686e-10 -0.1100192262)
(9.062979329e-06 1.134494916e-10 -0.1100208386)
(6.027431827e-05 1.134502761e-10 -0.1100225882)
(0.0001135325574 1.134510914e-10 -0.1100244077)
(0.0001667907966 1.134519067e-10 -0.1100262272)
(0.0002180021355 1.134526913e-10 -0.1100279768)
(0.0002651991831 1.134534142e-10 -0.1100295893)
(0.0003065678339 1.134540478e-10 -0.1100310026)
(0.0003405179045 1.134545678e-10 -0.1100321624)
(0.0003657451717 1.134549542e-10 -0.1100330243)
(0.0003812798286 1.13455192e-10 -0.110033555)
(0.0003865253858 1.134552723e-10 -0.1100337342)
(0.0003812798285 1.13455192e-10 -0.110033555)
(0.0003657451716 1.134549542e-10 -0.1100330243)
(0.0003405179043 1.134545678e-10 -0.1100321624)
(0.0003065678336 1.134540478e-10 -0.1100310026)
(0.0002651991828 1.134534142e-10 -0.1100295893)
(0.0002180021352 1.134526913e-10 -0.1100279768)
(0.0001667907962 1.134519067e-10 -0.1100262272)
(0.0001135325571 1.134510914e-10 -0.1100244077)
(6.027431791e-05 1.134502761e-10 -0.1100225882)
(9.062978984e-06 1.134494916e-10 -0.1100208386)
(-3.813406864e-05 1.134487686e-10 -0.1100192262)
(-7.950271936e-05 1.13448135e-10 -0.1100178129)
(-0.00011345279 1.13447615e-10 -0.110016653)
(-0.0001386800572 1.134472286e-10 -0.1100157912)
(-0.0001542147141 1.134469908e-10 -0.1100152604)
(-0.0001609343058 1.154855779e-10 -0.1130474204)
(-0.000155677209 1.154856588e-10 -0.1130476004)
(-0.0001401083777 1.154858982e-10 -0.1130481335)
(-0.0001148256136 1.154862872e-10 -0.1130489991)
(-8.080085696e-05 1.154868107e-10 -0.1130501641)
(-3.93412003e-05 1.154874486e-10 -0.1130515837)
(7.959674984e-06 1.154881759e-10 -0.1130532032)
(5.92836725e-05 1.154889647e-10 -0.1130549605)
(0.0001126590732 1.154897861e-10 -0.113056788)
(0.0001660344738 1.154906075e-10 -0.1130586156)
(0.0002173584713 1.154913973e-10 -0.1130603729)
(0.0002646593466 1.154921245e-10 -0.1130619924)
(0.0003061190032 1.154927625e-10 -0.113063412)
(0.0003401437597 1.154932859e-10 -0.1130645769)
(0.0003654265238 1.154936745e-10 -0.1130654426)
(0.000380995355 1.154939143e-10 -0.1130659757)
(0.0003862524518 1.154939951e-10 -0.1130661557)
(0.000380995355 1.154939143e-10 -0.1130659757)
(0.0003654265237 1.154936745e-10 -0.1130654426)
(0.0003401437595 1.154932859e-10 -0.1130645769)
(0.0003061190029 1.154927625e-10 -0.113063412)
(0.0002646593463 1.154921245e-10 -0.1130619924)
(0.000217358471 1.154913973e-10 -0.1130603729)
(0.0001660344735 1.154906075e-10 -0.1130586156)
(0.0001126590728 1.154897861e-10 -0.113056788)
(5.928367215e-05 1.154889647e-10 -0.1130549605)
(7.959674651e-06 1.154881759e-10 -0.1130532032)
(-3.934120061e-05 1.154874486e-10 -0.1130515837)
(-8.080085722e-05 1.154868107e-10 -0.1130501641)
(-0.0001148256138 1.154862872e-10 -0.1130489991)
(-0.0001401083779 1.154858982e-10 -0.1130481335)
(-0.000155677209 1.154856588e-10 -0.1130476004)
(-0.0001629012231 1.174606064e-10 -0.116085885)
(-0.000157632067 1.174606879e-10 -0.1160860658)
(-0.0001420275222 1.174609288e-10 -0.1160866013)
(-0.0001166867617 1.174613202e-10 -0.116087471)
(-8.258395536e-05 1.174618471e-10 -0.1160886413)
(-4.102919398e-05 1.174624894e-10 -0.1160900674)
(6.380185254e-06 1.174632219e-10 -0.1160916944)
(5.78219154e-05 1.174640168e-10 -0.1160934598)
(0.0001113197544 1.174648434e-10 -0.1160952957)
(0.0001648175934 1.1746567e-10 -0.1160971316)
(0.0002162593236 1.174664641e-10 -0.116098897)
(0.0002636687028 1.174671966e-10 -0.116100524)
(0.0003052234641 1.174678388e-10 -0.1161019501)
(0.0003393262704 1.174683658e-10 -0.1161031204)
(0.0003646670309 1.174687572e-10 -0.1161039901)
(0.0003802715755 1.174689983e-10 -0.1161045256)
(0.0003855407316 1.174690796e-10 -0.1161047064)
(0.0003802715755 1.174689983e-10 -0.1161045256)
(0.0003646670307 1.174687572e-10 -0.1161039901)
(0.0003393262702 1.174683658e-10 -0.1161031204)
(0.0003052234639 1.174678388e-10 -0.1161019501)
(0.0002636687025 1.174671966e-10 -0.116100524)
(0.0002162593232 1.174664641e-10 -0.116098897)
(0.0001648175931 1.1746567e-10 -0.1160971316)
(0.0001113197541 1.174648434e-10 -0.1160952957)
(5.782191506e-05 1.174640168e-10 -0.1160934598)
(6.380184931e-06 1.174632219e-10 -0.1160916944)
(-4.102919427e-05 1.174624894e-10 -0.1160900674)
(-8.25839556e-05 1.174618471e-10 -0.1160886413)
(-0.0001166867619 1.174613202e-10 -0.116087471)
(-0.0001420275224 1.174609288e-10 -0.1160866013)
(-0.000157632067 1.174606879e-10 -0.1160860658)
(-0.0001653785778 1.193745234e-10 -0.1191321291)
(-0.0001600969086 1.193746054e-10 -0.1191323107)
(-0.0001444553065 1.193748479e-10 -0.1191328488)
(-0.0001190543672 1.193752419e-10 -0.1191337226)
(-8.487057415e-05 1.193757723e-10 -0.1191348985)
(-4.321712932e-05 1.193764189e-10 -0.1191363314)
(4.304836802e-06 1.193771562e-10 -0.1191379661)
(5.586872979e-05 1.193779563e-10 -0.1191397399)
(0.0001094936145 1.193787881e-10 -0.1191415846)
(0.0001631184991 1.193796199e-10 -0.1191434292)
(0.0002146823921 1.1938042e-10 -0.119145203)
(0.0002622043582 1.193811573e-10 -0.1191468378)
(0.000303857803 1.193818039e-10 -0.1191482706)
(0.0003380415959 1.193823343e-10 -0.1191494465)
(0.0003634425352 1.193827283e-10 -0.1191503203)
(0.0003790841372 1.193829711e-10 -0.1191508584)
(0.0003843658064 1.193830529e-10 -0.1191510401)
(0.0003790841372 1.193829711e-10 -0.1191508584)
(0.000363442535 1.193827283e-10 -0.1191503203)
(0.0003380415957 1.193823343e-10 -0.1191494465)
(0.0003038578027 1.193818039e-10 -0.1191482706)
(0.0002622043579 1.193811573e-10 -0.1191468378)
(0.0002146823918 1.1938042e-10 -0.119145203)
(0.0001631184988 1.193796199e-10 -0.1191434292)
(0.0001094936141 1.193787881e-10 -0.1191415846)
(5.586872945e-05 1.193779563e-10 -0.1191397399)
(4.304836488e-06 1.193771562e-10 -0.1191379661)
(-4.32171296e-05 1.193764189e-10 -0.1191363314)
(-8.487057439e-05 1.193757723e-10 -0.1191348985)
(-0.0001190543674 1.193752419e-10 -0.1191337226)
(-0.0001444553066 1.193748479e-10 -0.1191328488)
(-0.0001600969086 1.193746054e-10 -0.1191323107)
(-0.0001683786834 1.212282989e-10 -0.1221850146)
(-0.0001630841316 1.212283814e-10 -0.1221851972)
(-0.0001474043778 1.212286257e-10 -0.1221857379)
(-0.0001219414827 1.212290225e-10 -0.1221866159)
(-8.767431143e-05 1.212295563e-10 -0.1221877976)
(-4.591926905e-05 1.212302069e-10 -0.1221892375)
(1.718608621e-06 1.212309489e-10 -0.1221908802)
(5.340827188e-05 1.212317538e-10 -0.1221926627)
(0.0001071639538 1.212325917e-10 -0.1221945164)
(0.0001609196358 1.212334295e-10 -0.1221963701)
(0.000212609299 1.212342345e-10 -0.1221981525)
(0.0002602471767 1.212349765e-10 -0.1221997952)
(0.000302002219 1.21235627e-10 -0.1222012351)
(0.0003362693902 1.212361609e-10 -0.1222024168)
(0.0003617322852 1.212365577e-10 -0.1222032948)
(0.000377412039 1.212368022e-10 -0.1222038355)
(0.0003827065907 1.212368846e-10 -0.1222040181)
(0.0003774120389 1.212368022e-10 -0.1222038355)
(0.0003617322851 1.212365577e-10 -0.1222032948)
(0.00033626939 1.212361609e-10 -0.1222024168)
(0.0003020022188 1.21235627e-10 -0.1222012351)
(0.0002602471764 1.212349765e-10 -0.1221997952)
(0.0002126092987 1.212342345e-10 -0.1221981525)
(0.0001609196354 1.212334295e-10 -0.1221963701)
(0.0001071639535 1.212325917e-10 -0.1221945164)
(5.340827156e-05 1.212317538e-10 -0.1221926627)
(1.718608317e-06 1.212309489e-10 -0.1221908802)
(-4.591926933e-05 1.212302069e-10 -0.1221892375)
(-8.767431167e-05 1.212295563e-10 -0.1221877976)
(-0.0001219414828 1.212290225e-10 -0.1221866159)
(-0.0001474043779 1.212286257e-10 -0.1221857379)
(-0.0001630841316 1.212283814e-10 -0.1221851972)
(-0.0001719129417 1.230247866e-10 -0.125246112)
(-0.0001666052158 1.230248696e-10 -0.1252462955)
(-0.0001508864472 1.230251155e-10 -0.1252468389)
(-0.0001253601944 1.230255147e-10 -0.1252477213)
(-9.100775843e-05 1.23026052e-10 -0.1252489089)
(-4.914881972e-05 1.230267069e-10 -0.1252503559)
(-1.392407847e-06 1.230274537e-10 -0.1252520069)
(5.04258714e-05 1.230282647e-10 -0.1252537982)
(0.0001043153101 1.230291077e-10 -0.1252556612)
(0.0001582047487 1.230299508e-10 -0.1252575241)
(0.000210023028 1.230307609e-10 -0.1252593155)
(0.0002577794398 1.230315077e-10 -0.1252609664)
(0.0002996383785 1.230321626e-10 -0.1252624134)
(0.0003339908144 1.230326999e-10 -0.125263601)
(0.0003595170671 1.230330991e-10 -0.1252644834)
(0.0003752358358 1.230333448e-10 -0.1252650268)
(0.0003805435616 1.230334279e-10 -0.1252652103)
(0.0003752358357 1.230333448e-10 -0.1252650268)
(0.000359517067 1.230330991e-10 -0.1252644834)
(0.0003339908142 1.230326999e-10 -0.125263601)
(0.0002996383783 1.230321626e-10 -0.1252624134)
(0.0002577794396 1.230315077e-10 -0.1252609664)
(0.0002100230277 1.230307609e-10 -0.1252593155)
(0.0001582047484 1.230299508e-10 -0.1252575241)
(0.0001043153098 1.230291077e-10 -0.1252556612)
(5.042587109e-05 1.230282647e-10 -0.1252537982)
(-1.392408141e-06 1.230274537e-10 -0.1252520069)
(-4.914881998e-05 1.230267069e-10 -0.1252503559)
(-9.100775865e-05 1.23026052e-10 -0.1252489089)
(-0.0001253601946 1.230255147e-10 -0.1252477213)
(-0.0001508864473 1.230251155e-10 -0.1252468389)
(-0.0001666052159 1.230248696e-10 -0.1252462955)
(-0.0001759863073 1.247653551e-10 -0.1283141804)
(-0.0001706652089 1.247654386e-10 -0.1283143648)
(-0.0001549068377 1.247656863e-10 -0.1283149109)
(-0.000129316273 1.247660881e-10 -0.1283157978)
(-9.487728802e-05 1.247666289e-10 -0.1283169914)
(-5.291288812e-05 1.247672876e-10 -0.1283184457)
(-5.036156709e-06 1.247680392e-10 -0.128320105)
(4.691267572e-05 1.24768855e-10 -0.1283219054)
(0.0001009378857 1.247697032e-10 -0.1283237778)
(0.0001549630958 1.247705515e-10 -0.1283256501)
(0.0002069119282 1.247713673e-10 -0.1283274505)
(0.0002547886596 1.247721189e-10 -0.1283291098)
(0.0002967530594 1.247727776e-10 -0.1283305642)
(0.0003311920443 1.247733184e-10 -0.1283317577)
(0.000356782609 1.247737202e-10 -0.1283326446)
(0.0003725409801 1.247739676e-10 -0.1283331907)
(0.0003778620785 1.247740512e-10 -0.1283333752)
(0.0003725409801 1.247739676e-10 -0.1283331907)
(0.0003567826089 1.247737202e-10 -0.1283326446)
(0.0003311920442 1.247733184e-10 -0.1283317577)
(0.0002967530592 1.247727776e-10 -0.1283305642)
(0.0002547886593 1.247721189e-10 -0.1283291098)
(0.0002069119279 1.247713673e-10 -0.1283274505)
(0.0001549630955 1.247705515e-10 -0.1283256501)
(0.0001009378854 1.247697032e-10 -0.1283237778)
(4.691267542e-05 1.24768855e-10 -0.1283219054)
(-5.036156994e-06 1.247680392e-10 -0.128320105)
(-5.291288838e-05 1.247672876e-10 -0.1283184457)
(-9.487728824e-05 1.247666289e-10 -0.1283169914)
(-0.0001293162732 1.247660881e-10 -0.1283157978)
(-0.0001549068378 1.247656863e-10 -0.1283149109)
(-0.000170665209 1.247654386e-10 -0.1283143648)
(-0.0001806036484 1.26453124e-10 -0.1313906968)
(-0.0001752690616 1.264532079e-10 -0.1313908822)
(-0.0001594707448 1.264534571e-10 -0.1313914311)
(-0.000133815311 1.264538608e-10 -0.1313923225)
(-9.928902728e-05 1.264544051e-10 -0.1313935221)
(-5.721825256e-05 1.264550682e-10 -0.1313949839)
(-9.220159266e-06 1.264558245e-10 -0.1313966516)
(4.286035735e-05 1.264566455e-10 -0.1313984611)
(9.702251493e-05 1.26457499e-10 -0.131400343)
(0.0001511846725 1.264583525e-10 -0.1314022249)
(0.0002032651891 1.264591726e-10 -0.1314040344)
(0.0002512632824 1.264599289e-10 -0.1314057021)
(0.0002933340571 1.26460592e-10 -0.1314071639)
(0.0003278603408 1.264611363e-10 -0.1314083635)
(0.0003535157745 1.264615405e-10 -0.1314092549)
(0.0003693140913 1.264617894e-10 -0.1314098038)
(0.0003746486779 1.264618735e-10 -0.1314099892)
(0.0003693140912 1.264617894e-10 -0.1314098038)
(0.0003535157743 1.264615405e-10 -0.1314092549)
(0.0003278603406 1.264611363e-10 -0.1314083635)
(0.0002933340568 1.26460592e-10 -0.1314071639)
(0.0002512632821 1.264599289e-10 -0.1314057021)
(0.0002032651888 1.264591726e-10 -0.1314040344)
(0.0001511846722 1.264583525e-10 -0.1314022249)
(9.702251463e-05 1.26457499e-10 -0.131400343)
(4.286035706e-05 1.264566455e-10 -0.1313984611)
(-9.220159542e-06 1.264558245e-10 -0.1313966516)
(-5.721825281e-05 1.264550682e-10 -0.1313949839)
(-9.928902749e-05 1.264544051e-10 -0.1313935221)
(-0.0001338153112 1.264538608e-10 -0.1313923225)
(-0.0001594707449 1.264534571e-10 -0.1313914311)
(-0.0001752690617 1.264532079e-10 -0.1313908822)
(-0.0001857624007 1.280898074e-10 -0.1344743117)
(-0.0001804143043 1.28089892e-10 -0.134474498)
(-0.0001645759789 1.280901422e-10 -0.1344750497)
(-0.0001388555738 1.28090549e-10 -0.1344759456)
(-0.0001042418536 1.280910963e-10 -0.1344771513)
(-6.206453642e-05 1.280917629e-10 -0.1344786205)
(-1.394488993e-05 1.28092524e-10 -0.1344802967)
(3.826751845e-05 1.280933493e-10 -0.1344821154)
(9.256683946e-05 1.28094208e-10 -0.1344840069)
(0.0001468661605 1.280950667e-10 -0.1344858983)
(0.0001990785688 1.28095892e-10 -0.134487717)
(0.0002471982153 1.280966531e-10 -0.1344893932)
(0.0002893755325 1.280973196e-10 -0.1344908624)
(0.0003239892526 1.280978669e-10 -0.1344920681)
(0.0003497096576 1.280982737e-10 -0.134492964)
(0.000365547983 1.280985244e-10 -0.1344935157)
(0.0003708960793 1.280986089e-10 -0.134493702)
(0.0003655479829 1.280985244e-10 -0.1344935157)
(0.0003497096575 1.280982737e-10 -0.134492964)
(0.0003239892524 1.280978669e-10 -0.1344920681)
(0.0002893755323 1.280973196e-10 -0.1344908624)
(0.0002471982151 1.280966531e-10 -0.1344893932)
(0.0001990785686 1.28095892e-10 -0.134487717)
(0.0001468661602 1.280950667e-10 -0.1344858983)
(9.256683917e-05 1.28094208e-10 -0.1344840069)
(3.826751816e-05 1.280933493e-10 -0.1344821154)
(-1.39448902e-05 1.28092524e-10 -0.1344802967)
(-6.206453666e-05 1.280917629e-10 -0.1344786205)
(-0.0001042418538 1.280910963e-10 -0.1344771513)
(-0.0001388555739 1.28090549e-10 -0.1344759456)
(-0.000164575979 1.280901422e-10 -0.1344750497)
(-0.0001804143043 1.28089892e-10 -0.134474498)
(-0.0001914609693 1.296787641e-10 -0.1375664073)
(-0.0001860994231 1.296788491e-10 -0.1375665945)
(-0.0001702212662 1.29679101e-10 -0.137567149)
(-0.0001444361773 1.296795102e-10 -0.1375680494)
(-0.0001097354078 1.296800605e-10 -0.1375692612)
(-6.745201965e-05 1.29680731e-10 -0.1375707378)
(-1.921135795e-05 1.296814964e-10 -0.1375724224)
(3.313235843e-05 1.296823265e-10 -0.1375742504)
(8.75682358e-05 1.296831895e-10 -0.1375761513)
(0.0001420041132 1.296840526e-10 -0.1375780523)
(0.0001943478295 1.296848835e-10 -0.1375798802)
(0.0002425884912 1.296856489e-10 -0.1375815648)
(0.0002848718793 1.296863194e-10 -0.1375830414)
(0.0003195726488 1.296868698e-10 -0.1375842532)
(0.0003453577376 1.296872789e-10 -0.1375851536)
(0.0003612358945 1.296875308e-10 -0.1375857081)
(0.0003665974406 1.296876158e-10 -0.1375858953)
(0.0003612358944 1.296875308e-10 -0.1375857081)
(0.0003453577375 1.296872789e-10 -0.1375851536)
(0.0003195726487 1.296868698e-10 -0.1375842532)
(0.0002848718791 1.296863194e-10 -0.1375830414)
(0.000242588491 1.296856489e-10 -0.1375815648)
(0.0001943478293 1.296848835e-10 -0.1375798802)
(0.0001420041129 1.296840526e-10 -0.1375780523)
(8.756823551e-05 1.296831895e-10 -0.1375761513)
(3.313235816e-05 1.296823265e-10 -0.1375742504)
(-1.921135822e-05 1.296814964e-10 -0.1375724224)
(-6.745201988e-05 1.29680731e-10 -0.1375707378)
(-0.000109735408 1.296800605e-10 -0.1375692612)
(-0.0001444361775 1.296795102e-10 -0.1375680494)
(-0.0001702212663 1.29679101e-10 -0.137567149)
(-0.0001860994232 1.296788491e-10 -0.1375665945)
(-0.0001976895096 1.312220376e-10 -0.1406655265)
(-0.0001923146641 1.312221231e-10 -0.1406657147)
(-0.0001763971215 1.312223765e-10 -0.1406662719)
(-0.0001505480729 1.312227874e-10 -0.1406671769)
(-0.0001157612283 1.312233412e-10 -0.1406683947)
(-7.337295637e-05 1.312240152e-10 -0.1406698786)
(-2.501263396e-05 1.312247845e-10 -0.1406715716)
(2.746092076e-05 1.312256189e-10 -0.1406734086)
(8.203182604e-05 1.312264871e-10 -0.140675319)
(0.0001366027313 1.312273554e-10 -0.1406772294)
(0.000189076286 1.312281906e-10 -0.1406790664)
(0.0002374366084 1.3122896e-10 -0.1406807594)
(0.0002798248803 1.312296339e-10 -0.1406822434)
(0.0003146117248 1.312301877e-10 -0.1406834612)
(0.0003404607734 1.312305987e-10 -0.1406843661)
(0.000356378316 1.312308518e-10 -0.1406849234)
(0.0003617531614 1.312309374e-10 -0.1406851115)
(0.000356378316 1.312308518e-10 -0.1406849234)
(0.0003404607733 1.312305987e-10 -0.1406843661)
(0.0003146117247 1.312301877e-10 -0.1406834612)
(0.0002798248801 1.312296339e-10 -0.1406822434)
(0.0002374366082 1.3122896e-10 -0.1406807594)
(0.0001890762858 1.312281906e-10 -0.1406790664)
(0.0001366027311 1.312273554e-10 -0.1406772294)
(8.203182577e-05 1.312264871e-10 -0.140675319)
(2.746092049e-05 1.312256189e-10 -0.1406734086)
(-2.501263421e-05 1.312247845e-10 -0.1406715716)
(-7.33729566e-05 1.312240152e-10 -0.1406698786)
(-0.0001157612285 1.312233412e-10 -0.1406683947)
(-0.000150548073 1.312227874e-10 -0.1406671769)
(-0.0001763971216 1.312223765e-10 -0.1406662719)
(-0.0001923146642 1.312221231e-10 -0.1406657147)
(-0.000204440333 1.327232347e-10 -0.1437729611)
(-0.0001990524142 1.327233207e-10 -0.1437731502)
(-0.0001830961553 1.327235752e-10 -0.1437737102)
(-0.0001571842338 1.32723988e-10 -0.1437746195)
(-0.000122312777 1.327245445e-10 -0.1437758433)
(-7.98214038e-05 1.327252223e-10 -0.1437773344)
(-3.134345429e-05 1.327259956e-10 -0.1437790357)
(2.125773217e-05 1.327268347e-10 -0.1437808816)
(7.596137059e-05 1.327277073e-10 -0.1437828014)
(0.000130665009 1.327285799e-10 -0.1437847211)
(0.0001832661954 1.32729419e-10 -0.1437865671)
(0.0002317441449 1.327301923e-10 -0.1437882683)
(0.0002742355181 1.327308701e-10 -0.1437897595)
(0.0003091069749 1.327314265e-10 -0.1437909832)
(0.0003350188963 1.327318398e-10 -0.1437918926)
(0.0003509751552 1.327320945e-10 -0.1437924525)
(0.0003563630739 1.327321805e-10 -0.1437926416)
(0.0003509751551 1.327320945e-10 -0.1437924525)
(0.0003350188962 1.327318398e-10 -0.1437918926)
(0.0003091069747 1.327314265e-10 -0.1437909832)
(0.0002742355179 1.327308701e-10 -0.1437897595)
(0.0002317441447 1.327301923e-10 -0.1437882683)
(0.0001832661952 1.32729419e-10 -0.1437865671)
(0.0001306650087 1.327285799e-10 -0.1437847211)
(7.596137032e-05 1.327277073e-10 -0.1437828014)
(2.12577319e-05 1.327268347e-10 -0.1437808816)
(-3.134345454e-05 1.327259956e-10 -0.1437790357)
(-7.982140403e-05 1.327252223e-10 -0.1437773344)
(-0.0001223127771 1.327245445e-10 -0.1437758433)
(-0.000157184234 1.32723988e-10 -0.1437746195)
(-0.0001830961554 1.327235752e-10 -0.1437737102)
(-0.0001990524143 1.327233207e-10 -0.1437731502)
(-0.0002116968124 1.341847375e-10 -0.1468871533)
(-0.0002062961299 1.341848238e-10 -0.1468873432)
(-0.0001903020711 1.341850797e-10 -0.1468879059)
(-0.0001643287653 1.341854952e-10 -0.1468888195)
(-0.0001293746992 1.341860542e-10 -0.1468900491)
(-8.678266555e-05 1.341867351e-10 -0.1468915473)
(-3.818987354e-05 1.341875122e-10 -0.1468932567)
(1.453592321e-05 1.341883557e-10 -0.1468951114)
(6.936915255e-05 1.341892326e-10 -0.1468970402)
(0.0001242023819 1.341901095e-10 -0.1468989691)
(0.0001769281786 1.341909522e-10 -0.1469008238)
(0.0002255209706 1.341917293e-10 -0.1469025331)
(0.0002681130042 1.341924102e-10 -0.1469040314)
(0.0003030670703 1.341929692e-10 -0.146905261)
(0.0003290403761 1.341933847e-10 -0.1469061746)
(0.0003450344348 1.341936406e-10 -0.1469067372)
(0.0003504351173 1.341937269e-10 -0.1469069272)
(0.0003450344347 1.341936406e-10 -0.1469067372)
(0.000329040376 1.341933847e-10 -0.1469061746)
(0.0003030670701 1.341929692e-10 -0.146905261)
(0.0002681130041 1.341924102e-10 -0.1469040314)
(0.0002255209704 1.341917293e-10 -0.1469025331)
(0.0001769281784 1.341909522e-10 -0.1469008238)
(0.0001242023816 1.341901095e-10 -0.1468989691)
(6.936915229e-05 1.341892326e-10 -0.1468970402)
(1.453592295e-05 1.341883557e-10 -0.1468951114)
(-3.818987378e-05 1.341875122e-10 -0.1468932567)
(-8.678266576e-05 1.341867351e-10 -0.1468915473)
(-0.0001293746994 1.341860542e-10 -0.1468900491)
(-0.0001643287654 1.341854952e-10 -0.1468888195)
(-0.0001903020712 1.341850797e-10 -0.1468879059)
(-0.0002062961299 1.341848238e-10 -0.1468873432)
(-0.0002194457225 1.356104193e-10 -0.1500093119)
(-0.0002140326532 1.356105061e-10 -0.1500095027)
(-0.000198001911 1.356107631e-10 -0.1500100679)
(-0.0001719690337 1.356111803e-10 -0.1500109858)
(-0.0001369347983 1.356117419e-10 -0.150012221)
(-9.424507704e-05 1.356124262e-10 -0.1500137262)
(-4.554083433e-05 1.356132069e-10 -0.1500154434)
(7.30589243e-06 1.35614053e-10 -0.1500173066)
(6.226488532e-05 1.356149342e-10 -0.1500192443)
(0.0001172238782 1.356158155e-10 -0.150021182)
(0.000170070605 1.356166624e-10 -0.1500230453)
(0.0002187748476 1.356174431e-10 -0.1500247625)
(0.0002614645688 1.356181274e-10 -0.1500262676)
(0.0002964988043 1.35618689e-10 -0.1500275029)
(0.0003225316815 1.356191062e-10 -0.1500284207)
(0.0003385624236 1.356193632e-10 -0.1500289859)
(0.0003439754929 1.356194499e-10 -0.1500291768)
(0.0003385624236 1.356193632e-10 -0.1500289859)
(0.0003225316814 1.356191062e-10 -0.1500284207)
(0.0002964988041 1.35618689e-10 -0.1500275029)
(0.0002614645687 1.356181274e-10 -0.1500262676)
(0.0002187748474 1.356174431e-10 -0.1500247625)
(0.0001700706047 1.356166624e-10 -0.1500230453)
(0.000117223878 1.356158155e-10 -0.150021182)
(6.226488507e-05 1.356149342e-10 -0.1500192443)
(7.305892181e-06 1.35614053e-10 -0.1500173066)
(-4.554083457e-05 1.356132069e-10 -0.1500154434)
(-9.424507725e-05 1.356124262e-10 -0.1500137262)
(-0.0001369347985 1.356117419e-10 -0.150012221)
(-0.0001719690339 1.356111803e-10 -0.1500109858)
(-0.0001980019111 1.356107631e-10 -0.1500100679)
(-0.0002140326532 1.356105061e-10 -0.1500095027)
(-0.0002276643267 1.370029876e-10 -0.1531377881)
(-0.0002222393216 1.370030748e-10 -0.1531379798)
(-0.0002061732318 1.370033327e-10 -0.1531385475)
(-0.0001800829524 1.370037517e-10 -0.1531394694)
(-0.0001449714668 1.370043154e-10 -0.1531407101)
(-0.0001021876153 1.370050028e-10 -0.1531422218)
(-5.337598031e-05 1.370057869e-10 -0.1531439466)
(-4.127271653e-07 1.370066378e-10 -0.1531458181)
(5.466744964e-05 1.370075225e-10 -0.1531477644)
(0.0001097476264 1.370084072e-10 -0.1531497107)
(0.0001627108796 1.370092572e-10 -0.1531515822)
(0.0002115225145 1.370100413e-10 -0.153153307)
(0.000254306366 1.370107287e-10 -0.1531548187)
(0.0002894178515 1.370112925e-10 -0.1531560594)
(0.0003155081309 1.370117119e-10 -0.1531569813)
(0.0003315742206 1.370119698e-10 -0.1531575491)
(0.0003369992257 1.370120569e-10 -0.1531577407)
(0.0003315742206 1.370119698e-10 -0.153157549)
(0.0003155081308 1.370117119e-10 -0.1531569813)
(0.0002894178514 1.370112925e-10 -0.1531560594)
(0.0002543063658 1.370107287e-10 -0.1531548187)
(0.0002115225143 1.370100413e-10 -0.153153307)
(0.0001627108793 1.370092572e-10 -0.1531515822)
(0.0001097476262 1.370084072e-10 -0.1531497107)
(5.466744939e-05 1.370075225e-10 -0.1531477644)
(-4.127274087e-07 1.370066378e-10 -0.1531458181)
(-5.337598054e-05 1.370057869e-10 -0.1531439466)
(-0.0001021876155 1.370050028e-10 -0.1531422218)
(-0.000144971467 1.370043154e-10 -0.1531407101)
(-0.0001800829525 1.370037517e-10 -0.1531394694)
(-0.0002061732319 1.370033327e-10 -0.1531385475)
(-0.0002222393216 1.370030748e-10 -0.1531379798)
(-0.0002363345462 1.383665327e-10 -0.1562737181)
(-0.0002308981145 1.383666201e-10 -0.1562739107)
(-0.0002147981849 1.383668792e-10 -0.1562744808)
(-0.0001886529518 1.383672998e-10 -0.1562754066)
(-0.0001534675114 1.383678662e-10 -0.1562766525)
(-0.0001105935447 1.383685562e-10 -0.1562781707)
(-6.16790984e-05 1.383693433e-10 -0.1562799027)
(-8.604289382e-06 1.383701972e-10 -0.1562817821)
(4.659190214e-05 1.383710854e-10 -0.1562837366)
(0.0001017880937 1.383719736e-10 -0.1562856911)
(0.0001548629027 1.383728275e-10 -0.1562875705)
(0.000203777349 1.383736146e-10 -0.1562893026)
(0.0002466513156 1.383743046e-10 -0.1562908207)
(0.000281836756 1.38374871e-10 -0.1562920667)
(0.0003079819891 1.383752917e-10 -0.1562929925)
(0.0003240819186 1.383755509e-10 -0.1562935626)
(0.0003295183503 1.383756384e-10 -0.1562937551)
(0.0003240819185 1.383755509e-10 -0.1562935626)
(0.000307981989 1.383752917e-10 -0.1562929925)
(0.0002818367559 1.38374871e-10 -0.1562920667)
(0.0002466513154 1.383743046e-10 -0.1562908207)
(0.0002037773488 1.383736146e-10 -0.1562893026)
(0.0001548629024 1.383728275e-10 -0.1562875705)
(0.0001017880934 1.383719736e-10 -0.1562856911)
(4.65919019e-05 1.383710854e-10 -0.1562837366)
(-8.604289621e-06 1.383701972e-10 -0.1562817821)
(-6.167909862e-05 1.383693433e-10 -0.1562799027)
(-0.0001105935449 1.383685562e-10 -0.1562781707)
(-0.0001534675116 1.383678662e-10 -0.1562766525)
(-0.000188652952 1.383672998e-10 -0.1562754066)
(-0.000214798185 1.383668792e-10 -0.1562744808)
(-0.0002308981145 1.383666201e-10 -0.1562739107)
(-0.0002454283335 1.397039435e-10 -0.1594153737)
(-0.0002399810477 1.397040314e-10 -0.159415567)
(-0.000223848974 1.397042913e-10 -0.1594161394)
(-0.0001976515409 1.397047135e-10 -0.1594170689)
(-0.0001623958513 1.397052821e-10 -0.1594183198)
(-0.000119436285 1.397059747e-10 -0.159419844)
(-7.042417902e-05 1.397067644e-10 -0.159421583)
(-1.7243404e-05 1.397076213e-10 -0.1594234699)
(3.806298895e-05 1.39708513e-10 -0.1594254323)
(9.336938189e-05 1.397094046e-10 -0.1594273946)
(0.0001465501569 1.397102625e-10 -0.1594292815)
(0.0001955622629 1.397110522e-10 -0.1594310205)
(0.0002385218291 1.397117448e-10 -0.1594325448)
(0.0002737775187 1.397123133e-10 -0.1594337957)
(0.0002999749517 1.397127355e-10 -0.1594347252)
(0.0003161070254 1.397129956e-10 -0.1594352976)
(0.0003215543112 1.397130834e-10 -0.1594354908)
(0.0003161070254 1.397129956e-10 -0.1594352976)
(0.0002999749517 1.397127355e-10 -0.1594347252)
(0.0002737775185 1.397123133e-10 -0.1594337957)
(0.0002385218289 1.397117448e-10 -0.1594325448)
(0.0001955622627 1.397110522e-10 -0.1594310205)
(0.0001465501567 1.397102625e-10 -0.1594292815)
(9.336938166e-05 1.397094046e-10 -0.1594273946)
(3.806298871e-05 1.39708513e-10 -0.1594254323)
(-1.724340424e-05 1.397076213e-10 -0.1594234699)
(-7.042417924e-05 1.397067644e-10 -0.159421583)
(-0.0001194362852 1.397059747e-10 -0.159419844)
(-0.0001623958515 1.397052821e-10 -0.1594183198)
(-0.000197651541 1.397047135e-10 -0.1594170689)
(-0.0002238489741 1.397042913e-10 -0.1594161394)
(-0.0002399810478 1.397040314e-10 -0.159415567)
(-0.0002549234809 1.410192686e-10 -0.1625638296)
(-0.0002494659622 1.410193568e-10 -0.1625640236)
(-0.0002333035836 1.410196179e-10 -0.1625645982)
(-0.0002070569375 1.410200416e-10 -0.1625655312)
(-0.0001717350185 1.410206119e-10 -0.1625667868)
(-0.0001286947507 1.410213066e-10 -0.1625683168)
(-7.959057329e-05 1.410220994e-10 -0.1625700624)
(-2.63098958e-05 1.410229598e-10 -0.1625719564)
(2.910039269e-05 1.410238541e-10 -0.1625739261)
(8.451068117e-05 1.410247483e-10 -0.1625758958)
(0.0001377913586 1.410256096e-10 -0.1625777898)
(0.0001868955361 1.410264024e-10 -0.1625795354)
(0.0002299358038 1.410270971e-10 -0.1625810653)
(0.0002652577227 1.410276674e-10 -0.162582321)
(0.0002915043689 1.410280915e-10 -0.162583254)
(0.0003076667474 1.410283524e-10 -0.1625838285)
(0.0003131242661 1.410284405e-10 -0.1625840225)
(0.0003076667473 1.410283524e-10 -0.1625838285)
(0.0002915043688 1.410280915e-10 -0.162583254)
(0.0002652577226 1.410276674e-10 -0.162582321)
(0.0002299358036 1.410270971e-10 -0.1625810653)
(0.0001868955359 1.410264024e-10 -0.1625795354)
(0.0001377913584 1.410256096e-10 -0.1625777898)
(8.451068094e-05 1.410247483e-10 -0.1625758958)
(2.910039245e-05 1.410238541e-10 -0.1625739261)
(-2.630989603e-05 1.410229598e-10 -0.1625719564)
(-7.95905735e-05 1.410220994e-10 -0.1625700624)
(-0.0001286947509 1.410213066e-10 -0.1625683168)
(-0.0001717350186 1.410206119e-10 -0.1625667868)
(-0.0002070569376 1.410200416e-10 -0.1625655312)
(-0.0002333035837 1.410196179e-10 -0.1625645982)
(-0.0002494659622 1.410193568e-10 -0.1625640236)
(-0.0002647872809 1.423151349e-10 -0.1657172896)
(-0.0002593202052 1.423152232e-10 -0.1657174843)
(-0.000243129524 1.423154854e-10 -0.1657180609)
(-0.0002168369161 1.423159104e-10 -0.1657189972)
(-0.0001814531432 1.423164824e-10 -0.1657202572)
(-0.0001383375056 1.423171797e-10 -0.1657217925)
(-8.914733954e-05 1.423179751e-10 -0.1657235442)
(-3.577335975e-05 1.423188381e-10 -0.1657254449)
(1.97339603e-05 1.423197359e-10 -0.1657274215)
(7.524128035e-05 1.423206336e-10 -0.1657293981)
(0.0001286152601 1.423214966e-10 -0.1657312988)
(0.0001778054262 1.42322292e-10 -0.1657330505)
(0.0002209210637 1.423229893e-10 -0.1657345858)
(0.0002563048366 1.423235614e-10 -0.1657358459)
(0.0002825974444 1.423239868e-10 -0.1657367821)
(0.0002987881256 1.423242485e-10 -0.1657373587)
(0.0003042552013 1.423243369e-10 -0.1657375534)
(0.0002987881256 1.423242485e-10 -0.1657373587)
(0.0002825974443 1.423239868e-10 -0.1657367821)
(0.0002563048364 1.423235614e-10 -0.1657358459)
(0.0002209210636 1.423229893e-10 -0.1657345858)
(0.000177805426 1.42322292e-10 -0.1657330505)
(0.0001286152599 1.423214966e-10 -0.1657312988)
(7.524128013e-05 1.423206336e-10 -0.1657293981)
(1.973396007e-05 1.423197359e-10 -0.1657274215)
(-3.577335998e-05 1.423188381e-10 -0.1657254449)
(-8.914733975e-05 1.423179751e-10 -0.1657235442)
(-0.0001383375058 1.423171797e-10 -0.1657217925)
(-0.0001814531434 1.423164824e-10 -0.1657202572)
(-0.0002168369162 1.423159104e-10 -0.1657189972)
(-0.0002431295241 1.423154854e-10 -0.1657180609)
(-0.0002593202053 1.423152232e-10 -0.1657174843)
(-0.0002749932758 1.435949172e-10 -0.1688767738)
(-0.0002695173689 1.43595006e-10 -0.1688769691)
(-0.0002533005342 1.435952685e-10 -0.1688775476)
(-0.0002269654548 1.435956948e-10 -0.1688784869)
(-0.0001915245252 1.43596269e-10 -0.168879751)
(-0.0001483392412 1.435969685e-10 -0.1688812913)
(-9.906961636e-05 1.435977661e-10 -0.1688830487)
(-4.560941949e-05 1.435986321e-10 -0.1688849555)
(9.987563712e-06 1.435995324e-10 -0.1688869385)
(6.558454691e-05 1.436004328e-10 -0.1688889215)
(0.0001190447438 1.436012988e-10 -0.1688908283)
(0.0001683143686 1.436020964e-10 -0.1688925857)
(0.0002114996526 1.436027959e-10 -0.168894126)
(0.0002469405822 1.436033701e-10 -0.1688953901)
(0.0002732756615 1.436037964e-10 -0.1688963294)
(0.0002894924962 1.436040591e-10 -0.1688969079)
(0.000294968403 1.436041477e-10 -0.1688971032)
(0.0002894924961 1.436040591e-10 -0.1688969079)
(0.0002732756614 1.436037964e-10 -0.1688963294)
(0.000246940582 1.436033701e-10 -0.1688953901)
(0.0002114996524 1.436027959e-10 -0.168894126)
(0.0001683143684 1.436020964e-10 -0.1688925857)
(0.0001190447436 1.436012988e-10 -0.1688908283)
(6.558454668e-05 1.436004328e-10 -0.1688889215)
(9.987563483e-06 1.435995324e-10 -0.1688869385)
(-4.560941971e-05 1.435986321e-10 -0.1688849555)
(-9.906961657e-05 1.435977661e-10 -0.1688830487)
(-0.0001483392414 1.435969685e-10 -0.1688812913)
(-0.0001915245254 1.43596269e-10 -0.168879751)
(-0.000226965455 1.435956948e-10 -0.1688784869)
(-0.0002533005343 1.435952685e-10 -0.1688775476)
(-0.000269517369 1.43595006e-10 -0.1688769691)
(-0.0002855016602 1.448601723e-10 -0.1720404122)
(-0.0002800177324 1.448602612e-10 -0.172040608)
(-0.0002637771437 1.448605246e-10 -0.1720411882)
(-0.0002374034894 1.448609522e-10 -0.1720421302)
(-0.0002019106467 1.448615277e-10 -0.1720433981)
(-0.0001586621061 1.44862229e-10 -0.1720449429)
(-0.0001093203123 1.448630291e-10 -0.1720467054)
(-5.578180827e-05 1.448638978e-10 -0.1720486178)
(-1.033880088e-07 1.448648007e-10 -0.1720506067)
(5.557503225e-05 1.448657036e-10 -0.1720525955)
(0.0001091135363 1.448665714e-10 -0.1720545079)
(0.00015845533 1.448673716e-10 -0.1720562704)
(0.0002017038707 1.448680728e-10 -0.1720578153)
(0.0002371967133 1.448686483e-10 -0.1720590831)
(0.0002635703676 1.448690764e-10 -0.1720600252)
(0.0002798109562 1.448693398e-10 -0.1720606053)
(0.000285294884 1.448694287e-10 -0.1720608012)
(0.0002798109562 1.448693398e-10 -0.1720606053)
(0.0002635703675 1.448690764e-10 -0.1720600252)
(0.0002371967131 1.448686483e-10 -0.1720590831)
(0.0002017038705 1.448680728e-10 -0.1720578153)
(0.0001584553298 1.448673716e-10 -0.1720562704)
(0.000109113536 1.448665714e-10 -0.1720545079)
(5.557503202e-05 1.448657036e-10 -0.1720525955)
(-1.033882358e-07 1.448648007e-10 -0.1720506067)
(-5.578180849e-05 1.448638978e-10 -0.1720486178)
(-0.0001093203125 1.448630291e-10 -0.1720467054)
(-0.0001586621063 1.44862229e-10 -0.1720449429)
(-0.0002019106469 1.448615277e-10 -0.1720433981)
(-0.0002374034895 1.448609522e-10 -0.1720421302)
(-0.0002637771438 1.448605246e-10 -0.1720411882)
(-0.0002800177325 1.448602612e-10 -0.172040608)
(-0.0002962710688 1.461128789e-10 -0.1752091152)
(-0.0002907801094 1.46112968e-10 -0.1752093116)
(-0.0002745186968 1.461132318e-10 -0.1752098932)
(-0.0002481112257 1.461136602e-10 -0.1752108377)
(-0.0002125728736 1.46114237e-10 -0.1752121087)
(-0.000169268879 1.461149396e-10 -0.1752136576)
(-0.0001198638184 1.461157415e-10 -0.1752154246)
(-6.625666641e-05 1.461166119e-10 -0.1752173419)
(-1.050685439e-05 1.461175165e-10 -0.1752193359)
(4.524295762e-05 1.461184212e-10 -0.1752213298)
(9.885010955e-05 1.461192907e-10 -0.1752232472)
(0.0001482551701 1.461200926e-10 -0.1752250142)
(0.0001915591648 1.461207952e-10 -0.175226563)
(0.0002270975168 1.461213719e-10 -0.1752278341)
(0.0002535049879 1.461218004e-10 -0.1752287786)
(0.0002697664005 1.461220644e-10 -0.1752293602)
(0.0002752573598 1.461221535e-10 -0.1752295566)
(0.0002697664004 1.461220644e-10 -0.1752293602)
(0.0002535049878 1.461218004e-10 -0.1752287786)
(0.0002270975167 1.461213719e-10 -0.1752278341)
(0.0001915591646 1.461207952e-10 -0.175226563)
(0.00014825517 1.461200926e-10 -0.1752250142)
(9.885010934e-05 1.461192907e-10 -0.1752232472)
(4.52429574e-05 1.461184212e-10 -0.1752213298)
(-1.050685462e-05 1.461175165e-10 -0.1752193359)
(-6.625666663e-05 1.461166119e-10 -0.1752173419)
(-0.0001198638186 1.461157415e-10 -0.1752154246)
(-0.0001692688792 1.461149396e-10 -0.1752136576)
(-0.0002125728738 1.46114237e-10 -0.1752121087)
(-0.0002481112259 1.461136602e-10 -0.1752108377)
(-0.0002745186969 1.461132318e-10 -0.1752098932)
(-0.0002907801095 1.46112968e-10 -0.1752093116)
(-0.0003072172576 1.473536987e-10 -0.1783807278)
(-0.000301720794 1.473537875e-10 -0.1783809246)
(-0.0002854430806 1.473540502e-10 -0.1783815074)
(-0.0002590091382 1.473544771e-10 -0.1783824538)
(-0.0002234351618 1.473550518e-10 -0.1783837274)
(-0.0001800877584 1.473557517e-10 -0.1783852793)
(-0.0001306331733 1.473565506e-10 -0.1783870499)
(-7.697228454e-05 1.473574179e-10 -0.1783889711)
(-2.116658789e-05 1.473583191e-10 -0.1783909691)
(3.463910875e-05 1.473592203e-10 -0.178392967)
(8.829999746e-05 1.473600868e-10 -0.1783948882)
(0.0001377545826 1.473608856e-10 -0.1783966588)
(0.0001811019859 1.473615856e-10 -0.1783982107)
(0.0002166759623 1.473621602e-10 -0.1783994843)
(0.0002431099047 1.473625872e-10 -0.1784004307)
(0.000259387618 1.473628501e-10 -0.1784010135)
(0.0002648840816 1.473629389e-10 -0.1784012103)
(0.000259387618 1.473628501e-10 -0.1784010135)
(0.0002431099046 1.473625872e-10 -0.1784004307)
(0.0002166759622 1.473621602e-10 -0.1783994843)
(0.0001811019858 1.473615856e-10 -0.1783982107)
(0.0001377545824 1.473608856e-10 -0.1783966588)
(8.829999726e-05 1.473600868e-10 -0.1783948882)
(3.463910853e-05 1.473592203e-10 -0.178392967)
(-2.116658812e-05 1.473583191e-10 -0.1783909691)
(-7.697228476e-05 1.473574179e-10 -0.1783889711)
(-0.0001306331735 1.473565506e-10 -0.1783870499)
(-0.0001800877586 1.473557517e-10 -0.1783852793)
(-0.0002234351619 1.473550518e-10 -0.1783837274)
(-0.0002590091383 1.473544771e-10 -0.1783824538)
(-0.0002854430807 1.473540502e-10 -0.1783815074)
(-0.000301720794 1.473537875e-10 -0.1783809246)
(-0.0003181581198 1.485857786e-10 -0.1815553168)
(-0.0003126593858 1.485858679e-10 -0.1815555137)
(-0.0002963749487 1.485861323e-10 -0.181556097)
(-0.0002699300875 1.485865619e-10 -0.1815570442)
(-0.0002343414169 1.485871404e-10 -0.1815583189)
(-0.0001909761085 1.485878447e-10 -0.1815598721)
(-0.0001415010956 1.485886488e-10 -0.1815616441)
(-8.781804174e-05 1.485895209e-10 -0.1815635669)
(-3.198929399e-05 1.485904282e-10 -0.1815655665)
(2.383945376e-05 1.485913354e-10 -0.1815675661)
(7.752250765e-05 1.485922067e-10 -0.1815694889)
(0.0001269975205 1.485930107e-10 -0.1815712609)
(0.0001703628289 1.48593715e-10 -0.1815728141)
(0.0002059514995 1.485942936e-10 -0.1815740888)
(0.0002323963606 1.485947231e-10 -0.181575036)
(0.0002486807976 1.485949876e-10 -0.1815756193)
(0.0002541795316 1.48595077e-10 -0.1815758162)
(0.0002486807976 1.485949876e-10 -0.1815756193)
(0.0002323963605 1.485947231e-10 -0.181575036)
(0.0002059514993 1.485942936e-10 -0.1815740888)
(0.0001703628287 1.48593715e-10 -0.1815728141)
(0.0001269975203 1.485930107e-10 -0.1815712609)
(7.752250744e-05 1.485922067e-10 -0.1815694889)
(2.383945354e-05 1.485913354e-10 -0.1815675661)
(-3.198929421e-05 1.485904282e-10 -0.1815655665)
(-8.781804195e-05 1.485895209e-10 -0.1815635669)
(-0.0001415010958 1.485886488e-10 -0.1815616441)
(-0.0001909761087 1.485878447e-10 -0.1815598721)
(-0.0002343414171 1.485871404e-10 -0.1815583189)
(-0.0002699300877 1.485865619e-10 -0.1815570442)
(-0.0002963749488 1.485861323e-10 -0.181556097)
(-0.0003126593858 1.485858679e-10 -0.1815555137)
)
;

boundaryField
{
    left
    {
        type            calculated;
    }
    right
    {
        type            calculated;
    }
    beam
    {
        type            empty;
    }
}


// ************************************************************************* //
