/*--------------------------------*- C++ -*----------------------------------*\
| =========                 |                                                 |
| \\      /  F ield         | OpenFOAM: The Open Source CFD Toolbox           |
|  \\    /   O peration     | Version:  2312                                  |
|   \\  /    A nd           | Website:  www.openfoam.com                      |
|    \\/     M anipulation  |                                                 |
\*---------------------------------------------------------------------------*/
FoamFile
{
    version     2.0;
    format      ascii;
    arch        "LSB;label=32;scalar=64";
    class       pointVectorField;
    location    "0.16/beam";
    object      pointW;
}
// * * * * * * * * * * * * * * * * * * * * * * * * * * * * * * * * * * * * * //

dimensions      [0 1 0 0 0 0 0];

internalField   nonuniform List<vector> 
1952
(
(-0.0001916235737 -2.758285785e-16 4.59258206e-06)
(-0.0001879415267 -2.70508442e-16 4.504335596e-06)
(-0.0001770371873 -2.547875105e-16 4.242994714e-06)
(-0.0001593292528 -2.294171797e-16 3.818594206e-06)
(-0.0001354984661 -1.95156391e-16 3.247449219e-06)
(-0.0001064603088 -1.530893468e-16 2.551500815e-06)
(-7.333098823e-05 -1.053844512e-16 1.757500784e-06)
(-3.738389089e-05 -5.377642776e-17 8.959679818e-07)
(1.597962145e-14 0 -4.902526898e-16)
(3.738389092e-05 5.377642776e-17 -8.959679828e-07)
(7.333098826e-05 1.053844512e-16 -1.757500785e-06)
(0.0001064603089 1.530893468e-16 -2.551500816e-06)
(0.0001354984662 1.95156391e-16 -3.24744922e-06)
(0.0001593292528 2.294171797e-16 -3.818594206e-06)
(0.0001770371873 2.547875105e-16 -4.242994714e-06)
(0.0001879415268 2.70508442e-16 -4.504335596e-06)
(0.0001916235737 2.758285785e-16 -4.59258206e-06)
(0.0001879415267 2.70508442e-16 -4.504335596e-06)
(0.0001770371873 2.547875105e-16 -4.242994714e-06)
(0.0001593292528 2.294171797e-16 -3.818594206e-06)
(0.0001354984661 1.95156391e-16 -3.247449219e-06)
(0.0001064603088 1.530893468e-16 -2.551500815e-06)
(7.333098823e-05 1.053844512e-16 -1.757500784e-06)
(3.738389089e-05 5.377642776e-17 -8.959679818e-07)
(-1.597960327e-14 0 4.902522542e-16)
(-3.738389092e-05 -5.377642776e-17 8.959679828e-07)
(-7.333098826e-05 -1.053844512e-16 1.757500785e-06)
(-0.0001064603089 -1.530893468e-16 2.551500816e-06)
(-0.0001354984662 -1.95156391e-16 3.24744922e-06)
(-0.0001593292528 -2.294171797e-16 3.818594206e-06)
(-0.0001770371873 -2.547875105e-16 4.242994714e-06)
(-0.0001879415268 -2.70508442e-16 4.504335596e-06)
(-0.0002020544475 1.783960735e-13 -0.002117947873)
(-0.0001983739035 1.784013475e-13 -0.002118036047)
(-0.0001874740152 1.7841696e-13 -0.002118297175)
(-0.0001697733091 1.78442764e-13 -0.002118721229)
(-0.0001459522501 1.784770248e-13 -0.002119291907)
(-0.0001169259462 1.785186582e-13 -0.002119987287)
(-8.381014896e-05 1.785663631e-13 -0.002120780639)
(-4.787772519e-05 1.786175374e-13 -0.002121641468)
(-1.050909437e-05 1.786713139e-13 -0.002122536705)
(2.685953645e-05 1.787250903e-13 -0.002123431941)
(6.279196021e-05 1.78777132e-13 -0.00212429277)
(9.590775744e-05 1.788248369e-13 -0.002125086122)
(0.0001249340614 1.788664702e-13 -0.002125781502)
(0.0001487551203 1.78900731e-13 -0.00212635218)
(0.0001664558264 1.789261014e-13 -0.002126776234)
(0.0001773557147 1.789417139e-13 -0.002127037362)
(0.0001810362587 1.789471074e-13 -0.002127125536)
(0.0001773557147 1.789417139e-13 -0.002127037362)
(0.0001664558264 1.789261014e-13 -0.002126776234)
(0.0001487551203 1.78900731e-13 -0.00212635218)
(0.0001249340614 1.788664702e-13 -0.002125781502)
(9.590775741e-05 1.788248369e-13 -0.002125086122)
(6.279196018e-05 1.78777132e-13 -0.00212429277)
(2.685953641e-05 1.787250903e-13 -0.002123431941)
(-1.050909441e-05 1.786713139e-13 -0.002122536705)
(-4.787772522e-05 1.786175374e-13 -0.002121641468)
(-8.381014899e-05 1.785663631e-13 -0.002120780639)
(-0.0001169259462 1.785186582e-13 -0.002119987287)
(-0.0001459522502 1.784770248e-13 -0.002119291907)
(-0.0001697733091 1.78442764e-13 -0.002118721229)
(-0.0001874740152 1.7841696e-13 -0.002118297175)
(-0.0001983739035 1.784013475e-13 -0.002118036047)
(-0.0002122466084 3.584048327e-13 -0.004238765815)
(-0.0002085705622 3.584100247e-13 -0.004238853774)
(-0.0001976839941 3.584257457e-13 -0.004239114263)
(-0.0001800049191 3.584515497e-13 -0.004239537281)
(-0.0001562129705 3.584853768e-13 -0.004240106565)
(-0.0001272221381 3.585270102e-13 -0.004240800245)
(-9.414680984e-05 3.585747151e-13 -0.004241591658)
(-5.825829715e-05 3.586254557e-13 -0.004242450384)
(-2.093533252e-05 3.586792321e-13 -0.004243343432)
(1.638763212e-05 3.587330086e-13 -0.00424423648)
(5.227614481e-05 3.587846166e-13 -0.004245095206)
(8.535147301e-05 3.588323215e-13 -0.004245886618)
(0.0001143423055 3.588739549e-13 -0.004246580299)
(0.000138134254 3.58907782e-13 -0.004247149583)
(0.000155813329 3.589331523e-13 -0.0042475726)
(0.0001666998972 3.589486564e-13 -0.00424783309)
(0.0001703759433 3.589539774e-13 -0.004247921049)
(0.0001666998972 3.589486564e-13 -0.00424783309)
(0.000155813329 3.589331523e-13 -0.0042475726)
(0.000138134254 3.58907782e-13 -0.004247149583)
(0.0001143423055 3.588739549e-13 -0.004246580299)
(8.535147298e-05 3.588323215e-13 -0.004245886618)
(5.227614478e-05 3.587846166e-13 -0.004245095206)
(1.638763209e-05 3.587330086e-13 -0.00424423648)
(-2.093533255e-05 3.586792321e-13 -0.004243343432)
(-5.825829719e-05 3.586254557e-13 -0.004242450384)
(-9.414680987e-05 3.585747151e-13 -0.004241591658)
(-0.0001272221381 3.585270102e-13 -0.004240800245)
(-0.0001562129705 3.584853768e-13 -0.004240106565)
(-0.0001800049191 3.584515497e-13 -0.004239537281)
(-0.0001976839941 3.584257457e-13 -0.004239114263)
(-0.0002085705622 3.584100247e-13 -0.004238853774)
(-0.0002221197862 5.430937404e-13 -0.006356144144)
(-0.0002184511988 5.430989859e-13 -0.006356231746)
(-0.0002075867197 5.431145984e-13 -0.006356491178)
(-0.0001899435158 5.431401856e-13 -0.00635691248)
(-0.0001661998415 5.431740127e-13 -0.006357479455)
(-0.0001372678319 5.432152124e-13 -0.006358170322)
(-0.0001042596141 5.432624836e-13 -0.006358958524)
(-6.844391985e-05 5.43313658e-13 -0.006359813767)
(-3.119668415e-05 5.43366567e-13 -0.006360703193)
(6.05055156e-06 5.434194761e-13 -0.006361592619)
(4.186624585e-05 5.434715178e-13 -0.006362447861)
(7.487446365e-05 5.43518789e-13 -0.006363236063)
(0.0001038064732 5.435599887e-13 -0.00636392693)
(0.0001275501475 5.435938158e-13 -0.006364493905)
(0.0001451933513 5.436189693e-13 -0.006364915207)
(0.0001560578305 5.43634365e-13 -0.006365174639)
(0.0001597264179 5.436396704e-13 -0.006365262242)
(0.0001560578305 5.43634365e-13 -0.006365174639)
(0.0001451933513 5.436189693e-13 -0.006364915207)
(0.0001275501475 5.435938158e-13 -0.006364493905)
(0.0001038064732 5.435599887e-13 -0.00636392693)
(7.487446362e-05 5.43518789e-13 -0.006363236063)
(4.186624582e-05 5.434715178e-13 -0.006362447861)
(6.050551527e-06 5.434194761e-13 -0.006361592619)
(-3.119668418e-05 5.43366567e-13 -0.006360703193)
(-6.844391989e-05 5.43313658e-13 -0.006359813767)
(-0.0001042596142 5.432624836e-13 -0.006358958524)
(-0.000137267832 5.432152124e-13 -0.006358170322)
(-0.0001661998415 5.431740127e-13 -0.006357479455)
(-0.0001899435158 5.431401856e-13 -0.00635691248)
(-0.0002075867197 5.431145984e-13 -0.006356491178)
(-0.0002184511988 5.430989859e-13 -0.006356231746)
(-0.0002315965461 7.348199828e-13 -0.008468391774)
(-0.0002279383218 7.348251781e-13 -0.008468478882)
(-0.0002171045327 7.348407906e-13 -0.00846873685)
(-0.0001995111674 7.348657273e-13 -0.008469155774)
(-0.0001758345643 7.348995544e-13 -0.008469719548)
(-0.000146984282 7.349403204e-13 -0.008470406515)
(-0.0001140693059 7.349871579e-13 -0.008471190268)
(-7.83547839e-05 7.350370312e-13 -0.008472040683)
(-4.121276431e-05 7.350899403e-13 -0.008472925088)
(-4.070744717e-06 7.351428494e-13 -0.008473809494)
(3.164377728e-05 7.351944574e-13 -0.008474659908)
(6.455875335e-05 7.352412949e-13 -0.008475443662)
(9.340903569e-05 7.352820609e-13 -0.008476130629)
(0.0001170856388 7.35315888e-13 -0.008476694403)
(0.000134679004 7.353408247e-13 -0.008477113327)
(0.0001455127931 7.353560035e-13 -0.008477371295)
(0.0001491710175 7.353612755e-13 -0.008477458402)
(0.0001455127931 7.353560035e-13 -0.008477371295)
(0.000134679004 7.353408247e-13 -0.008477113327)
(0.0001170856387 7.35315888e-13 -0.008476694403)
(9.340903566e-05 7.352820609e-13 -0.008476130629)
(6.455875332e-05 7.352412949e-13 -0.008475443662)
(3.164377724e-05 7.351944574e-13 -0.008474659908)
(-4.070744751e-06 7.351428494e-13 -0.008473809494)
(-4.121276434e-05 7.350899403e-13 -0.008472925088)
(-7.835478393e-05 7.350370312e-13 -0.008472040683)
(-0.0001140693059 7.349871579e-13 -0.008471190268)
(-0.000146984282 7.349403204e-13 -0.008470406515)
(-0.0001758345643 7.348995544e-13 -0.008469719548)
(-0.0001995111674 7.348657273e-13 -0.008469155774)
(-0.0002171045327 7.348407906e-13 -0.00846873685)
(-0.0002279383218 7.348251781e-13 -0.008468478882)
(-0.0002406031287 9.359610049e-13 -0.01057385696)
(-0.0002369580916 9.359661483e-13 -0.01057394344)
(-0.0002261633566 9.359813272e-13 -0.01057419955)
(-0.0002086334125 9.36006047e-13 -0.01057461546)
(-0.0001850421597 9.360394404e-13 -0.01057517517)
(-0.000156295878 9.360797727e-13 -0.01057585719)
(-0.000123499555 9.361261766e-13 -0.0105766353)
(-8.791377807e-05 9.361764836e-13 -0.01057747959)
(-5.090564942e-05 9.362285253e-13 -0.01057835763)
(-1.389752076e-05 9.36280567e-13 -0.01057923567)
(2.168825619e-05 9.363308739e-13 -0.01058007996)
(5.448457914e-05 9.363772778e-13 -0.01058085807)
(8.32308609e-05 9.364176101e-13 -0.01058154009)
(0.0001068221137 9.364510035e-13 -0.0105820998)
(0.0001243520577 9.364757234e-13 -0.01058251571)
(0.0001351467928 9.364909022e-13 -0.01058277182)
(0.0001387918298 9.364961056e-13 -0.0105828583)
(0.0001351467928 9.364909022e-13 -0.01058277182)
(0.0001243520577 9.364757234e-13 -0.01058251571)
(0.0001068221136 9.364510035e-13 -0.0105820998)
(8.323086087e-05 9.364176101e-13 -0.01058154009)
(5.448457911e-05 9.363772778e-13 -0.01058085807)
(2.168825616e-05 9.363308739e-13 -0.01058007996)
(-1.38975208e-05 9.36280567e-13 -0.01057923567)
(-5.090564945e-05 9.362285253e-13 -0.01057835763)
(-8.791377811e-05 9.361764836e-13 -0.01057747959)
(-0.0001234995551 9.361261766e-13 -0.0105766353)
(-0.000156295878 9.360797727e-13 -0.01057585719)
(-0.0001850421598 9.360394404e-13 -0.01057517517)
(-0.0002086334125 9.36006047e-13 -0.01057461546)
(-0.0002261633566 9.359813272e-13 -0.01057419955)
(-0.0002369580916 9.359661483e-13 -0.01057394344)
(-0.0002490702861 1.148920216e-12 -0.01267094089)
(-0.0002454411567 1.148925247e-12 -0.01267102662)
(-0.000234693532 1.148940318e-12 -0.01267128049)
(-0.0002172400922 1.148965038e-12 -0.01267169278)
(-0.0001937517965 1.148997564e-12 -0.01267224761)
(-0.0001651309693 1.149037462e-12 -0.01267292369)
(-0.0001324777762 1.149082999e-12 -0.01267369502)
(-9.704730281e-05 1.149132872e-12 -0.01267453195)
(-6.020068515e-05 1.149184047e-12 -0.01267540234)
(-2.33540675e-05 1.149235221e-12 -0.01267627273)
(1.207640589e-05 1.149285094e-12 -0.01267710966)
(4.472959901e-05 1.149330631e-12 -0.01267788099)
(7.335042615e-05 1.149370529e-12 -0.01267855707)
(9.683872189e-05 1.149403055e-12 -0.0126791119)
(0.0001142921617 1.149427342e-12 -0.01267952419)
(0.0001250397863 1.149442412e-12 -0.01267977807)
(0.0001286689157 1.149447406e-12 -0.01267986379)
(0.0001250397863 1.149442412e-12 -0.01267977807)
(0.0001142921617 1.149427342e-12 -0.01267952419)
(9.683872187e-05 1.149403055e-12 -0.0126791119)
(7.335042613e-05 1.149370529e-12 -0.01267855707)
(4.472959898e-05 1.149330631e-12 -0.01267788099)
(1.207640585e-05 1.149285094e-12 -0.01267710966)
(-2.335406754e-05 1.149235221e-12 -0.01267627273)
(-6.020068519e-05 1.149184047e-12 -0.01267540234)
(-9.704730285e-05 1.149132872e-12 -0.01267453195)
(-0.0001324777762 1.149082999e-12 -0.01267369502)
(-0.0001651309694 1.149037462e-12 -0.01267292369)
(-0.0001937517965 1.148997564e-12 -0.01267224761)
(-0.0002172400922 1.148965038e-12 -0.01267169278)
(-0.0002346935321 1.148940318e-12 -0.01267128049)
(-0.0002454411567 1.148925247e-12 -0.01267102662)
(-0.0002569341018 1.376131873e-12 -0.01475811162)
(-0.0002533234722 1.376136835e-12 -0.01475819648)
(-0.0002426306344 1.37615158e-12 -0.01475844777)
(-0.0002252661649 1.376175649e-12 -0.01475885586)
(-0.0002018976026 1.376207742e-12 -0.01475940505)
(-0.0001734226724 1.376247206e-12 -0.01476007425)
(-0.0001409359315 1.376291876e-12 -0.01476083773)
(-0.0001056860678 1.376340014e-12 -0.01476166615)
(-6.902727872e-05 1.376390321e-12 -0.01476252768)
(-3.236848964e-05 1.376440628e-12 -0.01476338921)
(2.881374089e-06 1.376489634e-12 -0.01476421763)
(3.536811496e-05 1.376534303e-12 -0.01476498111)
(6.384304515e-05 1.376573768e-12 -0.01476565031)
(8.721160743e-05 1.376605861e-12 -0.0147661995)
(0.0001045760769 1.376629496e-12 -0.01476660759)
(0.0001152689147 1.376644241e-12 -0.01476685888)
(0.0001188795443 1.376649246e-12 -0.01476694374)
(0.0001152689147 1.376644241e-12 -0.01476685888)
(0.0001045760769 1.376629496e-12 -0.01476660759)
(8.721160741e-05 1.376605861e-12 -0.0147661995)
(6.384304512e-05 1.376573768e-12 -0.01476565031)
(3.536811492e-05 1.376534303e-12 -0.01476498111)
(2.881374049e-06 1.376489634e-12 -0.01476421763)
(-3.236848968e-05 1.376440628e-12 -0.01476338921)
(-6.902727876e-05 1.376390321e-12 -0.01476252768)
(-0.0001056860678 1.376340014e-12 -0.01476166615)
(-0.0001409359316 1.376291876e-12 -0.01476083773)
(-0.0001734226724 1.376247206e-12 -0.01476007425)
(-0.0002018976026 1.376207742e-12 -0.01475940505)
(-0.0002252661649 1.376175649e-12 -0.01475885586)
(-0.0002426306344 1.37615158e-12 -0.01475844777)
(-0.0002533234722 1.376136835e-12 -0.01475819648)
(-0.0002641367799 1.62006502e-12 -0.01683391826)
(-0.000260547089 1.620069964e-12 -0.01683400213)
(-0.0002499162612 1.620084275e-12 -0.01683425052)
(-0.0002326524918 1.62010726e-12 -0.01683465388)
(-0.0002094194487 1.620138919e-12 -0.01683519672)
(-0.0001811096504 1.620177083e-12 -0.01683585818)
(-0.0001488113069 1.620220885e-12 -0.01683661282)
(-0.0001137658643 1.620268156e-12 -0.01683743166)
(-7.731966712e-05 1.620317595e-12 -0.01683828322)
(-4.08734699e-05 1.620367035e-12 -0.01683913478)
(-5.828027389e-06 1.620414306e-12 -0.01683995361)
(2.647031618e-05 1.620458108e-12 -0.01684070826)
(5.47801144e-05 1.620496272e-12 -0.01684136971)
(7.801315757e-05 1.620527931e-12 -0.01684191255)
(9.527692696e-05 1.620551349e-12 -0.01684231591)
(0.0001059077548 1.620565661e-12 -0.0168425643)
(0.0001094974456 1.62057046e-12 -0.01684264818)
(0.0001059077547 1.620565661e-12 -0.0168425643)
(9.527692694e-05 1.620551349e-12 -0.01684231591)
(7.801315755e-05 1.620527931e-12 -0.01684191255)
(5.478011437e-05 1.620496272e-12 -0.01684136971)
(2.647031614e-05 1.620458108e-12 -0.01684070826)
(-5.828027431e-06 1.620414306e-12 -0.01683995361)
(-4.087346994e-05 1.620367035e-12 -0.01683913478)
(-7.731966717e-05 1.620317595e-12 -0.01683828322)
(-0.0001137658644 1.620268156e-12 -0.01683743166)
(-0.0001488113069 1.620220885e-12 -0.01683661282)
(-0.0001811096505 1.620177083e-12 -0.01683585818)
(-0.0002094194487 1.620138919e-12 -0.01683519672)
(-0.0002326524919 1.62010726e-12 -0.01683465388)
(-0.0002499162612 1.620084275e-12 -0.01683425052)
(-0.000260547089 1.620069964e-12 -0.01683400213)
(-0.0002706273913 1.883226426e-12 -0.01889700532)
(-0.0002670609002 1.883231201e-12 -0.01889708811)
(-0.0002564987779 1.883245079e-12 -0.0188973333)
(-0.0002393465818 1.883267847e-12 -0.01889773146)
(-0.0002162636904 1.883298639e-12 -0.0188982673)
(-0.0001881368544 1.883335501e-12 -0.01889892023)
(-0.0001560472504 1.883378002e-12 -0.01889966515)
(-0.0001212283016 1.88342484e-12 -0.01890047343)
(-8.501765089e-05 1.883472545e-12 -0.01890131401)
(-4.880700022e-05 1.883520249e-12 -0.01890215459)
(-1.398805139e-05 1.88356622e-12 -0.01890296287)
(1.81015526e-05 1.88360872e-12 -0.01890370779)
(4.622838864e-05 1.883645583e-12 -0.01890436072)
(6.931127998e-05 1.883676375e-12 -0.01890489656)
(8.646347609e-05 1.883698709e-12 -0.01890529472)
(9.702559837e-05 1.883713021e-12 -0.01890553991)
(0.0001005920895 1.8837176e-12 -0.0189056227)
(9.702559836e-05 1.883713021e-12 -0.01890553991)
(8.646347607e-05 1.883698709e-12 -0.01890529472)
(6.931127996e-05 1.883676375e-12 -0.01890489656)
(4.622838861e-05 1.883645583e-12 -0.01890436072)
(1.810155256e-05 1.88360872e-12 -0.01890370779)
(-1.398805144e-05 1.88356622e-12 -0.01890296287)
(-4.880700027e-05 1.883520249e-12 -0.01890215459)
(-8.501765094e-05 1.883472545e-12 -0.01890131401)
(-0.0001212283016 1.88342484e-12 -0.01890047343)
(-0.0001560472504 1.883378002e-12 -0.01889966515)
(-0.0001881368544 1.883335501e-12 -0.01889892023)
(-0.0002162636905 1.883298639e-12 -0.0188982673)
(-0.0002393465818 1.883267847e-12 -0.01889773146)
(-0.0002564987779 1.883245079e-12 -0.0188973333)
(-0.0002670609002 1.883231201e-12 -0.01889708811)
(-0.0002763625554 2.16816246e-12 -0.02094612717)
(-0.0002728213217 2.168166905e-12 -0.02094620879)
(-0.0002623339991 2.168180349e-12 -0.02094645051)
(-0.0002453032728 2.16820225e-12 -0.02094684306)
(-0.0002223838518 2.16823174e-12 -0.02094737133)
(-0.0001944562066 2.168267735e-12 -0.02094801504)
(-0.0001625938574 2.168308935e-12 -0.02094874944)
(-0.0001280214923 2.168354038e-12 -0.0209495463)
(-9.206728112e-05 2.168400008e-12 -0.02095037502)
(-5.611307e-05 2.168445978e-12 -0.02095120373)
(-2.154070484e-05 2.168490214e-12 -0.02095200059)
(1.032164438e-05 2.168531413e-12 -0.02095273499)
(3.82492895e-05 2.168567409e-12 -0.0209533787)
(6.116871054e-05 2.168596899e-12 -0.02095390697)
(7.819943683e-05 2.1686188e-12 -0.02095429952)
(8.86867594e-05 2.168632244e-12 -0.02095454124)
(9.222799309e-05 2.168636812e-12 -0.02095462286)
(8.868675939e-05 2.168632244e-12 -0.02095454124)
(7.819943681e-05 2.1686188e-12 -0.02095429952)
(6.116871051e-05 2.168596899e-12 -0.02095390697)
(3.824928946e-05 2.168567409e-12 -0.0209533787)
(1.032164434e-05 2.168531413e-12 -0.02095273499)
(-2.154070489e-05 2.168490214e-12 -0.02095200059)
(-5.611307005e-05 2.168445978e-12 -0.02095120373)
(-9.206728118e-05 2.168400008e-12 -0.02095037502)
(-0.0001280214923 2.168354038e-12 -0.0209495463)
(-0.0001625938575 2.168308935e-12 -0.02094874944)
(-0.0001944562067 2.168267735e-12 -0.02094801504)
(-0.0002223838518 2.16823174e-12 -0.02094737133)
(-0.0002453032728 2.16820225e-12 -0.02094684306)
(-0.0002623339991 2.168180349e-12 -0.02094645051)
(-0.0002728213217 2.168166905e-12 -0.02094620879)
(-0.0002813070368 2.477459904e-12 -0.02298016222)
(-0.000277792891 2.477464306e-12 -0.0229802426)
(-0.0002673857886 2.477476991e-12 -0.02298048064)
(-0.0002504853348 2.477498241e-12 -0.0229808672)
(-0.0002277412304 2.477526431e-12 -0.02298138741)
(-0.0002000272111 2.477561125e-12 -0.02298202131)
(-0.0001684085853 2.477600156e-12 -0.02298274451)
(-0.0001341006731 2.477643091e-12 -0.02298352922)
(-9.842148511e-05 2.477687326e-12 -0.0229843453)
(-6.274229711e-05 2.477731562e-12 -0.02298516138)
(-2.843438498e-05 2.477774496e-12 -0.02298594609)
(3.18424084e-06 2.477813527e-12 -0.02298666929)
(3.089826013e-05 2.477848222e-12 -0.02298730318)
(5.364236455e-05 2.477876411e-12 -0.0229878234)
(7.054281837e-05 2.477897228e-12 -0.02298820996)
(8.094992069e-05 2.477910347e-12 -0.022988448)
(8.446406656e-05 2.477914669e-12 -0.02298852837)
(8.094992068e-05 2.477910347e-12 -0.022988448)
(7.054281835e-05 2.477897228e-12 -0.02298820996)
(5.364236451e-05 2.477876411e-12 -0.0229878234)
(3.089826009e-05 2.477848222e-12 -0.02298730318)
(3.184240791e-06 2.477813527e-12 -0.02298666929)
(-2.843438503e-05 2.477774496e-12 -0.02298594609)
(-6.274229717e-05 2.477731562e-12 -0.02298516138)
(-9.842148517e-05 2.477687326e-12 -0.0229843453)
(-0.0001341006732 2.477643091e-12 -0.02298352922)
(-0.0001684085853 2.477600156e-12 -0.02298274451)
(-0.0002000272111 2.477561125e-12 -0.02298202131)
(-0.0002277412304 2.477526431e-12 -0.02298138741)
(-0.0002504853348 2.477498241e-12 -0.0229808672)
(-0.0002673857887 2.477476991e-12 -0.02298048064)
(-0.000277792891 2.477464306e-12 -0.0229802426)
(-0.0002854342461 2.813745826e-12 -0.02499812676)
(-0.0002819487676 2.813749993e-12 -0.02499820583)
(-0.0002716265631 2.813762244e-12 -0.02499843999)
(-0.0002548639778 2.813782627e-12 -0.02499882027)
(-0.0002323054125 2.813809515e-12 -0.02499933203)
(-0.0002048174754 2.813842041e-12 -0.02499995562)
(-0.0001734567843 2.813879338e-12 -0.02500066706)
(-0.0001394287453 2.813919237e-12 -0.02500143902)
(-0.0001040406168 2.813961737e-12 -0.02500224183)
(-6.865248827e-05 2.814004238e-12 -0.02500304464)
(-3.46244492e-05 2.814045004e-12 -0.02500381659)
(-3.263758112e-06 2.814082301e-12 -0.02500452804)
(2.422417899e-05 2.814114827e-12 -0.02500515162)
(4.678274422e-05 2.814141715e-12 -0.02500566339)
(6.35453295e-05 2.814161664e-12 -0.02500604366)
(7.386753397e-05 2.814173916e-12 -0.02500627783)
(7.735301255e-05 2.814178049e-12 -0.0250063569)
(7.386753396e-05 2.814173916e-12 -0.02500627783)
(6.354532948e-05 2.814161664e-12 -0.02500604366)
(4.678274418e-05 2.814141715e-12 -0.02500566339)
(2.422417895e-05 2.814114827e-12 -0.02500515162)
(-3.263758164e-06 2.814082301e-12 -0.02500452804)
(-3.462444926e-05 2.814045004e-12 -0.02500381659)
(-6.865248833e-05 2.814004238e-12 -0.02500304464)
(-0.0001040406168 2.813961737e-12 -0.02500224183)
(-0.0001394287453 2.813919237e-12 -0.02500143902)
(-0.0001734567844 2.813879338e-12 -0.02500066706)
(-0.0002048174755 2.813842041e-12 -0.02499995562)
(-0.0002323054126 2.813809515e-12 -0.02499933203)
(-0.0002548639778 2.813782627e-12 -0.02499882027)
(-0.0002716265631 2.813762244e-12 -0.02499843999)
(-0.0002819487676 2.813749993e-12 -0.02499820583)
(-0.000288726618 3.179686483e-12 -0.02699918796)
(-0.0002852711135 3.179690452e-12 -0.02699926567)
(-0.0002750376768 3.179701944e-12 -0.02699949583)
(-0.0002584192445 3.17972081e-12 -0.02699986959)
(-0.000236054676 3.179746397e-12 -0.02700037258)
(-0.0002088031266 3.179777188e-12 -0.02700098548)
(-0.0001777121278 3.179812316e-12 -0.02700168474)
(-0.0001439767193 3.179849613e-12 -0.02700244346)
(-0.0001088929178 3.179889511e-12 -0.02700323252)
(-7.380911628e-05 3.17992941e-12 -0.02700402157)
(-4.007370784e-05 3.179967574e-12 -0.0270047803)
(-8.982709005e-06 3.180002702e-12 -0.02700547956)
(1.826884033e-05 3.180033493e-12 -0.02700609246)
(4.063340887e-05 3.180059081e-12 -0.02700659545)
(5.725184109e-05 3.180077512e-12 -0.02700696921)
(6.74852778e-05 3.180089221e-12 -0.02700719937)
(7.094078234e-05 3.180093053e-12 -0.02700727708)
(6.748527778e-05 3.180089221e-12 -0.02700719937)
(5.725184107e-05 3.180077512e-12 -0.02700696921)
(4.063340883e-05 3.180059081e-12 -0.02700659545)
(1.826884028e-05 3.180033493e-12 -0.02700609246)
(-8.982709062e-06 3.180002702e-12 -0.02700547956)
(-4.00737079e-05 3.179967574e-12 -0.0270047803)
(-7.380911635e-05 3.17992941e-12 -0.02700402157)
(-0.0001088929179 3.179889511e-12 -0.02700323252)
(-0.0001439767194 3.179849613e-12 -0.02700244346)
(-0.0001777121278 3.179812316e-12 -0.02700168474)
(-0.0002088031267 3.179777188e-12 -0.02700098548)
(-0.000236054676 3.179746397e-12 -0.02700037258)
(-0.0002584192445 3.17972081e-12 -0.02699986959)
(-0.0002750376768 3.179701944e-12 -0.02699949583)
(-0.0002852711135 3.179690452e-12 -0.02699926567)
(-0.0002911758657 3.577985325e-12 -0.02898267593)
(-0.0002877513494 3.577989034e-12 -0.02898275226)
(-0.0002776096841 3.577999659e-12 -0.02898297831)
(-0.0002611402826 3.578017223e-12 -0.02898334539)
(-0.000238976275 3.578040642e-12 -0.02898383939)
(-0.0002119691121 3.578069264e-12 -0.02898444135)
(-0.0001811569311 3.578101791e-12 -0.02898512811)
(-0.000147724055 3.578137786e-12 -0.02898587329)
(-0.0001129548779 3.578174215e-12 -0.02898664825)
(-7.81857009e-05 3.578210644e-12 -0.0289874232)
(-4.475282482e-05 3.57824664e-12 -0.02898816838)
(-1.394064381e-05 3.578279166e-12 -0.02898885514)
(1.306651911e-05 3.578307789e-12 -0.0289894571)
(3.523052668e-05 3.578331208e-12 -0.0289899511)
(5.169992815e-05 3.578348772e-12 -0.02899031818)
(6.184159345e-05 3.578359397e-12 -0.02899054423)
(6.526610972e-05 3.578363027e-12 -0.02899062056)
(6.184159343e-05 3.578359397e-12 -0.02899054423)
(5.169992812e-05 3.578348772e-12 -0.02899031818)
(3.523052664e-05 3.578331208e-12 -0.0289899511)
(1.306651905e-05 3.578307789e-12 -0.0289894571)
(-1.394064387e-05 3.578279166e-12 -0.02898885514)
(-4.475282489e-05 3.57824664e-12 -0.02898816838)
(-7.818570097e-05 3.578210644e-12 -0.0289874232)
(-0.000112954878 3.578174215e-12 -0.02898664825)
(-0.0001477240551 3.578137786e-12 -0.02898587329)
(-0.0001811569311 3.578101791e-12 -0.02898512811)
(-0.0002119691121 3.578069264e-12 -0.02898444135)
(-0.0002389762751 3.578040642e-12 -0.02898383939)
(-0.0002611402826 3.578017223e-12 -0.02898334539)
(-0.0002776096841 3.577999659e-12 -0.02898297831)
(-0.0002877513494 3.577989034e-12 -0.02898275226)
(-0.0002927830899 4.011380199e-12 -0.03094809438)
(-0.0002893902665 4.011383565e-12 -0.0309481693)
(-0.0002793424593 4.011393431e-12 -0.03094839118)
(-0.0002630254772 4.01140926e-12 -0.03094875149)
(-0.0002410665909 4.011430511e-12 -0.03094923639)
(-0.0002143093712 4.011456965e-12 -0.03094982725)
(-0.0001837823477 4.011486889e-12 -0.03095050136)
(-0.0001506588829 4.011518548e-12 -0.0309512328)
(-0.0001162114842 4.011552375e-12 -0.03095199347)
(-8.176408556e-05 4.011586202e-12 -0.03095275415)
(-4.864062078e-05 4.011618728e-12 -0.03095348558)
(-1.811359732e-05 4.011648652e-12 -0.03095415969)
(8.643622364e-06 4.011675107e-12 -0.03095475055)
(3.060250866e-05 4.011696357e-12 -0.03095523545)
(4.691949073e-05 4.01171262e-12 -0.03095559576)
(5.696729794e-05 4.011722486e-12 -0.03095581764)
(6.036012133e-05 4.011725772e-12 -0.03095589256)
(5.696729792e-05 4.011722486e-12 -0.03095581764)
(4.69194907e-05 4.01171262e-12 -0.03095559576)
(3.060250862e-05 4.011696357e-12 -0.03095523545)
(8.643622306e-06 4.011675107e-12 -0.03095475055)
(-1.811359738e-05 4.011648652e-12 -0.03095415969)
(-4.864062085e-05 4.011618728e-12 -0.03095348558)
(-8.176408564e-05 4.011586202e-12 -0.03095275415)
(-0.0001162114843 4.011552375e-12 -0.03095199347)
(-0.000150658883 4.011518548e-12 -0.0309512328)
(-0.0001837823478 4.011486889e-12 -0.03095050136)
(-0.0002143093712 4.011456965e-12 -0.03094982725)
(-0.0002410665909 4.011430511e-12 -0.03094923639)
(-0.0002630254772 4.01140926e-12 -0.03094875149)
(-0.0002793424593 4.011393431e-12 -0.03094839118)
(-0.0002893902665 4.011383565e-12 -0.0309481693)
(-0.0002935587507 4.482639848e-12 -0.03289512954)
(-0.0002901980011 4.482642881e-12 -0.03289520305)
(-0.0002802451802 4.482651663e-12 -0.03289542075)
(-0.0002640824497 4.482665975e-12 -0.03289577428)
(-0.0002423311504 4.482685056e-12 -0.03289625005)
(-0.0002158268784 4.482708475e-12 -0.03289682979)
(-0.0001855884402 4.482735363e-12 -0.0328974912)
(-0.000152778106 4.482763986e-12 -0.03289820887)
(-0.0001186563536 4.482794344e-12 -0.03289895522)
(-8.453460129e-05 4.482824702e-12 -0.03289970158)
(-5.172426711e-05 4.482854192e-12 -0.03290041925)
(-2.148582895e-05 4.48288108e-12 -0.03290108066)
(5.018443035e-06 4.482904499e-12 -0.03290166039)
(2.676974238e-05 4.482923581e-12 -0.03290213617)
(4.293247288e-05 4.482938326e-12 -0.0329024897)
(5.288529377e-05 4.482947108e-12 -0.0329027074)
(5.624604332e-05 4.482950064e-12 -0.03290278091)
(5.288529375e-05 4.482947108e-12 -0.0329027074)
(4.293247284e-05 4.482938326e-12 -0.0329024897)
(2.676974233e-05 4.482923581e-12 -0.03290213617)
(5.018442972e-06 4.482904499e-12 -0.03290166039)
(-2.148582902e-05 4.48288108e-12 -0.03290108066)
(-5.172426719e-05 4.482854192e-12 -0.03290041925)
(-8.453460138e-05 4.482824702e-12 -0.03289970158)
(-0.0001186563537 4.482794344e-12 -0.03289895522)
(-0.0001527781061 4.482763986e-12 -0.03289820887)
(-0.0001855884403 4.482735363e-12 -0.0328974912)
(-0.0002158268784 4.482708475e-12 -0.03289682979)
(-0.0002423311504 4.482685056e-12 -0.03289625005)
(-0.0002640824498 4.482665975e-12 -0.03289577428)
(-0.0002802451803 4.482651663e-12 -0.03289542075)
(-0.0002901980012 4.482642881e-12 -0.03289520305)
(-0.0002935224934 4.994559495e-12 -0.03482365727)
(-0.0002901938646 4.994562164e-12 -0.03482372938)
(-0.000280336169 4.994569645e-12 -0.03482394294)
(-0.0002643279156 4.994582005e-12 -0.03482428974)
(-0.0002427845069 4.994598918e-12 -0.03482475646)
(-0.0002165335526 4.994619735e-12 -0.03482532516)
(-0.0001865841219 4.994643154e-12 -0.03482597398)
(-0.0001540873764 4.994668741e-12 -0.03482667799)
(-0.0001202917467 4.994695629e-12 -0.03482741014)
(-8.649611702e-05 4.994722518e-12 -0.03482814229)
(-5.399937149e-05 4.994747237e-12 -0.0348288463)
(-2.404994078e-05 4.994770656e-12 -0.03482949513)
(2.201013488e-06 4.994791473e-12 -0.03483006383)
(2.374442221e-05 4.994808386e-12 -0.03483053054)
(3.97526755e-05 4.994820746e-12 -0.03483087735)
(4.961037113e-05 4.994828661e-12 -0.0348310909)
(5.293899992e-05 4.994831249e-12 -0.03483116301)
(4.961037111e-05 4.994828661e-12 -0.0348310909)
(3.975267547e-05 4.994820746e-12 -0.03483087735)
(2.374442216e-05 4.994808386e-12 -0.03483053054)
(2.20101342e-06 4.994791473e-12 -0.03483006383)
(-2.404994086e-05 4.994770656e-12 -0.03482949513)
(-5.399937158e-05 4.994747237e-12 -0.0348288463)
(-8.649611712e-05 4.994722518e-12 -0.03482814229)
(-0.0001202917468 4.994695629e-12 -0.03482741014)
(-0.0001540873765 4.994668741e-12 -0.03482667799)
(-0.000186584122 4.994643154e-12 -0.03482597398)
(-0.0002165335527 4.994619735e-12 -0.03482532516)
(-0.000242784507 4.994598918e-12 -0.03482475646)
(-0.0002643279157 4.994582005e-12 -0.03482428974)
(-0.000280336169 4.994569645e-12 -0.03482394294)
(-0.0002901938646 4.994562164e-12 -0.03482372938)
(-0.0002927028425 5.549955559e-12 -0.03673374793)
(-0.0002894060408 5.549957846e-12 -0.03673381867)
(-0.0002796426008 5.549964351e-12 -0.03673402816)
(-0.0002637874125 5.549974976e-12 -0.03673436836)
(-0.0002424499939 5.549989288e-12 -0.03673482619)
(-0.0002164500416 5.550006635e-12 -0.03673538407)
(-0.0001867869763 5.550026584e-12 -0.03673602054)
(-0.0001546009526 5.550048268e-12 -0.03673671114)
(-0.0001211284643 5.55007082e-12 -0.03673742935)
(-8.765597593e-05 5.550093371e-12 -0.03673814756)
(-5.546995229e-05 5.550115055e-12 -0.03673883816)
(-2.580688698e-05 5.550135004e-12 -0.03673947463)
(1.930653462e-07 5.550152352e-12 -0.0367400325)
(2.153048395e-05 5.550166663e-12 -0.03674049033)
(3.738567223e-05 5.550177288e-12 -0.03674083053)
(4.714911221e-05 5.550183793e-12 -0.03674104003)
(5.044591387e-05 5.550185968e-12 -0.03674111076)
(4.714911219e-05 5.550183793e-12 -0.03674104003)
(3.738567219e-05 5.550177288e-12 -0.03674083053)
(2.153048389e-05 5.550166663e-12 -0.03674049033)
(1.930652724e-07 5.550152352e-12 -0.0367400325)
(-2.580688707e-05 5.550135004e-12 -0.03673947463)
(-5.546995238e-05 5.550115055e-12 -0.03673883816)
(-8.765597604e-05 5.550093371e-12 -0.03673814756)
(-0.0001211284644 5.55007082e-12 -0.03673742935)
(-0.0001546009527 5.550048268e-12 -0.03673671114)
(-0.0001867869764 5.550026584e-12 -0.03673602054)
(-0.0002164500417 5.550006635e-12 -0.03673538407)
(-0.000242449994 5.549989288e-12 -0.03673482619)
(-0.0002637874126 5.549974976e-12 -0.03673436836)
(-0.0002796426009 5.549964351e-12 -0.03673402816)
(-0.0002894060408 5.549957846e-12 -0.03673381867)
(-0.0002911367696 6.151659665e-12 -0.03862566894)
(-0.0002878711585 6.151661429e-12 -0.03862573835)
(-0.0002782000891 6.15166685e-12 -0.03862594389)
(-0.0002624949046 6.151675089e-12 -0.03862627768)
(-0.0002413593565 6.151686799e-12 -0.03862672688)
(-0.0002156053862 6.15170111e-12 -0.03862727425)
(-0.0001862229592 6.151717157e-12 -0.03862789873)
(-0.0001543414432 6.151734504e-12 -0.03862857632)
(-0.0001211856336 6.151752718e-12 -0.038629281)
(-8.802982402e-05 6.151770933e-12 -0.03862998567)
(-5.614830804e-05 6.15178828e-12 -0.03863066327)
(-2.676588104e-05 6.151804326e-12 -0.03863128774)
(-1.011910785e-06 6.151818638e-12 -0.03863183511)
(2.012363735e-05 6.151830347e-12 -0.03863228431)
(3.582882181e-05 6.151839021e-12 -0.0386326181)
(4.549989119e-05 6.151844442e-12 -0.03863282364)
(4.876550225e-05 6.151846184e-12 -0.03863289305)
(4.549989116e-05 6.151844442e-12 -0.03863282364)
(3.582882176e-05 6.151839021e-12 -0.0386326181)
(2.012363728e-05 6.151830347e-12 -0.03863228431)
(-1.011910865e-06 6.151818638e-12 -0.03863183511)
(-2.676588113e-05 6.151804326e-12 -0.03863128774)
(-5.614830815e-05 6.15178828e-12 -0.03863066327)
(-8.802982413e-05 6.151770933e-12 -0.03862998567)
(-0.0001211856337 6.151752718e-12 -0.038629281)
(-0.0001543414433 6.151734504e-12 -0.03862857632)
(-0.0001862229593 6.151717157e-12 -0.03862789873)
(-0.0002156053863 6.15170111e-12 -0.03862727425)
(-0.0002413593565 6.151686799e-12 -0.03862672688)
(-0.0002624949047 6.151675089e-12 -0.03862627768)
(-0.0002782000891 6.15166685e-12 -0.03862594389)
(-0.0002878711585 6.151661429e-12 -0.03862573835)
(-0.0002888691528 6.802511395e-12 -0.04049988486)
(-0.000285633755 6.802512655e-12 -0.04049995299)
(-0.0002760521616 6.802516883e-12 -0.04050015474)
(-0.0002604922804 6.802522955e-12 -0.04050048238)
(-0.0002395522768 6.802531628e-12 -0.04050092331)
(-0.0002140365805 6.80254247e-12 -0.04050146059)
(-0.0001849259976 6.802554613e-12 -0.04050207356)
(-0.0001533394472 6.802568057e-12 -0.04050273866)
(-0.0001204903928 6.802581935e-12 -0.04050343036)
(-8.764133844e-05 6.802595813e-12 -0.04050412205)
(-5.605478801e-05 6.80260839e-12 -0.04050478716)
(-2.694420515e-05 6.802620533e-12 -0.04050540013)
(-1.428508821e-06 6.802631375e-12 -0.0405059374)
(1.951149471e-05 6.802640048e-12 -0.04050637833)
(3.50713759e-05 6.802646554e-12 -0.04050670597)
(4.465296923e-05 6.802650565e-12 -0.04050690773)
(4.788836709e-05 6.802651935e-12 -0.04050697585)
(4.465296921e-05 6.802650565e-12 -0.04050690773)
(3.507137586e-05 6.802646554e-12 -0.04050670597)
(1.951149464e-05 6.802640048e-12 -0.04050637833)
(-1.428508907e-06 6.802631375e-12 -0.0405059374)
(-2.694420525e-05 6.802620533e-12 -0.04050540013)
(-5.605478812e-05 6.80260839e-12 -0.04050478716)
(-8.764133856e-05 6.802595813e-12 -0.04050412205)
(-0.0001204903929 6.802581935e-12 -0.04050343036)
(-0.0001533394473 6.802568057e-12 -0.04050273866)
(-0.0001849259977 6.802554613e-12 -0.04050207356)
(-0.0002140365806 6.80254247e-12 -0.04050146059)
(-0.0002395522769 6.802531628e-12 -0.04050092331)
(-0.0002604922805 6.802522955e-12 -0.04050048238)
(-0.0002760521617 6.802516883e-12 -0.04050015474)
(-0.000285633755 6.802512655e-12 -0.04049995299)
(-0.0002859521385 7.505349593e-12 -0.04235705498)
(-0.000282745642 7.505350399e-12 -0.04235712189)
(-0.0002732496399 7.50535311e-12 -0.04235732006)
(-0.0002578287531 7.505357447e-12 -0.04235764187)
(-0.0002370758041 7.505363084e-12 -0.04235807495)
(-0.0002117880363 7.505370023e-12 -0.04235860266)
(-0.0001829374947 7.505378263e-12 -0.04235920473)
(-0.000151633103 7.505387804e-12 -0.042359858)
(-0.0001190774852 7.505396478e-12 -0.04236053739)
(-8.652186734e-05 7.505405152e-12 -0.04236121677)
(-5.521747567e-05 7.505413825e-12 -0.04236187004)
(-2.636693406e-05 7.505422065e-12 -0.04236247211)
(-1.079166296e-06 7.505429004e-12 -0.04236299982)
(1.967378276e-05 7.505434642e-12 -0.04236343291)
(3.509466946e-05 7.505438979e-12 -0.04236375471)
(4.459067159e-05 7.505441689e-12 -0.04236395288)
(4.779716804e-05 7.505442651e-12 -0.0423640198)
(4.459067156e-05 7.505441689e-12 -0.04236395288)
(3.509466941e-05 7.505438979e-12 -0.04236375471)
(1.967378269e-05 7.505434642e-12 -0.04236343291)
(-1.079166389e-06 7.505429004e-12 -0.04236299982)
(-2.636693417e-05 7.505422065e-12 -0.04236247211)
(-5.521747579e-05 7.505413825e-12 -0.04236187004)
(-8.652186747e-05 7.505405152e-12 -0.04236121677)
(-0.0001190774853 7.505396478e-12 -0.04236053739)
(-0.0001516331031 7.505387804e-12 -0.042359858)
(-0.0001829374948 7.505378263e-12 -0.04235920473)
(-0.0002117880364 7.505370023e-12 -0.04235860266)
(-0.0002370758042 7.505363084e-12 -0.04235807495)
(-0.0002578287532 7.505357447e-12 -0.04235764187)
(-0.0002732496399 7.50535311e-12 -0.04235732006)
(-0.000282745642 7.505350399e-12 -0.04235712189)
(-0.0002824444182 8.263002018e-12 -0.04419802825)
(-0.000279265188 8.26300237e-12 -0.04419809403)
(-0.0002698499346 8.263003779e-12 -0.04419828884)
(-0.0002545601785 8.263005731e-12 -0.0441986052)
(-0.000233983701 8.263008333e-12 -0.04419903094)
(-0.0002089109664 8.263011803e-12 -0.04419954972)
(-0.0001803057539 8.263015706e-12 -0.04420014158)
(-0.0001492675574 8.263020476e-12 -0.04420078379)
(-0.0001169887745 8.263024813e-12 -0.04420145166)
(-8.470999166e-05 8.26302915e-12 -0.04420211953)
(-5.367179521e-05 8.263033053e-12 -0.04420276174)
(-2.506658263e-05 8.263036956e-12 -0.0442033536)
(6.151947951e-09 8.263040426e-12 -0.04420387238)
(2.058262941e-05 8.263043028e-12 -0.04420429812)
(3.587238542e-05 8.263044979e-12 -0.04420461448)
(4.528763881e-05 8.263046389e-12 -0.04420480929)
(4.846686899e-05 8.263046803e-12 -0.04420487507)
(4.528763878e-05 8.263046389e-12 -0.04420480929)
(3.587238537e-05 8.263044979e-12 -0.04420461448)
(2.058262933e-05 8.263043028e-12 -0.04420429812)
(6.151847698e-09 8.263040426e-12 -0.04420387238)
(-2.506658275e-05 8.263036956e-12 -0.0442033536)
(-5.367179534e-05 8.263033053e-12 -0.04420276174)
(-8.47099918e-05 8.26302915e-12 -0.04420211953)
(-0.0001169887747 8.263024813e-12 -0.04420145166)
(-0.0001492675575 8.263020476e-12 -0.04420078379)
(-0.000180305754 8.263015706e-12 -0.04420014158)
(-0.0002089109666 8.263011803e-12 -0.04419954972)
(-0.0002339837011 8.263008333e-12 -0.04419903094)
(-0.0002545601786 8.263005731e-12 -0.0441986052)
(-0.0002698499346 8.263003779e-12 -0.04419828884)
(-0.000279265188 8.26300237e-12 -0.04419809403)
(-0.0002784109292 9.078177446e-12 -0.04602363025)
(-0.0002752570196 9.078177554e-12 -0.04602369499)
(-0.0002659167527 9.078177229e-12 -0.04602388671)
(-0.0002507487698 9.078177012e-12 -0.04602419804)
(-0.0002303361709 9.078177012e-12 -0.04602461703)
(-0.0002054631247 9.078176579e-12 -0.04602512757)
(-0.0001770857345 9.078176579e-12 -0.04602571004)
(-0.0001462947375 9.078175711e-12 -0.04602634206)
(-0.0001142730347 9.078175711e-12 -0.04602699933)
(-8.225133178e-05 9.078175711e-12 -0.0460276566)
(-5.146033484e-05 9.078174844e-12 -0.04602828862)
(-2.308294461e-05 9.078174844e-12 -0.04602887109)
(1.790101575e-06 9.07817441e-12 -0.04602938163)
(2.220270047e-05 9.07817441e-12 -0.04602980061)
(3.737068329e-05 9.078174193e-12 -0.04603011195)
(4.671095016e-05 9.078174085e-12 -0.04603030367)
(4.986485979e-05 9.078174015e-12 -0.0460303684)
(4.671095013e-05 9.078174085e-12 -0.04603030367)
(3.737068323e-05 9.078174193e-12 -0.04603011195)
(2.220270039e-05 9.07817441e-12 -0.04602980061)
(1.790101467e-06 9.07817441e-12 -0.04602938163)
(-2.308294473e-05 9.078174844e-12 -0.04602887109)
(-5.146033498e-05 9.078174844e-12 -0.04602828862)
(-8.225133193e-05 9.078175711e-12 -0.0460276566)
(-0.0001142730348 9.078175711e-12 -0.04602699933)
(-0.0001462947377 9.078175711e-12 -0.04602634206)
(-0.0001770857346 9.078176579e-12 -0.04602571004)
(-0.0002054631248 9.078176579e-12 -0.04602512757)
(-0.000230336171 9.078177012e-12 -0.04602461703)
(-0.0002507487699 9.078177012e-12 -0.04602419804)
(-0.0002659167527 9.078177229e-12 -0.04602388671)
(-0.0002752570196 9.078177554e-12 -0.04602369499)
(-0.0002739195714 9.95392805e-12 -0.04783567979)
(-0.0002707887575 9.953927548e-12 -0.04783574359)
(-0.0002615168885 9.953926138e-12 -0.04783593251)
(-0.0002464599794 9.95392397e-12 -0.0478362393)
(-0.0002261968601 9.9539205e-12 -0.04783665217)
(-0.000201505957 9.953916597e-12 -0.04783715525)
(-0.0001733363717 9.95391226e-12 -0.04783772922)
(-0.0001427708544 9.953908357e-12 -0.04783835201)
(-0.0001109836436 9.953903153e-12 -0.04783899969)
(-7.91964327e-05 9.953897949e-12 -0.04783964737)
(-4.863091541e-05 9.953893178e-12 -0.04784027015)
(-2.046133021e-05 9.953888842e-12 -0.04784084412)
(4.229572926e-06 9.953884939e-12 -0.04784134721)
(2.449269223e-05 9.953881469e-12 -0.04784176008)
(3.95496013e-05 9.953879301e-12 -0.04784206687)
(4.882147025e-05 9.953877891e-12 -0.04784225579)
(5.195228408e-05 9.953877411e-12 -0.04784231958)
(4.882147022e-05 9.953877891e-12 -0.04784225579)
(3.954960123e-05 9.953879301e-12 -0.04784206687)
(2.449269214e-05 9.953881469e-12 -0.04784176008)
(4.229572811e-06 9.953884939e-12 -0.04784134721)
(-2.046133035e-05 9.953888842e-12 -0.04784084412)
(-4.863091556e-05 9.953893178e-12 -0.04784027015)
(-7.919643286e-05 9.953897949e-12 -0.04783964737)
(-0.0001109836437 9.953903153e-12 -0.04783899969)
(-0.0001427708546 9.953908357e-12 -0.04783835201)
(-0.0001733363719 9.95391226e-12 -0.04783772922)
(-0.0002015059571 9.953916597e-12 -0.04783715525)
(-0.0002261968602 9.9539205e-12 -0.04783665217)
(-0.0002464599795 9.95392397e-12 -0.0478362393)
(-0.0002615168886 9.953926138e-12 -0.0478359325)
(-0.0002707887576 9.953927548e-12 -0.04783574359)
(-0.000269045682 1.089256683e-11 -0.0496347191)
(-0.0002659354668 1.089256593e-11 -0.04963478205)
(-0.0002567246006 1.089256311e-11 -0.04963496849)
(-0.000241766756 1.089255899e-11 -0.04963527126)
(-0.0002216369547 1.089255292e-11 -0.04963567871)
(-0.0001971085014 1.089254555e-11 -0.0496361752)
(-0.0001691242535 1.089253731e-11 -0.04963674163)
(-0.0001387598372 1.089252907e-11 -0.04963735625)
(-0.0001071817653 1.089251953e-11 -0.04963799543)
(-7.56036933e-05 1.089250998e-11 -0.04963863461)
(-4.523927699e-05 1.089250088e-11 -0.04963924922)
(-1.725502911e-05 1.089249264e-11 -0.04963981566)
(7.273424141e-06 1.089248526e-11 -0.04964031215)
(2.740322546e-05 1.089247919e-11 -0.0496407196)
(4.236106998e-05 1.089247464e-11 -0.04964102237)
(5.157193614e-05 1.089247204e-11 -0.04964120881)
(5.468215128e-05 1.089247109e-11 -0.04964127176)
(5.15719361e-05 1.089247204e-11 -0.04964120881)
(4.236106991e-05 1.089247464e-11 -0.04964102237)
(2.740322536e-05 1.089247919e-11 -0.0496407196)
(7.273424018e-06 1.089248526e-11 -0.04964031215)
(-1.725502926e-05 1.089249264e-11 -0.04963981566)
(-4.523927715e-05 1.089250088e-11 -0.04963924922)
(-7.560369347e-05 1.089250998e-11 -0.04963863461)
(-0.0001071817654 1.089251953e-11 -0.04963799543)
(-0.0001387598374 1.089252907e-11 -0.04963735625)
(-0.0001691242537 1.089253731e-11 -0.04963674163)
(-0.0001971085016 1.089254555e-11 -0.0496361752)
(-0.0002216369548 1.089255292e-11 -0.04963567871)
(-0.0002417667561 1.089255899e-11 -0.04963527126)
(-0.0002567246007 1.089256311e-11 -0.04963496849)
(-0.0002659354668 1.089256593e-11 -0.04963478205)
(-0.0002638633711 1.189714947e-11 -0.05142306445)
(-0.0002607710357 1.189714809e-11 -0.05142312668)
(-0.0002516131204 1.189714429e-11 -0.05142331098)
(-0.0002367412645 1.189713779e-11 -0.05142361027)
(-0.0002167271841 1.189712912e-11 -0.05142401305)
(-0.0001923397385 1.189711871e-11 -0.05142450385)
(-0.0001645163647 1.1897107e-11 -0.05142506379)
(-0.0001343265054 1.189709355e-11 -0.05142567135)
(-0.0001029299675 1.189708054e-11 -0.0514263032)
(-7.153342954e-05 1.189706753e-11 -0.05142693505)
(-4.134357028e-05 1.189705409e-11 -0.05142754262)
(-1.352019648e-05 1.189704238e-11 -0.05142810256)
(1.086724914e-05 1.189703197e-11 -0.05142859335)
(3.088132953e-05 1.18970233e-11 -0.05142899613)
(4.575318533e-05 1.189701723e-11 -0.05142929542)
(5.491110064e-05 1.189701321e-11 -0.05142947972)
(5.800343597e-05 1.189701189e-11 -0.05142954196)
(5.49111006e-05 1.189701321e-11 -0.05142947972)
(4.575318526e-05 1.189701723e-11 -0.05142929542)
(3.088132942e-05 1.18970233e-11 -0.05142899613)
(1.086724901e-05 1.189703197e-11 -0.05142859335)
(-1.352019664e-05 1.189704238e-11 -0.05142810256)
(-4.134357045e-05 1.189705409e-11 -0.05142754262)
(-7.153342973e-05 1.189706753e-11 -0.05142693505)
(-0.0001029299677 1.189708054e-11 -0.0514263032)
(-0.0001343265056 1.189709355e-11 -0.05142567135)
(-0.0001645163648 1.1897107e-11 -0.05142506379)
(-0.0001923397386 1.189711871e-11 -0.05142450385)
(-0.0002167271843 1.189712912e-11 -0.05142401305)
(-0.0002367412647 1.189713779e-11 -0.05142361027)
(-0.0002516131205 1.189714429e-11 -0.05142331098)
(-0.0002607710358 1.189714809e-11 -0.05142312668)
(-0.0002584531444 1.296974905e-11 -0.05320153363)
(-0.0002553757676 1.296974735e-11 -0.05320159526)
(-0.0002462621518 1.296974247e-11 -0.05320177778)
(-0.0002314622356 1.296973423e-11 -0.05320207418)
(-0.0002115449693 1.296972339e-11 -0.05320247308)
(-0.000187275493 1.296970994e-11 -0.05320295913)
(-0.0001595867092 1.296969476e-11 -0.05320351366)
(-0.0001295428873 1.296967915e-11 -0.05320411536)
(-9.829822387e-05 1.29696618e-11 -0.05320474111)
(-6.705356041e-05 1.296964446e-11 -0.05320536686)
(-3.700973855e-05 1.296962798e-11 -0.05320596856)
(-9.320954757e-06 1.29696128e-11 -0.0532065231)
(1.494852148e-05 1.296959935e-11 -0.05320700915)
(3.486578775e-05 1.296958851e-11 -0.05320740804)
(4.966570393e-05 1.29695807e-11 -0.05320770444)
(5.877931966e-05 1.296957583e-11 -0.05320788697)
(6.185669643e-05 1.296957414e-11 -0.0532079486)
(5.877931962e-05 1.296957583e-11 -0.05320788697)
(4.966570385e-05 1.29695807e-11 -0.05320770444)
(3.486578764e-05 1.296958851e-11 -0.05320740804)
(1.494852134e-05 1.296959935e-11 -0.05320700915)
(-9.320954923e-06 1.29696128e-11 -0.0532065231)
(-3.700973873e-05 1.296962798e-11 -0.05320596856)
(-6.705356061e-05 1.296964446e-11 -0.05320536686)
(-9.829822407e-05 1.29696618e-11 -0.05320474111)
(-0.0001295428875 1.296967915e-11 -0.05320411536)
(-0.0001595867094 1.296969476e-11 -0.05320351366)
(-0.0001872754932 1.296970994e-11 -0.05320295913)
(-0.0002115449694 1.296972339e-11 -0.05320247308)
(-0.0002314622357 1.296973423e-11 -0.05320207418)
(-0.0002462621519 1.296974247e-11 -0.05320177778)
(-0.0002553757676 1.296974735e-11 -0.05320159526)
(-0.0002528914474 1.411324446e-11 -0.05497265606)
(-0.0002498259635 1.411324248e-11 -0.05497271722)
(-0.0002407475686 1.411323662e-11 -0.05497289833)
(-0.0002260048487 1.411322708e-11 -0.05497319245)
(-0.0002061645555 1.411321407e-11 -0.05497358826)
(-0.000181988872 1.411319846e-11 -0.05497407056)
(-0.0001544070953 1.411318068e-11 -0.05497462082)
(-0.0001244793819 1.411316116e-11 -0.05497521787)
(-9.335546782e-05 1.411314121e-11 -0.05497583879)
(-6.22315537e-05 1.411312126e-11 -0.05497645971)
(-3.230384036e-05 1.411310175e-11 -0.05497705677)
(-4.722063717e-06 1.411308397e-11 -0.05497760702)
(1.945361976e-05 1.411306835e-11 -0.05497808933)
(3.929391299e-05 1.411305534e-11 -0.05497848514)
(5.403663284e-05 1.41130458e-11 -0.05497877926)
(6.311502773e-05 1.411303995e-11 -0.05497896037)
(6.618051156e-05 1.411303798e-11 -0.05497902153)
(6.311502769e-05 1.411303995e-11 -0.05497896037)
(5.403663276e-05 1.41130458e-11 -0.05497877926)
(3.929391288e-05 1.411305534e-11 -0.05497848514)
(1.945361961e-05 1.411306835e-11 -0.05497808933)
(-4.722063894e-06 1.411308397e-11 -0.05497760702)
(-3.230384056e-05 1.411310175e-11 -0.05497705677)
(-6.223155391e-05 1.411312126e-11 -0.05497645971)
(-9.335546804e-05 1.411314121e-11 -0.05497583879)
(-0.0001244793822 1.411316116e-11 -0.05497521787)
(-0.0001544070955 1.411318068e-11 -0.05497462082)
(-0.0001819888721 1.411319846e-11 -0.05497407056)
(-0.0002061645556 1.411321407e-11 -0.05497358826)
(-0.0002260048489 1.411322708e-11 -0.05497319245)
(-0.0002407475687 1.411323662e-11 -0.05497289833)
(-0.0002498259636 1.411324248e-11 -0.05497271722)
(-0.0002472590222 1.53293444e-11 -0.05673742966)
(-0.0002442022595 1.532934218e-11 -0.05673749047)
(-0.0002351496922 1.532933567e-11 -0.05673767055)
(-0.0002204489148 1.532932462e-11 -0.05673796299)
(-0.0002006650664 1.53293103e-11 -0.05673835656)
(-0.0001765581617 1.532929296e-11 -0.05673883612)
(-0.0001490548541 1.532927301e-11 -0.05673938325)
(-0.000119212284 1.532925176e-11 -0.05673997691)
(-8.817691615e-05 1.532922921e-11 -0.0567405943)
(-5.714154835e-05 1.532920665e-11 -0.05674121169)
(-2.729897818e-05 1.532918454e-11 -0.05674180535)
(2.043293919e-07 1.532916459e-11 -0.05674235248)
(2.4311234e-05 1.532914724e-11 -0.05674283204)
(4.409508237e-05 1.532913293e-11 -0.0567432256)
(5.879585976e-05 1.53291223e-11 -0.05674351805)
(6.784842697e-05 1.532911558e-11 -0.05674369813)
(7.090518962e-05 1.532911341e-11 -0.05674375894)
(6.784842693e-05 1.532911558e-11 -0.05674369813)
(5.879585967e-05 1.53291223e-11 -0.05674351805)
(4.409508225e-05 1.532913293e-11 -0.0567432256)
(2.431123384e-05 1.532914724e-11 -0.05674283204)
(2.04329204e-07 1.532916459e-11 -0.05674235248)
(-2.729897839e-05 1.532918454e-11 -0.05674180535)
(-5.714154857e-05 1.532920665e-11 -0.05674121169)
(-8.817691638e-05 1.532922921e-11 -0.0567405943)
(-0.0001192122842 1.532925176e-11 -0.05673997691)
(-0.0001490548544 1.532927301e-11 -0.05673938325)
(-0.0001765581619 1.532929296e-11 -0.05673883612)
(-0.0002006650665 1.53293103e-11 -0.05673835656)
(-0.0002204489149 1.532932462e-11 -0.05673796299)
(-0.0002351496923 1.532933567e-11 -0.05673767055)
(-0.0002442022595 1.532934218e-11 -0.05673749047)
(-0.00024162951 1.662061828e-11 -0.05849849198)
(-0.0002385782576 1.662061591e-11 -0.05849855257)
(-0.0002295420089 1.662060897e-11 -0.058498732)
(-0.0002148677318 1.662059726e-11 -0.05849902339)
(-0.0001951195468 1.662058208e-11 -0.05849941554)
(-0.0001710560984 1.6620563e-11 -0.05849989337)
(-0.0001436023697 1.662054175e-11 -0.05850043853)
(-0.0001138135952 1.66205192e-11 -0.05850103005)
(-8.283417326e-05 1.662049491e-11 -0.05850164521)
(-5.185475134e-05 1.662047062e-11 -0.05850226038)
(-2.206597687e-05 1.662044721e-11 -0.0585028519)
(5.387751882e-06 1.662042596e-11 -0.05850339706)
(2.945120019e-05 1.662040687e-11 -0.05850387489)
(4.919938522e-05 1.662039169e-11 -0.05850426704)
(6.387366225e-05 1.662038042e-11 -0.05850455843)
(7.290991086e-05 1.662037348e-11 -0.05850473786)
(7.596116323e-05 1.662037099e-11 -0.05850479845)
(7.290991081e-05 1.662037348e-11 -0.05850473786)
(6.387366216e-05 1.662038042e-11 -0.05850455843)
(4.919938509e-05 1.662039169e-11 -0.05850426704)
(2.945120002e-05 1.662040687e-11 -0.05850387489)
(5.387751682e-06 1.662042596e-11 -0.05850339706)
(-2.206597709e-05 1.662044721e-11 -0.0585028519)
(-5.185475158e-05 1.662047062e-11 -0.05850226038)
(-8.28341735e-05 1.662049491e-11 -0.05850164521)
(-0.0001138135954 1.66205192e-11 -0.05850103005)
(-0.0001436023699 1.662054175e-11 -0.05850043853)
(-0.0001710560986 1.6620563e-11 -0.05849989337)
(-0.0001951195469 1.662058208e-11 -0.05849941554)
(-0.000214867732 1.662059726e-11 -0.05849902339)
(-0.000229542009 1.662060897e-11 -0.058498732)
(-0.0002385782576 1.662061591e-11 -0.05849855257)
(-0.0002360779417 1.798825279e-11 -0.06025689322)
(-0.0002330290082 1.798825032e-11 -0.06025695372)
(-0.0002239996273 1.798824327e-11 -0.06025713288)
(-0.0002093365028 1.798823156e-11 -0.06025742383)
(-0.0001896033266 1.798821552e-11 -0.06025781537)
(-0.0001655581668 1.798819644e-11 -0.06025829248)
(-0.0001381253033 1.798817432e-11 -0.06025883681)
(-0.0001083591686 1.798815003e-11 -0.06025942743)
(-7.740329148e-05 1.798812488e-11 -0.06026004166)
(-4.644741434e-05 1.798809973e-11 -0.06026065589)
(-1.668127972e-05 1.798807717e-11 -0.06026124652)
(1.075158383e-05 1.798805506e-11 -0.06026179084)
(3.47967436e-05 1.798803597e-11 -0.06026226795)
(5.452991974e-05 1.798801993e-11 -0.0602626595)
(6.919304414e-05 1.798800822e-11 -0.06026295045)
(7.822242507e-05 1.798800095e-11 -0.06026312961)
(8.127135845e-05 1.798799849e-11 -0.06026319011)
(7.822242502e-05 1.798800095e-11 -0.06026312961)
(6.919304404e-05 1.798800822e-11 -0.06026295045)
(5.45299196e-05 1.798801993e-11 -0.0602626595)
(3.479674342e-05 1.798803597e-11 -0.06026226795)
(1.075158362e-05 1.798805506e-11 -0.06026179084)
(-1.668127996e-05 1.798807717e-11 -0.06026124652)
(-4.644741459e-05 1.798809973e-11 -0.06026065589)
(-7.740329174e-05 1.798812488e-11 -0.06026004166)
(-0.0001083591689 1.798815003e-11 -0.06025942743)
(-0.0001381253035 1.798817432e-11 -0.06025883681)
(-0.0001655581671 1.798819644e-11 -0.06025829248)
(-0.0001896033268 1.798821552e-11 -0.06025781537)
(-0.000209336503 1.798823156e-11 -0.06025742383)
(-0.0002239996274 1.798824327e-11 -0.06025713288)
(-0.0002330290083 1.798825032e-11 -0.06025695372)
(-0.0002306689639 1.943434084e-11 -0.06201524082)
(-0.0002276192535 1.943433836e-11 -0.06201530135)
(-0.0002185875713 1.943433131e-11 -0.06201548061)
(-0.0002039207099 1.94343196e-11 -0.0620157717)
(-0.0001841825046 1.943430399e-11 -0.06201616345)
(-0.0001601312167 1.943428491e-11 -0.0620166408)
(-0.0001326913618 1.943426323e-11 -0.06201718541)
(-0.0001029176411 1.943423981e-11 -0.06201777633)
(-7.195387465e-05 1.943421552e-11 -0.06201839087)
(-4.099010823e-05 1.943419124e-11 -0.06201900542)
(-1.121638756e-05 1.943416695e-11 -0.06201959634)
(1.62234674e-05 1.943414527e-11 -0.06202014095)
(4.02747552e-05 1.943412618e-11 -0.0620206183)
(6.001296046e-05 1.943411057e-11 -0.06202101005)
(7.467982182e-05 1.94340993e-11 -0.06202130114)
(8.371150394e-05 1.943409203e-11 -0.0620214804)
(8.676121436e-05 1.943408961e-11 -0.06202154093)
(8.371150389e-05 1.943409203e-11 -0.0620214804)
(7.467982172e-05 1.94340993e-11 -0.06202130114)
(6.001296031e-05 1.943411057e-11 -0.06202101005)
(4.027475501e-05 1.943412618e-11 -0.0620206183)
(1.622346718e-05 1.943414527e-11 -0.06202014095)
(-1.121638781e-05 1.943416695e-11 -0.06201959634)
(-4.09901085e-05 1.943419124e-11 -0.06201900542)
(-7.195387492e-05 1.943421552e-11 -0.06201839087)
(-0.0001029176413 1.943423981e-11 -0.06201777633)
(-0.000132691362 1.943426323e-11 -0.06201718541)
(-0.000160131217 1.943428491e-11 -0.0620166408)
(-0.0001841825048 1.943430399e-11 -0.06201616345)
(-0.00020392071 1.94343196e-11 -0.0620157717)
(-0.0002185875714 1.943433131e-11 -0.06201548061)
(-0.0002276192535 1.943433836e-11 -0.06201530135)
(-0.0002254650116 2.095936272e-11 -0.06377447636)
(-0.0002224116001 2.095936044e-11 -0.06377453703)
(-0.0002133689571 2.095935361e-11 -0.06377471672)
(-0.0001986842962 2.095934277e-11 -0.06377500853)
(-0.0001789221368 2.095932802e-11 -0.06377540123)
(-0.0001548416606 2.095930981e-11 -0.06377587974)
(-0.0001273685049 2.095928943e-11 -0.06377642567)
(-9.75586511e-05 2.095926731e-11 -0.06377701803)
(-6.655730737e-05 2.095924389e-11 -0.06377763406)
(-3.555596365e-05 2.095922047e-11 -0.0637782501)
(-5.746109904e-06 2.095919835e-11 -0.06377884246)
(2.172704578e-05 2.095917797e-11 -0.06377938839)
(4.580752197e-05 2.095915975e-11 -0.0637798669)
(6.55696813e-05 2.095914501e-11 -0.0637802596)
(8.025434222e-05 2.095913417e-11 -0.0637805514)
(8.929698509e-05 2.095912755e-11 -0.06378073109)
(9.23503966e-05 2.095912518e-11 -0.06378079177)
(8.929698504e-05 2.095912755e-11 -0.06378073109)
(8.025434211e-05 2.095913417e-11 -0.0637805514)
(6.556968115e-05 2.095914501e-11 -0.0637802596)
(4.580752177e-05 2.095915975e-11 -0.0637798669)
(2.172704554e-05 2.095917797e-11 -0.06377938839)
(-5.746110165e-06 2.095919835e-11 -0.06377884246)
(-3.555596393e-05 2.095922047e-11 -0.0637782501)
(-6.655730766e-05 2.095924389e-11 -0.06377763406)
(-9.755865138e-05 2.095926731e-11 -0.06377701803)
(-0.0001273685051 2.095928943e-11 -0.06377642567)
(-0.0001548416608 2.095930981e-11 -0.06377587974)
(-0.000178922137 2.095932802e-11 -0.06377540123)
(-0.0001986842963 2.095934277e-11 -0.06377500853)
(-0.0002133689572 2.095935361e-11 -0.06377471672)
(-0.0002224116001 2.095936044e-11 -0.06377453703)
(-0.0002205148675 2.256475561e-11 -0.06553700918)
(-0.000217455081 2.256475356e-11 -0.06553707011)
(-0.0002083935587 2.25647476e-11 -0.06553725055)
(-0.0001936782389 2.25647374e-11 -0.06553754357)
(-0.0001738748199 2.256472439e-11 -0.06553793791)
(-0.0001497440681 2.256470791e-11 -0.06553841842)
(-0.0001222135536 2.25646897e-11 -0.06553896663)
(-9.234146244e-05 2.256466975e-11 -0.06553956147)
(-6.127539371e-05 2.256464893e-11 -0.06554018008)
(-3.020932498e-05 2.256462812e-11 -0.0655407987)
(-3.372338406e-07 2.256460817e-11 -0.06554139354)
(2.719328065e-05 2.256458995e-11 -0.06554194175)
(5.132403237e-05 2.256457347e-11 -0.06554242226)
(7.112745139e-05 2.256456046e-11 -0.0655428166)
(8.584277112e-05 2.256455071e-11 -0.06554310962)
(9.490429334e-05 2.256454453e-11 -0.06554329006)
(9.79640798e-05 2.256454253e-11 -0.06554335099)
(9.490429329e-05 2.256454453e-11 -0.06554329006)
(8.584277101e-05 2.256455071e-11 -0.06554310962)
(7.112745122e-05 2.256456046e-11 -0.0655428166)
(5.132403216e-05 2.256457347e-11 -0.06554242226)
(2.71932804e-05 2.256458995e-11 -0.06554194175)
(-3.372341149e-07 2.256460817e-11 -0.06554139354)
(-3.020932528e-05 2.256462812e-11 -0.0655407987)
(-6.1275394e-05 2.256464893e-11 -0.06554018008)
(-9.234146273e-05 2.256466975e-11 -0.06553956147)
(-0.0001222135539 2.25646897e-11 -0.06553896663)
(-0.0001497440684 2.256470791e-11 -0.06553841842)
(-0.0001738748201 2.256472439e-11 -0.06553793791)
(-0.0001936782391 2.25647374e-11 -0.06553754357)
(-0.0002083935588 2.25647476e-11 -0.06553725055)
(-0.0002174550811 2.256475356e-11 -0.06553707011)
(-0.0002158613712 2.425011527e-11 -0.06730348922)
(-0.0002127928696 2.425011364e-11 -0.0673035505)
(-0.0002037055378 2.425010843e-11 -0.06730373197)
(-0.0001889483051 2.425010019e-11 -0.06730402667)
(-0.0001690884808 2.425008892e-11 -0.06730442326)
(-0.0001448889985 2.425007547e-11 -0.06730490651)
(-0.0001172800701 2.425006029e-11 -0.06730545785)
(-8.732289565e-05 2.425004381e-11 -0.06730605609)
(-5.616834285e-05 2.425002647e-11 -0.06730667823)
(-2.501379006e-05 2.425000912e-11 -0.06730730037)
(4.943384394e-06 2.424999177e-11 -0.0673078986)
(3.255231279e-05 2.424997659e-11 -0.06730844994)
(5.675179503e-05 2.424996315e-11 -0.0673089332)
(7.661161922e-05 2.424995187e-11 -0.06730932979)
(9.136885193e-05 2.424994363e-11 -0.06730962449)
(0.0001004561837 2.424993886e-11 -0.06730980596)
(0.0001035246852 2.424993712e-11 -0.06730986723)
(0.0001004561836 2.424993886e-11 -0.06730980596)
(9.136885181e-05 2.424994363e-11 -0.06730962449)
(7.661161905e-05 2.424995187e-11 -0.06730932979)
(5.675179481e-05 2.424996315e-11 -0.0673089332)
(3.255231253e-05 2.424997659e-11 -0.06730844994)
(4.943384107e-06 2.424999177e-11 -0.0673078986)
(-2.501379037e-05 2.425000912e-11 -0.06730730037)
(-5.616834316e-05 2.425002647e-11 -0.06730667823)
(-8.732289595e-05 2.425004381e-11 -0.06730605609)
(-0.0001172800704 2.425006029e-11 -0.06730545785)
(-0.0001448889988 2.425007547e-11 -0.06730490651)
(-0.000169088481 2.425008892e-11 -0.06730442326)
(-0.0001889483052 2.425010019e-11 -0.06730402667)
(-0.0002037055379 2.425010843e-11 -0.06730373197)
(-0.0002127928697 2.425011364e-11 -0.0673035505)
(-0.0002115312025 2.60160639e-11 -0.06907594956)
(-0.0002084520455 2.601606257e-11 -0.06907601127)
(-0.0001993331579 2.601605888e-11 -0.069076194)
(-0.0001845246805 2.601605303e-11 -0.06907649075)
(-0.0001645958929 2.601604479e-11 -0.0690768901)
(-0.0001403123778 2.601603481e-11 -0.06907737672)
(-0.0001126075772 2.60160231e-11 -0.06907793189)
(-8.254637629e-05 2.601600966e-11 -0.06907853429)
(-5.128363912e-05 2.601599665e-11 -0.06907916076)
(-2.002090197e-05 2.601598364e-11 -0.06907978724)
(1.004029895e-05 2.601597193e-11 -0.06908038963)
(3.774509952e-05 2.601596022e-11 -0.06908094481)
(6.20286146e-05 2.601595024e-11 -0.06908143143)
(8.195740215e-05 2.6015942e-11 -0.06908183078)
(9.676587943e-05 2.601593528e-11 -0.06908212753)
(0.000105884767 2.60159316e-11 -0.06908231026)
(0.0001089639239 2.601593035e-11 -0.06908237196)
(0.0001058847669 2.60159316e-11 -0.06908231026)
(9.676587931e-05 2.601593528e-11 -0.06908212753)
(8.195740197e-05 2.6015942e-11 -0.06908183078)
(6.202861437e-05 2.601595024e-11 -0.06908143143)
(3.774509925e-05 2.601596022e-11 -0.06908094481)
(1.004029865e-05 2.601597193e-11 -0.06908038963)
(-2.002090229e-05 2.601598364e-11 -0.06907978724)
(-5.128363945e-05 2.601599665e-11 -0.06907916076)
(-8.254637661e-05 2.601600966e-11 -0.06907853429)
(-0.0001126075775 2.60160231e-11 -0.06907793189)
(-0.0001403123781 2.601603481e-11 -0.06907737672)
(-0.0001645958932 2.601604479e-11 -0.0690768901)
(-0.0001845246807 2.601605303e-11 -0.06907649075)
(-0.000199333158 2.601605888e-11 -0.069076194)
(-0.0002084520456 2.601606257e-11 -0.06907601127)
(-0.0002075423689 2.786118301e-11 -0.07085457418)
(-0.0002044510847 2.786118233e-11 -0.07085463637)
(-0.0001952962826 2.786117994e-11 -0.07085482055)
(-0.0001804294823 2.786117604e-11 -0.07085511964)
(-0.0001604222056 2.786117127e-11 -0.07085552214)
(-0.0001360430504 2.78611652e-11 -0.0708560126)
(-0.000108229135 2.786115826e-11 -0.07085657216)
(-7.804953871e-05 2.786115089e-11 -0.07085717931)
(-4.666367392e-05 2.786114308e-11 -0.07085781073)
(-1.527780914e-05 2.786113527e-11 -0.07085844215)
(1.490178718e-05 2.786112703e-11 -0.07085904931)
(4.27157025e-05 2.78611201e-11 -0.07085960887)
(6.709485769e-05 2.786111402e-11 -0.07086009933)
(8.710213434e-05 2.786110925e-11 -0.07086050183)
(0.0001019689345 2.786110535e-11 -0.07086080092)
(0.0001111237366 2.786110318e-11 -0.0708609851)
(0.0001142150207 2.78611024e-11 -0.07086104729)
(0.0001111237365 2.786110318e-11 -0.0708609851)
(0.0001019689344 2.786110535e-11 -0.07086080092)
(8.710213416e-05 2.786110925e-11 -0.07086050183)
(6.709485745e-05 2.786111402e-11 -0.07086009933)
(4.271570222e-05 2.78611201e-11 -0.07085960887)
(1.490178686e-05 2.786112703e-11 -0.07085904931)
(-1.527780948e-05 2.786113527e-11 -0.07085844215)
(-4.666367426e-05 2.786114308e-11 -0.07085781073)
(-7.804953904e-05 2.786115089e-11 -0.07085717931)
(-0.0001082291354 2.786115826e-11 -0.07085657216)
(-0.0001360430507 2.78611652e-11 -0.0708560126)
(-0.0001604222059 2.786117127e-11 -0.07085552214)
(-0.0001804294825 2.786117604e-11 -0.07085511964)
(-0.0001952962827 2.786117994e-11 -0.07085482055)
(-0.0002044510848 2.786118233e-11 -0.07085463637)
(-0.0002038961897 2.978519591e-11 -0.07264087251)
(-0.0002007918055 2.978519569e-11 -0.07264093523)
(-0.0001915982077 2.978519514e-11 -0.07264112097)
(-0.0001766684059 2.978519384e-11 -0.0726414226)
(-0.0001565763437 2.978519254e-11 -0.07264182852)
(-0.0001320938761 2.978519081e-11 -0.07264232315)
(-0.0001041620928 2.978518907e-11 -0.07264288746)
(-7.385460337e-05 2.978518734e-11 -0.07264349978)
(-4.233573365e-05 2.97851856e-11 -0.07264413656)
(-1.081686394e-05 2.978518387e-11 -0.07264477335)
(1.949062547e-05 2.978518127e-11 -0.07264538566)
(4.742240876e-05 2.978517953e-11 -0.07264594997)
(7.190487631e-05 2.97851778e-11 -0.0726464446)
(9.199693847e-05 2.97851765e-11 -0.07264685052)
(0.0001069267402 2.978517563e-11 -0.07264715215)
(0.0001161203379 2.978517509e-11 -0.0726473379)
(0.000119224722 2.978517486e-11 -0.07264740061)
(0.0001161203378 2.978517509e-11 -0.0726473379)
(0.00010692674 2.978517563e-11 -0.07264715215)
(9.199693827e-05 2.97851765e-11 -0.07264685052)
(7.190487606e-05 2.97851778e-11 -0.0726464446)
(4.742240846e-05 2.978517953e-11 -0.07264594997)
(1.949062514e-05 2.978518127e-11 -0.07264538566)
(-1.081686429e-05 2.978518387e-11 -0.07264477335)
(-4.233573401e-05 2.97851856e-11 -0.07264413656)
(-7.385460372e-05 2.978518734e-11 -0.07264349978)
(-0.0001041620931 2.978518907e-11 -0.07264288746)
(-0.0001320938764 2.978519081e-11 -0.07264232315)
(-0.000156576344 2.978519254e-11 -0.07264182852)
(-0.0001766684061 2.978519384e-11 -0.0726414226)
(-0.0001915982078 2.978519514e-11 -0.07264112097)
(-0.0002007918055 2.978519569e-11 -0.07264093523)
(-0.0002005850733 3.178564425e-11 -0.07443444842)
(-0.0001974671408 3.178564475e-11 -0.07443451169)
(-0.00018823342 3.178564595e-11 -0.07443469906)
(-0.000173238461 3.17856479e-11 -0.07443500333)
(-0.0001530587122 3.17856505e-11 -0.07443541281)
(-0.0001284693973 3.178565354e-11 -0.07443591176)
(-0.000100415713 3.178565744e-11 -0.07443648101)
(-6.997595447e-05 3.178566178e-11 -0.07443709868)
(-3.831952888e-05 3.178566611e-11 -0.07443774104)
(-6.663103301e-06 3.178567045e-11 -0.0744383834)
(2.377665522e-05 3.178567392e-11 -0.07443900107)
(5.183033948e-05 3.178567782e-11 -0.07443957032)
(7.641965436e-05 3.178568086e-11 -0.07444006928)
(9.659940307e-05 3.178568346e-11 -0.07444047875)
(0.000111594362 3.178568541e-11 -0.07444078302)
(0.0001208280827 3.178568682e-11 -0.07444097039)
(0.0001239460151 3.17856872e-11 -0.07444103366)
(0.0001208280827 3.178568682e-11 -0.07444097039)
(0.0001115943618 3.178568541e-11 -0.07444078302)
(9.659940287e-05 3.178568346e-11 -0.07444047875)
(7.64196541e-05 3.178568086e-11 -0.07444006928)
(5.183033917e-05 3.178567782e-11 -0.07443957032)
(2.377665488e-05 3.178567392e-11 -0.07443900107)
(-6.663103661e-06 3.178567045e-11 -0.0744383834)
(-3.831952925e-05 3.178566611e-11 -0.07443774104)
(-6.997595483e-05 3.178566178e-11 -0.07443709868)
(-0.0001004157134 3.178565744e-11 -0.07443648101)
(-0.0001284693976 3.178565354e-11 -0.07443591176)
(-0.0001530587125 3.17856505e-11 -0.07443541281)
(-0.0001732384612 3.17856479e-11 -0.07443500333)
(-0.0001882334201 3.178564595e-11 -0.07443469906)
(-0.0001974671409 3.178564475e-11 -0.07443451169)
(-0.0001975874425 3.386138765e-11 -0.07623622894)
(-0.0001944560087 3.386138874e-11 -0.07623629275)
(-0.0001851823038 3.386139177e-11 -0.07623648175)
(-0.0001701224133 3.386139676e-11 -0.07623678866)
(-0.0001498552817 3.38614037e-11 -0.07623720169)
(-0.0001251594895 3.386141194e-11 -0.07623770498)
(-9.698432651e-05 3.386142148e-11 -0.07623827917)
(-6.6412757e-05 3.386143189e-11 -0.07623890221)
(-3.461925199e-05 3.38614423e-11 -0.07623955014)
(-2.825746999e-06 3.38614527e-11 -0.07624019808)
(2.77458225e-05 3.386146311e-11 -0.07624082111)
(5.592098549e-05 3.386147265e-11 -0.07624139531)
(8.061677761e-05 3.386148089e-11 -0.07624189859)
(0.0001008839092 3.386148783e-11 -0.07624231163)
(0.0001159437996 3.386149239e-11 -0.07624261854)
(0.0001252175044 3.386149564e-11 -0.07624280753)
(0.0001283489382 3.386149672e-11 -0.07624287135)
(0.0001252175044 3.386149564e-11 -0.07624280753)
(0.0001159437994 3.386149239e-11 -0.07624261854)
(0.0001008839089 3.386148783e-11 -0.07624231163)
(8.061677734e-05 3.386148089e-11 -0.07624189859)
(5.592098517e-05 3.386147265e-11 -0.07624139531)
(2.774582215e-05 3.386146311e-11 -0.07624082111)
(-2.825747373e-06 3.38614527e-11 -0.07624019808)
(-3.461925237e-05 3.38614423e-11 -0.07623955014)
(-6.641275737e-05 3.386143189e-11 -0.07623890221)
(-9.698432687e-05 3.386142148e-11 -0.07623827917)
(-0.0001251594899 3.386141194e-11 -0.07623770498)
(-0.000149855282 3.38614037e-11 -0.07623720169)
(-0.0001701224135 3.386139676e-11 -0.07623678866)
(-0.000185182304 3.386139177e-11 -0.07623648175)
(-0.0001944560088 3.386138874e-11 -0.07623629275)
(-0.0001948761888 3.600903046e-11 -0.07804524301)
(-0.0001917317552 3.600903224e-11 -0.07804530736)
(-0.0001824195514 3.600903711e-11 -0.07804549793)
(-0.0001672971414 3.600904514e-11 -0.0780458074)
(-0.0001469458729 3.600905598e-11 -0.07804622387)
(-0.0001221475587 3.600906942e-11 -0.07804673134)
(-9.385542936e-05 3.60090846e-11 -0.07804731032)
(-6.315694513e-05 3.600910022e-11 -0.07804793854)
(-3.123145268e-05 3.600911756e-11 -0.07804859187)
(6.94039761e-07 3.600913491e-11 -0.07804924519)
(3.139252397e-05 3.600915139e-11 -0.07804987341)
(5.968465323e-05 3.600916657e-11 -0.07805045239)
(8.448296738e-05 3.600918001e-11 -0.07805095986)
(0.0001048342358 3.600919085e-11 -0.07805137634)
(0.0001199566458 3.600919888e-11 -0.0780516858)
(0.0001292688495 3.600920376e-11 -0.07805187637)
(0.0001324132831 3.600920537e-11 -0.07805194072)
(0.0001292688494 3.600920376e-11 -0.07805187637)
(0.0001199566457 3.600919888e-11 -0.0780516858)
(0.0001048342356 3.600919085e-11 -0.07805137634)
(8.44829671e-05 3.600918001e-11 -0.07805095986)
(5.96846529e-05 3.600916657e-11 -0.07805045239)
(3.13925236e-05 3.600915139e-11 -0.07804987341)
(6.940393746e-07 3.600913491e-11 -0.07804924519)
(-3.123145308e-05 3.600911756e-11 -0.07804859187)
(-6.315694552e-05 3.600910022e-11 -0.07804793854)
(-9.385542972e-05 3.60090846e-11 -0.07804731032)
(-0.000122147559 3.600906942e-11 -0.07804673134)
(-0.0001469458731 3.600905598e-11 -0.07804622387)
(-0.0001672971416 3.600904514e-11 -0.0780458074)
(-0.0001824195516 3.600903711e-11 -0.07804549793)
(-0.0001917317553 3.600903224e-11 -0.07804530736)
(-0.0001924165291 3.822671381e-11 -0.07986191705)
(-0.0001892599521 3.822671606e-11 -0.0798619819)
(-0.000179911786 3.8226723e-11 -0.07986217394)
(-0.0001647309754 3.822673384e-11 -0.0798624858)
(-0.0001443011133 3.822674902e-11 -0.0798629055)
(-0.0001194070316 3.82267668e-11 -0.0798634169)
(-9.100564229e-05 3.822678762e-11 -0.07986400036)
(-6.018860504e-05 3.822680974e-11 -0.07986463344)
(-2.813982104e-05 3.822683316e-11 -0.07986529183)
(3.908962948e-06 3.822685658e-11 -0.07986595021)
(3.472600018e-05 3.822687869e-11 -0.0798665833)
(6.312738948e-05 3.822689951e-11 -0.07986716675)
(8.802147106e-05 3.822691729e-11 -0.07986767816)
(0.0001084513331 3.822693247e-11 -0.07986809785)
(0.0001236321436 3.822694331e-11 -0.07986840972)
(0.0001329803097 3.822694982e-11 -0.07986860176)
(0.0001361368866 3.822695219e-11 -0.0798686666)
(0.0001329803096 3.822694982e-11 -0.07986860176)
(0.0001236321435 3.822694331e-11 -0.07986840972)
(0.0001084513329 3.822693247e-11 -0.07986809785)
(8.802147077e-05 3.822691729e-11 -0.07986767816)
(6.312738914e-05 3.822689951e-11 -0.07986716675)
(3.47259998e-05 3.822687869e-11 -0.0798665833)
(3.908962549e-06 3.822685658e-11 -0.07986595021)
(-2.813982145e-05 3.822683316e-11 -0.07986529183)
(-6.018860544e-05 3.822680974e-11 -0.07986463344)
(-9.100564267e-05 3.822678762e-11 -0.07986400036)
(-0.000119407032 3.82267668e-11 -0.0798634169)
(-0.0001443011136 3.822674902e-11 -0.0798629055)
(-0.0001647309756 3.822673384e-11 -0.0798624858)
(-0.0001799117861 3.8226723e-11 -0.07986217394)
(-0.0001892599522 3.822671606e-11 -0.0798619819)
(-0.0001901748323 4.051027855e-11 -0.08168486564)
(-0.0001870072164 4.051028144e-11 -0.08168493094)
(-0.0001776263588 4.051029e-11 -0.08168512433)
(-0.0001623924592 4.051030388e-11 -0.08168543838)
(-0.0001418911517 4.051032209e-11 -0.08168586102)
(-0.0001169100127 4.051034464e-11 -0.08168637601)
(-8.84093006e-05 4.051037067e-11 -0.08168696355)
(-5.74844928e-05 4.051039885e-11 -0.08168760107)
(-2.53236307e-05 4.051042748e-11 -0.08168826408)
(6.837231392e-06 4.05104561e-11 -0.08168892708)
(3.776203917e-05 4.051048429e-11 -0.0816895646)
(6.626275123e-05 4.051051031e-11 -0.08169015214)
(9.124389014e-05 4.051053286e-11 -0.08169066713)
(0.0001117451976 4.051055108e-11 -0.08169108977)
(0.0001269790971 4.051056495e-11 -0.08169140382)
(0.0001363599547 4.051057352e-11 -0.08169159721)
(0.0001395275705 4.051057634e-11 -0.08169166251)
(0.0001363599546 4.051057352e-11 -0.08169159721)
(0.000126979097 4.051056495e-11 -0.08169140382)
(0.0001117451974 4.051055108e-11 -0.08169108977)
(9.124388985e-05 4.051053286e-11 -0.08169066713)
(6.626275089e-05 4.051051031e-11 -0.08169015214)
(3.776203878e-05 4.051048429e-11 -0.0816895646)
(6.837230982e-06 4.05104561e-11 -0.08168892708)
(-2.532363112e-05 4.051042748e-11 -0.08168826408)
(-5.748449321e-05 4.051039885e-11 -0.08168760107)
(-8.840930099e-05 4.051037067e-11 -0.08168696355)
(-0.0001169100131 4.051034464e-11 -0.08168637601)
(-0.000141891152 4.051032209e-11 -0.08168586102)
(-0.0001623924595 4.051030388e-11 -0.08168543838)
(-0.000177626359 4.051029e-11 -0.08168512433)
(-0.0001870072165 4.051028144e-11 -0.08168493094)
(-0.0001881182375 4.285728691e-11 -0.08351424737)
(-0.0001849407849 4.28572902e-11 -0.08351431308)
(-0.0001755307961 4.285730039e-11 -0.08351450767)
(-0.0001602495895 4.285731622e-11 -0.08351482367)
(-0.0001396846176 4.285733834e-11 -0.08351524894)
(-0.0001146259027 4.285736479e-11 -0.08351576713)
(-8.603668498e-05 4.285739558e-11 -0.08351635834)
(-5.501584386e-05 4.285742854e-11 -0.08351699982)
(-2.275511002e-05 4.285746324e-11 -0.08351766695)
(9.505623804e-06 4.285749793e-11 -0.08351833408)
(4.05264649e-05 4.285753002e-11 -0.08351897556)
(6.911568254e-05 4.285756082e-11 -0.08351956677)
(9.41743974e-05 4.285758727e-11 -0.08352008496)
(0.0001147393693 4.285760939e-11 -0.08352051023)
(0.0001300205758 4.285762565e-11 -0.08352082623)
(0.0001394305645 4.285763563e-11 -0.08352102082)
(0.000142608017 4.285763907e-11 -0.08352108653)
(0.0001394305645 4.285763563e-11 -0.08352102082)
(0.0001300205757 4.285762565e-11 -0.08352082623)
(0.000114739369 4.285760939e-11 -0.08352051023)
(9.41743971e-05 4.285758727e-11 -0.08352008496)
(6.911568218e-05 4.285756082e-11 -0.08351956677)
(4.05264645e-05 4.285753002e-11 -0.08351897556)
(9.505623384e-06 4.285749793e-11 -0.08351833408)
(-2.275511045e-05 4.285746324e-11 -0.08351766695)
(-5.501584428e-05 4.285742854e-11 -0.08351699982)
(-8.603668537e-05 4.285739558e-11 -0.08351635834)
(-0.000114625903 4.285736479e-11 -0.08351576713)
(-0.0001396846179 4.285733834e-11 -0.08351524894)
(-0.0001602495898 4.285731622e-11 -0.08351482367)
(-0.0001755307963 4.285730039e-11 -0.08351450767)
(-0.000184940785 4.28572902e-11 -0.08351431307)
(-0.0001862225704 4.526288035e-11 -0.0853485543)
(-0.0001830364429 4.526288426e-11 -0.08534862036)
(-0.0001736007633 4.526289543e-11 -0.08534881602)
(-0.0001582778363 4.526291408e-11 -0.08534913375)
(-0.0001376567185 4.526293923e-11 -0.08534956134)
(-0.000112529589 4.526296959e-11 -0.08535008237)
(-8.386231793e-05 4.526300428e-11 -0.08535067681)
(-5.275678463e-05 4.526304158e-11 -0.08535132181)
(-2.04079735e-05 4.526308061e-11 -0.08535199258)
(1.194083762e-05 4.526311964e-11 -0.08535266336)
(4.304637089e-05 4.526315781e-11 -0.08535330835)
(7.171364196e-05 4.52631925e-11 -0.08535390279)
(9.684077139e-05 4.526322286e-11 -0.08535442382)
(0.0001174618891 4.526324801e-11 -0.08535485141)
(0.000132784816 4.526326623e-11 -0.08535516915)
(0.0001422204956 4.526327783e-11 -0.0853553648)
(0.000145406623 4.526328164e-11 -0.08535543087)
(0.0001422204955 4.526327783e-11 -0.0853553648)
(0.0001327848158 4.526326623e-11 -0.08535516915)
(0.0001174618889 4.526324801e-11 -0.08535485141)
(9.684077107e-05 4.526322286e-11 -0.08535442382)
(7.17136416e-05 4.52631925e-11 -0.08535390279)
(4.304637049e-05 4.526315781e-11 -0.08535330835)
(1.194083719e-05 4.526311964e-11 -0.08535266336)
(-2.040797394e-05 4.526308061e-11 -0.08535199258)
(-5.275678506e-05 4.526304158e-11 -0.08535132181)
(-8.386231833e-05 4.526300428e-11 -0.08535067681)
(-0.0001125295894 4.526296959e-11 -0.08535008237)
(-0.0001376567188 4.526293923e-11 -0.08534956134)
(-0.0001582778366 4.526291408e-11 -0.08534913375)
(-0.0001736007634 4.526289543e-11 -0.08534881602)
(-0.000183036443 4.526288426e-11 -0.08534862036)
(-0.0001844716208 4.772393525e-11 -0.08718799904)
(-0.0001812777916 4.772393949e-11 -0.08718806542)
(-0.0001718193034 4.772395218e-11 -0.08718826203)
(-0.000156459337 4.772397278e-11 -0.0871885813)
(-0.0001357883726 4.772400053e-11 -0.08718901096)
(-0.0001106005043 4.772403393e-11 -0.08718953451)
(-8.186393689e-05 4.772407252e-11 -0.08719013183)
(-5.068321341e-05 4.772411459e-11 -0.08719077995)
(-1.825620676e-05 4.772415796e-11 -0.08719145397)
(1.417079987e-05 4.772420133e-11 -0.087192128)
(4.535152332e-05 4.772424339e-11 -0.08719277612)
(7.408809066e-05 4.772428199e-11 -0.08719337343)
(9.927595891e-05 4.772431538e-11 -0.08719389698)
(0.0001199469233 4.772434314e-11 -0.08719432665)
(0.0001353068896 4.772436417e-11 -0.08719464592)
(0.0001447653777 4.772437686e-11 -0.08719484252)
(0.0001479592068 4.772438112e-11 -0.08719490891)
(0.0001447653776 4.772437686e-11 -0.08719484252)
(0.0001353068895 4.772436417e-11 -0.08719464592)
(0.000119946923 4.772434314e-11 -0.08719432665)
(9.927595859e-05 4.772431538e-11 -0.08719389698)
(7.408809029e-05 4.772428199e-11 -0.08719337343)
(4.535152291e-05 4.772424339e-11 -0.08719277612)
(1.417079943e-05 4.772420133e-11 -0.087192128)
(-1.825620721e-05 4.772415796e-11 -0.08719145397)
(-5.068321385e-05 4.772411459e-11 -0.08719077995)
(-8.18639373e-05 4.772407252e-11 -0.08719013183)
(-0.0001106005046 4.772403393e-11 -0.08718953451)
(-0.0001357883729 4.772400053e-11 -0.08718901096)
(-0.0001564593373 4.772397278e-11 -0.0871885813)
(-0.0001718193036 4.772395218e-11 -0.08718826203)
(-0.0001812777917 4.772393949e-11 -0.08718806542)
(-0.0001828623756 5.023456529e-11 -0.08903127397)
(-0.0001796615229 5.023456998e-11 -0.08903134065)
(-0.0001701822348 5.023458385e-11 -0.08903153812)
(-0.0001547884905 5.023460641e-11 -0.0890318588)
(-0.000134072069 5.023463676e-11 -0.08903229036)
(-0.0001088288105 5.023467363e-11 -0.08903281621)
(-8.002904904e-05 5.023471569e-11 -0.08903341616)
(-4.877975661e-05 5.023476166e-11 -0.08903406713)
(-1.628144034e-05 5.023480937e-11 -0.08903474413)
(1.621687593e-05 5.023485707e-11 -0.08903542112)
(4.746616834e-05 5.023490218e-11 -0.0890360721)
(7.626592973e-05 5.023494424e-11 -0.08903667204)
(0.0001015091882 5.023498111e-11 -0.0890371979)
(0.0001222256097 5.023501146e-11 -0.08903762946)
(0.0001376193538 5.023503401e-11 -0.08903795014)
(0.0001470986419 5.023504789e-11 -0.0890381476)
(0.0001502994945 5.023505261e-11 -0.08903821428)
(0.0001470986418 5.023504789e-11 -0.0890381476)
(0.0001376193537 5.023503401e-11 -0.08903795014)
(0.0001222256094 5.023501146e-11 -0.08903762946)
(0.0001015091878 5.023498111e-11 -0.0890371979)
(7.626592935e-05 5.023494424e-11 -0.08903667204)
(4.746616791e-05 5.023490218e-11 -0.0890360721)
(1.621687548e-05 5.023485707e-11 -0.08903542112)
(-1.628144079e-05 5.023480937e-11 -0.08903474413)
(-4.877975706e-05 5.023476166e-11 -0.08903406713)
(-8.002904946e-05 5.023471569e-11 -0.08903341616)
(-0.0001088288109 5.023467363e-11 -0.08903281621)
(-0.0001340720693 5.023463676e-11 -0.08903229036)
(-0.0001547884908 5.023460641e-11 -0.0890318588)
(-0.000170182235 5.023458385e-11 -0.08903153812)
(-0.000179661523 5.023456998e-11 -0.08903134065)
(-0.0001814020777 5.27903176e-11 -0.0908789282)
(-0.0001781945041 5.279032268e-11 -0.09087899516)
(-0.0001686953121 5.279033764e-11 -0.09087919346)
(-0.0001532692453 5.279036193e-11 -0.09087951549)
(-0.0001325093251 5.279039489e-11 -0.09087994886)
(-0.0001072130629 5.279043478e-11 -0.09088047693)
(-7.835283015e-05 5.279048032e-11 -0.0908810794)
(-4.703792304e-05 5.279052976e-11 -0.09088173311)
(-1.44713695e-05 5.279058093e-11 -0.09088241295)
(1.809518404e-05 5.279063211e-11 -0.09088309279)
(4.941009113e-05 5.279068242e-11 -0.0908837465)
(7.827032387e-05 5.279072795e-11 -0.09088434897)
(0.000103566586 5.279076785e-11 -0.09088487704)
(0.0001243265061 5.279080081e-11 -0.09088531042)
(0.0001397525728 5.27908251e-11 -0.09088563244)
(0.0001492517647 5.279084028e-11 -0.09088583074)
(0.0001524593382 5.279084524e-11 -0.0908858977)
(0.0001492517646 5.279084028e-11 -0.09088583074)
(0.0001397525726 5.27908251e-11 -0.09088563244)
(0.0001243265059 5.279080081e-11 -0.09088531042)
(0.0001035665857 5.279076785e-11 -0.09088487704)
(7.827032349e-05 5.279072795e-11 -0.09088434897)
(4.94100907e-05 5.279068242e-11 -0.0908837465)
(1.809518359e-05 5.279063211e-11 -0.09088309279)
(-1.447136996e-05 5.279058093e-11 -0.09088241295)
(-4.70379235e-05 5.279052976e-11 -0.09088173311)
(-7.835283058e-05 5.279048032e-11 -0.0908810794)
(-0.0001072130633 5.279043478e-11 -0.09088047693)
(-0.0001325093255 5.279039489e-11 -0.09087994886)
(-0.0001532692456 5.279036193e-11 -0.09087951549)
(-0.0001686953123 5.279033764e-11 -0.09087919346)
(-0.0001781945042 5.279032268e-11 -0.09087899516)
(-0.0001801097833 5.538331314e-11 -0.09273006519)
(-0.0001768953983 5.538331859e-11 -0.09273013244)
(-0.0001673760345 5.538333485e-11 -0.09273033158)
(-0.00015191721 5.538336109e-11 -0.09273065498)
(-0.0001311132055 5.538339665e-11 -0.09273109019)
(-0.000105763226 5.538343959e-11 -0.09273162051)
(-7.684170762e-05 5.538348903e-11 -0.09273222554)
(-4.546030238e-05 5.538354237e-11 -0.09273288203)
(-1.282459278e-05 5.538359788e-11 -0.09273356477)
(1.98111168e-05 5.538365339e-11 -0.0927342475)
(5.119252202e-05 5.538370674e-11 -0.09273490399)
(8.011404033e-05 5.538375617e-11 -0.09273550902)
(0.0001054640198 5.538379911e-11 -0.09273603934)
(0.0001262680243 5.538383467e-11 -0.09273647455)
(0.0001417268487 5.538386048e-11 -0.09273679795)
(0.0001512462124 5.538387674e-11 -0.09273699709)
(0.0001544605972 5.538388223e-11 -0.09273706434)
(0.0001512462123 5.538387674e-11 -0.09273699709)
(0.0001417268485 5.538386048e-11 -0.09273679795)
(0.000126268024 5.538383467e-11 -0.09273647455)
(0.0001054640195 5.538379911e-11 -0.09273603934)
(8.011403994e-05 5.538375617e-11 -0.09273550902)
(5.119252159e-05 5.538370674e-11 -0.09273490399)
(1.981111634e-05 5.538365339e-11 -0.0927342475)
(-1.282459325e-05 5.538359788e-11 -0.09273356477)
(-4.546030284e-05 5.538354237e-11 -0.09273288203)
(-7.684170806e-05 5.538348903e-11 -0.09273222554)
(-0.0001057632264 5.538343959e-11 -0.09273162051)
(-0.0001311132059 5.538339665e-11 -0.09273109019)
(-0.0001519172103 5.538336109e-11 -0.09273065498)
(-0.0001673760347 5.538333485e-11 -0.09273033158)
(-0.0001768953984 5.538331859e-11 -0.09273013244)
(-0.000179011016 5.800645574e-11 -0.09458567948)
(-0.0001757893588 5.800646161e-11 -0.09458574703)
(-0.0001662484582 5.800647918e-11 -0.09458594707)
(-0.0001507546595 5.800650715e-11 -0.09458627193)
(-0.0001299035877 5.800654575e-11 -0.09458670912)
(-0.000104496256 5.800659215e-11 -0.09458724184)
(-7.550930527e-05 5.800664506e-11 -0.09458784962)
(-4.405690231e-05 5.800670274e-11 -0.09458850908)
(-1.134735726e-05 5.800676259e-11 -0.09458919491)
(2.136218779e-05 5.800682244e-11 -0.09458988074)
(5.281459072e-05 5.800688012e-11 -0.0945905402)
(8.180154146e-05 5.800693302e-11 -0.09459114798)
(0.0001072088731 5.800697943e-11 -0.0945916807)
(0.0001280599448 5.800701803e-11 -0.09459211788)
(0.0001435537434 5.800704643e-11 -0.09459244275)
(0.0001530946439 5.800706378e-11 -0.09459264279)
(0.000156316301 5.800706966e-11 -0.09459271034)
(0.0001530946438 5.800706378e-11 -0.09459264279)
(0.0001435537432 5.800704643e-11 -0.09459244275)
(0.0001280599445 5.800701803e-11 -0.09459211788)
(0.0001072088727 5.800697943e-11 -0.0945916807)
(8.180154106e-05 5.800693302e-11 -0.09459114798)
(5.281459028e-05 5.800688012e-11 -0.0945905402)
(2.136218733e-05 5.800682244e-11 -0.09458988074)
(-1.134735773e-05 5.800676259e-11 -0.09458919491)
(-4.405690278e-05 5.800670274e-11 -0.09458850908)
(-7.550930571e-05 5.800664506e-11 -0.09458784962)
(-0.0001044962564 5.800659215e-11 -0.09458724184)
(-0.0001299035881 5.800654575e-11 -0.09458670912)
(-0.0001507546598 5.800650715e-11 -0.09458627193)
(-0.0001662484584 5.800647918e-11 -0.09458594707)
(-0.0001757893588 5.800646161e-11 -0.09458574703)
(-0.0001781364501 6.064832901e-11 -0.09644528118)
(-0.0001749067715 6.064833542e-11 -0.09644534906)
(-0.0001653421158 6.064835439e-11 -0.0964455501)
(-0.0001498097404 6.064838519e-11 -0.09644587659)
(-0.0001289067532 6.064842639e-11 -0.09644631595)
(-0.0001034361619 6.064847669e-11 -0.09644685133)
(-7.437703881e-05 6.064853394e-11 -0.09644746214)
(-4.284632506e-05 6.064859639e-11 -0.09644812489)
(-1.005533914e-05 6.064866144e-11 -0.09644881414)
(2.273564676e-05 6.064872649e-11 -0.09644950339)
(5.426636048e-05 6.064878807e-11 -0.09645016615)
(8.332548349e-05 6.064884532e-11 -0.09645077695)
(0.0001087960748 6.064889563e-11 -0.09645131233)
(0.0001296990619 6.064893683e-11 -0.0964517517)
(0.0001452314373 6.064896762e-11 -0.09645207818)
(0.0001547960928 6.064898659e-11 -0.09645227922)
(0.0001580257713 6.064899295e-11 -0.09645234711)
(0.0001547960927 6.064898659e-11 -0.09645227922)
(0.0001452314371 6.064896762e-11 -0.09645207818)
(0.0001296990616 6.064893683e-11 -0.0964517517)
(0.0001087960744 6.064889563e-11 -0.09645131233)
(8.332548309e-05 6.064884532e-11 -0.09645077695)
(5.426636004e-05 6.064878807e-11 -0.09645016615)
(2.273564629e-05 6.064872649e-11 -0.09644950339)
(-1.005533962e-05 6.064866144e-11 -0.09644881414)
(-4.284632552e-05 6.064859639e-11 -0.09644812489)
(-7.437703925e-05 6.064853394e-11 -0.09644746214)
(-0.0001034361623 6.064847669e-11 -0.09644685133)
(-0.0001289067535 6.064842639e-11 -0.09644631595)
(-0.0001498097406 6.064838519e-11 -0.09644587659)
(-0.000165342116 6.064835439e-11 -0.0964455501)
(-0.0001749067716 6.064833542e-11 -0.09644534906)
(-0.0001775160129 6.329752899e-11 -0.09831019551)
(-0.0001742773786 6.329753594e-11 -0.09831026377)
(-0.0001646862007 6.329755622e-11 -0.09831046594)
(-0.0001491107547 6.329758939e-11 -0.09831079423)
(-0.0001281498046 6.329763449e-11 -0.09831123604)
(-0.0001026085846 6.329768914e-11 -0.09831177439)
(-7.346888214e-05 6.329775116e-11 -0.09831238859)
(-4.185073533e-05 6.329781838e-11 -0.09831305503)
(-8.968821701e-06 6.329788863e-11 -0.09831374811)
(2.391309192e-05 6.329795889e-11 -0.09831444118)
(5.55312387e-05 6.329802698e-11 -0.09831510762)
(8.467094116e-05 6.329808899e-11 -0.09831572182)
(0.0001102121611 6.329814364e-11 -0.09831626017)
(0.0001311731111 6.329818874e-11 -0.09831670198)
(0.000146748557 6.329822192e-11 -0.09831703028)
(0.0001563397348 6.329824241e-11 -0.09831723244)
(0.0001595783691 6.329824933e-11 -0.0983173007)
(0.0001563397347 6.329824241e-11 -0.09831723244)
(0.0001467485568 6.329822192e-11 -0.09831703028)
(0.0001311731108 6.329818874e-11 -0.09831670198)
(0.0001102121607 6.329814364e-11 -0.09831626017)
(8.467094076e-05 6.329808899e-11 -0.09831572182)
(5.553123826e-05 6.329802698e-11 -0.09831510762)
(2.391309145e-05 6.329795889e-11 -0.09831444118)
(-8.968822179e-06 6.329788863e-11 -0.09831374811)
(-4.18507358e-05 6.329781838e-11 -0.09831305503)
(-7.346888258e-05 6.329775116e-11 -0.09831238859)
(-0.000102608585 6.329768914e-11 -0.09831177439)
(-0.000128149805 6.329763449e-11 -0.09831123604)
(-0.000149110755 6.329758939e-11 -0.09831079423)
(-0.0001646862008 6.329755622e-11 -0.09831046594)
(-0.0001742773787 6.329753594e-11 -0.09831026377)
(-0.0001771767008 6.593764697e-11 -0.1001801333)
(-0.0001739281261 6.593765453e-11 -0.100180202)
(-0.0001643075098 6.593767676e-11 -0.1001804054)
(-0.000148684258 6.593771276e-11 -0.1001807357)
(-0.0001276589723 6.593776133e-11 -0.1001811803)
(-0.0001020393584 6.593782074e-11 -0.1001817219)
(-7.281021707e-05 6.59378884e-11 -0.1001823399)
(-4.109502437e-05 6.593796256e-11 -0.1001830105)
(-8.112185946e-06 6.593803888e-11 -0.1001837078)
(2.487065247e-05 6.593811521e-11 -0.1001844051)
(5.658584514e-05 6.59381885e-11 -0.1001850757)
(8.581498639e-05 6.593825616e-11 -0.1001856936)
(0.0001114346002 6.593831557e-11 -0.1001862353)
(0.0001324598859 6.593836414e-11 -0.1001866798)
(0.0001480831377 6.593840057e-11 -0.1001870102)
(0.0001577037538 6.593842302e-11 -0.1001872136)
(0.0001609523284 6.593843041e-11 -0.1001872822)
(0.0001577037537 6.593842302e-11 -0.1001872136)
(0.0001480831375 6.593840057e-11 -0.1001870102)
(0.0001324598856 6.593836414e-11 -0.1001866798)
(0.0001114345999 6.593831557e-11 -0.1001862353)
(8.581498599e-05 6.593825616e-11 -0.1001856936)
(5.65858447e-05 6.59381885e-11 -0.1001850757)
(2.4870652e-05 6.593811521e-11 -0.1001844051)
(-8.11218642e-06 6.593803888e-11 -0.1001837078)
(-4.109502483e-05 6.593796256e-11 -0.1001830105)
(-7.281021751e-05 6.59378884e-11 -0.1001823399)
(-0.0001020393588 6.593782074e-11 -0.1001817219)
(-0.0001276589726 6.593776133e-11 -0.1001811803)
(-0.0001486842583 6.593771276e-11 -0.1001807357)
(-0.00016430751 6.593767676e-11 -0.1001804054)
(-0.0001739281262 6.593765453e-11 -0.100180202)
(-0.000177138272 6.855204276e-11 -0.1020564871)
(-0.0001738788433 6.855205097e-11 -0.1020565562)
(-0.0001642260832 6.855207526e-11 -0.102056761)
(-0.0001485506318 6.855211451e-11 -0.1020570935)
(-0.0001274550976 6.855216741e-11 -0.102057541)
(-0.0001017498849 6.855223203e-11 -0.1020580863)
(-7.242308484e-05 6.855230576e-11 -0.1020587084)
(-4.060192712e-05 6.855238599e-11 -0.1020593834)
(-7.508888291e-06 6.855246926e-11 -0.1020600854)
(2.558415053e-05 6.855255252e-11 -0.1020607874)
(5.740530822e-05 6.855263189e-11 -0.1020614625)
(8.673210823e-05 6.855270561e-11 -0.1020620846)
(0.0001124373209 6.855277023e-11 -0.1020626299)
(0.0001335328551 6.855282314e-11 -0.1020630774)
(0.0001492083063 6.855286282e-11 -0.1020634099)
(0.0001588610664 6.855288711e-11 -0.1020636147)
(0.0001621204949 6.85528953e-11 -0.1020636838)
(0.0001588610663 6.855288711e-11 -0.1020636147)
(0.0001492083062 6.855286282e-11 -0.1020634099)
(0.0001335328548 6.855282314e-11 -0.1020630774)
(0.0001124373206 6.855277023e-11 -0.1020626299)
(8.673210784e-05 6.855270561e-11 -0.1020620846)
(5.740530779e-05 6.855263189e-11 -0.1020614625)
(2.558415007e-05 6.855255252e-11 -0.1020607874)
(-7.508888759e-06 6.855246926e-11 -0.1020600854)
(-4.060192758e-05 6.855238599e-11 -0.1020593834)
(-7.242308527e-05 6.855230576e-11 -0.1020587084)
(-0.0001017498853 6.855223203e-11 -0.1020580863)
(-0.0001274550979 6.855216741e-11 -0.102057541)
(-0.0001485506321 6.855211451e-11 -0.1020570935)
(-0.0001642260834 6.855207526e-11 -0.102056761)
(-0.0001738788434 6.855205097e-11 -0.1020565562)
(-0.0001774109221 7.111956588e-11 -0.1039388769)
(-0.0001741399322 7.111957475e-11 -0.1039389466)
(-0.0001644529335 7.111960109e-11 -0.1039391528)
(-0.000148721881 7.111964403e-11 -0.1039394877)
(-0.0001275515204 7.111970127e-11 -0.1039399384)
(-0.0001017551306 7.111977153e-11 -0.1039404875)
(-7.232430774e-05 7.111985176e-11 -0.1039411141)
(-4.039027961e-05 7.111993806e-11 -0.1039417939)
(-7.179858978e-06 7.112002827e-11 -0.1039425009)
(2.603056164e-05 7.112011847e-11 -0.1039432079)
(5.796458974e-05 7.112020564e-11 -0.1039438877)
(8.739541262e-05 7.112028588e-11 -0.1039445143)
(0.0001131918023 7.112035613e-11 -0.1039450634)
(0.0001343621628 7.112041338e-11 -0.1039455141)
(0.0001500932153 7.112045631e-11 -0.103945849)
(0.0001597802139 7.112048244e-11 -0.1039460552)
(0.0001630512037 7.112049138e-11 -0.1039461249)
(0.0001597802138 7.112048244e-11 -0.1039460552)
(0.0001500932151 7.112045631e-11 -0.103945849)
(0.0001343621626 7.112041338e-11 -0.1039455141)
(0.000113191802 7.112035613e-11 -0.1039450634)
(8.739541224e-05 7.112028588e-11 -0.1039445143)
(5.796458932e-05 7.112020564e-11 -0.1039438877)
(2.603056119e-05 7.112011847e-11 -0.1039432079)
(-7.179859436e-06 7.112002827e-11 -0.1039425009)
(-4.039028006e-05 7.111993806e-11 -0.1039417939)
(-7.232430816e-05 7.111985176e-11 -0.1039411141)
(-0.000101755131 7.111977153e-11 -0.1039404875)
(-0.0001275515207 7.111970127e-11 -0.1039399384)
(-0.0001487218812 7.111964403e-11 -0.1039394877)
(-0.0001644529337 7.111960109e-11 -0.1039391528)
(-0.0001741399323 7.111957475e-11 -0.1039389466)
(-0.0001779916954 7.362047256e-11 -0.1058284675)
(-0.0001747087653 7.362048221e-11 -0.1058285376)
(-0.000164986406 7.362051073e-11 -0.1058287454)
(-0.0001491979301 7.36205567e-11 -0.1058290827)
(-0.000127950291 7.362061872e-11 -0.1058295367)
(-0.0001020597362 7.362069461e-11 -0.1058300899)
(-7.252148143e-05 7.362078091e-11 -0.105830721)
(-4.047088394e-05 7.362087415e-11 -0.1058314058)
(-7.139234701e-06 7.36209713e-11 -0.105832118)
(2.619241453e-05 7.362106844e-11 -0.1058328302)
(5.824301199e-05 7.362116255e-11 -0.105833515)
(8.778126674e-05 7.362124885e-11 -0.1058341461)
(0.0001136718214 7.362132475e-11 -0.1058346993)
(0.0001349194605 7.362138676e-11 -0.1058351533)
(0.0001507079364 7.362143273e-11 -0.1058354906)
(0.0001604302956 7.362146103e-11 -0.1058356983)
(0.0001637132256 7.36214706e-11 -0.1058357685)
(0.0001604302955 7.362146103e-11 -0.1058356983)
(0.0001507079362 7.362143273e-11 -0.1058354906)
(0.0001349194603 7.362138676e-11 -0.1058351533)
(0.0001136718211 7.362132475e-11 -0.1058346993)
(8.778126637e-05 7.362124885e-11 -0.1058341461)
(5.824301158e-05 7.362116255e-11 -0.105833515)
(2.619241409e-05 7.362106844e-11 -0.1058328302)
(-7.139235145e-06 7.36209713e-11 -0.105832118)
(-4.047088437e-05 7.362087415e-11 -0.1058314058)
(-7.252148184e-05 7.362078091e-11 -0.105830721)
(-0.0001020597366 7.362069461e-11 -0.1058300899)
(-0.0001279502913 7.362061872e-11 -0.1058295367)
(-0.0001491979304 7.36205567e-11 -0.1058290827)
(-0.0001649864062 7.362051073e-11 -0.1058287454)
(-0.0001747087654 7.362048221e-11 -0.1058285376)
(-0.00017885774 7.603427387e-11 -0.1077244762)
(-0.0001755630072 7.603428412e-11 -0.1077245469)
(-0.000165805694 7.603431426e-11 -0.1077247561)
(-0.0001499604553 7.603436327e-11 -0.1077250959)
(-0.0001286364266 7.603442919e-11 -0.1077255531)
(-0.00010265279 7.603450985e-11 -0.1077261103)
(-7.300833917e-05 7.603460136e-11 -0.107726746)
(-4.084251326e-05 7.603470197e-11 -0.1077274357)
(-7.391029957e-06 7.603480519e-11 -0.107728153)
(2.606045333e-05 7.60349084e-11 -0.1077288703)
(5.822627923e-05 7.603500815e-11 -0.1077295601)
(8.787073001e-05 7.603509966e-11 -0.1077301958)
(0.0001138543665 7.603518032e-11 -0.1077307529)
(0.0001351783952 7.603524624e-11 -0.1077312102)
(0.0001510236338 7.603529568e-11 -0.1077315499)
(0.0001607809469 7.603532604e-11 -0.1077317592)
(0.0001640756797 7.603533618e-11 -0.1077318298)
(0.0001607809468 7.603532604e-11 -0.1077317592)
(0.0001510236337 7.603529568e-11 -0.1077315499)
(0.000135178395 7.603524624e-11 -0.1077312102)
(0.0001138543662 7.603518032e-11 -0.1077307529)
(8.787072965e-05 7.603509966e-11 -0.1077301958)
(5.822627883e-05 7.603500815e-11 -0.1077295601)
(2.606045291e-05 7.60349084e-11 -0.1077288703)
(-7.391030385e-06 7.603480519e-11 -0.107728153)
(-4.084251368e-05 7.603470197e-11 -0.1077274357)
(-7.300833957e-05 7.603460136e-11 -0.107726746)
(-0.0001026527904 7.603450985e-11 -0.1077261103)
(-0.0001286364269 7.603442919e-11 -0.1077255531)
(-0.0001499604555 7.603436327e-11 -0.1077250959)
(-0.0001658056942 7.603431426e-11 -0.1077247561)
(-0.0001755630073 7.603428412e-11 -0.1077245469)
(-0.0001799543609 7.834882354e-11 -0.1096274482)
(-0.0001766487765 7.834883426e-11 -0.1096275193)
(-0.0001668593266 7.834886559e-11 -0.1096277299)
(-0.0001509619001 7.834891676e-11 -0.1096280719)
(-0.0001295676385 7.834898572e-11 -0.1096285322)
(-0.0001034984222 7.834906942e-11 -0.1096290931)
(-7.375633439e-05 7.834916526e-11 -0.1096297329)
(-4.148456709e-05 7.834926891e-11 -0.1096304272)
(-7.922907964e-06 7.834937647e-11 -0.1096311493)
(2.563875116e-05 7.834948402e-11 -0.1096318713)
(5.791051843e-05 7.834958854e-11 -0.1096325656)
(8.76526062e-05 7.834968438e-11 -0.1096332055)
(0.0001137218224 7.834976808e-11 -0.1096337663)
(0.000135116084 7.834983703e-11 -0.1096342266)
(0.0001510135105 7.834988778e-11 -0.1096345686)
(0.0001608029602 7.834991954e-11 -0.1096347792)
(0.0001641085446 7.834993014e-11 -0.1096348503)
(0.0001608029602 7.834991954e-11 -0.1096347792)
(0.0001510135103 7.834988778e-11 -0.1096345686)
(0.0001351160837 7.834983703e-11 -0.1096342266)
(0.0001137218222 7.834976808e-11 -0.1096337663)
(8.765260586e-05 7.834968438e-11 -0.1096332055)
(5.791051806e-05 7.834958854e-11 -0.1096325656)
(2.563875076e-05 7.834948402e-11 -0.1096318713)
(-7.922908372e-06 7.834937647e-11 -0.1096311493)
(-4.148456749e-05 7.834926891e-11 -0.1096304272)
(-7.375633477e-05 7.834916526e-11 -0.1096297329)
(-0.0001034984225 7.834906942e-11 -0.1096290931)
(-0.0001295676388 7.834898572e-11 -0.1096285322)
(-0.0001509619003 7.834891676e-11 -0.1096280719)
(-0.0001668593268 7.834886559e-11 -0.1096277299)
(-0.0001766487766 7.834883426e-11 -0.1096275193)
(-0.0001811661794 8.05644589e-11 -0.1115355662)
(-0.0001778521287 8.05644697e-11 -0.1115356377)
(-0.0001680376063 8.056450168e-11 -0.1115358494)
(-0.0001520994635 8.056455373e-11 -0.1115361932)
(-0.0001306504073 8.056462355e-11 -0.1115366558)
(-0.0001045144229 8.056470898e-11 -0.1115372195)
(-7.469616018e-05 8.056480613e-11 -0.1115378627)
(-4.234173895e-05 8.056491151e-11 -0.1115385605)
(-8.694122247e-06 8.05650208e-11 -0.1115392863)
(2.495349445e-05 8.056513009e-11 -0.111540012)
(5.730791566e-05 8.056523634e-11 -0.1115407099)
(8.712617838e-05 8.056533348e-11 -0.111541353)
(0.0001132621627 8.056541892e-11 -0.1115419168)
(0.0001347112188 8.056548874e-11 -0.1115423794)
(0.0001506493616 8.056554078e-11 -0.1115427232)
(0.0001604638839 8.056557255e-11 -0.1115429349)
(0.0001637779345 8.056558344e-11 -0.1115430063)
(0.0001604638839 8.056557255e-11 -0.1115429349)
(0.0001506493614 8.056554078e-11 -0.1115427232)
(0.0001347112186 8.056548874e-11 -0.1115423794)
(0.0001132621624 8.056541892e-11 -0.1115419168)
(8.712617805e-05 8.056533348e-11 -0.111541353)
(5.730791529e-05 8.056523634e-11 -0.1115407099)
(2.495349406e-05 8.056513009e-11 -0.111540012)
(-8.694122639e-06 8.05650208e-11 -0.1115392863)
(-4.234173934e-05 8.056491151e-11 -0.1115385605)
(-7.469616054e-05 8.056480613e-11 -0.1115378627)
(-0.0001045144233 8.056470898e-11 -0.1115372195)
(-0.0001306504076 8.056462355e-11 -0.1115366558)
(-0.0001520994637 8.056455373e-11 -0.1115361932)
(-0.0001680376065 8.056450168e-11 -0.1115358494)
(-0.0001778521288 8.05644697e-11 -0.1115356377)
(-0.0001822624946 8.271315184e-11 -0.1134475544)
(-0.0001789450356 8.271316325e-11 -0.1134476261)
(-0.0001691204192 8.271319675e-11 -0.1134478382)
(-0.0001531658844 8.271325161e-11 -0.1134481827)
(-0.0001316947684 8.27133249e-11 -0.1134486463)
(-0.0001055319039 8.271341424e-11 -0.1134492112)
(-7.568297391e-05 8.271351616e-11 -0.1134498556)
(-4.329527704e-05 8.271362675e-11 -0.1134505549)
(-9.613054671e-06 8.271374211e-11 -0.1134512822)
(2.406916769e-05 8.271385746e-11 -0.1134520094)
(5.645686454e-05 8.271396805e-11 -0.1134527087)
(8.630579454e-05 8.271406997e-11 -0.1134533532)
(0.000112468659 8.271415931e-11 -0.1134539181)
(0.0001339397749 8.27142326e-11 -0.1134543816)
(0.0001498943096 8.271428703e-11 -0.1134547261)
(0.0001597189259 8.271432074e-11 -0.1134549382)
(0.0001630363849 8.271433211e-11 -0.1134550099)
(0.0001597189259 8.271432074e-11 -0.1134549382)
(0.0001498943095 8.271428703e-11 -0.1134547261)
(0.0001339397747 8.27142326e-11 -0.1134543816)
(0.0001124686587 8.271415931e-11 -0.1134539181)
(8.630579422e-05 8.271406997e-11 -0.1134533532)
(5.645686419e-05 8.271396805e-11 -0.1134527087)
(2.406916731e-05 8.271385746e-11 -0.1134520094)
(-9.613055055e-06 8.271374211e-11 -0.1134512822)
(-4.329527741e-05 8.271362675e-11 -0.1134505549)
(-7.568297427e-05 8.271351616e-11 -0.1134498556)
(-0.0001055319043 8.271341424e-11 -0.1134492112)
(-0.0001316947687 8.27133249e-11 -0.1134486463)
(-0.0001531658846 8.271325161e-11 -0.1134481827)
(-0.0001691204193 8.271319675e-11 -0.1134478382)
(-0.0001789450357 8.271316325e-11 -0.1134476261)
)
;

boundaryField
{
    left
    {
        type            calculated;
    }
    right
    {
        type            calculated;
    }
    beam
    {
        type            empty;
    }
}


// ************************************************************************* //
