/*--------------------------------*- C++ -*----------------------------------*\
| =========                 |                                                 |
| \\      /  F ield         | OpenFOAM: The Open Source CFD Toolbox           |
|  \\    /   O peration     | Version:  2312                                  |
|   \\  /    A nd           | Website:  www.openfoam.com                      |
|    \\/     M anipulation  |                                                 |
\*---------------------------------------------------------------------------*/
FoamFile
{
    version     2.0;
    format      ascii;
    arch        "LSB;label=32;scalar=64";
    class       faceList;
    location    "constant/polyMesh";
    object      faces;
}
// * * * * * * * * * * * * * * * * * * * * * * * * * * * * * * * * * * * * * //


1981
(

32
(
32
63
62
61
60
59
58
57
56
55
54
53
52
51
50
49
48
47
46
45
44
43
42
41
40
39
38
37
36
35
34
33
)


32
(
64
95
94
93
92
91
90
89
88
87
86
85
84
83
82
81
80
79
78
77
76
75
74
73
72
71
70
69
68
67
66
65
)


32
(
96
127
126
125
124
123
122
121
120
119
118
117
116
115
114
113
112
111
110
109
108
107
106
105
104
103
102
101
100
99
98
97
)


32
(
128
159
158
157
156
155
154
153
152
151
150
149
148
147
146
145
144
143
142
141
140
139
138
137
136
135
134
133
132
131
130
129
)


32
(
160
191
190
189
188
187
186
185
184
183
182
181
180
179
178
177
176
175
174
173
172
171
170
169
168
167
166
165
164
163
162
161
)


32
(
192
223
222
221
220
219
218
217
216
215
214
213
212
211
210
209
208
207
206
205
204
203
202
201
200
199
198
197
196
195
194
193
)


32
(
224
255
254
253
252
251
250
249
248
247
246
245
244
243
242
241
240
239
238
237
236
235
234
233
232
231
230
229
228
227
226
225
)


32
(
256
287
286
285
284
283
282
281
280
279
278
277
276
275
274
273
272
271
270
269
268
267
266
265
264
263
262
261
260
259
258
257
)


32
(
288
319
318
317
316
315
314
313
312
311
310
309
308
307
306
305
304
303
302
301
300
299
298
297
296
295
294
293
292
291
290
289
)


32
(
320
351
350
349
348
347
346
345
344
343
342
341
340
339
338
337
336
335
334
333
332
331
330
329
328
327
326
325
324
323
322
321
)


32
(
352
383
382
381
380
379
378
377
376
375
374
373
372
371
370
369
368
367
366
365
364
363
362
361
360
359
358
357
356
355
354
353
)


32
(
384
415
414
413
412
411
410
409
408
407
406
405
404
403
402
401
400
399
398
397
396
395
394
393
392
391
390
389
388
387
386
385
)


32
(
416
447
446
445
444
443
442
441
440
439
438
437
436
435
434
433
432
431
430
429
428
427
426
425
424
423
422
421
420
419
418
417
)


32
(
448
479
478
477
476
475
474
473
472
471
470
469
468
467
466
465
464
463
462
461
460
459
458
457
456
455
454
453
452
451
450
449
)


32
(
480
511
510
509
508
507
506
505
504
503
502
501
500
499
498
497
496
495
494
493
492
491
490
489
488
487
486
485
484
483
482
481
)


32
(
512
543
542
541
540
539
538
537
536
535
534
533
532
531
530
529
528
527
526
525
524
523
522
521
520
519
518
517
516
515
514
513
)


32
(
544
575
574
573
572
571
570
569
568
567
566
565
564
563
562
561
560
559
558
557
556
555
554
553
552
551
550
549
548
547
546
545
)


32
(
576
607
606
605
604
603
602
601
600
599
598
597
596
595
594
593
592
591
590
589
588
587
586
585
584
583
582
581
580
579
578
577
)


32
(
608
639
638
637
636
635
634
633
632
631
630
629
628
627
626
625
624
623
622
621
620
619
618
617
616
615
614
613
612
611
610
609
)


32
(
640
671
670
669
668
667
666
665
664
663
662
661
660
659
658
657
656
655
654
653
652
651
650
649
648
647
646
645
644
643
642
641
)


32
(
672
703
702
701
700
699
698
697
696
695
694
693
692
691
690
689
688
687
686
685
684
683
682
681
680
679
678
677
676
675
674
673
)


32
(
704
735
734
733
732
731
730
729
728
727
726
725
724
723
722
721
720
719
718
717
716
715
714
713
712
711
710
709
708
707
706
705
)


32
(
736
767
766
765
764
763
762
761
760
759
758
757
756
755
754
753
752
751
750
749
748
747
746
745
744
743
742
741
740
739
738
737
)


32
(
768
799
798
797
796
795
794
793
792
791
790
789
788
787
786
785
784
783
782
781
780
779
778
777
776
775
774
773
772
771
770
769
)


32
(
800
831
830
829
828
827
826
825
824
823
822
821
820
819
818
817
816
815
814
813
812
811
810
809
808
807
806
805
804
803
802
801
)


32
(
832
863
862
861
860
859
858
857
856
855
854
853
852
851
850
849
848
847
846
845
844
843
842
841
840
839
838
837
836
835
834
833
)


32
(
864
895
894
893
892
891
890
889
888
887
886
885
884
883
882
881
880
879
878
877
876
875
874
873
872
871
870
869
868
867
866
865
)


32
(
896
927
926
925
924
923
922
921
920
919
918
917
916
915
914
913
912
911
910
909
908
907
906
905
904
903
902
901
900
899
898
897
)


32
(
928
959
958
957
956
955
954
953
952
951
950
949
948
947
946
945
944
943
942
941
940
939
938
937
936
935
934
933
932
931
930
929
)


32
(
960
991
990
989
988
987
986
985
984
983
982
981
980
979
978
977
976
975
974
973
972
971
970
969
968
967
966
965
964
963
962
961
)


32
(
992
1023
1022
1021
1020
1019
1018
1017
1016
1015
1014
1013
1012
1011
1010
1009
1008
1007
1006
1005
1004
1003
1002
1001
1000
999
998
997
996
995
994
993
)


32
(
1024
1055
1054
1053
1052
1051
1050
1049
1048
1047
1046
1045
1044
1043
1042
1041
1040
1039
1038
1037
1036
1035
1034
1033
1032
1031
1030
1029
1028
1027
1026
1025
)


32
(
1056
1087
1086
1085
1084
1083
1082
1081
1080
1079
1078
1077
1076
1075
1074
1073
1072
1071
1070
1069
1068
1067
1066
1065
1064
1063
1062
1061
1060
1059
1058
1057
)


32
(
1088
1119
1118
1117
1116
1115
1114
1113
1112
1111
1110
1109
1108
1107
1106
1105
1104
1103
1102
1101
1100
1099
1098
1097
1096
1095
1094
1093
1092
1091
1090
1089
)


32
(
1120
1151
1150
1149
1148
1147
1146
1145
1144
1143
1142
1141
1140
1139
1138
1137
1136
1135
1134
1133
1132
1131
1130
1129
1128
1127
1126
1125
1124
1123
1122
1121
)


32
(
1152
1183
1182
1181
1180
1179
1178
1177
1176
1175
1174
1173
1172
1171
1170
1169
1168
1167
1166
1165
1164
1163
1162
1161
1160
1159
1158
1157
1156
1155
1154
1153
)


32
(
1184
1215
1214
1213
1212
1211
1210
1209
1208
1207
1206
1205
1204
1203
1202
1201
1200
1199
1198
1197
1196
1195
1194
1193
1192
1191
1190
1189
1188
1187
1186
1185
)


32
(
1216
1247
1246
1245
1244
1243
1242
1241
1240
1239
1238
1237
1236
1235
1234
1233
1232
1231
1230
1229
1228
1227
1226
1225
1224
1223
1222
1221
1220
1219
1218
1217
)


32
(
1248
1279
1278
1277
1276
1275
1274
1273
1272
1271
1270
1269
1268
1267
1266
1265
1264
1263
1262
1261
1260
1259
1258
1257
1256
1255
1254
1253
1252
1251
1250
1249
)


32
(
1280
1311
1310
1309
1308
1307
1306
1305
1304
1303
1302
1301
1300
1299
1298
1297
1296
1295
1294
1293
1292
1291
1290
1289
1288
1287
1286
1285
1284
1283
1282
1281
)


32
(
1312
1343
1342
1341
1340
1339
1338
1337
1336
1335
1334
1333
1332
1331
1330
1329
1328
1327
1326
1325
1324
1323
1322
1321
1320
1319
1318
1317
1316
1315
1314
1313
)


32
(
1344
1375
1374
1373
1372
1371
1370
1369
1368
1367
1366
1365
1364
1363
1362
1361
1360
1359
1358
1357
1356
1355
1354
1353
1352
1351
1350
1349
1348
1347
1346
1345
)


32
(
1376
1407
1406
1405
1404
1403
1402
1401
1400
1399
1398
1397
1396
1395
1394
1393
1392
1391
1390
1389
1388
1387
1386
1385
1384
1383
1382
1381
1380
1379
1378
1377
)


32
(
1408
1439
1438
1437
1436
1435
1434
1433
1432
1431
1430
1429
1428
1427
1426
1425
1424
1423
1422
1421
1420
1419
1418
1417
1416
1415
1414
1413
1412
1411
1410
1409
)


32
(
1440
1471
1470
1469
1468
1467
1466
1465
1464
1463
1462
1461
1460
1459
1458
1457
1456
1455
1454
1453
1452
1451
1450
1449
1448
1447
1446
1445
1444
1443
1442
1441
)


32
(
1472
1503
1502
1501
1500
1499
1498
1497
1496
1495
1494
1493
1492
1491
1490
1489
1488
1487
1486
1485
1484
1483
1482
1481
1480
1479
1478
1477
1476
1475
1474
1473
)


32
(
1504
1535
1534
1533
1532
1531
1530
1529
1528
1527
1526
1525
1524
1523
1522
1521
1520
1519
1518
1517
1516
1515
1514
1513
1512
1511
1510
1509
1508
1507
1506
1505
)


32
(
1536
1567
1566
1565
1564
1563
1562
1561
1560
1559
1558
1557
1556
1555
1554
1553
1552
1551
1550
1549
1548
1547
1546
1545
1544
1543
1542
1541
1540
1539
1538
1537
)


32
(
1568
1599
1598
1597
1596
1595
1594
1593
1592
1591
1590
1589
1588
1587
1586
1585
1584
1583
1582
1581
1580
1579
1578
1577
1576
1575
1574
1573
1572
1571
1570
1569
)


32
(
1600
1631
1630
1629
1628
1627
1626
1625
1624
1623
1622
1621
1620
1619
1618
1617
1616
1615
1614
1613
1612
1611
1610
1609
1608
1607
1606
1605
1604
1603
1602
1601
)


32
(
1632
1663
1662
1661
1660
1659
1658
1657
1656
1655
1654
1653
1652
1651
1650
1649
1648
1647
1646
1645
1644
1643
1642
1641
1640
1639
1638
1637
1636
1635
1634
1633
)


32
(
1664
1695
1694
1693
1692
1691
1690
1689
1688
1687
1686
1685
1684
1683
1682
1681
1680
1679
1678
1677
1676
1675
1674
1673
1672
1671
1670
1669
1668
1667
1666
1665
)


32
(
1696
1727
1726
1725
1724
1723
1722
1721
1720
1719
1718
1717
1716
1715
1714
1713
1712
1711
1710
1709
1708
1707
1706
1705
1704
1703
1702
1701
1700
1699
1698
1697
)


32
(
1728
1759
1758
1757
1756
1755
1754
1753
1752
1751
1750
1749
1748
1747
1746
1745
1744
1743
1742
1741
1740
1739
1738
1737
1736
1735
1734
1733
1732
1731
1730
1729
)


32
(
1760
1791
1790
1789
1788
1787
1786
1785
1784
1783
1782
1781
1780
1779
1778
1777
1776
1775
1774
1773
1772
1771
1770
1769
1768
1767
1766
1765
1764
1763
1762
1761
)


32
(
1792
1823
1822
1821
1820
1819
1818
1817
1816
1815
1814
1813
1812
1811
1810
1809
1808
1807
1806
1805
1804
1803
1802
1801
1800
1799
1798
1797
1796
1795
1794
1793
)


32
(
1824
1855
1854
1853
1852
1851
1850
1849
1848
1847
1846
1845
1844
1843
1842
1841
1840
1839
1838
1837
1836
1835
1834
1833
1832
1831
1830
1829
1828
1827
1826
1825
)


32
(
1856
1887
1886
1885
1884
1883
1882
1881
1880
1879
1878
1877
1876
1875
1874
1873
1872
1871
1870
1869
1868
1867
1866
1865
1864
1863
1862
1861
1860
1859
1858
1857
)


32
(
1888
1919
1918
1917
1916
1915
1914
1913
1912
1911
1910
1909
1908
1907
1906
1905
1904
1903
1902
1901
1900
1899
1898
1897
1896
1895
1894
1893
1892
1891
1890
1889
)


32
(
0
1
2
3
4
5
6
7
8
9
10
11
12
13
14
15
16
17
18
19
20
21
22
23
24
25
26
27
28
29
30
31
)


32
(
1920
1951
1950
1949
1948
1947
1946
1945
1944
1943
1942
1941
1940
1939
1938
1937
1936
1935
1934
1933
1932
1931
1930
1929
1928
1927
1926
1925
1924
1923
1922
1921
)

4(0 32 33 1)
4(1 33 34 2)
4(2 34 35 3)
4(3 35 36 4)
4(4 36 37 5)
4(5 37 38 6)
4(6 38 39 7)
4(7 39 40 8)
4(8 40 41 9)
4(9 41 42 10)
4(10 42 43 11)
4(11 43 44 12)
4(12 44 45 13)
4(13 45 46 14)
4(14 46 47 15)
4(15 47 48 16)
4(16 48 49 17)
4(17 49 50 18)
4(18 50 51 19)
4(19 51 52 20)
4(20 52 53 21)
4(21 53 54 22)
4(22 54 55 23)
4(23 55 56 24)
4(24 56 57 25)
4(25 57 58 26)
4(26 58 59 27)
4(27 59 60 28)
4(28 60 61 29)
4(29 61 62 30)
4(30 62 63 31)
4(31 63 32 0)
4(32 64 65 33)
4(33 65 66 34)
4(34 66 67 35)
4(35 67 68 36)
4(36 68 69 37)
4(37 69 70 38)
4(38 70 71 39)
4(39 71 72 40)
4(40 72 73 41)
4(41 73 74 42)
4(42 74 75 43)
4(43 75 76 44)
4(44 76 77 45)
4(45 77 78 46)
4(46 78 79 47)
4(47 79 80 48)
4(48 80 81 49)
4(49 81 82 50)
4(50 82 83 51)
4(51 83 84 52)
4(52 84 85 53)
4(53 85 86 54)
4(54 86 87 55)
4(55 87 88 56)
4(56 88 89 57)
4(57 89 90 58)
4(58 90 91 59)
4(59 91 92 60)
4(60 92 93 61)
4(61 93 94 62)
4(62 94 95 63)
4(63 95 64 32)
4(64 96 97 65)
4(65 97 98 66)
4(66 98 99 67)
4(67 99 100 68)
4(68 100 101 69)
4(69 101 102 70)
4(70 102 103 71)
4(71 103 104 72)
4(72 104 105 73)
4(73 105 106 74)
4(74 106 107 75)
4(75 107 108 76)
4(76 108 109 77)
4(77 109 110 78)
4(78 110 111 79)
4(79 111 112 80)
4(80 112 113 81)
4(81 113 114 82)
4(82 114 115 83)
4(83 115 116 84)
4(84 116 117 85)
4(85 117 118 86)
4(86 118 119 87)
4(87 119 120 88)
4(88 120 121 89)
4(89 121 122 90)
4(90 122 123 91)
4(91 123 124 92)
4(92 124 125 93)
4(93 125 126 94)
4(94 126 127 95)
4(95 127 96 64)
4(96 128 129 97)
4(97 129 130 98)
4(98 130 131 99)
4(99 131 132 100)
4(100 132 133 101)
4(101 133 134 102)
4(102 134 135 103)
4(103 135 136 104)
4(104 136 137 105)
4(105 137 138 106)
4(106 138 139 107)
4(107 139 140 108)
4(108 140 141 109)
4(109 141 142 110)
4(110 142 143 111)
4(111 143 144 112)
4(112 144 145 113)
4(113 145 146 114)
4(114 146 147 115)
4(115 147 148 116)
4(116 148 149 117)
4(117 149 150 118)
4(118 150 151 119)
4(119 151 152 120)
4(120 152 153 121)
4(121 153 154 122)
4(122 154 155 123)
4(123 155 156 124)
4(124 156 157 125)
4(125 157 158 126)
4(126 158 159 127)
4(127 159 128 96)
4(128 160 161 129)
4(129 161 162 130)
4(130 162 163 131)
4(131 163 164 132)
4(132 164 165 133)
4(133 165 166 134)
4(134 166 167 135)
4(135 167 168 136)
4(136 168 169 137)
4(137 169 170 138)
4(138 170 171 139)
4(139 171 172 140)
4(140 172 173 141)
4(141 173 174 142)
4(142 174 175 143)
4(143 175 176 144)
4(144 176 177 145)
4(145 177 178 146)
4(146 178 179 147)
4(147 179 180 148)
4(148 180 181 149)
4(149 181 182 150)
4(150 182 183 151)
4(151 183 184 152)
4(152 184 185 153)
4(153 185 186 154)
4(154 186 187 155)
4(155 187 188 156)
4(156 188 189 157)
4(157 189 190 158)
4(158 190 191 159)
4(159 191 160 128)
4(160 192 193 161)
4(161 193 194 162)
4(162 194 195 163)
4(163 195 196 164)
4(164 196 197 165)
4(165 197 198 166)
4(166 198 199 167)
4(167 199 200 168)
4(168 200 201 169)
4(169 201 202 170)
4(170 202 203 171)
4(171 203 204 172)
4(172 204 205 173)
4(173 205 206 174)
4(174 206 207 175)
4(175 207 208 176)
4(176 208 209 177)
4(177 209 210 178)
4(178 210 211 179)
4(179 211 212 180)
4(180 212 213 181)
4(181 213 214 182)
4(182 214 215 183)
4(183 215 216 184)
4(184 216 217 185)
4(185 217 218 186)
4(186 218 219 187)
4(187 219 220 188)
4(188 220 221 189)
4(189 221 222 190)
4(190 222 223 191)
4(191 223 192 160)
4(192 224 225 193)
4(193 225 226 194)
4(194 226 227 195)
4(195 227 228 196)
4(196 228 229 197)
4(197 229 230 198)
4(198 230 231 199)
4(199 231 232 200)
4(200 232 233 201)
4(201 233 234 202)
4(202 234 235 203)
4(203 235 236 204)
4(204 236 237 205)
4(205 237 238 206)
4(206 238 239 207)
4(207 239 240 208)
4(208 240 241 209)
4(209 241 242 210)
4(210 242 243 211)
4(211 243 244 212)
4(212 244 245 213)
4(213 245 246 214)
4(214 246 247 215)
4(215 247 248 216)
4(216 248 249 217)
4(217 249 250 218)
4(218 250 251 219)
4(219 251 252 220)
4(220 252 253 221)
4(221 253 254 222)
4(222 254 255 223)
4(223 255 224 192)
4(224 256 257 225)
4(225 257 258 226)
4(226 258 259 227)
4(227 259 260 228)
4(228 260 261 229)
4(229 261 262 230)
4(230 262 263 231)
4(231 263 264 232)
4(232 264 265 233)
4(233 265 266 234)
4(234 266 267 235)
4(235 267 268 236)
4(236 268 269 237)
4(237 269 270 238)
4(238 270 271 239)
4(239 271 272 240)
4(240 272 273 241)
4(241 273 274 242)
4(242 274 275 243)
4(243 275 276 244)
4(244 276 277 245)
4(245 277 278 246)
4(246 278 279 247)
4(247 279 280 248)
4(248 280 281 249)
4(249 281 282 250)
4(250 282 283 251)
4(251 283 284 252)
4(252 284 285 253)
4(253 285 286 254)
4(254 286 287 255)
4(255 287 256 224)
4(256 288 289 257)
4(257 289 290 258)
4(258 290 291 259)
4(259 291 292 260)
4(260 292 293 261)
4(261 293 294 262)
4(262 294 295 263)
4(263 295 296 264)
4(264 296 297 265)
4(265 297 298 266)
4(266 298 299 267)
4(267 299 300 268)
4(268 300 301 269)
4(269 301 302 270)
4(270 302 303 271)
4(271 303 304 272)
4(272 304 305 273)
4(273 305 306 274)
4(274 306 307 275)
4(275 307 308 276)
4(276 308 309 277)
4(277 309 310 278)
4(278 310 311 279)
4(279 311 312 280)
4(280 312 313 281)
4(281 313 314 282)
4(282 314 315 283)
4(283 315 316 284)
4(284 316 317 285)
4(285 317 318 286)
4(286 318 319 287)
4(287 319 288 256)
4(288 320 321 289)
4(289 321 322 290)
4(290 322 323 291)
4(291 323 324 292)
4(292 324 325 293)
4(293 325 326 294)
4(294 326 327 295)
4(295 327 328 296)
4(296 328 329 297)
4(297 329 330 298)
4(298 330 331 299)
4(299 331 332 300)
4(300 332 333 301)
4(301 333 334 302)
4(302 334 335 303)
4(303 335 336 304)
4(304 336 337 305)
4(305 337 338 306)
4(306 338 339 307)
4(307 339 340 308)
4(308 340 341 309)
4(309 341 342 310)
4(310 342 343 311)
4(311 343 344 312)
4(312 344 345 313)
4(313 345 346 314)
4(314 346 347 315)
4(315 347 348 316)
4(316 348 349 317)
4(317 349 350 318)
4(318 350 351 319)
4(319 351 320 288)
4(320 352 353 321)
4(321 353 354 322)
4(322 354 355 323)
4(323 355 356 324)
4(324 356 357 325)
4(325 357 358 326)
4(326 358 359 327)
4(327 359 360 328)
4(328 360 361 329)
4(329 361 362 330)
4(330 362 363 331)
4(331 363 364 332)
4(332 364 365 333)
4(333 365 366 334)
4(334 366 367 335)
4(335 367 368 336)
4(336 368 369 337)
4(337 369 370 338)
4(338 370 371 339)
4(339 371 372 340)
4(340 372 373 341)
4(341 373 374 342)
4(342 374 375 343)
4(343 375 376 344)
4(344 376 377 345)
4(345 377 378 346)
4(346 378 379 347)
4(347 379 380 348)
4(348 380 381 349)
4(349 381 382 350)
4(350 382 383 351)
4(351 383 352 320)
4(352 384 385 353)
4(353 385 386 354)
4(354 386 387 355)
4(355 387 388 356)
4(356 388 389 357)
4(357 389 390 358)
4(358 390 391 359)
4(359 391 392 360)
4(360 392 393 361)
4(361 393 394 362)
4(362 394 395 363)
4(363 395 396 364)
4(364 396 397 365)
4(365 397 398 366)
4(366 398 399 367)
4(367 399 400 368)
4(368 400 401 369)
4(369 401 402 370)
4(370 402 403 371)
4(371 403 404 372)
4(372 404 405 373)
4(373 405 406 374)
4(374 406 407 375)
4(375 407 408 376)
4(376 408 409 377)
4(377 409 410 378)
4(378 410 411 379)
4(379 411 412 380)
4(380 412 413 381)
4(381 413 414 382)
4(382 414 415 383)
4(383 415 384 352)
4(384 416 417 385)
4(385 417 418 386)
4(386 418 419 387)
4(387 419 420 388)
4(388 420 421 389)
4(389 421 422 390)
4(390 422 423 391)
4(391 423 424 392)
4(392 424 425 393)
4(393 425 426 394)
4(394 426 427 395)
4(395 427 428 396)
4(396 428 429 397)
4(397 429 430 398)
4(398 430 431 399)
4(399 431 432 400)
4(400 432 433 401)
4(401 433 434 402)
4(402 434 435 403)
4(403 435 436 404)
4(404 436 437 405)
4(405 437 438 406)
4(406 438 439 407)
4(407 439 440 408)
4(408 440 441 409)
4(409 441 442 410)
4(410 442 443 411)
4(411 443 444 412)
4(412 444 445 413)
4(413 445 446 414)
4(414 446 447 415)
4(415 447 416 384)
4(416 448 449 417)
4(417 449 450 418)
4(418 450 451 419)
4(419 451 452 420)
4(420 452 453 421)
4(421 453 454 422)
4(422 454 455 423)
4(423 455 456 424)
4(424 456 457 425)
4(425 457 458 426)
4(426 458 459 427)
4(427 459 460 428)
4(428 460 461 429)
4(429 461 462 430)
4(430 462 463 431)
4(431 463 464 432)
4(432 464 465 433)
4(433 465 466 434)
4(434 466 467 435)
4(435 467 468 436)
4(436 468 469 437)
4(437 469 470 438)
4(438 470 471 439)
4(439 471 472 440)
4(440 472 473 441)
4(441 473 474 442)
4(442 474 475 443)
4(443 475 476 444)
4(444 476 477 445)
4(445 477 478 446)
4(446 478 479 447)
4(447 479 448 416)
4(448 480 481 449)
4(449 481 482 450)
4(450 482 483 451)
4(451 483 484 452)
4(452 484 485 453)
4(453 485 486 454)
4(454 486 487 455)
4(455 487 488 456)
4(456 488 489 457)
4(457 489 490 458)
4(458 490 491 459)
4(459 491 492 460)
4(460 492 493 461)
4(461 493 494 462)
4(462 494 495 463)
4(463 495 496 464)
4(464 496 497 465)
4(465 497 498 466)
4(466 498 499 467)
4(467 499 500 468)
4(468 500 501 469)
4(469 501 502 470)
4(470 502 503 471)
4(471 503 504 472)
4(472 504 505 473)
4(473 505 506 474)
4(474 506 507 475)
4(475 507 508 476)
4(476 508 509 477)
4(477 509 510 478)
4(478 510 511 479)
4(479 511 480 448)
4(480 512 513 481)
4(481 513 514 482)
4(482 514 515 483)
4(483 515 516 484)
4(484 516 517 485)
4(485 517 518 486)
4(486 518 519 487)
4(487 519 520 488)
4(488 520 521 489)
4(489 521 522 490)
4(490 522 523 491)
4(491 523 524 492)
4(492 524 525 493)
4(493 525 526 494)
4(494 526 527 495)
4(495 527 528 496)
4(496 528 529 497)
4(497 529 530 498)
4(498 530 531 499)
4(499 531 532 500)
4(500 532 533 501)
4(501 533 534 502)
4(502 534 535 503)
4(503 535 536 504)
4(504 536 537 505)
4(505 537 538 506)
4(506 538 539 507)
4(507 539 540 508)
4(508 540 541 509)
4(509 541 542 510)
4(510 542 543 511)
4(511 543 512 480)
4(512 544 545 513)
4(513 545 546 514)
4(514 546 547 515)
4(515 547 548 516)
4(516 548 549 517)
4(517 549 550 518)
4(518 550 551 519)
4(519 551 552 520)
4(520 552 553 521)
4(521 553 554 522)
4(522 554 555 523)
4(523 555 556 524)
4(524 556 557 525)
4(525 557 558 526)
4(526 558 559 527)
4(527 559 560 528)
4(528 560 561 529)
4(529 561 562 530)
4(530 562 563 531)
4(531 563 564 532)
4(532 564 565 533)
4(533 565 566 534)
4(534 566 567 535)
4(535 567 568 536)
4(536 568 569 537)
4(537 569 570 538)
4(538 570 571 539)
4(539 571 572 540)
4(540 572 573 541)
4(541 573 574 542)
4(542 574 575 543)
4(543 575 544 512)
4(544 576 577 545)
4(545 577 578 546)
4(546 578 579 547)
4(547 579 580 548)
4(548 580 581 549)
4(549 581 582 550)
4(550 582 583 551)
4(551 583 584 552)
4(552 584 585 553)
4(553 585 586 554)
4(554 586 587 555)
4(555 587 588 556)
4(556 588 589 557)
4(557 589 590 558)
4(558 590 591 559)
4(559 591 592 560)
4(560 592 593 561)
4(561 593 594 562)
4(562 594 595 563)
4(563 595 596 564)
4(564 596 597 565)
4(565 597 598 566)
4(566 598 599 567)
4(567 599 600 568)
4(568 600 601 569)
4(569 601 602 570)
4(570 602 603 571)
4(571 603 604 572)
4(572 604 605 573)
4(573 605 606 574)
4(574 606 607 575)
4(575 607 576 544)
4(576 608 609 577)
4(577 609 610 578)
4(578 610 611 579)
4(579 611 612 580)
4(580 612 613 581)
4(581 613 614 582)
4(582 614 615 583)
4(583 615 616 584)
4(584 616 617 585)
4(585 617 618 586)
4(586 618 619 587)
4(587 619 620 588)
4(588 620 621 589)
4(589 621 622 590)
4(590 622 623 591)
4(591 623 624 592)
4(592 624 625 593)
4(593 625 626 594)
4(594 626 627 595)
4(595 627 628 596)
4(596 628 629 597)
4(597 629 630 598)
4(598 630 631 599)
4(599 631 632 600)
4(600 632 633 601)
4(601 633 634 602)
4(602 634 635 603)
4(603 635 636 604)
4(604 636 637 605)
4(605 637 638 606)
4(606 638 639 607)
4(607 639 608 576)
4(608 640 641 609)
4(609 641 642 610)
4(610 642 643 611)
4(611 643 644 612)
4(612 644 645 613)
4(613 645 646 614)
4(614 646 647 615)
4(615 647 648 616)
4(616 648 649 617)
4(617 649 650 618)
4(618 650 651 619)
4(619 651 652 620)
4(620 652 653 621)
4(621 653 654 622)
4(622 654 655 623)
4(623 655 656 624)
4(624 656 657 625)
4(625 657 658 626)
4(626 658 659 627)
4(627 659 660 628)
4(628 660 661 629)
4(629 661 662 630)
4(630 662 663 631)
4(631 663 664 632)
4(632 664 665 633)
4(633 665 666 634)
4(634 666 667 635)
4(635 667 668 636)
4(636 668 669 637)
4(637 669 670 638)
4(638 670 671 639)
4(639 671 640 608)
4(640 672 673 641)
4(641 673 674 642)
4(642 674 675 643)
4(643 675 676 644)
4(644 676 677 645)
4(645 677 678 646)
4(646 678 679 647)
4(647 679 680 648)
4(648 680 681 649)
4(649 681 682 650)
4(650 682 683 651)
4(651 683 684 652)
4(652 684 685 653)
4(653 685 686 654)
4(654 686 687 655)
4(655 687 688 656)
4(656 688 689 657)
4(657 689 690 658)
4(658 690 691 659)
4(659 691 692 660)
4(660 692 693 661)
4(661 693 694 662)
4(662 694 695 663)
4(663 695 696 664)
4(664 696 697 665)
4(665 697 698 666)
4(666 698 699 667)
4(667 699 700 668)
4(668 700 701 669)
4(669 701 702 670)
4(670 702 703 671)
4(671 703 672 640)
4(672 704 705 673)
4(673 705 706 674)
4(674 706 707 675)
4(675 707 708 676)
4(676 708 709 677)
4(677 709 710 678)
4(678 710 711 679)
4(679 711 712 680)
4(680 712 713 681)
4(681 713 714 682)
4(682 714 715 683)
4(683 715 716 684)
4(684 716 717 685)
4(685 717 718 686)
4(686 718 719 687)
4(687 719 720 688)
4(688 720 721 689)
4(689 721 722 690)
4(690 722 723 691)
4(691 723 724 692)
4(692 724 725 693)
4(693 725 726 694)
4(694 726 727 695)
4(695 727 728 696)
4(696 728 729 697)
4(697 729 730 698)
4(698 730 731 699)
4(699 731 732 700)
4(700 732 733 701)
4(701 733 734 702)
4(702 734 735 703)
4(703 735 704 672)
4(704 736 737 705)
4(705 737 738 706)
4(706 738 739 707)
4(707 739 740 708)
4(708 740 741 709)
4(709 741 742 710)
4(710 742 743 711)
4(711 743 744 712)
4(712 744 745 713)
4(713 745 746 714)
4(714 746 747 715)
4(715 747 748 716)
4(716 748 749 717)
4(717 749 750 718)
4(718 750 751 719)
4(719 751 752 720)
4(720 752 753 721)
4(721 753 754 722)
4(722 754 755 723)
4(723 755 756 724)
4(724 756 757 725)
4(725 757 758 726)
4(726 758 759 727)
4(727 759 760 728)
4(728 760 761 729)
4(729 761 762 730)
4(730 762 763 731)
4(731 763 764 732)
4(732 764 765 733)
4(733 765 766 734)
4(734 766 767 735)
4(735 767 736 704)
4(736 768 769 737)
4(737 769 770 738)
4(738 770 771 739)
4(739 771 772 740)
4(740 772 773 741)
4(741 773 774 742)
4(742 774 775 743)
4(743 775 776 744)
4(744 776 777 745)
4(745 777 778 746)
4(746 778 779 747)
4(747 779 780 748)
4(748 780 781 749)
4(749 781 782 750)
4(750 782 783 751)
4(751 783 784 752)
4(752 784 785 753)
4(753 785 786 754)
4(754 786 787 755)
4(755 787 788 756)
4(756 788 789 757)
4(757 789 790 758)
4(758 790 791 759)
4(759 791 792 760)
4(760 792 793 761)
4(761 793 794 762)
4(762 794 795 763)
4(763 795 796 764)
4(764 796 797 765)
4(765 797 798 766)
4(766 798 799 767)
4(767 799 768 736)
4(768 800 801 769)
4(769 801 802 770)
4(770 802 803 771)
4(771 803 804 772)
4(772 804 805 773)
4(773 805 806 774)
4(774 806 807 775)
4(775 807 808 776)
4(776 808 809 777)
4(777 809 810 778)
4(778 810 811 779)
4(779 811 812 780)
4(780 812 813 781)
4(781 813 814 782)
4(782 814 815 783)
4(783 815 816 784)
4(784 816 817 785)
4(785 817 818 786)
4(786 818 819 787)
4(787 819 820 788)
4(788 820 821 789)
4(789 821 822 790)
4(790 822 823 791)
4(791 823 824 792)
4(792 824 825 793)
4(793 825 826 794)
4(794 826 827 795)
4(795 827 828 796)
4(796 828 829 797)
4(797 829 830 798)
4(798 830 831 799)
4(799 831 800 768)
4(800 832 833 801)
4(801 833 834 802)
4(802 834 835 803)
4(803 835 836 804)
4(804 836 837 805)
4(805 837 838 806)
4(806 838 839 807)
4(807 839 840 808)
4(808 840 841 809)
4(809 841 842 810)
4(810 842 843 811)
4(811 843 844 812)
4(812 844 845 813)
4(813 845 846 814)
4(814 846 847 815)
4(815 847 848 816)
4(816 848 849 817)
4(817 849 850 818)
4(818 850 851 819)
4(819 851 852 820)
4(820 852 853 821)
4(821 853 854 822)
4(822 854 855 823)
4(823 855 856 824)
4(824 856 857 825)
4(825 857 858 826)
4(826 858 859 827)
4(827 859 860 828)
4(828 860 861 829)
4(829 861 862 830)
4(830 862 863 831)
4(831 863 832 800)
4(832 864 865 833)
4(833 865 866 834)
4(834 866 867 835)
4(835 867 868 836)
4(836 868 869 837)
4(837 869 870 838)
4(838 870 871 839)
4(839 871 872 840)
4(840 872 873 841)
4(841 873 874 842)
4(842 874 875 843)
4(843 875 876 844)
4(844 876 877 845)
4(845 877 878 846)
4(846 878 879 847)
4(847 879 880 848)
4(848 880 881 849)
4(849 881 882 850)
4(850 882 883 851)
4(851 883 884 852)
4(852 884 885 853)
4(853 885 886 854)
4(854 886 887 855)
4(855 887 888 856)
4(856 888 889 857)
4(857 889 890 858)
4(858 890 891 859)
4(859 891 892 860)
4(860 892 893 861)
4(861 893 894 862)
4(862 894 895 863)
4(863 895 864 832)
4(864 896 897 865)
4(865 897 898 866)
4(866 898 899 867)
4(867 899 900 868)
4(868 900 901 869)
4(869 901 902 870)
4(870 902 903 871)
4(871 903 904 872)
4(872 904 905 873)
4(873 905 906 874)
4(874 906 907 875)
4(875 907 908 876)
4(876 908 909 877)
4(877 909 910 878)
4(878 910 911 879)
4(879 911 912 880)
4(880 912 913 881)
4(881 913 914 882)
4(882 914 915 883)
4(883 915 916 884)
4(884 916 917 885)
4(885 917 918 886)
4(886 918 919 887)
4(887 919 920 888)
4(888 920 921 889)
4(889 921 922 890)
4(890 922 923 891)
4(891 923 924 892)
4(892 924 925 893)
4(893 925 926 894)
4(894 926 927 895)
4(895 927 896 864)
4(896 928 929 897)
4(897 929 930 898)
4(898 930 931 899)
4(899 931 932 900)
4(900 932 933 901)
4(901 933 934 902)
4(902 934 935 903)
4(903 935 936 904)
4(904 936 937 905)
4(905 937 938 906)
4(906 938 939 907)
4(907 939 940 908)
4(908 940 941 909)
4(909 941 942 910)
4(910 942 943 911)
4(911 943 944 912)
4(912 944 945 913)
4(913 945 946 914)
4(914 946 947 915)
4(915 947 948 916)
4(916 948 949 917)
4(917 949 950 918)
4(918 950 951 919)
4(919 951 952 920)
4(920 952 953 921)
4(921 953 954 922)
4(922 954 955 923)
4(923 955 956 924)
4(924 956 957 925)
4(925 957 958 926)
4(926 958 959 927)
4(927 959 928 896)
4(928 960 961 929)
4(929 961 962 930)
4(930 962 963 931)
4(931 963 964 932)
4(932 964 965 933)
4(933 965 966 934)
4(934 966 967 935)
4(935 967 968 936)
4(936 968 969 937)
4(937 969 970 938)
4(938 970 971 939)
4(939 971 972 940)
4(940 972 973 941)
4(941 973 974 942)
4(942 974 975 943)
4(943 975 976 944)
4(944 976 977 945)
4(945 977 978 946)
4(946 978 979 947)
4(947 979 980 948)
4(948 980 981 949)
4(949 981 982 950)
4(950 982 983 951)
4(951 983 984 952)
4(952 984 985 953)
4(953 985 986 954)
4(954 986 987 955)
4(955 987 988 956)
4(956 988 989 957)
4(957 989 990 958)
4(958 990 991 959)
4(959 991 960 928)
4(960 992 993 961)
4(961 993 994 962)
4(962 994 995 963)
4(963 995 996 964)
4(964 996 997 965)
4(965 997 998 966)
4(966 998 999 967)
4(967 999 1000 968)
4(968 1000 1001 969)
4(969 1001 1002 970)
4(970 1002 1003 971)
4(971 1003 1004 972)
4(972 1004 1005 973)
4(973 1005 1006 974)
4(974 1006 1007 975)
4(975 1007 1008 976)
4(976 1008 1009 977)
4(977 1009 1010 978)
4(978 1010 1011 979)
4(979 1011 1012 980)
4(980 1012 1013 981)
4(981 1013 1014 982)
4(982 1014 1015 983)
4(983 1015 1016 984)
4(984 1016 1017 985)
4(985 1017 1018 986)
4(986 1018 1019 987)
4(987 1019 1020 988)
4(988 1020 1021 989)
4(989 1021 1022 990)
4(990 1022 1023 991)
4(991 1023 992 960)
4(992 1024 1025 993)
4(993 1025 1026 994)
4(994 1026 1027 995)
4(995 1027 1028 996)
4(996 1028 1029 997)
4(997 1029 1030 998)
4(998 1030 1031 999)
4(999 1031 1032 1000)
4(1000 1032 1033 1001)
4(1001 1033 1034 1002)
4(1002 1034 1035 1003)
4(1003 1035 1036 1004)
4(1004 1036 1037 1005)
4(1005 1037 1038 1006)
4(1006 1038 1039 1007)
4(1007 1039 1040 1008)
4(1008 1040 1041 1009)
4(1009 1041 1042 1010)
4(1010 1042 1043 1011)
4(1011 1043 1044 1012)
4(1012 1044 1045 1013)
4(1013 1045 1046 1014)
4(1014 1046 1047 1015)
4(1015 1047 1048 1016)
4(1016 1048 1049 1017)
4(1017 1049 1050 1018)
4(1018 1050 1051 1019)
4(1019 1051 1052 1020)
4(1020 1052 1053 1021)
4(1021 1053 1054 1022)
4(1022 1054 1055 1023)
4(1023 1055 1024 992)
4(1024 1056 1057 1025)
4(1025 1057 1058 1026)
4(1026 1058 1059 1027)
4(1027 1059 1060 1028)
4(1028 1060 1061 1029)
4(1029 1061 1062 1030)
4(1030 1062 1063 1031)
4(1031 1063 1064 1032)
4(1032 1064 1065 1033)
4(1033 1065 1066 1034)
4(1034 1066 1067 1035)
4(1035 1067 1068 1036)
4(1036 1068 1069 1037)
4(1037 1069 1070 1038)
4(1038 1070 1071 1039)
4(1039 1071 1072 1040)
4(1040 1072 1073 1041)
4(1041 1073 1074 1042)
4(1042 1074 1075 1043)
4(1043 1075 1076 1044)
4(1044 1076 1077 1045)
4(1045 1077 1078 1046)
4(1046 1078 1079 1047)
4(1047 1079 1080 1048)
4(1048 1080 1081 1049)
4(1049 1081 1082 1050)
4(1050 1082 1083 1051)
4(1051 1083 1084 1052)
4(1052 1084 1085 1053)
4(1053 1085 1086 1054)
4(1054 1086 1087 1055)
4(1055 1087 1056 1024)
4(1056 1088 1089 1057)
4(1057 1089 1090 1058)
4(1058 1090 1091 1059)
4(1059 1091 1092 1060)
4(1060 1092 1093 1061)
4(1061 1093 1094 1062)
4(1062 1094 1095 1063)
4(1063 1095 1096 1064)
4(1064 1096 1097 1065)
4(1065 1097 1098 1066)
4(1066 1098 1099 1067)
4(1067 1099 1100 1068)
4(1068 1100 1101 1069)
4(1069 1101 1102 1070)
4(1070 1102 1103 1071)
4(1071 1103 1104 1072)
4(1072 1104 1105 1073)
4(1073 1105 1106 1074)
4(1074 1106 1107 1075)
4(1075 1107 1108 1076)
4(1076 1108 1109 1077)
4(1077 1109 1110 1078)
4(1078 1110 1111 1079)
4(1079 1111 1112 1080)
4(1080 1112 1113 1081)
4(1081 1113 1114 1082)
4(1082 1114 1115 1083)
4(1083 1115 1116 1084)
4(1084 1116 1117 1085)
4(1085 1117 1118 1086)
4(1086 1118 1119 1087)
4(1087 1119 1088 1056)
4(1088 1120 1121 1089)
4(1089 1121 1122 1090)
4(1090 1122 1123 1091)
4(1091 1123 1124 1092)
4(1092 1124 1125 1093)
4(1093 1125 1126 1094)
4(1094 1126 1127 1095)
4(1095 1127 1128 1096)
4(1096 1128 1129 1097)
4(1097 1129 1130 1098)
4(1098 1130 1131 1099)
4(1099 1131 1132 1100)
4(1100 1132 1133 1101)
4(1101 1133 1134 1102)
4(1102 1134 1135 1103)
4(1103 1135 1136 1104)
4(1104 1136 1137 1105)
4(1105 1137 1138 1106)
4(1106 1138 1139 1107)
4(1107 1139 1140 1108)
4(1108 1140 1141 1109)
4(1109 1141 1142 1110)
4(1110 1142 1143 1111)
4(1111 1143 1144 1112)
4(1112 1144 1145 1113)
4(1113 1145 1146 1114)
4(1114 1146 1147 1115)
4(1115 1147 1148 1116)
4(1116 1148 1149 1117)
4(1117 1149 1150 1118)
4(1118 1150 1151 1119)
4(1119 1151 1120 1088)
4(1120 1152 1153 1121)
4(1121 1153 1154 1122)
4(1122 1154 1155 1123)
4(1123 1155 1156 1124)
4(1124 1156 1157 1125)
4(1125 1157 1158 1126)
4(1126 1158 1159 1127)
4(1127 1159 1160 1128)
4(1128 1160 1161 1129)
4(1129 1161 1162 1130)
4(1130 1162 1163 1131)
4(1131 1163 1164 1132)
4(1132 1164 1165 1133)
4(1133 1165 1166 1134)
4(1134 1166 1167 1135)
4(1135 1167 1168 1136)
4(1136 1168 1169 1137)
4(1137 1169 1170 1138)
4(1138 1170 1171 1139)
4(1139 1171 1172 1140)
4(1140 1172 1173 1141)
4(1141 1173 1174 1142)
4(1142 1174 1175 1143)
4(1143 1175 1176 1144)
4(1144 1176 1177 1145)
4(1145 1177 1178 1146)
4(1146 1178 1179 1147)
4(1147 1179 1180 1148)
4(1148 1180 1181 1149)
4(1149 1181 1182 1150)
4(1150 1182 1183 1151)
4(1151 1183 1152 1120)
4(1152 1184 1185 1153)
4(1153 1185 1186 1154)
4(1154 1186 1187 1155)
4(1155 1187 1188 1156)
4(1156 1188 1189 1157)
4(1157 1189 1190 1158)
4(1158 1190 1191 1159)
4(1159 1191 1192 1160)
4(1160 1192 1193 1161)
4(1161 1193 1194 1162)
4(1162 1194 1195 1163)
4(1163 1195 1196 1164)
4(1164 1196 1197 1165)
4(1165 1197 1198 1166)
4(1166 1198 1199 1167)
4(1167 1199 1200 1168)
4(1168 1200 1201 1169)
4(1169 1201 1202 1170)
4(1170 1202 1203 1171)
4(1171 1203 1204 1172)
4(1172 1204 1205 1173)
4(1173 1205 1206 1174)
4(1174 1206 1207 1175)
4(1175 1207 1208 1176)
4(1176 1208 1209 1177)
4(1177 1209 1210 1178)
4(1178 1210 1211 1179)
4(1179 1211 1212 1180)
4(1180 1212 1213 1181)
4(1181 1213 1214 1182)
4(1182 1214 1215 1183)
4(1183 1215 1184 1152)
4(1184 1216 1217 1185)
4(1185 1217 1218 1186)
4(1186 1218 1219 1187)
4(1187 1219 1220 1188)
4(1188 1220 1221 1189)
4(1189 1221 1222 1190)
4(1190 1222 1223 1191)
4(1191 1223 1224 1192)
4(1192 1224 1225 1193)
4(1193 1225 1226 1194)
4(1194 1226 1227 1195)
4(1195 1227 1228 1196)
4(1196 1228 1229 1197)
4(1197 1229 1230 1198)
4(1198 1230 1231 1199)
4(1199 1231 1232 1200)
4(1200 1232 1233 1201)
4(1201 1233 1234 1202)
4(1202 1234 1235 1203)
4(1203 1235 1236 1204)
4(1204 1236 1237 1205)
4(1205 1237 1238 1206)
4(1206 1238 1239 1207)
4(1207 1239 1240 1208)
4(1208 1240 1241 1209)
4(1209 1241 1242 1210)
4(1210 1242 1243 1211)
4(1211 1243 1244 1212)
4(1212 1244 1245 1213)
4(1213 1245 1246 1214)
4(1214 1246 1247 1215)
4(1215 1247 1216 1184)
4(1216 1248 1249 1217)
4(1217 1249 1250 1218)
4(1218 1250 1251 1219)
4(1219 1251 1252 1220)
4(1220 1252 1253 1221)
4(1221 1253 1254 1222)
4(1222 1254 1255 1223)
4(1223 1255 1256 1224)
4(1224 1256 1257 1225)
4(1225 1257 1258 1226)
4(1226 1258 1259 1227)
4(1227 1259 1260 1228)
4(1228 1260 1261 1229)
4(1229 1261 1262 1230)
4(1230 1262 1263 1231)
4(1231 1263 1264 1232)
4(1232 1264 1265 1233)
4(1233 1265 1266 1234)
4(1234 1266 1267 1235)
4(1235 1267 1268 1236)
4(1236 1268 1269 1237)
4(1237 1269 1270 1238)
4(1238 1270 1271 1239)
4(1239 1271 1272 1240)
4(1240 1272 1273 1241)
4(1241 1273 1274 1242)
4(1242 1274 1275 1243)
4(1243 1275 1276 1244)
4(1244 1276 1277 1245)
4(1245 1277 1278 1246)
4(1246 1278 1279 1247)
4(1247 1279 1248 1216)
4(1248 1280 1281 1249)
4(1249 1281 1282 1250)
4(1250 1282 1283 1251)
4(1251 1283 1284 1252)
4(1252 1284 1285 1253)
4(1253 1285 1286 1254)
4(1254 1286 1287 1255)
4(1255 1287 1288 1256)
4(1256 1288 1289 1257)
4(1257 1289 1290 1258)
4(1258 1290 1291 1259)
4(1259 1291 1292 1260)
4(1260 1292 1293 1261)
4(1261 1293 1294 1262)
4(1262 1294 1295 1263)
4(1263 1295 1296 1264)
4(1264 1296 1297 1265)
4(1265 1297 1298 1266)
4(1266 1298 1299 1267)
4(1267 1299 1300 1268)
4(1268 1300 1301 1269)
4(1269 1301 1302 1270)
4(1270 1302 1303 1271)
4(1271 1303 1304 1272)
4(1272 1304 1305 1273)
4(1273 1305 1306 1274)
4(1274 1306 1307 1275)
4(1275 1307 1308 1276)
4(1276 1308 1309 1277)
4(1277 1309 1310 1278)
4(1278 1310 1311 1279)
4(1279 1311 1280 1248)
4(1280 1312 1313 1281)
4(1281 1313 1314 1282)
4(1282 1314 1315 1283)
4(1283 1315 1316 1284)
4(1284 1316 1317 1285)
4(1285 1317 1318 1286)
4(1286 1318 1319 1287)
4(1287 1319 1320 1288)
4(1288 1320 1321 1289)
4(1289 1321 1322 1290)
4(1290 1322 1323 1291)
4(1291 1323 1324 1292)
4(1292 1324 1325 1293)
4(1293 1325 1326 1294)
4(1294 1326 1327 1295)
4(1295 1327 1328 1296)
4(1296 1328 1329 1297)
4(1297 1329 1330 1298)
4(1298 1330 1331 1299)
4(1299 1331 1332 1300)
4(1300 1332 1333 1301)
4(1301 1333 1334 1302)
4(1302 1334 1335 1303)
4(1303 1335 1336 1304)
4(1304 1336 1337 1305)
4(1305 1337 1338 1306)
4(1306 1338 1339 1307)
4(1307 1339 1340 1308)
4(1308 1340 1341 1309)
4(1309 1341 1342 1310)
4(1310 1342 1343 1311)
4(1311 1343 1312 1280)
4(1312 1344 1345 1313)
4(1313 1345 1346 1314)
4(1314 1346 1347 1315)
4(1315 1347 1348 1316)
4(1316 1348 1349 1317)
4(1317 1349 1350 1318)
4(1318 1350 1351 1319)
4(1319 1351 1352 1320)
4(1320 1352 1353 1321)
4(1321 1353 1354 1322)
4(1322 1354 1355 1323)
4(1323 1355 1356 1324)
4(1324 1356 1357 1325)
4(1325 1357 1358 1326)
4(1326 1358 1359 1327)
4(1327 1359 1360 1328)
4(1328 1360 1361 1329)
4(1329 1361 1362 1330)
4(1330 1362 1363 1331)
4(1331 1363 1364 1332)
4(1332 1364 1365 1333)
4(1333 1365 1366 1334)
4(1334 1366 1367 1335)
4(1335 1367 1368 1336)
4(1336 1368 1369 1337)
4(1337 1369 1370 1338)
4(1338 1370 1371 1339)
4(1339 1371 1372 1340)
4(1340 1372 1373 1341)
4(1341 1373 1374 1342)
4(1342 1374 1375 1343)
4(1343 1375 1344 1312)
4(1344 1376 1377 1345)
4(1345 1377 1378 1346)
4(1346 1378 1379 1347)
4(1347 1379 1380 1348)
4(1348 1380 1381 1349)
4(1349 1381 1382 1350)
4(1350 1382 1383 1351)
4(1351 1383 1384 1352)
4(1352 1384 1385 1353)
4(1353 1385 1386 1354)
4(1354 1386 1387 1355)
4(1355 1387 1388 1356)
4(1356 1388 1389 1357)
4(1357 1389 1390 1358)
4(1358 1390 1391 1359)
4(1359 1391 1392 1360)
4(1360 1392 1393 1361)
4(1361 1393 1394 1362)
4(1362 1394 1395 1363)
4(1363 1395 1396 1364)
4(1364 1396 1397 1365)
4(1365 1397 1398 1366)
4(1366 1398 1399 1367)
4(1367 1399 1400 1368)
4(1368 1400 1401 1369)
4(1369 1401 1402 1370)
4(1370 1402 1403 1371)
4(1371 1403 1404 1372)
4(1372 1404 1405 1373)
4(1373 1405 1406 1374)
4(1374 1406 1407 1375)
4(1375 1407 1376 1344)
4(1376 1408 1409 1377)
4(1377 1409 1410 1378)
4(1378 1410 1411 1379)
4(1379 1411 1412 1380)
4(1380 1412 1413 1381)
4(1381 1413 1414 1382)
4(1382 1414 1415 1383)
4(1383 1415 1416 1384)
4(1384 1416 1417 1385)
4(1385 1417 1418 1386)
4(1386 1418 1419 1387)
4(1387 1419 1420 1388)
4(1388 1420 1421 1389)
4(1389 1421 1422 1390)
4(1390 1422 1423 1391)
4(1391 1423 1424 1392)
4(1392 1424 1425 1393)
4(1393 1425 1426 1394)
4(1394 1426 1427 1395)
4(1395 1427 1428 1396)
4(1396 1428 1429 1397)
4(1397 1429 1430 1398)
4(1398 1430 1431 1399)
4(1399 1431 1432 1400)
4(1400 1432 1433 1401)
4(1401 1433 1434 1402)
4(1402 1434 1435 1403)
4(1403 1435 1436 1404)
4(1404 1436 1437 1405)
4(1405 1437 1438 1406)
4(1406 1438 1439 1407)
4(1407 1439 1408 1376)
4(1408 1440 1441 1409)
4(1409 1441 1442 1410)
4(1410 1442 1443 1411)
4(1411 1443 1444 1412)
4(1412 1444 1445 1413)
4(1413 1445 1446 1414)
4(1414 1446 1447 1415)
4(1415 1447 1448 1416)
4(1416 1448 1449 1417)
4(1417 1449 1450 1418)
4(1418 1450 1451 1419)
4(1419 1451 1452 1420)
4(1420 1452 1453 1421)
4(1421 1453 1454 1422)
4(1422 1454 1455 1423)
4(1423 1455 1456 1424)
4(1424 1456 1457 1425)
4(1425 1457 1458 1426)
4(1426 1458 1459 1427)
4(1427 1459 1460 1428)
4(1428 1460 1461 1429)
4(1429 1461 1462 1430)
4(1430 1462 1463 1431)
4(1431 1463 1464 1432)
4(1432 1464 1465 1433)
4(1433 1465 1466 1434)
4(1434 1466 1467 1435)
4(1435 1467 1468 1436)
4(1436 1468 1469 1437)
4(1437 1469 1470 1438)
4(1438 1470 1471 1439)
4(1439 1471 1440 1408)
4(1440 1472 1473 1441)
4(1441 1473 1474 1442)
4(1442 1474 1475 1443)
4(1443 1475 1476 1444)
4(1444 1476 1477 1445)
4(1445 1477 1478 1446)
4(1446 1478 1479 1447)
4(1447 1479 1480 1448)
4(1448 1480 1481 1449)
4(1449 1481 1482 1450)
4(1450 1482 1483 1451)
4(1451 1483 1484 1452)
4(1452 1484 1485 1453)
4(1453 1485 1486 1454)
4(1454 1486 1487 1455)
4(1455 1487 1488 1456)
4(1456 1488 1489 1457)
4(1457 1489 1490 1458)
4(1458 1490 1491 1459)
4(1459 1491 1492 1460)
4(1460 1492 1493 1461)
4(1461 1493 1494 1462)
4(1462 1494 1495 1463)
4(1463 1495 1496 1464)
4(1464 1496 1497 1465)
4(1465 1497 1498 1466)
4(1466 1498 1499 1467)
4(1467 1499 1500 1468)
4(1468 1500 1501 1469)
4(1469 1501 1502 1470)
4(1470 1502 1503 1471)
4(1471 1503 1472 1440)
4(1472 1504 1505 1473)
4(1473 1505 1506 1474)
4(1474 1506 1507 1475)
4(1475 1507 1508 1476)
4(1476 1508 1509 1477)
4(1477 1509 1510 1478)
4(1478 1510 1511 1479)
4(1479 1511 1512 1480)
4(1480 1512 1513 1481)
4(1481 1513 1514 1482)
4(1482 1514 1515 1483)
4(1483 1515 1516 1484)
4(1484 1516 1517 1485)
4(1485 1517 1518 1486)
4(1486 1518 1519 1487)
4(1487 1519 1520 1488)
4(1488 1520 1521 1489)
4(1489 1521 1522 1490)
4(1490 1522 1523 1491)
4(1491 1523 1524 1492)
4(1492 1524 1525 1493)
4(1493 1525 1526 1494)
4(1494 1526 1527 1495)
4(1495 1527 1528 1496)
4(1496 1528 1529 1497)
4(1497 1529 1530 1498)
4(1498 1530 1531 1499)
4(1499 1531 1532 1500)
4(1500 1532 1533 1501)
4(1501 1533 1534 1502)
4(1502 1534 1535 1503)
4(1503 1535 1504 1472)
4(1504 1536 1537 1505)
4(1505 1537 1538 1506)
4(1506 1538 1539 1507)
4(1507 1539 1540 1508)
4(1508 1540 1541 1509)
4(1509 1541 1542 1510)
4(1510 1542 1543 1511)
4(1511 1543 1544 1512)
4(1512 1544 1545 1513)
4(1513 1545 1546 1514)
4(1514 1546 1547 1515)
4(1515 1547 1548 1516)
4(1516 1548 1549 1517)
4(1517 1549 1550 1518)
4(1518 1550 1551 1519)
4(1519 1551 1552 1520)
4(1520 1552 1553 1521)
4(1521 1553 1554 1522)
4(1522 1554 1555 1523)
4(1523 1555 1556 1524)
4(1524 1556 1557 1525)
4(1525 1557 1558 1526)
4(1526 1558 1559 1527)
4(1527 1559 1560 1528)
4(1528 1560 1561 1529)
4(1529 1561 1562 1530)
4(1530 1562 1563 1531)
4(1531 1563 1564 1532)
4(1532 1564 1565 1533)
4(1533 1565 1566 1534)
4(1534 1566 1567 1535)
4(1535 1567 1536 1504)
4(1536 1568 1569 1537)
4(1537 1569 1570 1538)
4(1538 1570 1571 1539)
4(1539 1571 1572 1540)
4(1540 1572 1573 1541)
4(1541 1573 1574 1542)
4(1542 1574 1575 1543)
4(1543 1575 1576 1544)
4(1544 1576 1577 1545)
4(1545 1577 1578 1546)
4(1546 1578 1579 1547)
4(1547 1579 1580 1548)
4(1548 1580 1581 1549)
4(1549 1581 1582 1550)
4(1550 1582 1583 1551)
4(1551 1583 1584 1552)
4(1552 1584 1585 1553)
4(1553 1585 1586 1554)
4(1554 1586 1587 1555)
4(1555 1587 1588 1556)
4(1556 1588 1589 1557)
4(1557 1589 1590 1558)
4(1558 1590 1591 1559)
4(1559 1591 1592 1560)
4(1560 1592 1593 1561)
4(1561 1593 1594 1562)
4(1562 1594 1595 1563)
4(1563 1595 1596 1564)
4(1564 1596 1597 1565)
4(1565 1597 1598 1566)
4(1566 1598 1599 1567)
4(1567 1599 1568 1536)
4(1568 1600 1601 1569)
4(1569 1601 1602 1570)
4(1570 1602 1603 1571)
4(1571 1603 1604 1572)
4(1572 1604 1605 1573)
4(1573 1605 1606 1574)
4(1574 1606 1607 1575)
4(1575 1607 1608 1576)
4(1576 1608 1609 1577)
4(1577 1609 1610 1578)
4(1578 1610 1611 1579)
4(1579 1611 1612 1580)
4(1580 1612 1613 1581)
4(1581 1613 1614 1582)
4(1582 1614 1615 1583)
4(1583 1615 1616 1584)
4(1584 1616 1617 1585)
4(1585 1617 1618 1586)
4(1586 1618 1619 1587)
4(1587 1619 1620 1588)
4(1588 1620 1621 1589)
4(1589 1621 1622 1590)
4(1590 1622 1623 1591)
4(1591 1623 1624 1592)
4(1592 1624 1625 1593)
4(1593 1625 1626 1594)
4(1594 1626 1627 1595)
4(1595 1627 1628 1596)
4(1596 1628 1629 1597)
4(1597 1629 1630 1598)
4(1598 1630 1631 1599)
4(1599 1631 1600 1568)
4(1600 1632 1633 1601)
4(1601 1633 1634 1602)
4(1602 1634 1635 1603)
4(1603 1635 1636 1604)
4(1604 1636 1637 1605)
4(1605 1637 1638 1606)
4(1606 1638 1639 1607)
4(1607 1639 1640 1608)
4(1608 1640 1641 1609)
4(1609 1641 1642 1610)
4(1610 1642 1643 1611)
4(1611 1643 1644 1612)
4(1612 1644 1645 1613)
4(1613 1645 1646 1614)
4(1614 1646 1647 1615)
4(1615 1647 1648 1616)
4(1616 1648 1649 1617)
4(1617 1649 1650 1618)
4(1618 1650 1651 1619)
4(1619 1651 1652 1620)
4(1620 1652 1653 1621)
4(1621 1653 1654 1622)
4(1622 1654 1655 1623)
4(1623 1655 1656 1624)
4(1624 1656 1657 1625)
4(1625 1657 1658 1626)
4(1626 1658 1659 1627)
4(1627 1659 1660 1628)
4(1628 1660 1661 1629)
4(1629 1661 1662 1630)
4(1630 1662 1663 1631)
4(1631 1663 1632 1600)
4(1632 1664 1665 1633)
4(1633 1665 1666 1634)
4(1634 1666 1667 1635)
4(1635 1667 1668 1636)
4(1636 1668 1669 1637)
4(1637 1669 1670 1638)
4(1638 1670 1671 1639)
4(1639 1671 1672 1640)
4(1640 1672 1673 1641)
4(1641 1673 1674 1642)
4(1642 1674 1675 1643)
4(1643 1675 1676 1644)
4(1644 1676 1677 1645)
4(1645 1677 1678 1646)
4(1646 1678 1679 1647)
4(1647 1679 1680 1648)
4(1648 1680 1681 1649)
4(1649 1681 1682 1650)
4(1650 1682 1683 1651)
4(1651 1683 1684 1652)
4(1652 1684 1685 1653)
4(1653 1685 1686 1654)
4(1654 1686 1687 1655)
4(1655 1687 1688 1656)
4(1656 1688 1689 1657)
4(1657 1689 1690 1658)
4(1658 1690 1691 1659)
4(1659 1691 1692 1660)
4(1660 1692 1693 1661)
4(1661 1693 1694 1662)
4(1662 1694 1695 1663)
4(1663 1695 1664 1632)
4(1664 1696 1697 1665)
4(1665 1697 1698 1666)
4(1666 1698 1699 1667)
4(1667 1699 1700 1668)
4(1668 1700 1701 1669)
4(1669 1701 1702 1670)
4(1670 1702 1703 1671)
4(1671 1703 1704 1672)
4(1672 1704 1705 1673)
4(1673 1705 1706 1674)
4(1674 1706 1707 1675)
4(1675 1707 1708 1676)
4(1676 1708 1709 1677)
4(1677 1709 1710 1678)
4(1678 1710 1711 1679)
4(1679 1711 1712 1680)
4(1680 1712 1713 1681)
4(1681 1713 1714 1682)
4(1682 1714 1715 1683)
4(1683 1715 1716 1684)
4(1684 1716 1717 1685)
4(1685 1717 1718 1686)
4(1686 1718 1719 1687)
4(1687 1719 1720 1688)
4(1688 1720 1721 1689)
4(1689 1721 1722 1690)
4(1690 1722 1723 1691)
4(1691 1723 1724 1692)
4(1692 1724 1725 1693)
4(1693 1725 1726 1694)
4(1694 1726 1727 1695)
4(1695 1727 1696 1664)
4(1696 1728 1729 1697)
4(1697 1729 1730 1698)
4(1698 1730 1731 1699)
4(1699 1731 1732 1700)
4(1700 1732 1733 1701)
4(1701 1733 1734 1702)
4(1702 1734 1735 1703)
4(1703 1735 1736 1704)
4(1704 1736 1737 1705)
4(1705 1737 1738 1706)
4(1706 1738 1739 1707)
4(1707 1739 1740 1708)
4(1708 1740 1741 1709)
4(1709 1741 1742 1710)
4(1710 1742 1743 1711)
4(1711 1743 1744 1712)
4(1712 1744 1745 1713)
4(1713 1745 1746 1714)
4(1714 1746 1747 1715)
4(1715 1747 1748 1716)
4(1716 1748 1749 1717)
4(1717 1749 1750 1718)
4(1718 1750 1751 1719)
4(1719 1751 1752 1720)
4(1720 1752 1753 1721)
4(1721 1753 1754 1722)
4(1722 1754 1755 1723)
4(1723 1755 1756 1724)
4(1724 1756 1757 1725)
4(1725 1757 1758 1726)
4(1726 1758 1759 1727)
4(1727 1759 1728 1696)
4(1728 1760 1761 1729)
4(1729 1761 1762 1730)
4(1730 1762 1763 1731)
4(1731 1763 1764 1732)
4(1732 1764 1765 1733)
4(1733 1765 1766 1734)
4(1734 1766 1767 1735)
4(1735 1767 1768 1736)
4(1736 1768 1769 1737)
4(1737 1769 1770 1738)
4(1738 1770 1771 1739)
4(1739 1771 1772 1740)
4(1740 1772 1773 1741)
4(1741 1773 1774 1742)
4(1742 1774 1775 1743)
4(1743 1775 1776 1744)
4(1744 1776 1777 1745)
4(1745 1777 1778 1746)
4(1746 1778 1779 1747)
4(1747 1779 1780 1748)
4(1748 1780 1781 1749)
4(1749 1781 1782 1750)
4(1750 1782 1783 1751)
4(1751 1783 1784 1752)
4(1752 1784 1785 1753)
4(1753 1785 1786 1754)
4(1754 1786 1787 1755)
4(1755 1787 1788 1756)
4(1756 1788 1789 1757)
4(1757 1789 1790 1758)
4(1758 1790 1791 1759)
4(1759 1791 1760 1728)
4(1760 1792 1793 1761)
4(1761 1793 1794 1762)
4(1762 1794 1795 1763)
4(1763 1795 1796 1764)
4(1764 1796 1797 1765)
4(1765 1797 1798 1766)
4(1766 1798 1799 1767)
4(1767 1799 1800 1768)
4(1768 1800 1801 1769)
4(1769 1801 1802 1770)
4(1770 1802 1803 1771)
4(1771 1803 1804 1772)
4(1772 1804 1805 1773)
4(1773 1805 1806 1774)
4(1774 1806 1807 1775)
4(1775 1807 1808 1776)
4(1776 1808 1809 1777)
4(1777 1809 1810 1778)
4(1778 1810 1811 1779)
4(1779 1811 1812 1780)
4(1780 1812 1813 1781)
4(1781 1813 1814 1782)
4(1782 1814 1815 1783)
4(1783 1815 1816 1784)
4(1784 1816 1817 1785)
4(1785 1817 1818 1786)
4(1786 1818 1819 1787)
4(1787 1819 1820 1788)
4(1788 1820 1821 1789)
4(1789 1821 1822 1790)
4(1790 1822 1823 1791)
4(1791 1823 1792 1760)
4(1792 1824 1825 1793)
4(1793 1825 1826 1794)
4(1794 1826 1827 1795)
4(1795 1827 1828 1796)
4(1796 1828 1829 1797)
4(1797 1829 1830 1798)
4(1798 1830 1831 1799)
4(1799 1831 1832 1800)
4(1800 1832 1833 1801)
4(1801 1833 1834 1802)
4(1802 1834 1835 1803)
4(1803 1835 1836 1804)
4(1804 1836 1837 1805)
4(1805 1837 1838 1806)
4(1806 1838 1839 1807)
4(1807 1839 1840 1808)
4(1808 1840 1841 1809)
4(1809 1841 1842 1810)
4(1810 1842 1843 1811)
4(1811 1843 1844 1812)
4(1812 1844 1845 1813)
4(1813 1845 1846 1814)
4(1814 1846 1847 1815)
4(1815 1847 1848 1816)
4(1816 1848 1849 1817)
4(1817 1849 1850 1818)
4(1818 1850 1851 1819)
4(1819 1851 1852 1820)
4(1820 1852 1853 1821)
4(1821 1853 1854 1822)
4(1822 1854 1855 1823)
4(1823 1855 1824 1792)
4(1824 1856 1857 1825)
4(1825 1857 1858 1826)
4(1826 1858 1859 1827)
4(1827 1859 1860 1828)
4(1828 1860 1861 1829)
4(1829 1861 1862 1830)
4(1830 1862 1863 1831)
4(1831 1863 1864 1832)
4(1832 1864 1865 1833)
4(1833 1865 1866 1834)
4(1834 1866 1867 1835)
4(1835 1867 1868 1836)
4(1836 1868 1869 1837)
4(1837 1869 1870 1838)
4(1838 1870 1871 1839)
4(1839 1871 1872 1840)
4(1840 1872 1873 1841)
4(1841 1873 1874 1842)
4(1842 1874 1875 1843)
4(1843 1875 1876 1844)
4(1844 1876 1877 1845)
4(1845 1877 1878 1846)
4(1846 1878 1879 1847)
4(1847 1879 1880 1848)
4(1848 1880 1881 1849)
4(1849 1881 1882 1850)
4(1850 1882 1883 1851)
4(1851 1883 1884 1852)
4(1852 1884 1885 1853)
4(1853 1885 1886 1854)
4(1854 1886 1887 1855)
4(1855 1887 1856 1824)
4(1856 1888 1889 1857)
4(1857 1889 1890 1858)
4(1858 1890 1891 1859)
4(1859 1891 1892 1860)
4(1860 1892 1893 1861)
4(1861 1893 1894 1862)
4(1862 1894 1895 1863)
4(1863 1895 1896 1864)
4(1864 1896 1897 1865)
4(1865 1897 1898 1866)
4(1866 1898 1899 1867)
4(1867 1899 1900 1868)
4(1868 1900 1901 1869)
4(1869 1901 1902 1870)
4(1870 1902 1903 1871)
4(1871 1903 1904 1872)
4(1872 1904 1905 1873)
4(1873 1905 1906 1874)
4(1874 1906 1907 1875)
4(1875 1907 1908 1876)
4(1876 1908 1909 1877)
4(1877 1909 1910 1878)
4(1878 1910 1911 1879)
4(1879 1911 1912 1880)
4(1880 1912 1913 1881)
4(1881 1913 1914 1882)
4(1882 1914 1915 1883)
4(1883 1915 1916 1884)
4(1884 1916 1917 1885)
4(1885 1917 1918 1886)
4(1886 1918 1919 1887)
4(1887 1919 1888 1856)
4(1888 1920 1921 1889)
4(1889 1921 1922 1890)
4(1890 1922 1923 1891)
4(1891 1923 1924 1892)
4(1892 1924 1925 1893)
4(1893 1925 1926 1894)
4(1894 1926 1927 1895)
4(1895 1927 1928 1896)
4(1896 1928 1929 1897)
4(1897 1929 1930 1898)
4(1898 1930 1931 1899)
4(1899 1931 1932 1900)
4(1900 1932 1933 1901)
4(1901 1933 1934 1902)
4(1902 1934 1935 1903)
4(1903 1935 1936 1904)
4(1904 1936 1937 1905)
4(1905 1937 1938 1906)
4(1906 1938 1939 1907)
4(1907 1939 1940 1908)
4(1908 1940 1941 1909)
4(1909 1941 1942 1910)
4(1910 1942 1943 1911)
4(1911 1943 1944 1912)
4(1912 1944 1945 1913)
4(1913 1945 1946 1914)
4(1914 1946 1947 1915)
4(1915 1947 1948 1916)
4(1916 1948 1949 1917)
4(1917 1949 1950 1918)
4(1918 1950 1951 1919)
4(1919 1951 1920 1888)
)


// ************************************************************************* //
